  -25.746645    -48.827424   -0.0099161112
  -25.746645    -42.317101   -0.0080985518
  -25.746645    -35.806778   -0.0064099739
  -25.746645    -29.296454   -0.0048642206
  -25.746645    -22.786131   -0.0034742694
  -25.746645    -16.275808   -0.0022522219
  -25.746645     -9.765485   -0.0012090549
  -25.746645     -3.255162   -0.0003542699
  -25.746645      3.255162    0.0003044531
  -25.746645      9.765485    0.0007615306
  -25.746645     16.275808    0.0010136463
  -25.746645     22.786131    0.0010598209
  -25.746645     29.296454    0.0009014192
  -25.746645     35.806778    0.0005421694
  -25.746645     42.317101   -0.0000116964
  -25.746645     48.827424   -0.0007510340

  -21.065436    -48.827424   -0.0065979443
  -21.065436    -42.317101   -0.0053693200
  -21.065436    -35.806778   -0.0042314196
  -21.065436    -29.296454   -0.0031940620
  -21.065436    -22.786131   -0.0022665667
  -21.065436    -16.275808   -0.0014574847
  -21.065436     -9.765485   -0.0007744219
  -21.065436     -3.255162   -0.0002238835
  -21.065436      3.255162    0.0001889029
  -21.065436      9.765485    0.0004601966
  -21.065436     16.275808    0.0005879656
  -21.065436     22.786131    0.0005720726
  -21.065436     29.296454    0.0004143431
  -21.065436     35.806778    0.0001184049
  -21.065436     42.317101   -0.0003108410
  -21.065436     48.827424   -0.0008682921

  -16.384228    -48.827424   -0.0041157011
  -16.384228    -42.317101   -0.0033325376
  -16.384228    -35.806778   -0.0026097575
  -16.384228    -29.296454   -0.0019548514
  -16.384228    -22.786131   -0.0013740319
  -16.384228    -16.275808   -0.0008728869
  -16.384228     -9.765485   -0.0004564770
  -16.384228     -3.255162   -0.0001291534
  -16.384228      3.255162    0.0001057016
  -16.384228      9.765485    0.0002458750
  -16.384228     16.275808    0.0002904034
  -16.384228     22.786131    0.0002395390
  -16.384228     29.296454    0.0000946788
  -16.384228     35.806778   -0.0001415937
  -16.384228     42.317101   -0.0004651377
  -16.384228     48.827424   -0.0008692638

  -11.703020    -48.827424   -0.0023103959
  -11.703020    -42.317101   -0.0018567965
  -11.703020    -35.806778   -0.0014407451
  -11.703020    -29.296454   -0.0010668596
  -11.703020    -22.786131   -0.0007389556
  -11.703020    -16.275808   -0.0004604918
  -11.703020     -9.765485   -0.0002346062
  -11.703020     -3.255162   -0.0000639582
  -11.703020      3.255162    0.0000494644
  -11.703020      9.765485    0.0001044760
  -11.703020     16.275808    0.0001007200
  -11.703020     22.786131    0.0000386118
  -11.703020     29.296454   -0.0000807249
  -11.703020     35.806778   -0.0002553912
  -11.703020     42.317101   -0.0004823209
  -11.703020     48.827424   -0.0007563079

   -7.021812    -48.827424   -0.0010567018
   -7.021812    -42.317101   -0.0008394011
   -7.021812    -35.806778   -0.0006420789
   -7.021812    -29.296454   -0.0004667824
   -7.021812    -22.786131   -0.0003155084
   -7.021812    -16.275808   -0.0001901254
   -7.021812     -9.765485   -0.0000922836
   -7.021812     -3.255162   -0.0000233275
   -7.021812      3.255162    0.0000157761
   -7.021812      9.765485    0.0000244893
   -7.021812     16.275808    0.0000027327
   -7.021812     22.786131   -0.0000491052
   -7.021812     29.296454   -0.0001301696
   -7.021812     35.806778   -0.0002391388
   -7.021812     42.317101   -0.0003742060
   -7.021812     48.827424   -0.0005330180

   -2.340604    -48.827424   -0.0002557649
   -2.340604    -42.317101   -0.0001992643
   -2.340604    -35.806778   -0.0001487165
   -2.340604    -29.296454   -0.0001045824
   -2.340604    -22.786131   -0.0000674504
   -2.340604    -16.275808   -0.0000378889
   -2.340604     -9.765485   -0.0000163798
   -2.340604     -3.255162   -0.0000032967
   -2.340604      3.255162    0.0000011029
   -2.340604      9.765485   -0.0000033144
   -2.340604     16.275808   -0.0000165401
   -2.340604     22.786131   -0.0000384012
   -2.340604     29.296454   -0.0000685463
   -2.340604     35.806778   -0.0001064647
   -2.340604     42.317101   -0.0001515743
   -2.340604     48.827424   -0.0002034218

    2.340604    -48.827424    0.0001704903
    2.340604    -42.317101    0.0001279870
    2.340604    -35.806778    0.0000907859
    2.340604    -29.296454    0.0000592259
    2.340604    -22.786131    0.0000338308
    2.340604    -16.275808    0.0000151110
    2.340604     -9.765485    0.0000034857
    2.340604     -3.255162   -0.0000007346
    2.340604      3.255162    0.0000026537
    2.340604      9.765485    0.0000137413
    2.340604     16.275808    0.0000324846
    2.340604     22.786131    0.0000586725
    2.340604     29.296454    0.0000919068
    2.340604     35.806778    0.0001316325
    2.340604     42.317101    0.0001772747
    2.340604     48.827424    0.0002285529

    7.021812    -48.827424    0.0002838524
    7.021812    -42.317101    0.0001934753
    7.021812    -35.806778    0.0001171516
    7.021812    -29.296454    0.0000558468
    7.021812    -22.786131    0.0000109575
    7.021812    -16.275808   -0.0000161790
    7.021812     -9.765485   -0.0000244813
    7.021812     -3.255162   -0.0000131704
    7.021812      3.255162    0.0000182266
    7.021812      9.765485    0.0000698549
    7.021812     16.275808    0.0001414668
    7.021812     22.786131    0.0002323354
    7.021812     29.296454    0.0003412051
    7.021812     35.806778    0.0004663815
    7.021812     42.317101    0.0006061047
    7.021812     48.827424    0.0007593875

   11.703020    -48.827424    0.0001333636
   11.703020    -42.317101    0.0000376993
   11.703020    -35.806778   -0.0000373291
   11.703020    -29.296454   -0.0000899530
   11.703020    -22.786131   -0.0001181090
   11.703020    -16.275808   -0.0001198926
   11.703020     -9.765485   -0.0000937659
   11.703020     -3.255162   -0.0000386415
   11.703020      3.255162    0.0000460705
   11.703020      9.765485    0.0001604038
   11.703020     16.275808    0.0003037493
   11.703020     22.786131    0.0004747651
   11.703020     29.296454    0.0006713379
   11.703020     35.806778    0.0008906928
   11.703020     42.317101    0.0011297778
   11.703020     48.827424    0.0013860921

   16.384228    -48.827424   -0.0002418722
   16.384228    -42.317101   -0.0003072681
   16.384228    -35.806778   -0.0003469515
   16.384228    -29.296454   -0.0003583867
   16.384228    -22.786131   -0.0003390164
   16.384228    -16.275808   -0.0002865517
   16.384228     -9.765485   -0.0001991558
   16.384228     -3.255162   -0.0000755713
   16.384228      3.255162    0.0000847740
   16.384228      9.765485    0.0002816671
   16.384228     16.275808    0.0005140156
   16.384228     22.786131    0.0007797784
   16.384228     29.296454    0.0010759567
   16.384228     35.806778    0.0013986972
   16.384228     42.317101    0.0017435793
   16.384228     48.827424    0.0021061721

   21.065436    -48.827424   -0.0008104342
   21.065436    -42.317101   -0.0008157821
   21.065436    -35.806778   -0.0007910696
   21.065436    -29.296454   -0.0007335155
   21.065436    -22.786131   -0.0006401994
   21.065436    -16.275808   -0.0005085164
   21.065436     -9.765485   -0.0003364395
   21.065436     -3.255162   -0.0001226807
   21.065436      3.255162    0.0001331883
   21.065436      9.765485    0.0004306199
   21.065436     16.275808    0.0007679752
   21.065436     22.786131    0.0011424308
   21.065436     29.296454    0.0015499600
   21.065436     35.806778    0.0019854679
   21.065436     42.317101    0.0024431870
   21.065436     48.827424    0.0029174719

   25.746645    -48.827424   -0.0015467327
   25.746645    -42.317101   -0.0014667864
   25.746645    -35.806778   -0.0013528161
   25.746645    -29.296454   -0.0012023578
   25.746645    -22.786131   -0.0010122287
   25.746645    -16.275808   -0.0007795428
   25.746645     -9.765485   -0.0005021724
   25.746645     -3.255162   -0.0001789247
   25.746645      3.255162    0.0001903752
   25.746645      9.765485    0.0006047812
   25.746645     16.275808    0.0010620661
   25.746645     22.786131    0.0015585442
   25.746645     29.296454    0.0020889959
   25.746645     35.806778    0.0026468871
   25.746645     42.317101    0.0032251574
   25.746645     48.827424    0.0038179254

   30.427853    -48.827424   -0.0024294498
   30.427853    -42.317101   -0.0022422742
   30.427853    -35.806778   -0.0020180295
   30.427853    -29.296454   -0.0017541363
   30.427853    -22.786131   -0.0014472561
   30.427853    -16.275808   -0.0010944068
   30.427853     -9.765485   -0.0006934784
   30.427853     -3.255162   -0.0002434390
   30.427853      3.255162    0.0002555631
   30.427853      9.765485    0.0008020784
   30.427853     16.275808    0.0013931778
   30.427853     22.786131    0.0020242611
   30.427853     29.296454    0.0026889802
   30.427853     35.806778    0.0033794892
   30.427853     42.317101    0.0040873172
   30.427853     48.827424    0.0048052407

   35.109061    -48.827424   -0.0034401979
   35.109061    -42.317101   -0.0031263718
   35.109061    -35.806778   -0.0027743872
   35.109061    -29.296454   -0.0023795360
   35.109061    -22.786131   -0.0019384667
   35.109061    -16.275808   -0.0014485425
   35.109061     -9.765485   -0.0009078430
   35.109061     -3.255162   -0.0003154714
   35.109061      3.255162    0.0003280795
   35.109061      9.765485    0.0010206670
   35.109061     16.275808    0.0017584164
   35.109061     22.786131    0.0025358061
   35.109061     29.296454    0.0033458196
   35.109061     35.806778    0.0041799763
   35.109061     42.317101    0.0050279688
   35.109061     48.827424    0.0058765428

   39.790269    -48.827424   -0.0045623512
   39.790269    -42.317101   -0.0041055559
   39.790269    -35.806778   -0.0036107857
   39.790269    -29.296454   -0.0030698270
   39.790269    -22.786131   -0.0024794363
   39.790269    -16.275808   -0.0018376423
   39.790269     -9.765485   -0.0011428412
   39.790269     -3.255162   -0.0003942643
   39.790269      3.255162    0.0004072208
   39.790269      9.765485    0.0012586257
   39.790269     16.275808    0.0021549443
   39.790269     22.786131    0.0030897248
   39.790269     29.296454    0.0040556116
   39.790269     35.806778    0.0050439716
   39.790269     42.317101    0.0060423348
   39.790269     48.827424    0.0070279957

   44.471477    -48.827424   -0.0057800478
   44.471477    -42.317101   -0.0051706943
   44.471477    -35.806778   -0.0045170411
   44.471477    -29.296454   -0.0038156809
   44.471477    -22.786131   -0.0030632753
   44.471477    -16.275808   -0.0022571526
   44.471477     -9.765485   -0.0013957320
   44.471477     -3.255162   -0.0004788451
   44.471477      3.255162    0.0004920047
   44.471477      9.765485    0.0015134222
   44.471477     16.275808    0.0025799473
   44.471477     22.786131    0.0036839542
   44.471477     29.296454    0.0048156775
   44.471477     35.806778    0.0059634398
   44.471477     42.317101    0.0071141823
   44.471477     48.827424    0.0082544224

