  -44.510090    -96.008735   -0.0036349591
  -44.510090    -81.238160   -0.0029675763
  -44.510090    -66.467585   -0.0023253087
  -44.510090    -51.697011   -0.0017205938
  -44.510090    -36.926436   -0.0011621543
  -44.510090    -22.155862   -0.0006556792
  -44.510090     -7.385287   -0.0002044290
  -44.510090      7.385287    0.0001902345
  -44.510090     22.155862    0.0005283936
  -44.510090     36.926436    0.0008111967
  -44.510090     51.697011    0.0010405544
  -44.510090     66.467585    0.0012189123
  -44.510090     81.238160    0.0013490986
  -44.510090     96.008735    0.0014342480
  -44.510090    110.779309    0.0014778001
  -44.510090    125.549884    0.0014835743

  -39.273609    -96.008735   -0.0029463764
  -39.273609    -81.238160   -0.0024008176
  -39.273609    -66.467585   -0.0018770695
  -39.273609    -51.697011   -0.0013853911
  -39.273609    -36.926436   -0.0009330031
  -39.273609    -22.155862   -0.0005246219
  -39.273609     -7.385287   -0.0001629380
  -39.273609      7.385287    0.0001509593
  -39.273609     22.155862    0.0004172125
  -39.273609     36.926436    0.0006368799
  -39.273609     51.697011    0.0008116756
  -39.273609     66.467585    0.0009437630
  -39.273609     81.238160    0.0010356032
  -39.273609     96.008735    0.0010898577
  -39.273609    110.779309    0.0011093461
  -39.273609    125.549884    0.0010970580

  -34.037128    -96.008735   -0.0023152824
  -34.037128    -81.238160   -0.0018824100
  -34.037128    -66.467585   -0.0014677708
  -34.037128    -51.697011   -0.0010798232
  -34.037128    -36.926436   -0.0007244910
  -34.037128    -22.155862   -0.0004056136
  -34.037128     -7.385287   -0.0001253490
  -34.037128      7.385287    0.0001154692
  -34.037128     22.155862    0.0003170223
  -34.037128     36.926436    0.0004802431
  -34.037128     51.697011    0.0006065991
  -34.037128     66.467585    0.0006979231
  -34.037128     81.238160    0.0007562898
  -34.037128     96.008735    0.0007839394
  -34.037128    110.779309    0.0007832480
  -34.037128    125.549884    0.0007567444

  -28.800647    -96.008735   -0.0017474025
  -28.800647    -81.238160   -0.0014168737
  -28.800647    -66.467585   -0.0011009852
  -28.800647    -51.697011   -0.0008066066
  -28.800647    -36.926436   -0.0005385085
  -28.800647    -22.155862   -0.0002997471
  -28.800647     -7.385287   -0.0000920086
  -28.800647      7.385287    0.0000840905
  -28.800647     22.155862    0.0002287442
  -28.800647     36.926436    0.0003427405
  -28.800647     51.697011    0.0004272873
  -28.800647     66.467585    0.0004838806
  -28.800647     81.238160    0.0005142145
  -28.800647     96.008735    0.0005201342
  -28.800647    110.779309    0.0005036309
  -28.800647    125.549884    0.0004668793

  -23.564166    -96.008735   -0.0012482313
  -23.564166    -81.238160   -0.0010085958
  -23.564166    -66.467585   -0.0007801632
  -23.564166    -51.697011   -0.0005683418
  -23.564166    -36.926436   -0.0003768560
  -23.564166    -22.155862   -0.0002080661
  -23.564166     -7.385287   -0.0000632513
  -23.564166      7.385287    0.0000571444
  -23.564166     22.155862    0.0001533031
  -23.564166     36.926436    0.0002258607
  -23.564166     51.697011    0.0002757718
  -23.564166     66.467585    0.0003042107
  -23.564166     81.238160    0.0003125098
  -23.564166     96.008735    0.0003021353
  -23.564166    110.779309    0.0002746987
  -23.564166    125.549884    0.0002320058

  -18.327684    -96.008735   -0.0008231717
  -18.327684    -81.238160   -0.0006619338
  -18.327684    -66.467585   -0.0005087302
  -18.327684    -51.697011   -0.0003676008
  -18.327684    -36.926436   -0.0002413126
  -18.327684    -22.155862   -0.0001316061
  -18.327684     -7.385287   -0.0000394126
  -18.327684      7.385287    0.0000349573
  -18.327684     22.155862    0.0000916548
  -18.327684     36.926436    0.0001311635
  -18.327684     51.697011    0.0001541990
  -18.327684     66.467585    0.0001616374
  -18.327684     81.238160    0.0001544739
  -18.327684     96.008735    0.0001338098
  -18.327684    110.779309    0.0001008697
  -18.327684    125.549884    0.0000570469

  -13.091203    -96.008735   -0.0004776768
  -13.091203    -81.238160   -0.0003813258
  -13.091203    -66.467585   -0.0002901842
  -13.091203    -51.697011   -0.0002070135
  -13.091203    -36.926436   -0.0001337021
  -13.091203    -22.155862   -0.0000714343
  -13.091203     -7.385287   -0.0000208409
  -13.091203      7.385287    0.0000178719
  -13.091203     22.155862    0.0000448132
  -13.091203     36.926436    0.0000603184
  -13.091203     51.697011    0.0000648802
  -13.091203     66.467585    0.0000591005
  -13.091203     81.238160    0.0000436617
  -13.091203     96.008735    0.0000193192
  -13.091203    110.779309   -0.0000130872
  -13.091203    125.549884   -0.0000526003

   -7.854722    -96.008735   -0.0002173958
   -7.854722    -81.238160   -0.0001714045
   -7.854722    -66.467585   -0.0001281970
   -7.854722    -51.697011   -0.0000893536
   -7.854722    -36.926436   -0.0000559569
   -7.854722    -22.155862   -0.0000286879
   -7.854722     -7.385287   -0.0000079099
   -7.854722      7.385287    0.0000062580
   -7.854722     22.155862    0.0000138787
   -7.854722     36.926436    0.0000151462
   -7.854722     51.697011    0.0000103460
   -7.854722     66.467585   -0.0000001738
   -7.854722     81.238160   -0.0000160199
   -7.854722     96.008735   -0.0000367601
   -7.854722    110.779309   -0.0000619181
   -7.854722    125.549884   -0.0000909583

   -2.618241    -96.008735   -0.0000483251
   -2.618241    -81.238160   -0.0000371177
   -2.618241    -66.467585   -0.0000267161
   -2.618241    -51.697011   -0.0000176220
   -2.618241    -36.926436   -0.0000101808
   -2.618241    -22.155862   -0.0000046108
   -2.618241     -7.385287   -0.0000010298
   -2.618241      7.385287    0.0000005228
   -2.618241     22.155862    0.0000000665
   -2.618241     36.926436   -0.0000023368
   -2.618241     51.697011   -0.0000065954
   -2.618241     66.467585   -0.0000125972
   -2.618241     81.238160   -0.0000202165
   -2.618241     96.008735   -0.0000293162
   -2.618241    110.779309   -0.0000397485
   -2.618241    125.549884   -0.0000513505

    2.618241    -96.008735    0.0000230384
    2.618241    -81.238160    0.0000161473
    2.618241    -66.467585    0.0000099315
    2.618241    -51.697011    0.0000048692
    2.618241    -36.926436    0.0000012919
    2.618241    -22.155862   -0.0000005893
    2.618241     -7.385287   -0.0000006592
    2.618241      7.385287    0.0000011221
    2.618241     22.155862    0.0000047373
    2.618241     36.926436    0.0000101274
    2.618241     51.697011    0.0000172043
    2.618241     66.467585    0.0000258602
    2.618241     81.238160    0.0000359744
    2.618241     96.008735    0.0000474172
    2.618241    110.779309    0.0000600511
    2.618241    125.549884    0.0000737292

    7.854722    -96.008735   -0.0000104615
    7.854722    -81.238160   -0.0000175676
    7.854722    -66.467585   -0.0000230665
    7.854722    -51.697011   -0.0000255840
    7.854722    -36.926436   -0.0000241621
    7.854722    -22.155862   -0.0000181856
    7.854722     -7.385287   -0.0000073153
    7.854722      7.385287    0.0000085703
    7.854722     22.155862    0.0000294269
    7.854722     36.926436    0.0000550877
    7.854722     51.697011    0.0000853003
    7.854722     66.467585    0.0001197544
    7.854722     81.238160    0.0001581042
    7.854722     96.008735    0.0001999810
    7.854722    110.779309    0.0002450001
    7.854722    125.549884    0.0002927589

   13.091203    -96.008735   -0.0001568024
   13.091203    -81.238160   -0.0001449261
   13.091203    -66.467585   -0.0001311156
   13.091203    -51.697011   -0.0001131591
   13.091203    -36.926436   -0.0000895102
   13.091203    -22.155862   -0.0000591707
   13.091203     -7.385287   -0.0000215855
   13.091203      7.385287    0.0000234514
   13.091203     22.155862    0.0000758782
   13.091203     36.926436    0.0001354356
   13.091203     51.697011    0.0002017251
   13.091203     66.467585    0.0002742557
   13.091203     81.238160    0.0003524784
   13.091203     96.008735    0.0004358095
   13.091203    110.779309    0.0005236416
   13.091203    125.549884    0.0006153436

   18.327684    -96.008735   -0.0004249494
   18.327684    -81.238160   -0.0003734391
   18.327684    -66.467585   -0.0003203234
   18.327684    -51.697011   -0.0002625859
   18.327684    -36.926436   -0.0001981178
   18.327684    -22.155862   -0.0001255556
   18.327684     -7.385287   -0.0000441368
   18.327684      7.385287    0.0000464294
   18.327684     22.155862    0.0001460730
   18.327684     36.926436    0.0002544588
   18.327684     51.697011    0.0003710643
   18.327684     66.467585    0.0004952419
   18.327684     81.238160    0.0006262634
   18.327684     96.008735    0.0007633485
   18.327684    110.779309    0.0009056766
   18.327684    125.549884    0.0010523817

   23.564166    -96.008735   -0.0008250254
   23.564166    -81.238160   -0.0007116101
   23.564166    -66.467585   -0.0005976109
   23.564166    -51.697011   -0.0004792251
   23.564166    -36.926436   -0.0003537995
   23.564166    -22.155862   -0.0002196207
   23.564166     -7.385287   -0.0000757266
   23.564166      7.385287    0.0000782584
   23.564166     22.155862    0.0002422650
   23.564166     36.926436    0.0004158985
   23.564166     51.697011    0.0005985351
   23.564166     66.467585    0.0007893956
   23.564166     81.238160    0.0009875958
   23.564166     96.008735    0.0011921744
   23.564166    110.779309    0.0014020982
   23.564166    125.549884    0.0016162439

   28.800647    -96.008735   -0.0013684851
   28.800647    -81.238160   -0.0011690873
   28.800647    -66.467585   -0.0009708260
   28.800647    -51.697011   -0.0007691451
   28.800647    -36.926436   -0.0005608689
   28.800647    -22.155862   -0.0003439441
   28.800647     -7.385287   -0.0001172117
   28.800647      7.385287    0.0001197935
   28.800647     22.155862    0.0003670133
   28.800647     36.926436    0.0006240081
   28.800647     51.697011    0.0008900698
   28.800647     66.467585    0.0011643061
   28.800647     81.238160    0.0014456950
   28.800647     96.008735    0.0017331115
   28.800647    110.779309    0.0020253243
   28.800647    125.549884    0.0023209641

   34.037128    -96.008735   -0.0020682934
   34.037128    -81.238160   -0.0017568194
   34.037128    -66.467585   -0.0014488573
   34.037128    -51.697011   -0.0011391984
   34.037128    -36.926436   -0.0008241849
   34.037128    -22.155862   -0.0005014285
   34.037128     -7.385287   -0.0001695581
   34.037128      7.385287    0.0001720007
   34.037128     22.155862    0.0005232172
   34.037128     36.926436    0.0008836152
   34.037128     51.697011    0.0012524035
   34.037128     66.467585    0.0016285754
   34.037128     81.238160    0.0020109777
   34.037128     96.008735    0.0023983498
   34.037128    110.779309    0.0027893317
   34.037128    125.549884    0.0031824421

