  -44.510090    -47.456659    0.0728066700
  -44.510090    -41.129105    0.0659900222
  -44.510090    -34.801550    0.0601343275
  -44.510090    -28.473996    0.0552488542
  -44.510090    -22.146441    0.0513385462
  -44.510090    -15.818886    0.0484055388
  -44.510090     -9.491332    0.0464503723
  -44.510090     -3.163777    0.0454729012
  -44.510090      3.163777    0.0454729012
  -44.510090      9.491332    0.0464503723
  -44.510090     15.818886    0.0484055388
  -44.510090     22.146441    0.0513385462
  -44.510090     28.473996    0.0552488542
  -44.510090     34.801550    0.0601343275
  -44.510090     41.129105    0.0659900222
  -44.510090     47.456659    0.0728066700

  -39.273609    -47.456659    0.0639354552
  -39.273609    -41.129105    0.0570604956
  -39.273609    -34.801550    0.0511568082
  -39.273609    -28.473996    0.0462327436
  -39.273609    -22.146441    0.0422924806
  -39.273609    -15.818886    0.0393375424
  -39.273609     -9.491332    0.0373680103
  -39.273609     -3.163777    0.0363834330
  -39.273609      3.163777    0.0363834330
  -39.273609      9.491332    0.0373680103
  -39.273609     15.818886    0.0393375424
  -39.273609     22.146441    0.0422924806
  -39.273609     28.473996    0.0462327436
  -39.273609     34.801550    0.0511568082
  -39.273609     41.129105    0.0570604956
  -39.273609     47.456659    0.0639354552

  -34.037128    -47.456659    0.0558561731
  -34.037128    -41.129105    0.0489286925
  -34.037128    -34.801550    0.0429822116
  -34.037128    -28.473996    0.0380240543
  -34.037128    -22.146441    0.0340575437
  -34.037128    -15.818886    0.0310835189
  -34.037128     -9.491332    0.0291015475
  -34.037128     -3.163777    0.0281108360
  -34.037128      3.163777    0.0281108360
  -34.037128      9.491332    0.0291015475
  -34.037128     15.818886    0.0310835189
  -34.037128     22.146441    0.0340575437
  -34.037128     28.473996    0.0380240543
  -34.037128     34.801550    0.0429822116
  -34.037128     41.129105    0.0489286925
  -34.037128     47.456659    0.0558561731

  -28.800647    -47.456659    0.0486412953
  -28.800647    -41.129105    0.0416671120
  -28.800647    -34.801550    0.0356830521
  -28.800647    -28.473996    0.0306953076
  -28.800647    -22.146441    0.0267062588
  -28.800647    -15.818886    0.0237159904
  -28.800647     -9.491332    0.0217235043
  -28.800647     -3.163777    0.0207276297
  -28.800647      3.163777    0.0207276297
  -28.800647      9.491332    0.0217235043
  -28.800647     15.818886    0.0237159904
  -28.800647     22.146441    0.0267062588
  -28.800647     28.473996    0.0306953076
  -28.800647     34.801550    0.0356830521
  -28.800647     41.129105    0.0416671120
  -28.800647     47.456659    0.0486412953

  -23.564166    -47.456659    0.0423718745
  -23.564166    -41.129105    0.0353568076
  -23.564166    -34.801550    0.0293403766
  -23.564166    -28.473996    0.0243275404
  -23.564166    -22.146441    0.0203196515
  -23.564166    -15.818886    0.0173159724
  -23.564166     -9.491332    0.0153148884
  -23.564166     -3.163777    0.0143148177
  -23.564166      3.163777    0.0143148177
  -23.564166      9.491332    0.0153148884
  -23.564166     15.818886    0.0173159724
  -23.564166     22.146441    0.0203196515
  -23.564166     28.473996    0.0243275404
  -23.564166     34.801550    0.0293403766
  -23.564166     41.129105    0.0353568076
  -23.564166     47.456659    0.0423718745

  -18.327684    -47.456659    0.0371381854
  -18.327684    -41.129105    0.0300880270
  -18.327684    -34.801550    0.0240444049
  -18.327684    -28.473996    0.0190109453
  -18.327684    -22.146441    0.0149878904
  -18.327684    -15.818886    0.0119736140
  -18.327684     -9.491332    0.0099658354
  -18.327684     -3.163777    0.0089625284
  -18.327684      3.163777    0.0089625284
  -18.327684      9.491332    0.0099658354
  -18.327684     15.818886    0.0119736140
  -18.327684     22.146441    0.0149878904
  -18.327684     28.473996    0.0190109453
  -18.327684     34.801550    0.0240444049
  -18.327684     41.129105    0.0300880270
  -18.327684     47.456659    0.0371381854

  -13.091203    -47.456659    0.0330405029
  -13.091203    -41.129105    0.0259609911
  -13.091203    -34.801550    0.0198953077
  -13.091203    -28.473996    0.0148456490
  -13.091203    -22.146441    0.0108110650
  -13.091203    -15.818886    0.0077889762
  -13.091203     -9.491332    0.0057763866
  -13.091203     -3.163777    0.0047707933
  -13.091203      3.163777    0.0047707933
  -13.091203      9.491332    0.0057763866
  -13.091203     15.818886    0.0077889762
  -13.091203     22.146441    0.0108110650
  -13.091203     28.473996    0.0148456490
  -13.091203     34.801550    0.0198953077
  -13.091203     41.129105    0.0259609911
  -13.091203     47.456659    0.0330405029

   -7.854722    -47.456659    0.0301900187
   -7.854722    -41.129105    0.0230868101
   -7.854722    -34.801550    0.0170041239
   -7.854722    -28.473996    0.0119426291
   -7.854722    -22.146441    0.0079001032
   -7.854722    -15.818886    0.0048729487
   -7.854722     -9.491332    0.0028574062
   -7.854722     -3.163777    0.0018504637
   -7.854722      3.163777    0.0018504637
   -7.854722      9.491332    0.0028574062
   -7.854722     15.818886    0.0048729487
   -7.854722     22.146441    0.0079001032
   -7.854722     28.473996    0.0119426291
   -7.854722     34.801550    0.0170041239
   -7.854722     41.129105    0.0230868101
   -7.854722     47.456659    0.0301900187

   -2.618241    -47.456659    0.0287098962
   -2.618241    -41.129105    0.0215885392
   -2.618241    -34.801550    0.0154938149
   -2.618241    -28.473996    0.0104247687
   -2.618241    -22.146441    0.0063778254
   -2.618241    -15.818886    0.0033483049
   -2.618241     -9.491332    0.0013316360
   -2.618241     -3.163777    0.0003242656
   -2.618241      3.163777    0.0003242656
   -2.618241      9.491332    0.0013316360
   -2.618241     15.818886    0.0033483049
   -2.618241     22.146441    0.0063778254
   -2.618241     28.473996    0.0104247687
   -2.618241     34.801550    0.0154938149
   -2.618241     41.129105    0.0215885392
   -2.618241     47.456659    0.0287098962

    2.618241    -47.456659    0.0287364639
    2.618241    -41.129105    0.0216023709
    2.618241    -34.801550    0.0155004580
    2.618241    -28.473996    0.0104280501
    2.618241    -22.146441    0.0063801380
    2.618241    -15.818886    0.0033508947
    2.618241     -9.491332    0.0013348886
    2.618241     -3.163777    0.0003279929
    2.618241      3.163777    0.0003279929
    2.618241      9.491332    0.0013348886
    2.618241     15.818886    0.0033508947
    2.618241     22.146441    0.0063801380
    2.618241     28.473996    0.0104280501
    2.618241     34.801550    0.0155004580
    2.618241     41.129105    0.0216023709
    2.618241     47.456659    0.0287364639

    7.854722    -47.456659    0.0304205463
    7.854722    -41.129105    0.0232789665
    7.854722    -34.801550    0.0171745776
    7.854722    -28.473996    0.0121028853
    7.854722    -22.146441    0.0080573647
    7.854722    -15.818886    0.0050309761
    7.854722     -9.491332    0.0030173783
    7.854722     -3.163777    0.0020118384
    7.854722      3.163777    0.0020118384
    7.854722      9.491332    0.0030173783
    7.854722     15.818886    0.0050309761
    7.854722     22.146441    0.0080573647
    7.854722     28.473996    0.0121028853
    7.854722     34.801550    0.0171745776
    7.854722     41.129105    0.0232789665
    7.854722     47.456659    0.0304205463

   13.091203    -47.456659    0.0339289333
   13.091203    -41.129105    0.0267849259
   13.091203    -34.801550    0.0206826146
   13.091203    -28.473996    0.0156155860
   13.091203    -22.146441    0.0115757155
   13.091203    -15.818886    0.0085546841
   13.091203     -9.491332    0.0065451909
   13.091203     -3.163777    0.0055418633
   13.091203      3.163777    0.0055418633
   13.091203      9.491332    0.0065451909
   13.091203     15.818886    0.0085546841
   13.091203     22.146441    0.0115757155
   13.091203     28.473996    0.0156155860
   13.091203     34.801550    0.0206826146
   13.091203     41.129105    0.0267849259
   13.091203     47.456659    0.0339289333

   18.327684    -47.456659    0.0394459883
   18.327684    -41.129105    0.0323043947
   18.327684    -34.801550    0.0262085342
   18.327684    -28.473996    0.0211499708
   18.327684    -22.146441    0.0171188950
   18.327684    -15.818886    0.0141056392
   18.327684     -9.491332    0.0121018915
   18.327684     -3.163777    0.0111016052
   18.327684      3.163777    0.0111016052
   18.327684      9.491332    0.0121018915
   18.327684     15.818886    0.0141056392
   18.327684     22.146441    0.0171188950
   18.327684     28.473996    0.0211499708
   18.327684     34.801550    0.0262085342
   18.327684     41.129105    0.0323043947
   18.327684     47.456659    0.0394459883

   23.564166    -47.456659    0.0471753935
   23.564166    -41.129105    0.0400408105
   23.564166    -34.801550    0.0339555715
   23.564166    -28.473996    0.0289091118
   23.564166    -22.146441    0.0248898476
   23.564166    -15.818886    0.0218866924
   23.564166     -9.491332    0.0198902698
   23.564166     -3.163777    0.0188938235
   23.564166      3.163777    0.0188938235
   23.564166      9.491332    0.0198902698
   23.564166     15.818886    0.0218866924
   23.564166     22.146441    0.0248898476
   23.564166     28.473996    0.0289091118
   23.564166     34.801550    0.0339555715
   23.564166     41.129105    0.0400408105
   23.564166     47.456659    0.0471753935

   28.800647    -47.456659    0.0573420345
   28.800647    -41.129105    0.0502187867
   28.800647    -34.801550    0.0441481157
   28.800647    -28.473996    0.0391172176
   28.800647    -22.146441    0.0351126421
   28.800647    -15.818886    0.0321218099
   28.800647     -9.491332    0.0301342246
   28.800647     -3.163777    0.0291423836
   28.800647      3.163777    0.0291423836
   28.800647      9.491332    0.0301342246
   28.800647     15.818886    0.0321218099
   28.800647     22.146441    0.0351126421
   28.800647     28.473996    0.0391172176
   28.800647     34.801550    0.0441481157
   28.800647     41.129105    0.0502187867
   28.800647     47.456659    0.0573420345

   34.037128    -47.456659    0.0701940221
   34.037128    -41.129105    0.0630861348
   34.037128    -34.801550    0.0570337326
   34.037128    -28.473996    0.0520216564
   34.037128    -22.146441    0.0480344937
   34.037128    -15.818886    0.0450580948
   34.037128     -9.491332    0.0430807859
   34.037128     -3.163777    0.0420942793
   34.037128      3.163777    0.0420942793
   34.037128      9.491332    0.0430807859
   34.037128     15.818886    0.0450580948
   34.037128     22.146441    0.0480344937
   34.037128     28.473996    0.0520216564
   34.037128     34.801550    0.0570337326
   34.037128     41.129105    0.0630861348
   34.037128     47.456659    0.0701940221

