  -50.614883    -62.630025   -0.0001766850
  -50.614883    -54.279355   -0.0001504996
  -50.614883    -45.928685   -0.0001248468
  -50.614883    -37.578015   -0.0000998591
  -50.614883    -29.227345   -0.0000756851
  -50.614883    -20.876675   -0.0000524892
  -50.614883    -12.526005   -0.0000304516
  -50.614883     -4.175335   -0.0000097682
  -50.614883      4.175335    0.0000093490
  -50.614883     12.526005    0.0000266724
  -50.614883     20.876675    0.0000419585
  -50.614883     29.227345    0.0000549479
  -50.614883     37.578015    0.0000653655
  -50.614883     45.928685    0.0000729203
  -50.614883     54.279355    0.0000773053
  -50.614883     62.630025    0.0000781980

  -43.866232    -62.630025   -0.0001328627
  -43.866232    -54.279355   -0.0001131634
  -43.866232    -45.928685   -0.0000938525
  -43.866232    -37.578015   -0.0000750406
  -43.866232    -29.227345   -0.0000568476
  -43.866232    -20.876675   -0.0000394029
  -43.866232    -12.526005   -0.0000228454
  -43.866232     -4.175335   -0.0000073236
  -43.866232      4.175335    0.0000070048
  -43.866232     12.526005    0.0000199725
  -43.866232     20.876675    0.0000314027
  -43.866232     29.227345    0.0000411093
  -43.866232     37.578015    0.0000488965
  -43.866232     45.928685    0.0000545593
  -43.866232     54.279355    0.0000578831
  -43.866232     62.630025    0.0000586437

  -37.117581    -62.630025   -0.0000952202
  -37.117581    -54.279355   -0.0000810968
  -37.117581    -45.928685   -0.0000672445
  -37.117581    -37.578015   -0.0000537490
  -37.117581    -29.227345   -0.0000407013
  -37.117581    -20.876675   -0.0000281978
  -37.117581    -12.526005   -0.0000163402
  -37.117581     -4.175335   -0.0000052353
  -37.117581      4.175335    0.0000050046
  -37.117581     12.526005    0.0000142621
  -37.117581     20.876675    0.0000224144
  -37.117581     29.227345    0.0000293334
  -37.117581     37.578015    0.0000348859
  -37.117581     45.928685    0.0000389332
  -37.117581     54.279355    0.0000413313
  -37.117581     62.630025    0.0000419312

  -30.368930    -62.630025   -0.0000637947
  -30.368930    -54.279355   -0.0000543295
  -30.368930    -45.928685   -0.0000450419
  -30.368930    -37.578015   -0.0000359928
  -30.368930    -29.227345   -0.0000272462
  -30.368930    -20.876675   -0.0000188686
  -30.368930    -12.526005   -0.0000109292
  -30.368930     -4.175335   -0.0000035000
  -30.368930      4.175335    0.0000033443
  -30.368930     12.526005    0.0000095263
  -30.368930     20.876675    0.0000149661
  -30.368930     29.227345    0.0000195807
  -30.368930     37.578015    0.0000232848
  -30.368930     45.928685    0.0000259901
  -30.368930     54.279355    0.0000276058
  -30.368930     62.630025    0.0000280382

  -23.620279    -62.630025   -0.0000386171
  -23.620279    -54.279355   -0.0000328861
  -23.620279    -45.928685   -0.0000272606
  -23.620279    -37.578015   -0.0000217793
  -23.620279    -29.227345   -0.0000164822
  -23.620279    -20.876675   -0.0000114106
  -23.620279    -12.526005   -0.0000066070
  -23.620279     -4.175335   -0.0000021151
  -23.620279      4.175335    0.0000020202
  -23.620279     12.526005    0.0000057527
  -23.620279     20.876675    0.0000090349
  -23.620279     29.227345    0.0000118182
  -23.620279     37.578015    0.0000140527
  -23.620279     45.928685    0.0000156873
  -23.620279     54.279355    0.0000166697
  -23.620279     62.630025    0.0000169462

  -16.871628    -62.630025   -0.0000197123
  -16.871628    -54.279355   -0.0000167863
  -16.871628    -45.928685   -0.0000139135
  -16.871628    -37.578015   -0.0000111141
  -16.871628    -29.227345   -0.0000084093
  -16.871628    -20.876675   -0.0000058203
  -16.871628    -12.526005   -0.0000033692
  -16.871628     -4.175335   -0.0000010783
  -16.871628      4.175335    0.0000010296
  -16.871628     12.526005    0.0000029311
  -16.871628     20.876675    0.0000046025
  -16.871628     29.227345    0.0000060194
  -16.871628     37.578015    0.0000071571
  -16.871628     45.928685    0.0000079903
  -16.871628     54.279355    0.0000084934
  -16.871628     62.630025    0.0000086402

  -10.122977    -62.630025   -0.0000070987
  -10.122977    -54.279355   -0.0000060449
  -10.122977    -45.928685   -0.0000050100
  -10.122977    -37.578015   -0.0000040016
  -10.122977    -29.227345   -0.0000030273
  -10.122977    -20.876675   -0.0000020950
  -10.122977    -12.526005   -0.0000012125
  -10.122977     -4.175335   -0.0000003880
  -10.122977      4.175335    0.0000003704
  -10.122977     12.526005    0.0000010543
  -10.122977     20.876675    0.0000016552
  -10.122977     29.227345    0.0000021645
  -10.122977     37.578015    0.0000025735
  -10.122977     45.928685    0.0000028733
  -10.122977     54.279355    0.0000030549
  -10.122977     62.630025    0.0000031091

   -3.374326    -62.630025   -0.0000007889
   -3.374326    -54.279355   -0.0000006718
   -3.374326    -45.928685   -0.0000005567
   -3.374326    -37.578015   -0.0000004447
   -3.374326    -29.227345   -0.0000003364
   -3.374326    -20.876675   -0.0000002328
   -3.374326    -12.526005   -0.0000001347
   -3.374326     -4.175335   -0.0000000431
   -3.374326      4.175335    0.0000000411
   -3.374326     12.526005    0.0000001171
   -3.374326     20.876675    0.0000001838
   -3.374326     29.227345    0.0000002404
   -3.374326     37.578015    0.0000002858
   -3.374326     45.928685    0.0000003191
   -3.374326     54.279355    0.0000003393
   -3.374326     62.630025    0.0000003454

    3.374326    -62.630025   -0.0000007889
    3.374326    -54.279355   -0.0000006718
    3.374326    -45.928685   -0.0000005567
    3.374326    -37.578015   -0.0000004447
    3.374326    -29.227345   -0.0000003364
    3.374326    -20.876675   -0.0000002328
    3.374326    -12.526005   -0.0000001347
    3.374326     -4.175335   -0.0000000431
    3.374326      4.175335    0.0000000411
    3.374326     12.526005    0.0000001171
    3.374326     20.876675    0.0000001838
    3.374326     29.227345    0.0000002404
    3.374326     37.578015    0.0000002858
    3.374326     45.928685    0.0000003191
    3.374326     54.279355    0.0000003393
    3.374326     62.630025    0.0000003454

   10.122977    -62.630025   -0.0000070987
   10.122977    -54.279355   -0.0000060449
   10.122977    -45.928685   -0.0000050100
   10.122977    -37.578015   -0.0000040016
   10.122977    -29.227345   -0.0000030273
   10.122977    -20.876675   -0.0000020950
   10.122977    -12.526005   -0.0000012125
   10.122977     -4.175335   -0.0000003880
   10.122977      4.175335    0.0000003704
   10.122977     12.526005    0.0000010543
   10.122977     20.876675    0.0000016552
   10.122977     29.227345    0.0000021645
   10.122977     37.578015    0.0000025735
   10.122977     45.928685    0.0000028733
   10.122977     54.279355    0.0000030549
   10.122977     62.630025    0.0000031091

   16.871628    -62.630025   -0.0000197123
   16.871628    -54.279355   -0.0000167863
   16.871628    -45.928685   -0.0000139135
   16.871628    -37.578015   -0.0000111141
   16.871628    -29.227345   -0.0000084093
   16.871628    -20.876675   -0.0000058203
   16.871628    -12.526005   -0.0000033692
   16.871628     -4.175335   -0.0000010783
   16.871628      4.175335    0.0000010296
   16.871628     12.526005    0.0000029311
   16.871628     20.876675    0.0000046025
   16.871628     29.227345    0.0000060194
   16.871628     37.578015    0.0000071571
   16.871628     45.928685    0.0000079903
   16.871628     54.279355    0.0000084934
   16.871628     62.630025    0.0000086402

   23.620279    -62.630025   -0.0000386171
   23.620279    -54.279355   -0.0000328861
   23.620279    -45.928685   -0.0000272606
   23.620279    -37.578015   -0.0000217793
   23.620279    -29.227345   -0.0000164822
   23.620279    -20.876675   -0.0000114106
   23.620279    -12.526005   -0.0000066070
   23.620279     -4.175335   -0.0000021151
   23.620279      4.175335    0.0000020202
   23.620279     12.526005    0.0000057527
   23.620279     20.876675    0.0000090349
   23.620279     29.227345    0.0000118182
   23.620279     37.578015    0.0000140527
   23.620279     45.928685    0.0000156873
   23.620279     54.279355    0.0000166697
   23.620279     62.630025    0.0000169462

   30.368930    -62.630025   -0.0000637947
   30.368930    -54.279355   -0.0000543295
   30.368930    -45.928685   -0.0000450419
   30.368930    -37.578015   -0.0000359928
   30.368930    -29.227345   -0.0000272462
   30.368930    -20.876675   -0.0000188686
   30.368930    -12.526005   -0.0000109292
   30.368930     -4.175335   -0.0000035000
   30.368930      4.175335    0.0000033443
   30.368930     12.526005    0.0000095263
   30.368930     20.876675    0.0000149661
   30.368930     29.227345    0.0000195807
   30.368930     37.578015    0.0000232848
   30.368930     45.928685    0.0000259901
   30.368930     54.279355    0.0000276058
   30.368930     62.630025    0.0000280382

   37.117581    -62.630025   -0.0000952202
   37.117581    -54.279355   -0.0000810968
   37.117581    -45.928685   -0.0000672445
   37.117581    -37.578015   -0.0000537490
   37.117581    -29.227345   -0.0000407013
   37.117581    -20.876675   -0.0000281978
   37.117581    -12.526005   -0.0000163402
   37.117581     -4.175335   -0.0000052353
   37.117581      4.175335    0.0000050046
   37.117581     12.526005    0.0000142621
   37.117581     20.876675    0.0000224144
   37.117581     29.227345    0.0000293334
   37.117581     37.578015    0.0000348859
   37.117581     45.928685    0.0000389332
   37.117581     54.279355    0.0000413313
   37.117581     62.630025    0.0000419312

   43.866232    -62.630025   -0.0001328627
   43.866232    -54.279355   -0.0001131634
   43.866232    -45.928685   -0.0000938525
   43.866232    -37.578015   -0.0000750406
   43.866232    -29.227345   -0.0000568476
   43.866232    -20.876675   -0.0000394029
   43.866232    -12.526005   -0.0000228454
   43.866232     -4.175335   -0.0000073236
   43.866232      4.175335    0.0000070048
   43.866232     12.526005    0.0000199725
   43.866232     20.876675    0.0000314027
   43.866232     29.227345    0.0000411093
   43.866232     37.578015    0.0000488965
   43.866232     45.928685    0.0000545593
   43.866232     54.279355    0.0000578831
   43.866232     62.630025    0.0000586437

   50.614883    -62.630025   -0.0001766850
   50.614883    -54.279355   -0.0001504996
   50.614883    -45.928685   -0.0001248468
   50.614883    -37.578015   -0.0000998591
   50.614883    -29.227345   -0.0000756851
   50.614883    -20.876675   -0.0000524892
   50.614883    -12.526005   -0.0000304516
   50.614883     -4.175335   -0.0000097682
   50.614883      4.175335    0.0000093490
   50.614883     12.526005    0.0000266724
   50.614883     20.876675    0.0000419585
   50.614883     29.227345    0.0000549479
   50.614883     37.578015    0.0000653655
   50.614883     45.928685    0.0000729203
   50.614883     54.279355    0.0000773053
   50.614883     62.630025    0.0000781980

