  -48.827424    -92.332122    0.0003565628
  -48.827424    -80.021172    0.0003148332
  -48.827424    -67.710222    0.0002542660
  -48.827424    -55.399273    0.0001863067
  -48.827424    -43.088323    0.0001204935
  -48.827424    -30.777374    0.0000644569
  -48.827424    -18.466424    0.0000239199
  -48.827424     -6.155475    0.0000026975
  -48.827424      6.155475    0.0000026975
  -48.827424     18.466424    0.0000239199
  -48.827424     30.777374    0.0000644569
  -48.827424     43.088323    0.0001204935
  -48.827424     55.399273    0.0001863067
  -48.827424     67.710222    0.0002542660
  -48.827424     80.021172    0.0003148332
  -48.827424     92.332122    0.0003565628

  -42.317101    -92.332122    0.0003362702
  -42.317101    -80.021172    0.0002897491
  -42.317101    -67.710222    0.0002302662
  -42.317101    -55.399273    0.0001668713
  -42.317101    -43.088323    0.0001071056
  -42.317101    -30.777374    0.0000570024
  -42.317101    -18.466424    0.0000210865
  -42.317101     -6.155475    0.0000023744
  -42.317101      6.155475    0.0000023744
  -42.317101     18.466424    0.0000210865
  -42.317101     30.777374    0.0000570024
  -42.317101     43.088323    0.0001071056
  -42.317101     55.399273    0.0001668713
  -42.317101     67.710222    0.0002302662
  -42.317101     80.021172    0.0002897491
  -42.317101     92.332122    0.0003362702

  -35.806778    -92.332122    0.0002958464
  -35.806778    -80.021172    0.0002500865
  -35.806778    -67.710222    0.0001961615
  -35.806778    -55.399273    0.0001408571
  -35.806778    -43.088323    0.0000898278
  -35.806778    -30.777374    0.0000475976
  -35.806778    -18.466424    0.0000175592
  -35.806778     -6.155475    0.0000019746
  -35.806778      6.155475    0.0000019746
  -35.806778     18.466424    0.0000175592
  -35.806778     30.777374    0.0000475976
  -35.806778     43.088323    0.0000898278
  -35.806778     55.399273    0.0001408571
  -35.806778     67.710222    0.0001961615
  -35.806778     80.021172    0.0002500865
  -35.806778     92.332122    0.0002958464

  -29.296454    -92.332122    0.0002436012
  -29.296454    -80.021172    0.0002024742
  -29.296454    -67.710222    0.0001569354
  -29.296454    -55.399273    0.0001117327
  -29.296454    -43.088323    0.0000708226
  -29.296454    -30.777374    0.0000373704
  -29.296454    -18.466424    0.0000137501
  -29.296454     -6.155475    0.0000015443
  -29.296454      6.155475    0.0000015443
  -29.296454     18.466424    0.0000137501
  -29.296454     30.777374    0.0000373704
  -29.296454     43.088323    0.0000708226
  -29.296454     55.399273    0.0001117327
  -29.296454     67.710222    0.0001569354
  -29.296454     80.021172    0.0002024742
  -29.296454     92.332122    0.0002436012

  -22.786131    -92.332122    0.0001861533
  -22.786131    -80.021172    0.0001521968
  -22.786131    -67.710222    0.0001165638
  -22.786131    -55.399273    0.0000822669
  -22.786131    -43.088323    0.0000518167
  -22.786131    -30.777374    0.0000272217
  -22.786131    -18.466424    0.0000099881
  -22.786131     -6.155475    0.0000011202
  -22.786131      6.155475    0.0000011202
  -22.786131     18.466424    0.0000099881
  -22.786131     30.777374    0.0000272217
  -22.786131     43.088323    0.0000518167
  -22.786131     55.399273    0.0000822669
  -22.786131     67.710222    0.0001165638
  -22.786131     80.021172    0.0001521968
  -22.786131     92.332122    0.0001861533

  -16.275808    -92.332122    0.0001284305
  -16.275808    -80.021172    0.0001031948
  -16.275808    -67.710222    0.0000780147
  -16.275808    -55.399273    0.0000545285
  -16.275808    -43.088323    0.0000341013
  -16.275808    -30.777374    0.0000178252
  -16.275808    -18.466424    0.0000065195
  -16.275808     -6.155475    0.0000007301
  -16.275808      6.155475    0.0000007301
  -16.275808     18.466424    0.0000065195
  -16.275808     30.777374    0.0000178252
  -16.275808     43.088323    0.0000341013
  -16.275808     55.399273    0.0000545285
  -16.275808     67.710222    0.0000780147
  -16.275808     80.021172    0.0001031948
  -16.275808     92.332122    0.0001284305

   -9.765485    -92.332122    0.0000736696
   -9.765485    -80.021172    0.0000580645
   -9.765485    -67.710222    0.0000432485
   -9.765485    -55.399273    0.0000298863
   -9.765485    -43.088323    0.0000185317
   -9.765485    -30.777374    0.0000096281
   -9.765485    -18.466424    0.0000035077
   -9.765485     -6.155475    0.0000003920
   -9.765485      6.155475    0.0000003920
   -9.765485     18.466424    0.0000035077
   -9.765485     30.777374    0.0000096281
   -9.765485     43.088323    0.0000185317
   -9.765485     55.399273    0.0000298863
   -9.765485     67.710222    0.0000432485
   -9.765485     80.021172    0.0000580645
   -9.765485     92.332122    0.0000736696

   -3.255162    -92.332122    0.0000234159
   -3.255162    -80.021172    0.0000180580
   -3.255162    -67.710222    0.0000132176
   -3.255162    -55.399273    0.0000090091
   -3.255162    -43.088323    0.0000055278
   -3.255162    -30.777374    0.0000028501
   -3.255162    -18.466424    0.0000010332
   -3.255162     -6.155475    0.0000001152
   -3.255162      6.155475    0.0000001152
   -3.255162     18.466424    0.0000010332
   -3.255162     30.777374    0.0000028501
   -3.255162     43.088323    0.0000055278
   -3.255162     55.399273    0.0000090091
   -3.255162     67.710222    0.0000132176
   -3.255162     80.021172    0.0000180580
   -3.255162     92.332122    0.0000234159

    3.255162    -92.332122   -0.0000224758
    3.255162    -80.021172   -0.0000169166
    3.255162    -67.710222   -0.0000121332
    3.255162    -55.399273   -0.0000081341
    3.255162    -43.088323   -0.0000049264
    3.255162    -30.777374   -0.0000025157
    3.255162    -18.466424   -0.0000009062
    3.255162     -6.155475   -0.0000001007
    3.255162      6.155475   -0.0000001007
    3.255162     18.466424   -0.0000009062
    3.255162     30.777374   -0.0000025157
    3.255162     43.088323   -0.0000049264
    3.255162     55.399273   -0.0000081341
    3.255162     67.710222   -0.0000121332
    3.255162     80.021172   -0.0000169166
    3.255162     92.332122   -0.0000224758

    9.765485    -92.332122   -0.0000658421
    9.765485    -80.021172   -0.0000482954
    9.765485    -67.710222   -0.0000338669
    9.765485    -55.399273   -0.0000222743
    9.765485    -43.088323   -0.0000132825
    9.765485    -30.777374   -0.0000067033
    9.765485    -18.466424   -0.0000023955
    9.765485     -6.155475   -0.0000002652
    9.765485      6.155475   -0.0000002652
    9.765485     18.466424   -0.0000023955
    9.765485     30.777374   -0.0000067033
    9.765485     43.088323   -0.0000132825
    9.765485     55.399273   -0.0000222743
    9.765485     67.710222   -0.0000338669
    9.765485     80.021172   -0.0000482954
    9.765485     92.332122   -0.0000658421

   16.275808    -92.332122   -0.0001102107
   16.275808    -80.021172   -0.0000788588
   16.275808    -67.710222   -0.0000540543
   16.275808    -55.399273   -0.0000348425
   16.275808    -43.088323   -0.0000204278
   16.275808    -30.777374   -0.0000101737
   16.275808    -18.466424   -0.0000036029
   16.275808     -6.155475   -0.0000003970
   16.275808      6.155475   -0.0000003970
   16.275808     18.466424   -0.0000036029
   16.275808     30.777374   -0.0000101737
   16.275808     43.088323   -0.0000204278
   16.275808     55.399273   -0.0000348425
   16.275808     67.710222   -0.0000540543
   16.275808     80.021172   -0.0000788588
   16.275808     92.332122   -0.0001102107

   22.786131    -92.332122   -0.0001608001
   22.786131    -80.021172   -0.0001127310
   22.786131    -67.710222   -0.0000757739
   22.786131    -55.399273   -0.0000479696
   22.786131    -43.088323   -0.0000276853
   22.786131    -30.777374   -0.0000136149
   22.786131    -18.466424   -0.0000047789
   22.786131     -6.155475   -0.0000005242
   22.786131      6.155475   -0.0000005242
   22.786131     18.466424   -0.0000047789
   22.786131     30.777374   -0.0000136149
   22.786131     43.088323   -0.0000276853
   22.786131     55.399273   -0.0000479696
   22.786131     67.710222   -0.0000757739
   22.786131     80.021172   -0.0001127310
   22.786131     92.332122   -0.0001608001

   29.296454    -92.332122   -0.0002245202
   29.296454    -80.021172   -0.0001553808
   29.296454    -67.710222   -0.0001031121
   29.296454    -55.399273   -0.0000644863
   29.296454    -43.088323   -0.0000368135
   29.296454    -30.777374   -0.0000179418
   29.296454    -18.466424   -0.0000062573
   29.296454     -6.155475   -0.0000006840
   29.296454      6.155475   -0.0000006840
   29.296454     18.466424   -0.0000062573
   29.296454     30.777374   -0.0000179418
   29.296454     43.088323   -0.0000368135
   29.296454     55.399273   -0.0000644863
   29.296454     67.710222   -0.0001031121
   29.296454     80.021172   -0.0001553808
   29.296454     92.332122   -0.0002245202

   35.806778    -92.332122   -0.0003099717
   35.806778    -80.021172   -0.0002136207
   35.806778    -67.710222   -0.0001411629
   35.806778    -55.399273   -0.0000879235
   35.806778    -43.088323   -0.0000500068
   35.806778    -30.777374   -0.0000242963
   35.806778    -18.466424   -0.0000084545
   35.806778     -6.155475   -0.0000009232
   35.806778      6.155475   -0.0000009232
   35.806778     18.466424   -0.0000084545
   35.806778     30.777374   -0.0000242963
   35.806778     43.088323   -0.0000500068
   35.806778     55.399273   -0.0000879235
   35.806778     67.710222   -0.0001411629
   35.806778     80.021172   -0.0002136207
   35.806778     92.332122   -0.0003099717

   42.317101    -92.332122   -0.0004274465
   42.317101    -80.021172   -0.0002956077
   42.317101    -67.710222   -0.0001960283
   42.317101    -55.399273   -0.0001225120
   42.317101    -43.088323   -0.0000698953
   42.317101    -30.777374   -0.0000340472
   42.317101    -18.466424   -0.0000118697
   42.317101     -6.155475   -0.0000012973
   42.317101      6.155475   -0.0000012973
   42.317101     18.466424   -0.0000118697
   42.317101     30.777374   -0.0000340472
   42.317101     43.088323   -0.0000698953
   42.317101     55.399273   -0.0001225120
   42.317101     67.710222   -0.0001960283
   42.317101     80.021172   -0.0002956077
   42.317101     92.332122   -0.0004274465

   48.827424    -92.332122   -0.0005889275
   48.827424    -80.021172   -0.0004108427
   48.827424    -67.710222   -0.0002748178
   48.827424    -55.399273   -0.0001731824
   48.827424    -43.088323   -0.0000995445
   48.827424    -30.777374   -0.0000487905
   48.827424    -18.466424   -0.0000170852
   48.827424     -6.155475   -0.0000018717
   48.827424      6.155475   -0.0000018717
   48.827424     18.466424   -0.0000170852
   48.827424     30.777374   -0.0000487905
   48.827424     43.088323   -0.0000995445
   48.827424     55.399273   -0.0001731824
   48.827424     67.710222   -0.0002748178
   48.827424     80.021172   -0.0004108427
   48.827424     92.332122   -0.0005889275

