  -44.766107    -38.681015    0.1277723893
  -44.766107    -33.523546    0.1120495761
  -44.766107    -28.366078    0.0988258521
  -44.766107    -23.208609    0.0879825767
  -44.766107    -18.051140    0.0794224523
  -44.766107    -12.893672    0.0730686689
  -44.766107     -7.736203    0.0688642181
  -44.766107     -2.578734    0.0667713799
  -44.766107      2.578734    0.0667713799
  -44.766107      7.736203    0.0688642181
  -44.766107     12.893672    0.0730686689
  -44.766107     18.051140    0.0794224523
  -44.766107     23.208609    0.0879825767
  -44.766107     28.366078    0.0988258521
  -44.766107     33.523546    0.1120495761
  -44.766107     38.681015    0.1277723893

  -40.053885    -38.681015    0.1159206610
  -40.053885    -33.523546    0.1005212370
  -40.053885    -28.366078    0.0875679498
  -40.053885    -23.208609    0.0769455532
  -40.053885    -18.051140    0.0685593475
  -40.053885    -12.893672    0.0623344493
  -40.053885     -7.736203    0.0582152073
  -40.053885     -2.578734    0.0561647641
  -40.053885      2.578734    0.0561647641
  -40.053885      7.736203    0.0582152073
  -40.053885     12.893672    0.0623344493
  -40.053885     18.051140    0.0685593475
  -40.053885     23.208609    0.0769455532
  -40.053885     28.366078    0.0875679498
  -40.053885     33.523546    0.1005212370
  -40.053885     38.681015    0.1159206610

  -35.341663    -38.681015    0.1045271648
  -35.341663    -33.523546    0.0894467804
  -35.341663    -28.366078    0.0767606281
  -35.341663    -23.208609    0.0663564460
  -35.341663    -18.051140    0.0581419683
  -35.341663    -12.893672    0.0520442236
  -35.341663     -7.736203    0.0480089743
  -35.341663     -2.578734    0.0460002958
  -35.341663      2.578734    0.0460002958
  -35.341663      7.736203    0.0480089743
  -35.341663     12.893672    0.0520442236
  -35.341663     18.051140    0.0581419683
  -35.341663     23.208609    0.0663564460
  -35.341663     28.366078    0.0767606281
  -35.341663     33.523546    0.0894467804
  -35.341663     38.681015    0.1045271648

  -30.629441    -38.681015    0.0937118738
  -30.629441    -33.523546    0.0789463685
  -30.629441    -28.366078    0.0665240092
  -30.629441    -23.208609    0.0563353308
  -30.629441    -18.051140    0.0482904147
  -30.629441    -12.893672    0.0423181787
  -30.629441     -7.736203    0.0383658084
  -30.629441     -2.578734    0.0363983309
  -30.629441      2.578734    0.0363983309
  -30.629441      7.736203    0.0383658084
  -30.629441     12.893672    0.0423181787
  -30.629441     18.051140    0.0482904147
  -30.629441     23.208609    0.0563353308
  -30.629441     28.366078    0.0665240092
  -30.629441     33.523546    0.0789463685
  -30.629441     38.681015    0.0937118738

  -25.917220    -38.681015    0.0836149546
  -25.917220    -33.523546    0.0691606342
  -25.917220    -28.366078    0.0569990086
  -25.917220    -23.208609    0.0470233500
  -25.917220    -18.051140    0.0391460462
  -25.917220    -12.893672    0.0332978763
  -25.917220     -7.736203    0.0294274315
  -25.917220     -2.578734    0.0275006807
  -25.917220      2.578734    0.0275006807
  -25.917220      7.736203    0.0294274315
  -25.917220     12.893672    0.0332978763
  -25.917220     18.051140    0.0391460462
  -25.917220     23.208609    0.0470233500
  -25.917220     28.366078    0.0569990086
  -25.917220     33.523546    0.0691606342
  -25.917220     38.681015    0.0836149546

  -21.204998    -38.681015    0.0744002665
  -21.204998    -33.523546    0.0602541177
  -21.204998    -28.366078    0.0483506941
  -21.204998    -23.208609    0.0385860069
  -21.204998    -18.051140    0.0308747304
  -21.204998    -12.893672    0.0251494756
  -21.204998     -7.736203    0.0213602093
  -21.204998     -2.578734    0.0194738182
  -21.204998      2.578734    0.0194738182
  -21.204998      7.736203    0.0213602093
  -21.204998     12.893672    0.0251494756
  -21.204998     18.051140    0.0308747304
  -21.204998     23.208609    0.0385860069
  -21.204998     28.366078    0.0483506941
  -21.204998     33.523546    0.0602541177
  -21.204998     38.681015    0.0744002665

  -16.492776    -38.681015    0.0662595131
  -16.492776    -33.523546    0.0524193823
  -16.492776    -28.366078    0.0407723512
  -16.492776    -23.208609    0.0312171869
  -16.492776    -18.051140    0.0236708362
  -16.492776    -12.893672    0.0180677125
  -16.492776     -7.736203    0.0143591251
  -16.492776     -2.578734    0.0125128514
  -16.492776      2.578734    0.0125128514
  -16.492776      7.736203    0.0143591251
  -16.492776     12.893672    0.0180677125
  -16.492776     18.051140    0.0236708362
  -16.492776     23.208609    0.0312171869
  -16.492776     28.366078    0.0407723512
  -16.492776     33.523546    0.0524193823
  -16.492776     38.681015    0.0662595131

  -11.780554    -38.681015    0.0594170641
  -11.780554    -33.523546    0.0458818276
  -11.780554    -28.366078    0.0344902719
  -11.780554    -23.208609    0.0251439254
  -11.780554    -18.051140    0.0177619898
  -11.780554    -12.893672    0.0122806520
  -11.780554     -7.736203    0.0086525340
  -11.780554     -2.578734    0.0068462796
  -11.780554      2.578734    0.0068462796
  -11.780554      7.736203    0.0086525340
  -11.780554     12.893672    0.0122806520
  -11.780554     18.051140    0.0177619898
  -11.780554     23.208609    0.0251439254
  -11.780554     28.366078    0.0344902719
  -11.780554     33.523546    0.0458818276
  -11.780554     38.681015    0.0594170641

   -7.068333    -38.681015    0.0541355394
   -7.068333    -33.523546    0.0409052919
   -7.068333    -28.366078    0.0297693592
   -7.068333    -23.208609    0.0206320133
   -7.068333    -18.051140    0.0134146851
   -7.068333    -12.893672    0.0080553078
   -7.068333     -7.736203    0.0045077909
   -7.068333     -2.578734    0.0027416266
   -7.068333      2.578734    0.0027416266
   -7.068333      7.736203    0.0045077909
   -7.068333     12.893672    0.0080553078
   -7.068333     18.051140    0.0134146851
   -7.068333     23.208609    0.0206320133
   -7.068333     28.366078    0.0297693592
   -7.068333     33.523546    0.0409052919
   -7.068333     38.681015    0.0541355394

   -2.356111    -38.681015    0.0507223192
   -2.356111    -33.523546    0.0377986076
   -2.356111    -28.366078    0.0269197114
   -2.356111    -23.208609    0.0179926044
   -2.356111    -18.051140    0.0109409132
   -2.356111    -12.893672    0.0057042908
   -2.356111     -7.736203    0.0022379153
   -2.356111     -2.578734    0.0005121144
   -2.356111      2.578734    0.0005121144
   -2.356111      7.736203    0.0022379153
   -2.356111     12.893672    0.0057042908
   -2.356111     18.051140    0.0109409132
   -2.356111     23.208609    0.0179926044
   -2.356111     28.366078    0.0269197114
   -2.356111     33.523546    0.0377986076
   -2.356111     38.681015    0.0507223192

    2.356111    -38.681015    0.0495372194
    2.356111    -33.523546    0.0369233488
    2.356111    -28.366078    0.0263044245
    2.356111    -23.208609    0.0175900636
    2.356111    -18.051140    0.0107060489
    2.356111    -12.893672    0.0055937278
    2.356111     -7.736203    0.0022095316
    2.356111     -2.578734    0.0005246149
    2.356111      2.578734    0.0005246149
    2.356111      7.736203    0.0022095316
    2.356111     12.893672    0.0055937278
    2.356111     18.051140    0.0107060489
    2.356111     23.208609    0.0175900636
    2.356111     28.366078    0.0263044245
    2.356111     33.523546    0.0369233488
    2.356111     38.681015    0.0495372194

    7.068333    -38.681015    0.0510016426
    7.068333    -33.523546    0.0387030816
    7.068333    -28.366078    0.0283489244
    7.068333    -23.208609    0.0198513666
    7.068333    -18.051140    0.0131383058
    7.068333    -12.893672    0.0081527590
    7.068333     -7.736203    0.0048523963
    7.068333     -2.578734    0.0032091923
    7.068333      2.578734    0.0032091923
    7.068333      7.736203    0.0048523963
    7.068333     12.893672    0.0081527590
    7.068333     18.051140    0.0131383058
    7.068333     23.208609    0.0198513666
    7.068333     28.366078    0.0283489244
    7.068333     33.523546    0.0387030816
    7.068333     38.681015    0.0510016426

   11.780554    -38.681015    0.0556095900
   11.780554    -33.523546    0.0436345027
   11.780554    -28.366078    0.0335522129
   11.780554    -23.208609    0.0252774359
   11.780554    -18.051140    0.0187401446
   11.780554    -12.893672    0.0138850000
   11.780554     -7.736203    0.0106708964
   11.780554     -2.578734    0.0090706197
   11.780554      2.578734    0.0090706197
   11.780554      7.736203    0.0106708964
   11.780554     12.893672    0.0138850000
   11.780554     18.051140    0.0187401446
   11.780554     23.208609    0.0252774359
   11.780554     28.366078    0.0335522129
   11.780554     33.523546    0.0436345027
   11.780554     38.681015    0.0556095900

   16.492776    -38.681015    0.0639409908
   16.492776    -33.523546    0.0523009220
   16.492776    -28.366078    0.0425004853
   16.492776    -23.208609    0.0344568706
   16.492776    -18.051140    0.0281020913
   16.492776    -12.893672    0.0233824268
   16.492776     -7.736203    0.0202579771
   16.492776     -2.578734    0.0187023280
   16.492776      2.578734    0.0187023280
   16.492776      7.736203    0.0202579771
   16.492776     12.893672    0.0233824268
   16.492776     18.051140    0.0281020913
   16.492776     23.208609    0.0344568706
   16.492776     28.366078    0.0425004853
   16.492776     33.523546    0.0523009220
   16.492776     38.681015    0.0639409908

   21.204998    -38.681015    0.0766778824
   21.204998    -33.523546    0.0653886225
   21.204998    -28.366078    0.0558836510
   21.204998    -23.208609    0.0480826016
   21.204998    -18.051140    0.0419194984
   21.204998    -12.893672    0.0373422130
   21.204998     -7.736203    0.0343120293
   21.204998     -2.578734    0.0328033176
   21.204998      2.578734    0.0328033176
   21.204998      7.736203    0.0343120293
   21.204998     12.893672    0.0373422130
   21.204998     18.051140    0.0419194984
   21.204998     23.208609    0.0480826016
   21.204998     28.366078    0.0558836510
   21.204998     33.523546    0.0653886225
   21.204998     38.681015    0.0766778824

   25.917220    -38.681015    0.0946240427
   25.917220    -33.523546    0.0837067013
   25.917220    -28.366078    0.0745153614
   25.917220    -23.208609    0.0669720759
   25.917220    -18.051140    0.0610128519
   25.917220    -12.893672    0.0565871257
   25.917220     -7.736203    0.0536573420
   25.917220     -2.578734    0.0521986394
   25.917220      2.578734    0.0521986394
   25.917220      7.736203    0.0536573420
   25.917220     12.893672    0.0565871257
   25.917220     18.051140    0.0610128519
   25.917220     23.208609    0.0669720759
   25.917220     28.366078    0.0745153614
   25.917220     33.523546    0.0837067013
   25.917220     38.681015    0.0946240427

