  -25.746645    -48.827424    0.0756888359
  -25.746645    -42.317101    0.0712565725
  -25.746645    -35.806778    0.0675929295
  -25.746645    -29.296454    0.0646820026
  -25.746645    -22.786131    0.0625077083
  -25.746645    -16.275808    0.0610553415
  -25.746645     -9.765485    0.0603130034
  -25.746645     -3.255162    0.0602727601
  -25.746645      3.255162    0.0609314292
  -25.746645      9.765485    0.0622909240
  -25.746645     16.275808    0.0643581258
  -25.746645     22.786131    0.0671442842
  -25.746645     29.296454    0.0706639866
  -25.746645     35.806778    0.0749337696
  -25.746645     42.317101    0.0799704828
  -25.746645     48.827424    0.0857895505

  -21.065436    -48.827424    0.0556142968
  -21.065436    -42.317101    0.0505930983
  -21.065436    -35.806778    0.0463787778
  -21.065436    -29.296454    0.0429594553
  -21.065436    -22.786131    0.0403227050
  -21.065436    -16.275808    0.0384573728
  -21.065436     -9.765485    0.0373549304
  -21.065436     -3.255162    0.0370104406
  -21.065436      3.255162    0.0374231731
  -21.065436      9.765485    0.0385968841
  -21.065436     16.275808    0.0405397392
  -21.065436     22.786131    0.0432638301
  -21.065436     29.296454    0.0467842046
  -21.065436     35.806778    0.0511172992
  -21.065436     42.317101    0.0562786323
  -21.065436     48.827424    0.0622795864

  -16.384228    -48.827424    0.0415775202
  -16.384228    -42.317101    0.0361108610
  -16.384228    -35.806778    0.0314814202
  -16.384228    -29.296454    0.0276796461
  -16.384228    -22.786131    0.0246962200
  -16.384228    -16.275808    0.0225229508
  -16.384228     -9.765485    0.0211538555
  -16.384228     -3.255162    0.0205861509
  -16.384228      3.255162    0.0208209520
  -16.384228      9.765485    0.0218635427
  -16.384228     16.275808    0.0237231572
  -16.384228     22.786131    0.0264122767
  -16.384228     29.296454    0.0299455206
  -16.384228     35.806778    0.0343382809
  -16.384228     42.317101    0.0396053159
  -16.384228     48.827424    0.0457595950

  -11.703020    -48.827424    0.0324334820
  -11.703020    -42.317101    0.0266372587
  -11.703020    -35.806778    0.0217010892
  -11.703020    -29.296454    0.0176182945
  -11.703020    -22.786131    0.0143819530
  -11.703020    -16.275808    0.0119860025
  -11.703020     -9.765485    0.0104263830
  -11.703020     -3.255162    0.0097020027
  -11.703020      3.255162    0.0098153714
  -11.703020      9.765485    0.0107728004
  -11.703020     16.275808    0.0125841305
  -11.703020     22.786131    0.0152620061
  -11.703020     29.296454    0.0188207735
  -11.703020     35.806778    0.0232751400
  -11.703020     42.317101    0.0286387892
  -11.703020     48.827424    0.0349232074

   -7.021812    -48.827424    0.0272272755
   -7.021812    -42.317101    0.0211947535
   -7.021812    -35.806778    0.0160398548
   -7.021812    -29.296454    0.0117584711
   -7.021812    -22.786131    0.0083454996
   -7.021812    -16.275808    0.0057964683
   -7.021812     -9.765485    0.0041088049
   -7.021812     -3.255162    0.0032827328
   -7.021812      3.255162    0.0033217824
   -7.021812      9.765485    0.0042329130
   -7.021812     16.275808    0.0060262425
   -7.021812     22.786131    0.0087143884
   -7.021812     29.296454    0.0123114281
   -7.021812     35.806778    0.0168314917
   -7.021812     42.317101    0.0222870035
   -7.021812     48.827424    0.0286865967

   -2.340604    -48.827424    0.0251602696
   -2.340604    -42.317101    0.0189669475
   -2.340604    -35.806778    0.0136652744
   -2.340604    -29.296454    0.0092527283
   -2.340604    -22.786131    0.0057256147
   -2.340604    -16.275808    0.0030807620
   -2.340604     -9.765485    0.0013167659
   -2.340604     -3.255162    0.0004348208
   -2.340604      3.255162    0.0004391665
   -2.340604      9.765485    0.0013371665
   -2.340604     16.275808    0.0031390269
   -2.340604     22.786131    0.0058571496
   -2.340604     29.296454    0.0095051086
   -2.340604     35.806778    0.0140962230
   -2.340604     42.317101    0.0196416924
   -2.340604     48.827424    0.0261482501

    2.340604    -48.827424    0.0255624766
    2.340604    -42.317101    0.0192701505
    2.340604    -35.806778    0.0138807285
    2.340604    -29.296454    0.0093924884
    2.340604    -22.786131    0.0058028477
    2.340604    -16.275808    0.0031097137
    2.340604     -9.765485    0.0013125832
    2.340604     -3.255162    0.0004133347
    2.340604      3.255162    0.0004166690
    2.340604      9.765485    0.0013301740
    2.340604     16.275808    0.0031640034
    2.340604     22.786131    0.0059301752
    2.340604     29.296454    0.0096415136
    2.340604     35.806778    0.0143102720
    2.340604     42.317101    0.0199464932
    2.340604     48.827424    0.0265561767

    7.021812    -48.827424    0.0278701043
    7.021812    -42.317101    0.0215299045
    7.021812    -35.806778    0.0161013599
    7.021812    -29.296454    0.0115833749
    7.021812    -22.786131    0.0079742401
    7.021812    -16.275808    0.0052726894
    7.021812     -9.765485    0.0034788819
    7.021812     -3.255162    0.0025951645
    7.021812      3.255162    0.0026265076
    7.021812      9.765485    0.0035805532
    7.021812     16.275808    0.0054672512
    7.021812     22.786131    0.0082981037
    7.021812     29.296454    0.0120850774
    7.021812     35.806778    0.0168392867
    7.021812     42.317101    0.0225695888
    7.021812     48.827424    0.0292812768

   11.703020    -48.827424    0.0316073943
   11.703020    -42.317101    0.0252619072
   11.703020    -35.806778    0.0198346579
   11.703020    -29.296454    0.0153253539
   11.703020    -22.786131    0.0117329524
   11.703020    -16.275808    0.0090567545
   11.703020     -9.765485    0.0072973760
   11.703020     -3.255162    0.0064574721
   11.703020      3.255162    0.0065421302
   11.703020      9.765485    0.0075588808
   11.703020     16.275808    0.0095173125
   11.703020     22.786131    0.0124283121
   11.703020     29.296454    0.0163029890
   11.703020     35.806778    0.0211513767
   11.703020     42.317101    0.0269810406
   11.703020     48.827424    0.0337957601

   16.384228    -48.827424    0.0363719773
   16.384228    -42.317101    0.0300567586
   16.384228    -35.806778    0.0246648544
   16.384228    -29.296454    0.0201967390
   16.384228    -22.786131    0.0166518638
   16.384228    -16.275808    0.0140299142
   16.384228     -9.765485    0.0123318049
   16.384228     -3.255162    0.0115603612
   16.384228      3.255162    0.0117206526
   16.384228      9.765485    0.0128199630
   16.384228     16.275808    0.0148673976
   16.384228     22.786131    0.0178731443
   16.384228     29.296454    0.0218474266
   16.384228     35.806778    0.0267991999
   16.384228     42.317101    0.0327346610
   16.384228     48.827424    0.0396556591

   21.065436    -48.827424    0.0418231008
   21.065436    -42.317101    0.0355679303
   21.065436    -35.806778    0.0302404219
   21.065436    -29.296454    0.0258412958
   21.065436    -22.786131    0.0223703663
   21.065436    -16.275808    0.0198276351
   21.065436     -9.765485    0.0182142068
   21.065436     -3.255162    0.0175329374
   21.065436      3.255162    0.0177887524
   21.065436      9.765485    0.0189886014
   21.065436     16.275808    0.0211410428
   21.065436     22.786131    0.0242554822
   21.065436     29.296454    0.0283411155
   21.065436     35.806778    0.0334056562
   21.065436     42.317101    0.0394539543
   21.065436     48.827424    0.0464866444

   25.746645    -48.827424    0.0476722152
   25.746645    -42.317101    0.0415023387
   25.746645    -35.806778    0.0362640881
   25.746645    -29.296454    0.0319578662
   25.746645    -22.786131    0.0285837498
   25.746645    -16.275808    0.0261420215
   25.746645     -9.765485    0.0246338867
   25.746645     -3.255162    0.0240621062
   25.746645      3.255162    0.0244313521
   25.746645      9.765485    0.0257481755
   25.746645     16.275808    0.0280205465
   25.746645     22.786131    0.0312570085
   25.746645     29.296454    0.0354655642
   25.746645     35.806778    0.0406524882
   25.746645     42.317101    0.0468213375
   25.746645     48.827424    0.0539725107

   30.427853    -48.827424    0.0536755294
   30.427853    -42.317101    0.0476128823
   30.427853    -35.806778    0.0424849061
   30.427853    -29.296454    0.0382921191
   30.427853    -22.786131    0.0350347538
   30.427853    -16.275808    0.0327131888
   30.427853     -9.765485    0.0313286121
   30.427853     -3.255162    0.0308836232
   30.427853      3.255162    0.0313825713
   30.427853      9.765485    0.0328315040
   30.427853     16.275808    0.0352376896
   30.427853     22.786131    0.0386087567
   30.427853     29.296454    0.0429515798
   30.427853     35.806778    0.0482711216
   30.427853     42.317101    0.0545695285
   30.427853     48.827424    0.0618458573

   35.109061    -48.827424    0.0596282757
   35.109061    -42.317101    0.0536922791
   35.109061    -35.806778    0.0486920428
   35.109061    -29.296454    0.0446302138
   35.109061    -22.786131    0.0415070376
   35.109061    -16.275808    0.0393225475
   35.109061     -9.765485    0.0380777419
   35.109061     -3.255162    0.0377750852
   35.109061      3.255162    0.0384185822
   35.109061      9.765485    0.0400135871
   35.109061     16.275808    0.0425664225
   35.109061     22.786131    0.0460837961
   35.109061     29.296454    0.0505719136
   35.109061     35.806778    0.0560351032
   35.109061     42.317101    0.0624736746
   35.109061     48.827424    0.0698806539

   39.790269    -48.827424    0.0653605518
   39.790269    -42.317101    0.0595675243
   39.790269    -35.806778    0.0547100737
   39.790269    -29.296454    0.0507943522
   39.790269    -22.786131    0.0478204973
   39.790269    -16.275808    0.0457878771
   39.790269     -9.765485    0.0446971730
   39.790269     -3.255162    0.0445507217
   39.790269      3.255162    0.0453521528
   39.790269      9.765485    0.0471059751
   39.790269     16.275808    0.0498173798
   39.790269     22.786131    0.0534921441
   39.790269     29.296454    0.0581361350
   39.790269     35.806778    0.0637535278
   39.790269     42.317101    0.0703424699
   39.790269     48.827424    0.0778865361

   44.471477    -48.827424    0.0707347318
   44.471477    -42.317101    0.0650942626
   44.471477    -35.806778    0.0603956949
   44.471477    -29.296454    0.0566403750
   44.471477    -22.786131    0.0538285350
   44.471477    -16.275808    0.0519602435
   44.471477     -9.765485    0.0510361589
   44.471477     -3.255162    0.0510580176
   44.471477      3.255162    0.0520288134
   44.471477      9.765485    0.0539526483
   44.471477     16.275808    0.0568342595
   44.471477     22.786131    0.0606782503
   44.471477     29.296454    0.0654880776
   44.471477     35.806778    0.0712648727
   44.471477     42.317101    0.0780061941
   44.471477     48.827424    0.0857048395

