  -54.177403    -92.332122   -0.0007664420
  -54.177403    -80.021172   -0.0005958201
  -54.177403    -67.710222   -0.0004389511
  -54.177403    -55.399273   -0.0003007372
  -54.177403    -43.088323   -0.0001852637
  -54.177403    -30.777374   -0.0000957990
  -54.177403    -18.466424   -0.0000347940
  -54.177403     -6.155475   -0.0000038830
  -54.177403      6.155475   -0.0000038830
  -54.177403     18.466424   -0.0000347940
  -54.177403     30.777374   -0.0000957990
  -54.177403     43.088323   -0.0001852637
  -54.177403     55.399273   -0.0003007372
  -54.177403     67.710222   -0.0004389511
  -54.177403     80.021172   -0.0005958201
  -54.177403     92.332122   -0.0007664420

  -46.953749    -92.332122   -0.0005301087
  -46.953749    -80.021172   -0.0004124680
  -46.953749    -67.710222   -0.0003040915
  -46.953749    -55.399273   -0.0002084601
  -46.953749    -43.088323   -0.0001284743
  -46.953749    -30.777374   -0.0000664545
  -46.953749    -18.466424   -0.0000241412
  -46.953749     -6.155475   -0.0000026944
  -46.953749      6.155475   -0.0000026944
  -46.953749     18.466424   -0.0000241412
  -46.953749     30.777374   -0.0000664545
  -46.953749     43.088323   -0.0001284743
  -46.953749     55.399273   -0.0002084601
  -46.953749     67.710222   -0.0003040915
  -46.953749     80.021172   -0.0004124680
  -46.953749     92.332122   -0.0005301087

  -39.730095    -92.332122   -0.0003515766
  -39.730095    -80.021172   -0.0002738017
  -39.730095    -67.710222   -0.0002020060
  -39.730095    -55.399273   -0.0001385577
  -39.730095    -43.088323   -0.0000854307
  -39.730095    -30.777374   -0.0000442039
  -39.730095    -18.466424   -0.0000160614
  -39.730095     -6.155475   -0.0000017928
  -39.730095      6.155475   -0.0000017928
  -39.730095     18.466424   -0.0000160614
  -39.730095     30.777374   -0.0000442039
  -39.730095     43.088323   -0.0000854307
  -39.730095     55.399273   -0.0001385577
  -39.730095     67.710222   -0.0002020060
  -39.730095     80.021172   -0.0002738017
  -39.730095     92.332122   -0.0003515766

  -32.506442    -92.332122   -0.0002197505
  -32.506442    -80.021172   -0.0001712863
  -32.506442    -67.710222   -0.0001264597
  -32.506442    -55.399273   -0.0000867874
  -32.506442    -43.088323   -0.0000535331
  -32.506442    -30.777374   -0.0000277077
  -32.506442    -18.466424   -0.0000100696
  -32.506442     -6.155475   -0.0000011241
  -32.506442      6.155475   -0.0000011241
  -32.506442     18.466424   -0.0000100696
  -32.506442     30.777374   -0.0000277077
  -32.506442     43.088323   -0.0000535331
  -32.506442     55.399273   -0.0000867874
  -32.506442     67.710222   -0.0001264597
  -32.506442     80.021172   -0.0001712863
  -32.506442     92.332122   -0.0002197505

  -25.282788    -92.332122   -0.0001253847
  -25.282788    -80.021172   -0.0000978090
  -25.282788    -67.710222   -0.0000722573
  -25.282788    -55.399273   -0.0000496137
  -25.282788    -43.088323   -0.0000306149
  -25.282788    -30.777374   -0.0000158500
  -25.282788    -18.466424   -0.0000057613
  -25.282788     -6.155475   -0.0000006432
  -25.282788      6.155475   -0.0000006432
  -25.282788     18.466424   -0.0000057613
  -25.282788     30.777374   -0.0000158500
  -25.282788     43.088323   -0.0000306149
  -25.282788     55.399273   -0.0000496137
  -25.282788     67.710222   -0.0000722573
  -25.282788     80.021172   -0.0000978090
  -25.282788     92.332122   -0.0001253847

  -18.059134    -92.332122   -0.0000610825
  -18.059134    -80.021172   -0.0000476799
  -18.059134    -67.710222   -0.0000352424
  -18.059134    -55.399273   -0.0000242083
  -18.059134    -43.088323   -0.0000149428
  -18.059134    -30.777374   -0.0000077380
  -18.059134    -18.466424   -0.0000028131
  -18.059134     -6.155475   -0.0000003141
  -18.059134      6.155475   -0.0000003141
  -18.059134     18.466424   -0.0000028131
  -18.059134     30.777374   -0.0000077380
  -18.059134     43.088323   -0.0000149428
  -18.059134     55.399273   -0.0000242083
  -18.059134     67.710222   -0.0000352424
  -18.059134     80.021172   -0.0000476799
  -18.059134     92.332122   -0.0000610825

  -10.835481    -92.332122   -0.0000212962
  -10.835481    -80.021172   -0.0000166313
  -10.835481    -67.710222   -0.0000122976
  -10.835481    -55.399273   -0.0000084498
  -10.835481    -43.088323   -0.0000052169
  -10.835481    -30.777374   -0.0000027020
  -10.835481    -18.466424   -0.0000009824
  -10.835481     -6.155475   -0.0000001097
  -10.835481      6.155475   -0.0000001097
  -10.835481     18.466424   -0.0000009824
  -10.835481     30.777374   -0.0000027020
  -10.835481     43.088323   -0.0000052169
  -10.835481     55.399273   -0.0000084498
  -10.835481     67.710222   -0.0000122976
  -10.835481     80.021172   -0.0000166313
  -10.835481     92.332122   -0.0000212962

   -3.611827    -92.332122   -0.0000023277
   -3.611827    -80.021172   -0.0000018183
   -3.611827    -67.710222   -0.0000013448
   -3.611827    -55.399273   -0.0000009241
   -3.611827    -43.088323   -0.0000005706
   -3.611827    -30.777374   -0.0000002956
   -3.611827    -18.466424   -0.0000001075
   -3.611827     -6.155475   -0.0000000120
   -3.611827      6.155475   -0.0000000120
   -3.611827     18.466424   -0.0000001075
   -3.611827     30.777374   -0.0000002956
   -3.611827     43.088323   -0.0000005706
   -3.611827     55.399273   -0.0000009241
   -3.611827     67.710222   -0.0000013448
   -3.611827     80.021172   -0.0000018183
   -3.611827     92.332122   -0.0000023277

    3.611827    -92.332122   -0.0000023277
    3.611827    -80.021172   -0.0000018183
    3.611827    -67.710222   -0.0000013448
    3.611827    -55.399273   -0.0000009241
    3.611827    -43.088323   -0.0000005706
    3.611827    -30.777374   -0.0000002956
    3.611827    -18.466424   -0.0000001075
    3.611827     -6.155475   -0.0000000120
    3.611827      6.155475   -0.0000000120
    3.611827     18.466424   -0.0000001075
    3.611827     30.777374   -0.0000002956
    3.611827     43.088323   -0.0000005706
    3.611827     55.399273   -0.0000009241
    3.611827     67.710222   -0.0000013448
    3.611827     80.021172   -0.0000018183
    3.611827     92.332122   -0.0000023277

   10.835481    -92.332122   -0.0000212962
   10.835481    -80.021172   -0.0000166313
   10.835481    -67.710222   -0.0000122976
   10.835481    -55.399273   -0.0000084498
   10.835481    -43.088323   -0.0000052169
   10.835481    -30.777374   -0.0000027020
   10.835481    -18.466424   -0.0000009824
   10.835481     -6.155475   -0.0000001097
   10.835481      6.155475   -0.0000001097
   10.835481     18.466424   -0.0000009824
   10.835481     30.777374   -0.0000027020
   10.835481     43.088323   -0.0000052169
   10.835481     55.399273   -0.0000084498
   10.835481     67.710222   -0.0000122976
   10.835481     80.021172   -0.0000166313
   10.835481     92.332122   -0.0000212962

   18.059134    -92.332122   -0.0000610825
   18.059134    -80.021172   -0.0000476799
   18.059134    -67.710222   -0.0000352424
   18.059134    -55.399273   -0.0000242083
   18.059134    -43.088323   -0.0000149428
   18.059134    -30.777374   -0.0000077380
   18.059134    -18.466424   -0.0000028131
   18.059134     -6.155475   -0.0000003141
   18.059134      6.155475   -0.0000003141
   18.059134     18.466424   -0.0000028131
   18.059134     30.777374   -0.0000077380
   18.059134     43.088323   -0.0000149428
   18.059134     55.399273   -0.0000242083
   18.059134     67.710222   -0.0000352424
   18.059134     80.021172   -0.0000476799
   18.059134     92.332122   -0.0000610825

   25.282788    -92.332122   -0.0001253847
   25.282788    -80.021172   -0.0000978090
   25.282788    -67.710222   -0.0000722573
   25.282788    -55.399273   -0.0000496137
   25.282788    -43.088323   -0.0000306149
   25.282788    -30.777374   -0.0000158500
   25.282788    -18.466424   -0.0000057613
   25.282788     -6.155475   -0.0000006432
   25.282788      6.155475   -0.0000006432
   25.282788     18.466424   -0.0000057613
   25.282788     30.777374   -0.0000158500
   25.282788     43.088323   -0.0000306149
   25.282788     55.399273   -0.0000496137
   25.282788     67.710222   -0.0000722573
   25.282788     80.021172   -0.0000978090
   25.282788     92.332122   -0.0001253847

   32.506442    -92.332122   -0.0002197505
   32.506442    -80.021172   -0.0001712863
   32.506442    -67.710222   -0.0001264597
   32.506442    -55.399273   -0.0000867874
   32.506442    -43.088323   -0.0000535331
   32.506442    -30.777374   -0.0000277077
   32.506442    -18.466424   -0.0000100696
   32.506442     -6.155475   -0.0000011241
   32.506442      6.155475   -0.0000011241
   32.506442     18.466424   -0.0000100696
   32.506442     30.777374   -0.0000277077
   32.506442     43.088323   -0.0000535331
   32.506442     55.399273   -0.0000867874
   32.506442     67.710222   -0.0001264597
   32.506442     80.021172   -0.0001712863
   32.506442     92.332122   -0.0002197505

   39.730095    -92.332122   -0.0003515766
   39.730095    -80.021172   -0.0002738017
   39.730095    -67.710222   -0.0002020060
   39.730095    -55.399273   -0.0001385577
   39.730095    -43.088323   -0.0000854307
   39.730095    -30.777374   -0.0000442039
   39.730095    -18.466424   -0.0000160614
   39.730095     -6.155475   -0.0000017928
   39.730095      6.155475   -0.0000017928
   39.730095     18.466424   -0.0000160614
   39.730095     30.777374   -0.0000442039
   39.730095     43.088323   -0.0000854307
   39.730095     55.399273   -0.0001385577
   39.730095     67.710222   -0.0002020060
   39.730095     80.021172   -0.0002738017
   39.730095     92.332122   -0.0003515766

   46.953749    -92.332122   -0.0005301087
   46.953749    -80.021172   -0.0004124680
   46.953749    -67.710222   -0.0003040915
   46.953749    -55.399273   -0.0002084601
   46.953749    -43.088323   -0.0001284743
   46.953749    -30.777374   -0.0000664545
   46.953749    -18.466424   -0.0000241412
   46.953749     -6.155475   -0.0000026944
   46.953749      6.155475   -0.0000026944
   46.953749     18.466424   -0.0000241412
   46.953749     30.777374   -0.0000664545
   46.953749     43.088323   -0.0001284743
   46.953749     55.399273   -0.0002084601
   46.953749     67.710222   -0.0003040915
   46.953749     80.021172   -0.0004124680
   46.953749     92.332122   -0.0005301087

   54.177403    -92.332122   -0.0007664420
   54.177403    -80.021172   -0.0005958201
   54.177403    -67.710222   -0.0004389511
   54.177403    -55.399273   -0.0003007372
   54.177403    -43.088323   -0.0001852637
   54.177403    -30.777374   -0.0000957990
   54.177403    -18.466424   -0.0000347940
   54.177403     -6.155475   -0.0000038830
   54.177403      6.155475   -0.0000038830
   54.177403     18.466424   -0.0000347940
   54.177403     30.777374   -0.0000957990
   54.177403     43.088323   -0.0001852637
   54.177403     55.399273   -0.0003007372
   54.177403     67.710222   -0.0004389511
   54.177403     80.021172   -0.0005958201
   54.177403     92.332122   -0.0007664420

