  -48.827424    -61.469935    0.0430486333
  -48.827424    -53.273944    0.0385814237
  -48.827424    -45.077952    0.0347510310
  -48.827424    -36.881961    0.0315581384
  -48.827424    -28.685970    0.0290032672
  -48.827424    -20.489978    0.0270868036
  -48.827424    -12.293987    0.0258090186
  -48.827424     -4.097996    0.0251700844
  -48.827424      4.097996    0.0251700844
  -48.827424     12.293987    0.0258090186
  -48.827424     20.489978    0.0270868036
  -48.827424     28.685970    0.0290032672
  -48.827424     36.881961    0.0315581384
  -48.827424     45.077952    0.0347510310
  -48.827424     53.273944    0.0385814237
  -48.827424     61.469935    0.0430486333

  -42.317101    -61.469935    0.0367178556
  -42.317101    -53.273944    0.0322667591
  -42.317101    -45.077952    0.0284523063
  -42.317101    -36.881961    0.0252741980
  -42.317101    -28.685970    0.0227321368
  -42.317101    -20.489978    0.0208258537
  -42.317101    -12.293987    0.0195551287
  -42.317101     -4.097996    0.0189198064
  -42.317101      4.097996    0.0189198064
  -42.317101     12.293987    0.0195551287
  -42.317101     20.489978    0.0208258537
  -42.317101     28.685970    0.0227321368
  -42.317101     36.881961    0.0252741980
  -42.317101     45.077952    0.0284523063
  -42.317101     53.273944    0.0322667591
  -42.317101     61.469935    0.0367178556

  -35.806778    -61.469935    0.0312871412
  -35.806778    -53.273944    0.0268515785
  -35.806778    -45.077952    0.0230525516
  -35.806778    -36.881961    0.0198887867
  -35.806778    -28.685970    0.0173591747
  -35.806778    -20.489978    0.0154627969
  -35.806778    -12.293987    0.0141989460
  -35.806778     -4.097996    0.0135671419
  -35.806778      4.097996    0.0135671419
  -35.806778     12.293987    0.0141989460
  -35.806778     20.489978    0.0154627969
  -35.806778     28.685970    0.0173591747
  -35.806778     36.881961    0.0198887867
  -35.806778     45.077952    0.0230525516
  -35.806778     53.273944    0.0268515785
  -35.806778     61.469935    0.0312871412

  -29.296454    -61.469935    0.0267567475
  -29.296454    -53.273944    0.0223356228
  -29.296454    -45.077952    0.0185510329
  -29.296454    -36.881961    0.0154007526
  -29.296454    -28.685970    0.0128828797
  -29.296454    -20.489978    0.0109958614
  -29.296454    -12.293987    0.0097385144
  -29.296454     -4.097996    0.0091100416
  -29.296454      4.097996    0.0091100416
  -29.296454     12.293987    0.0097385144
  -29.296454     20.489978    0.0109958614
  -29.296454     28.685970    0.0128828797
  -29.296454     36.881961    0.0154007526
  -29.296454     45.077952    0.0185510329
  -29.296454     53.273944    0.0223356228
  -29.296454     61.469935    0.0267567475

  -22.786131    -61.469935    0.0231256144
  -22.786131    -53.273944    0.0187173767
  -22.786131    -45.077952    0.0149458165
  -22.786131    -36.881961    0.0118077928
  -22.786131    -28.685970    0.0093006408
  -22.786131    -20.489978    0.0074221971
  -22.786131    -12.293987    0.0061708209
  -22.786131     -4.097996    0.0055454098
  -22.786131      4.097996    0.0055454098
  -22.786131     12.293987    0.0061708209
  -22.786131     20.489978    0.0074221971
  -22.786131     28.685970    0.0093006408
  -22.786131     36.881961    0.0118077928
  -22.786131     45.077952    0.0149458165
  -22.786131     53.273944    0.0187173767
  -22.786131     61.469935    0.0231256144

  -16.275808    -61.469935    0.0203929125
  -16.275808    -53.273944    0.0159956174
  -16.275808    -45.077952    0.0122353167
  -16.275808    -36.881961    0.0091080018
  -16.275808    -28.685970    0.0066102846
  -16.275808    -20.489978    0.0047394232
  -16.275808    -12.293987    0.0034933430
  -16.275808     -4.097996    0.0028706521
  -16.275808      4.097996    0.0028706521
  -16.275808     12.293987    0.0034933430
  -16.275808     20.489978    0.0047394232
  -16.275808     28.685970    0.0066102846
  -16.275808     36.881961    0.0091080018
  -16.275808     45.077952    0.0122353167
  -16.275808     53.273944    0.0159956174
  -16.275808     61.469935    0.0203929125

   -9.765485    -61.469935    0.0185592213
   -9.765485    -53.273944    0.0141705920
   -9.765485    -45.077952    0.0104194741
   -9.765485    -36.881961    0.0073010491
   -9.765485    -28.685970    0.0048112537
   -9.765485    -20.489978    0.0029468062
   -9.765485    -12.293987    0.0017052269
   -9.765485     -4.097996    0.0010848540
   -9.765485      4.097996    0.0010848540
   -9.765485     12.293987    0.0017052269
   -9.765485     20.489978    0.0029468062
   -9.765485     28.685970    0.0048112537
   -9.765485     36.881961    0.0073010491
   -9.765485     45.077952    0.0104194741
   -9.765485     53.273944    0.0141705920
   -9.765485     61.469935    0.0185592213

   -3.255162    -61.469935    0.0176273378
   -3.255162    -53.273944    0.0132448270
   -3.255162    -45.077952    0.0095005646
   -3.255162    -36.881961    0.0063889886
   -3.255162    -28.685970    0.0039054160
   -3.255162    -20.489978    0.0020460693
   -3.255162    -12.293987    0.0008080971
   -3.255162     -4.097996    0.0001895897
   -3.255162      4.097996    0.0001895897
   -3.255162     12.293987    0.0008080971
   -3.255162     20.489978    0.0020460693
   -3.255162     28.685970    0.0039054160
   -3.255162     36.881961    0.0063889886
   -3.255162     45.077952    0.0095005646
   -3.255162     53.273944    0.0132448270
   -3.255162     61.469935    0.0176273378

    3.255162    -61.469935    0.0176027164
    3.255162    -53.273944    0.0132235676
    3.255162    -45.077952    0.0094836388
    3.255162    -36.881961    0.0063766979
    3.255162    -28.685970    0.0038975035
    3.255162    -20.489978    0.0020418314
    3.255162    -12.293987    0.0008064950
    3.255162     -4.097996    0.0001893614
    3.255162      4.097996    0.0001893614
    3.255162     12.293987    0.0008064950
    3.255162     20.489978    0.0020418314
    3.255162     28.685970    0.0038975035
    3.255162     36.881961    0.0063766979
    3.255162     45.077952    0.0094836388
    3.255162     53.273944    0.0132235676
    3.255162     61.469935    0.0176027164

    9.765485    -61.469935    0.0184935387
    9.765485    -53.273944    0.0141148478
    9.765485    -45.077952    0.0103765922
    9.765485    -36.881961    0.0072719487
    9.765485    -28.685970    0.0047951833
    9.765485    -20.489978    0.0029416777
    9.765485    -12.293987    0.0017079499
    9.765485     -4.097996    0.0010916698
    9.765485      4.097996    0.0010916698
    9.765485     12.293987    0.0017079499
    9.765485     20.489978    0.0029416777
    9.765485     28.685970    0.0047951833
    9.765485     36.881961    0.0072719487
    9.765485     45.077952    0.0103765922
    9.765485     53.273944    0.0141148478
    9.765485     61.469935    0.0184935387

   16.275808    -61.469935    0.0203104146
   16.275808    -53.273944    0.0159291912
   16.275808    -45.077952    0.0121898658
   16.275808    -36.881961    0.0090851070
   16.275808    -28.685970    0.0066087574
   16.275808    -20.489978    0.0047558601
   16.275808    -12.293987    0.0035226789
   16.275808     -4.097996    0.0029067144
   16.275808      4.097996    0.0029067144
   16.275808     12.293987    0.0035226789
   16.275808     20.489978    0.0047558601
   16.275808     28.685970    0.0066087574
   16.275808     36.881961    0.0090851070
   16.275808     45.077952    0.0121898658
   16.275808     53.273944    0.0159291912
   16.275808     61.469935    0.0203104146

   22.786131    -61.469935    0.0230657131
   22.786131    -53.273944    0.0186789423
   22.786131    -45.077952    0.0149357775
   22.786131    -36.881961    0.0118284648
   22.786131    -28.685970    0.0093504947
   22.786131    -20.489978    0.0074966285
   22.786131    -12.293987    0.0062629187
   22.786131     -4.097996    0.0056467253
   22.786131      4.097996    0.0056467253
   22.786131     12.293987    0.0062629187
   22.786131     20.489978    0.0074966285
   22.786131     28.685970    0.0093504947
   22.786131     36.881961    0.0118284648
   22.786131     45.077952    0.0149357775
   22.786131     53.273944    0.0186789423
   22.786131     61.469935    0.0230657131

   29.296454    -61.469935    0.0267725245
   29.296454    -53.273944    0.0223772281
   29.296454    -45.077952    0.0186274838
   29.296454    -36.881961    0.0155152018
   29.296454    -28.685970    0.0130335924
   29.296454    -20.489978    0.0111771928
   29.296454    -12.293987    0.0099418875
   29.296454     -4.097996    0.0093249242
   29.296454      4.097996    0.0093249242
   29.296454     12.293987    0.0099418875
   29.296454     20.489978    0.0111771928
   29.296454     28.685970    0.0130335924
   29.296454     36.881961    0.0155152018
   29.296454     45.077952    0.0186274838
   29.296454     53.273944    0.0223772281
   29.296454     61.469935    0.0267725245

   35.806778    -61.469935    0.0314432529
   35.806778    -53.273944    0.0270365508
   35.806778    -45.077952    0.0232775726
   35.806778    -36.881961    0.0201579779
   35.806778    -28.685970    0.0176707687
   35.806778    -20.489978    0.0158103153
   35.806778    -12.293987    0.0145723769
   35.806778     -4.097996    0.0139541180
   35.806778      4.097996    0.0139541180
   35.806778     12.293987    0.0145723769
   35.806778     20.489978    0.0158103153
   35.806778     28.685970    0.0176707687
   35.806778     36.881961    0.0201579779
   35.806778     45.077952    0.0232775726
   35.806778     53.273944    0.0270365508
   35.806778     61.469935    0.0314432529

   42.317101    -61.469935    0.0370878387
   42.317101    -53.273944    0.0326670108
   42.317101    -45.077952    0.0288962856
   42.317101    -36.881961    0.0257671563
   42.317101    -28.685970    0.0232724858
   42.317101    -20.489978    0.0214065336
   42.317101    -12.293987    0.0201649757
   42.317101     -4.097996    0.0195449208
   42.317101      4.097996    0.0195449208
   42.317101     12.293987    0.0201649757
   42.317101     20.489978    0.0214065336
   42.317101     28.685970    0.0232724858
   42.317101     36.881961    0.0257671563
   42.317101     45.077952    0.0288962856
   42.317101     53.273944    0.0326670108
   42.317101     61.469935    0.0370878387

   48.827424    -61.469935    0.0437116130
   48.827424    -53.273944    0.0392741604
   48.827424    -45.077952    0.0354893728
   48.827424    -36.881961    0.0323486568
   48.827424    -28.685970    0.0298448035
   48.827424    -20.489978    0.0279720145
   48.827424    -12.293987    0.0267259227
   48.827424     -4.097996    0.0261036082
   48.827424      4.097996    0.0261036082
   48.827424     12.293987    0.0267259227
   48.827424     20.489978    0.0279720145
   48.827424     28.685970    0.0298448035
   48.827424     36.881961    0.0323486568
   48.827424     45.077952    0.0354893728
   48.827424     53.273944    0.0392741604
   48.827424     61.469935    0.0437116130

