  -44.766107   -119.276109    0.0003512784
  -44.766107   -103.372628    0.0003179304
  -44.766107    -87.469147    0.0002761770
  -44.766107    -71.565666    0.0002274736
  -44.766107    -55.662184    0.0001744930
  -44.766107    -39.758703    0.0001203237
  -44.766107    -23.855222    0.0000680929
  -44.766107     -7.951741    0.0000208391
  -44.766107      7.951741   -0.0000185008
  -44.766107     23.855222   -0.0000470853
  -44.766107     39.758703   -0.0000621949
  -44.766107     55.662184   -0.0000613059
  -44.766107     71.565666   -0.0000421823
  -44.766107     87.469147   -0.0000029167
  -44.766107    103.372628    0.0000581881
  -44.766107    119.276109    0.0001430492

  -40.053885   -119.276109    0.0004145416
  -40.053885   -103.372628    0.0003536188
  -40.053885    -87.469147    0.0002898457
  -40.053885    -71.565666    0.0002256881
  -40.053885    -55.662184    0.0001636219
  -40.053885    -39.758703    0.0001061926
  -40.053885    -23.855222    0.0000560032
  -40.053885     -7.951741    0.0000156669
  -40.053885      7.951741   -0.0000122458
  -40.053885     23.855222   -0.0000252539
  -40.053885     39.758703   -0.0000210013
  -40.053885     55.662184    0.0000027095
  -40.053885     71.565666    0.0000478633
  -40.053885     87.469147    0.0001161278
  -40.053885    103.372628    0.0002086513
  -40.053885    119.276109    0.0003257083

  -35.341663   -119.276109    0.0004759309
  -35.341663   -103.372628    0.0003894167
  -35.341663    -87.469147    0.0003065486
  -35.341663    -71.565666    0.0002286002
  -35.341663    -55.662184    0.0001577195
  -35.341663    -39.758703    0.0000963320
  -35.341663    -23.855222    0.0000468555
  -35.341663     -7.951741    0.0000116025
  -35.341663      7.951741   -0.0000072319
  -35.341663     23.855222   -0.0000075625
  -35.341663     39.758703    0.0000125692
  -35.341663     55.662184    0.0000549419
  -35.341663     71.565666    0.0001210818
  -35.341663     87.469147    0.0002122124
  -35.341663    103.372628    0.0003293018
  -35.341663    119.276109    0.0004733071

  -30.629441   -119.276109    0.0005284642
  -30.629441   -103.372628    0.0004210143
  -30.629441    -87.469147    0.0003219143
  -30.629441    -71.565666    0.0002322403
  -30.629441    -55.662184    0.0001539203
  -30.629441    -39.758703    0.0000891270
  -30.629441    -23.855222    0.0000399945
  -30.629441     -7.951741    0.0000085244
  -30.629441      7.951741   -0.0000034202
  -30.629441     23.855222    0.0000058954
  -30.629441     39.758703    0.0000380640
  -30.629441     55.662184    0.0000944895
  -30.629441     71.565666    0.0001763308
  -30.629441     87.469147    0.0002844866
  -30.629441    103.372628    0.0004197088
  -30.629441    119.276109    0.0005829582

  -25.917220   -119.276109    0.0005646204
  -25.917220   -103.372628    0.0004422069
  -25.917220    -87.469147    0.0003312727
  -25.917220    -71.565666    0.0002332837
  -25.917220    -55.662184    0.0001499929
  -25.917220    -39.758703    0.0000832232
  -25.917220    -23.855222    0.0000347524
  -25.917220     -7.951741    0.0000062609
  -25.917220      7.951741   -0.0000006914
  -25.917220     23.855222    0.0000153196
  -25.917220     39.758703    0.0000555631
  -25.917220     55.662184    0.0001211271
  -25.917220     71.565666    0.0002128929
  -25.917220     87.469147    0.0003315270
  -25.917220    103.372628    0.0004775182
  -25.917220    119.276109    0.0006512955

  -21.204998   -119.276109    0.0005758226
  -21.204998   -103.372628    0.0004458966
  -21.204998    -87.469147    0.0003294799
  -21.204998    -71.565666    0.0002282097
  -21.204998    -55.662184    0.0001436255
  -21.204998    -39.758703    0.0000772175
  -21.204998    -23.855222    0.0000304280
  -21.204998     -7.951741    0.0000046280
  -21.204998      7.951741    0.0000010849
  -21.204998     23.855222    0.0000209327
  -21.204998     39.758703    0.0000651506
  -21.204998     55.662184    0.0001345511
  -21.204998     71.565666    0.0002297745
  -21.204998     87.469147    0.0003512794
  -21.204998    103.372628    0.0004993164
  -21.204998    119.276109    0.0006738649

  -16.492776   -119.276109    0.0005520318
  -16.492776   -103.372628    0.0004241860
  -16.492776    -87.469147    0.0003106800
  -16.492776    -71.565666    0.0002128994
  -16.492776    -55.662184    0.0001321096
  -16.492776    -39.758703    0.0000695144
  -16.492776    -23.855222    0.0000262650
  -16.492776     -7.951741    0.0000034412
  -16.492776      7.951741    0.0000020235
  -16.492776     23.855222    0.0000228673
  -16.492776     39.758703    0.0000666864
  -16.492776     55.662184    0.0001340468
  -16.492776     71.565666    0.0002253655
  -16.492776     87.469147    0.0003409033
  -16.492776    103.372628    0.0004807375
  -16.492776    119.276109    0.0006446906

  -11.780554   -119.276109    0.0004813737
  -11.780554   -103.372628    0.0003679961
  -11.780554    -87.469147    0.0002680370
  -11.780554    -71.565666    0.0001824676
  -11.780554    -55.662184    0.0001122390
  -11.780554    -39.758703    0.0000582708
  -11.780554    -23.855222    0.0000214311
  -11.780554     -7.951741    0.0000025143
  -11.780554      7.951741    0.0000022207
  -11.780554     23.855222    0.0000211408
  -11.780554     39.758703    0.0000597467
  -11.780554     55.662184    0.0001183882
  -11.780554     71.565666    0.0001972924
  -11.780554     87.469147    0.0002965617
  -11.780554    103.372628    0.0004161654
  -11.780554    119.276109    0.0005559153

   -7.068333   -119.276109    0.0003497238
   -7.068333   -103.372628    0.0002665142
   -7.068333    -87.469147    0.0001934502
   -7.068333    -71.565666    0.0001311674
   -7.068333    -55.662184    0.0000802780
   -7.068333    -39.758703    0.0000413706
   -7.068333    -23.855222    0.0000149962
   -7.068333     -7.951741    0.0000016508
   -7.068333      7.951741    0.0000017597
   -7.068333     23.855222    0.0000156665
   -7.068333     39.758703    0.0000436289
   -7.068333     55.662184    0.0000858203
   -7.068333     71.565666    0.0001423330
   -7.068333     87.469147    0.0002131786
   -7.068333    103.372628    0.0002982773
   -7.068333    119.276109    0.0003974260

   -2.356111   -119.276109    0.0001401838
   -2.356111   -103.372628    0.0001066527
   -2.356111    -87.469147    0.0000772468
   -2.356111    -71.565666    0.0000522528
   -2.356111    -55.662184    0.0000318979
   -2.356111    -39.758703    0.0000163862
   -2.356111    -23.855222    0.0000059082
   -2.356111     -7.951741    0.0000006366
   -2.356111      7.951741    0.0000007171
   -2.356111     23.855222    0.0000062621
   -2.356111     39.758703    0.0000173483
   -2.356111     55.662184    0.0000340207
   -2.356111     71.565666    0.0000562969
   -2.356111     87.469147    0.0000841665
   -2.356111    103.372628    0.0001175761
   -2.356111    119.276109    0.0001563848

    2.356111   -119.276109   -0.0001676100
    2.356111   -103.372628   -0.0001274267
    2.356111    -87.469147   -0.0000921755
    2.356111    -71.565666   -0.0000622724
    2.356111    -55.662184   -0.0000379780
    2.356111    -39.758703   -0.0000195014
    2.356111    -23.855222   -0.0000070370
    2.356111     -7.951741   -0.0000007649
    2.356111      7.951741   -0.0000008371
    2.356111     23.855222   -0.0000073649
    2.356111     39.758703   -0.0000204164
    2.356111     55.662184   -0.0000400234
    2.356111     71.565666   -0.0000661910
    2.356111     87.469147   -0.0000988957
    2.356111    103.372628   -0.0001380492
    2.356111    119.276109   -0.0001833993

    7.068333   -119.276109   -0.0005984010
    7.068333   -103.372628   -0.0004547944
    7.068333    -87.469147   -0.0003288015
    7.068333    -71.565666   -0.0002220491
    7.068333    -55.662184   -0.0001354388
    7.068333    -39.758703   -0.0000696325
    7.068333    -23.855222   -0.0000252362
    7.068333     -7.951741   -0.0000028157
    7.068333      7.951741   -0.0000028461
    7.068333     23.855222   -0.0000256612
    7.068333     39.758703   -0.0000714413
    7.068333     55.662184   -0.0001402412
    7.068333     71.565666   -0.0002320287
    7.068333     87.469147   -0.0003466738
    7.068333    103.372628   -0.0004837922
    7.068333    119.276109   -0.0006423166

   11.780554   -119.276109   -0.0011824945
   11.780554   -103.372628   -0.0008984369
   11.780554    -87.469147   -0.0006496135
   11.780554    -71.565666   -0.0004388797
   11.780554    -55.662184   -0.0002679339
   11.780554    -39.758703   -0.0001380452
   11.780554    -23.855222   -0.0000503348
   11.780554     -7.951741   -0.0000058065
   11.780554      7.951741   -0.0000052752
   11.780554     23.855222   -0.0000492925
   11.780554     39.758703   -0.0001381238
   11.780554     55.662184   -0.0002717838
   11.780554     71.565666   -0.0004500888
   11.780554     87.469147   -0.0006726389
   11.780554    103.372628   -0.0009385939
   11.780554    119.276109   -0.0012460623

   16.492776   -119.276109   -0.0019572505
   16.492776   -103.372628   -0.0014864642
   16.492776    -87.469147   -0.0010754553
   16.492776    -71.565666   -0.0007273101
   16.492776    -55.662184   -0.0004446387
   16.492776    -39.758703   -0.0002296746
   16.492776    -23.855222   -0.0000843060
   16.492776     -7.951741   -0.0000100680
   16.492776      7.951741   -0.0000081171
   16.492776     23.855222   -0.0000792029
   16.492776     39.758703   -0.0002236490
   16.492776     55.662184   -0.0004413436
   16.492776     71.565666   -0.0007317404
   16.492776     87.469147   -0.0010938585
   16.492776    103.372628   -0.0015262676
   16.492776    119.276109   -0.0020270380

   21.204998   -119.276109   -0.0029689179
   21.204998   -103.372628   -0.0022542904
   21.204998    -87.469147   -0.0016322497
   21.204998    -71.565666   -0.0011051681
   21.204998    -55.662184   -0.0006767284
   21.204998    -39.758703   -0.0003505384
   21.204998    -23.855222   -0.0001295605
   21.204998     -7.951741   -0.0000159993
   21.204998      7.951741   -0.0000113790
   21.204998     23.855222   -0.0001166286
   21.204998     39.758703   -0.0003320807
   21.204998     55.662184   -0.0006573769
   21.204998     71.565666   -0.0010913598
   21.204998     87.469147   -0.0016321205
   21.204998    103.372628   -0.0022774539
   21.204998    119.276109   -0.0030260673

   25.917220   -119.276109   -0.0042748399
   25.917220   -103.372628   -0.0032483596
   25.917220    -87.469147   -0.0023526969
   25.917220    -71.565666   -0.0015939095
   25.917220    -55.662184   -0.0009774079
   25.917220    -39.758703   -0.0005078540
   25.917220    -23.855222   -0.0001890962
   25.917220     -7.951741   -0.0000241247
   25.917220      7.951741   -0.0000150371
   25.917220     23.855222   -0.0001630093
   25.917220     39.758703   -0.0004682695
   25.917220     55.662184   -0.0009300776
   25.917220     71.565666   -0.0015467174
   25.917220     87.469147   -0.0023155123
   25.917220    103.372628   -0.0032328789
   25.917220    119.276109   -0.0042944398

