  -47.136383   -100.911229    0.0372047901
  -47.136383    -87.456398    0.0343906929
  -47.136383    -74.001568    0.0323150387
  -47.136383    -60.546737    0.0308383752
  -47.136383    -47.091907    0.0298320559
  -47.136383    -33.637076    0.0291840698
  -47.136383    -20.182246    0.0288046589
  -47.136383     -6.727415    0.0286310877
  -47.136383      6.727415    0.0286310877
  -47.136383     20.182246    0.0288046589
  -47.136383     33.637076    0.0291840698
  -47.136383     47.091907    0.0298320559
  -47.136383     60.546737    0.0308383752
  -47.136383     74.001568    0.0323150387
  -47.136383     87.456398    0.0343906929
  -47.136383    100.911229    0.0372047901

  -40.851532   -100.911229    0.0298790139
  -40.851532    -87.456398    0.0271105398
  -40.851532    -74.001568    0.0250767816
  -40.851532    -60.546737    0.0236371698
  -40.851532    -47.091907    0.0226619848
  -40.851532    -33.637076    0.0220382636
  -40.851532    -20.182246    0.0216754803
  -40.851532     -6.727415    0.0215103613
  -40.851532      6.727415    0.0215103613
  -40.851532     20.182246    0.0216754803
  -40.851532     33.637076    0.0220382636
  -40.851532     47.091907    0.0226619848
  -40.851532     60.546737    0.0236371698
  -40.851532     74.001568    0.0250767816
  -40.851532     87.456398    0.0271105398
  -40.851532    100.911229    0.0298790139

  -34.566681   -100.911229    0.0235414752
  -34.566681    -87.456398    0.0208275215
  -34.566681    -74.001568    0.0188433336
  -34.566681    -60.546737    0.0174472313
  -34.566681    -47.091907    0.0165084032
  -34.566681    -33.637076    0.0159129043
  -34.566681    -20.182246    0.0155694086
  -34.566681     -6.727415    0.0154140788
  -34.566681      6.727415    0.0154140788
  -34.566681     20.182246    0.0155694086
  -34.566681     33.637076    0.0159129043
  -34.566681     47.091907    0.0165084032
  -34.566681     60.546737    0.0174472313
  -34.566681     74.001568    0.0188433336
  -34.566681     87.456398    0.0208275215
  -34.566681    100.911229    0.0235414752

  -28.281830   -100.911229    0.0181895972
  -28.281830    -87.456398    0.0155380342
  -28.281830    -74.001568    0.0136102275
  -28.281830    -60.546737    0.0122633585
  -28.281830    -47.091907    0.0113654991
  -28.281830    -33.637076    0.0108017008
  -28.281830    -20.182246    0.0104798210
  -28.281830     -6.727415    0.0103354475
  -28.281830      6.727415    0.0103354475
  -28.281830     20.182246    0.0104798210
  -28.281830     33.637076    0.0108017008
  -28.281830     47.091907    0.0113654991
  -28.281830     60.546737    0.0122633585
  -28.281830     74.001568    0.0136102275
  -28.281830     87.456398    0.0155380342
  -28.281830    100.911229    0.0181895972

  -21.996979   -100.911229    0.0138220932
  -21.996979    -87.456398    0.0112398077
  -21.996979    -74.001568    0.0093743436
  -21.996979    -60.546737    0.0080817074
  -21.996979    -47.091907    0.0072288316
  -21.996979    -33.637076    0.0066997517
  -21.996979    -20.182246    0.0064015019
  -21.996979     -6.727415    0.0062690922
  -21.996979      6.727415    0.0062690922
  -21.996979     20.182246    0.0064015019
  -21.996979     33.637076    0.0066997517
  -21.996979     47.091907    0.0072288316
  -21.996979     60.546737    0.0080817074
  -21.996979     74.001568    0.0093743436
  -21.996979     87.456398    0.0112398077
  -21.996979    100.911229    0.0138220932

  -15.712128   -100.911229    0.0104402795
  -15.712128    -87.456398    0.0079332556
  -15.712128    -74.001568    0.0061353015
  -15.712128    -60.546737    0.0049012187
  -15.712128    -47.091907    0.0040967856
  -15.712128    -33.637076    0.0036050170
  -15.712128    -20.182246    0.0033321240
  -15.712128     -6.727415    0.0032125407
  -15.712128      6.727415    0.0032125407
  -15.712128     20.182246    0.0033321240
  -15.712128     33.637076    0.0036050170
  -15.712128     47.091907    0.0040967856
  -15.712128     60.546737    0.0049012187
  -15.712128     74.001568    0.0061353015
  -15.712128     87.456398    0.0079332556
  -15.712128    100.911229    0.0104402795

   -9.427277   -100.911229    0.0080489717
   -9.427277    -87.456398    0.0056223999
   -9.427277    -74.001568    0.0038964163
   -9.427277    -60.546737    0.0027246017
   -9.427277    -47.091907    0.0019715763
   -9.427277    -33.637076    0.0015193359
   -9.427277    -20.182246    0.0012732734
   -9.427277     -6.727415    0.0011672521
   -9.427277      6.727415    0.0011672521
   -9.427277     20.182246    0.0012732734
   -9.427277     33.637076    0.0015193359
   -9.427277     47.091907    0.0019715763
   -9.427277     60.546737    0.0027246017
   -9.427277     74.001568    0.0038964163
   -9.427277     87.456398    0.0056223999
   -9.427277    100.911229    0.0080489717

   -3.142426   -100.911229    0.0066569638
   -3.142426    -87.456398    0.0043153690
   -3.142426    -74.001568    0.0026652197
   -3.142426    -60.546737    0.0015588756
   -3.142426    -47.091907    0.0008598045
   -3.142426    -33.637076    0.0004489915
   -3.142426    -20.182246    0.0002310199
   -3.142426     -6.727415    0.0001391888
   -3.142426      6.727415    0.0001391888
   -3.142426     20.182246    0.0002310199
   -3.142426     33.637076    0.0004489915
   -3.142426     47.091907    0.0008598045
   -3.142426     60.546737    0.0015588756
   -3.142426     74.001568    0.0026652197
   -3.142426     87.456398    0.0043153690
   -3.142426    100.911229    0.0066569638

    3.142426   -100.911229    0.0062770892
    3.142426    -87.456398    0.0040244708
    3.142426    -74.001568    0.0024535464
    3.142426    -60.546737    0.0014154673
    3.142426    -47.091907    0.0007725630
    3.142426    -33.637076    0.0004048219
    3.142426    -20.182246    0.0002160303
    3.142426     -6.727415    0.0001389316
    3.142426      6.727415    0.0001389316
    3.142426     20.182246    0.0002160303
    3.142426     33.637076    0.0004048219
    3.142426     47.091907    0.0007725630
    3.142426     60.546737    0.0014154673
    3.142426     74.001568    0.0024535464
    3.142426     87.456398    0.0040244708
    3.142426    100.911229    0.0062770892

    9.427277   -100.911229    0.0069258654
    9.427277    -87.456398    0.0047658388
    9.427277    -74.001568    0.0032771846
    9.427277    -60.546737    0.0023098653
    9.427277    -47.091907    0.0017250928
    9.427277    -33.637076    0.0014018785
    9.427277    -20.182246    0.0012432271
    9.427277     -6.727415    0.0011813379
    9.427277      6.727415    0.0011813379
    9.427277     20.182246    0.0012432271
    9.427277     33.637076    0.0014018785
    9.427277     47.091907    0.0017250928
    9.427277     60.546737    0.0023098653
    9.427277     74.001568    0.0032771846
    9.427277     87.456398    0.0047658388
    9.427277    100.911229    0.0069258654

   15.712128   -100.911229    0.0086227204
   15.712128    -87.456398    0.0065586536
   15.712128    -74.001568    0.0051550918
   15.712128    -60.546737    0.0042608314
   15.712128    -47.091907    0.0037359914
   15.712128    -33.637076    0.0034586301
   15.712128    -20.182246    0.0033309906
   15.712128     -6.727415    0.0032847432
   15.712128      6.727415    0.0032847432
   15.712128     20.182246    0.0033309906
   15.712128     33.637076    0.0034586301
   15.712128     47.091907    0.0037359914
   15.712128     60.546737    0.0042608314
   15.712128     74.001568    0.0051550918
   15.712128     87.456398    0.0065586536
   15.712128    100.911229    0.0086227204

   21.996979   -100.911229    0.0113888021
   21.996979    -87.456398    0.0094239373
   21.996979    -74.001568    0.0081081752
   21.996979    -60.546737    0.0072891682
   21.996979    -47.091907    0.0068259702
   21.996979    -33.637076    0.0065957140
   21.996979    -20.182246    0.0064999062
   21.996979     -6.727415    0.0064697055
   21.996979      6.727415    0.0064697055
   21.996979     20.182246    0.0064999062
   21.996979     33.637076    0.0065957140
   21.996979     47.091907    0.0068259702
   21.996979     60.546737    0.0072891682
   21.996979     74.001568    0.0081081752
   21.996979     87.456398    0.0094239373
   21.996979    100.911229    0.0113888021

   28.281830   -100.911229    0.0152453710
   28.281830    -87.456398    0.0133829229
   28.281830    -74.001568    0.0121576371
   28.281830    -60.546737    0.0114160443
   28.281830    -47.091907    0.0110161636
   28.281830    -33.637076    0.0108342343
   28.281830    -20.182246    0.0107710549
   28.281830     -6.727415    0.0107572937
   28.281830      6.727415    0.0107572937
   28.281830     20.182246    0.0107710549
   28.281830     33.637076    0.0108342343
   28.281830     47.091907    0.0110161636
   28.281830     60.546737    0.0114160443
   28.281830     74.001568    0.0121576371
   28.281830     87.456398    0.0133829229
   28.281830    100.911229    0.0152453710

   34.566681   -100.911229    0.0202117746
   34.566681    -87.456398    0.0184549974
   34.566681    -74.001568    0.0173228848
   34.566681    -60.546737    0.0166608751
   34.566681    -47.091907    0.0163259882
   34.566681    -33.637076    0.0161936057
   34.566681    -20.182246    0.0161638490
   34.566681     -6.727415    0.0161669184
   34.566681      6.727415    0.0161669184
   34.566681     20.182246    0.0161638490
   34.566681     33.637076    0.0161936057
   34.566681     47.091907    0.0163259882
   34.566681     60.546737    0.0166608751
   34.566681     74.001568    0.0173228848
   34.566681     87.456398    0.0184549974
   34.566681    100.911229    0.0202117746

   40.851532   -100.911229    0.0263030050
   40.851532    -87.456398    0.0246552194
   40.851532    -74.001568    0.0236190056
   40.851532    -60.546737    0.0230387613
   40.851532    -47.091907    0.0227705533
   40.851532    -33.637076    0.0226889451
   40.851532    -20.182246    0.0226934115
   40.851532     -6.727415    0.0227137064
   40.851532      6.727415    0.0227137064
   40.851532     20.182246    0.0226934115
   40.851532     33.637076    0.0226889451
   40.851532     47.091907    0.0227705533
   40.851532     60.546737    0.0230387613
   40.851532     74.001568    0.0236190056
   40.851532     87.456398    0.0246552194
   40.851532    100.911229    0.0263030050

   47.136383   -100.911229    0.0335268390
   47.136383    -87.456398    0.0319914100
   47.136383    -74.001568    0.0310538067
   47.136383    -60.546737    0.0305574837
   47.136383    -47.091907    0.0303576216
   47.136383    -33.637076    0.0303280087
   47.136383    -20.182246    0.0303675000
   47.136383     -6.727415    0.0304054181
   47.136383      6.727415    0.0304054181
   47.136383     20.182246    0.0303675000
   47.136383     33.637076    0.0303280087
   47.136383     47.091907    0.0303576216
   47.136383     60.546737    0.0305574837
   47.136383     74.001568    0.0310538067
   47.136383     87.456398    0.0319914100
   47.136383    100.911229    0.0335268390

