  -25.746645    -50.619018    0.0824480274
  -25.746645    -43.869816    0.0768444589
  -25.746645    -37.120613    0.0721097532
  -25.746645    -30.371411    0.0682190150
  -25.746645    -23.622208    0.0651459548
  -25.746645    -16.873006    0.0628659123
  -25.746645    -10.123804    0.0613582757
  -25.746645     -3.374601    0.0606082959
  -25.746645      3.374601    0.0606082959
  -25.746645     10.123804    0.0613582757
  -25.746645     16.873006    0.0628659123
  -25.746645     23.622208    0.0651459548
  -25.746645     30.371411    0.0682190150
  -25.746645     37.120613    0.0721097532
  -25.746645     43.869816    0.0768444589
  -25.746645     50.619018    0.0824480274

  -21.065436    -50.619018    0.0591902979
  -21.065436    -43.869816    0.0535583822
  -21.065436    -37.120613    0.0487966112
  -21.065436    -30.371411    0.0448813672
  -21.065436    -23.622208    0.0417874249
  -21.065436    -16.873006    0.0394909757
  -21.065436    -10.123804    0.0379720466
  -21.065436     -3.374601    0.0372163140
  -21.065436      3.374601    0.0372163140
  -21.065436     10.123804    0.0379720466
  -21.065436     16.873006    0.0394909757
  -21.065436     23.622208    0.0417874249
  -21.065436     30.371411    0.0448813672
  -21.065436     37.120613    0.0487966112
  -21.065436     43.869816    0.0535583822
  -21.065436     50.619018    0.0591902979

  -16.384228    -50.619018    0.0427959458
  -16.384228    -43.869816    0.0371382900
  -16.384228    -37.120613    0.0323516666
  -16.384228    -30.371411    0.0284137454
  -16.384228    -23.622208    0.0253003739
  -16.384228    -16.873006    0.0229886019
  -16.384228    -10.123804    0.0214590998
  -16.384228     -3.374601    0.0206979735
  -16.384228      3.374601    0.0206979735
  -16.384228     10.123804    0.0214590998
  -16.384228     16.873006    0.0229886019
  -16.384228     23.622208    0.0253003739
  -16.384228     30.371411    0.0284137454
  -16.384228     37.120613    0.0323516666
  -16.384228     43.869816    0.0371382900
  -16.384228     50.619018    0.0427959458

  -11.703020    -50.619018    0.0319614879
  -11.703020    -43.869816    0.0262804845
  -11.703020    -37.120613    0.0214710817
  -11.703020    -30.371411    0.0175122264
  -11.703020    -23.622208    0.0143808305
  -11.703020    -16.873006    0.0120547951
  -11.703020    -10.123804    0.0105154294
  -11.703020     -3.374601    0.0097492649
  -11.703020      3.374601    0.0097492649
  -11.703020     10.123804    0.0105154294
  -11.703020     16.873006    0.0120547951
  -11.703020     23.622208    0.0143808305
  -11.703020     30.371411    0.0175122264
  -11.703020     37.120613    0.0214710817
  -11.703020     43.869816    0.0262804845
  -11.703020     50.619018    0.0319614879

   -7.021812    -50.619018    0.0256070883
   -7.021812    -43.869816    0.0199049640
   -7.021812    -37.120613    0.0150747480
   -7.021812    -30.371411    0.0110966375
   -7.021812    -23.622208    0.0079485869
   -7.021812    -16.873006    0.0056093309
   -7.021812    -10.123804    0.0040608041
   -7.021812     -3.374601    0.0032899547
   -7.021812      3.374601    0.0032899547
   -7.021812     10.123804    0.0040608041
   -7.021812     16.873006    0.0056093309
   -7.021812     23.622208    0.0079485869
   -7.021812     30.371411    0.0110966375
   -7.021812     37.120613    0.0150747480
   -7.021812     43.869816    0.0199049640
   -7.021812     50.619018    0.0256070883

   -2.340604    -50.619018    0.0228355307
   -2.340604    -43.869816    0.0171143955
   -2.340604    -37.120613    0.0122652584
   -2.340604    -30.371411    0.0082695289
   -2.340604    -23.622208    0.0051061711
   -2.340604    -16.873006    0.0027547277
   -2.340604    -10.123804    0.0011977393
   -2.340604     -3.374601    0.0004225581
   -2.340604      3.374601    0.0004225581
   -2.340604     10.123804    0.0011977393
   -2.340604     16.873006    0.0027547277
   -2.340604     23.622208    0.0051061711
   -2.340604     30.371411    0.0082695289
   -2.340604     37.120613    0.0122652584
   -2.340604     43.869816    0.0171143955
   -2.340604     50.619018    0.0228355307

    2.340604    -50.619018    0.0228988916
    2.340604    -43.869816    0.0171607873
    2.340604    -37.120613    0.0122945809
    2.340604    -30.371411    0.0082828467
    2.340604    -23.622208    0.0051055200
    2.340604    -16.873006    0.0027429202
    2.340604    -10.123804    0.0011781706
    2.340604     -3.374601    0.0003990117
    2.340604      3.374601    0.0003990117
    2.340604     10.123804    0.0011781706
    2.340604     16.873006    0.0027429202
    2.340604     23.622208    0.0051055200
    2.340604     30.371411    0.0082828467
    2.340604     37.120613    0.0122945809
    2.340604     43.869816    0.0171607873
    2.340604     50.619018    0.0228988916

    7.021812    -50.619018    0.0251716007
    7.021812    -43.869816    0.0194185503
    7.021812    -37.120613    0.0145371183
    7.021812    -30.371411    0.0105109936
    7.021812    -23.622208    0.0073210401
    7.021812    -16.873006    0.0049483202
    7.021812    -10.123804    0.0033765142
    7.021812     -3.374601    0.0025937343
    7.021812      3.374601    0.0025937343
    7.021812     10.123804    0.0033765142
    7.021812     16.873006    0.0049483202
    7.021812     23.622208    0.0073210401
    7.021812     30.371411    0.0105109936
    7.021812     37.120613    0.0145371183
    7.021812     43.869816    0.0194185503
    7.021812     50.619018    0.0251716007

   11.703020    -50.619018    0.0291287392
   11.703020    -43.869816    0.0233627952
   11.703020    -37.120613    0.0184680069
   11.703020    -30.371411    0.0144291269
   11.703020    -23.622208    0.0112279053
   11.703020    -16.873006    0.0088461139
   11.703020    -10.123804    0.0072679648
   11.703020     -3.374601    0.0064819247
   11.703020      3.374601    0.0064819247
   11.703020     10.123804    0.0072679648
   11.703020     16.873006    0.0088461139
   11.703020     23.622208    0.0112279053
   11.703020     30.371411    0.0144291269
   11.703020     37.120613    0.0184680069
   11.703020     43.869816    0.0233627952
   11.703020     50.619018    0.0291287392

   16.384228    -50.619018    0.0343285866
   16.384228    -43.869816    0.0285518804
   16.384228    -37.120613    0.0236456634
   16.384228    -30.371411    0.0195957055
   16.384228    -23.622208    0.0163846044
   16.384228    -16.873006    0.0139948100
   16.384228    -10.123804    0.0124110430
   16.384228     -3.374601    0.0116221093
   16.384228      3.374601    0.0116221093
   16.384228     10.123804    0.0124110430
   16.384228     16.873006    0.0139948100
   16.384228     23.622208    0.0163846044
   16.384228     30.371411    0.0195957055
   16.384228     37.120613    0.0236456634
   16.384228     43.869816    0.0285518804
   16.384228     50.619018    0.0343285866

   21.065436    -50.619018    0.0403985932
   21.065436    -43.869816    0.0346133837
   21.065436    -37.120613    0.0296977572
   21.065436    -30.371411    0.0256384624
   21.065436    -23.622208    0.0224189129
   21.065436    -16.873006    0.0200222112
   21.065436    -10.123804    0.0184335674
   21.065436     -3.374601    0.0176421137
   21.065436      3.374601    0.0176421137
   21.065436     10.123804    0.0184335674
   21.065436     16.873006    0.0200222112
   21.065436     23.622208    0.0224189129
   21.065436     30.371411    0.0256384624
   21.065436     37.120613    0.0296977572
   21.065436     43.869816    0.0346133837
   21.065436     50.619018    0.0403985932

   25.746645    -50.619018    0.0470241141
   25.746645    -43.869816    0.0412328367
   25.746645    -37.120613    0.0363099443
   25.746645    -30.371411    0.0322431386
   25.746645    -23.622208    0.0290166275
   25.746645    -16.873006    0.0266141486
   25.746645    -10.123804    0.0250213886
   25.746645     -3.374601    0.0242277974
   25.746645      3.374601    0.0242277974
   25.746645     10.123804    0.0250213886
   25.746645     16.873006    0.0266141486
   25.746645     23.622208    0.0290166275
   25.746645     30.371411    0.0322431386
   25.746645     37.120613    0.0363099443
   25.746645     43.869816    0.0412328367
   25.746645     50.619018    0.0470241141

   30.427853    -50.619018    0.0539394061
   30.427853    -43.869816    0.0481447217
   30.427853    -37.120613    0.0432168647
   30.427853    -30.371411    0.0391444804
   30.427853    -23.622208    0.0359125628
   30.427853    -16.873006    0.0335054787
   30.427853    -10.123804    0.0319093865
   30.427853     -3.374601    0.0311140505
   30.427853      3.374601    0.0311140505
   30.427853     10.123804    0.0319093865
   30.427853     16.873006    0.0335054787
   30.427853     23.622208    0.0359125628
   30.427853     30.371411    0.0391444804
   30.427853     37.120613    0.0432168647
   30.427853     43.869816    0.0481447217
   30.427853     50.619018    0.0539394061

   35.109061    -50.619018    0.0609205506
   35.109061    -43.869816    0.0551253942
   35.109061    -37.120613    0.0501950645
   35.109061    -30.371411    0.0461191612
   35.109061    -23.622208    0.0428834740
   35.109061    -16.873006    0.0404730058
   35.109061    -10.123804    0.0388743923
   35.109061     -3.374601    0.0380777162
   35.109061      3.374601    0.0380777162
   35.109061     10.123804    0.0388743923
   35.109061     16.873006    0.0404730058
   35.109061     23.622208    0.0428834740
   35.109061     30.371411    0.0461191612
   35.109061     37.120613    0.0501950645
   35.109061     43.869816    0.0551253942
   35.109061     50.619018    0.0609205506

   39.790269    -50.619018    0.0677801269
   39.790269    -43.869816    0.0619877568
   39.790269    -37.120613    0.0570576700
   39.790269    -30.371411    0.0529804563
   39.790269    -23.622208    0.0497427305
   39.790269    -16.873006    0.0473301558
   39.790269    -10.123804    0.0457298630
   39.790269     -3.374601    0.0449322646
   39.790269      3.374601    0.0449322646
   39.790269     10.123804    0.0457298630
   39.790269     16.873006    0.0473301558
   39.790269     23.622208    0.0497427305
   39.790269     30.371411    0.0529804563
   39.790269     37.120613    0.0570576700
   39.790269     43.869816    0.0619877568
   39.790269     50.619018    0.0677801269

   44.471477    -50.619018    0.0743636261
   44.471477    -43.869816    0.0685776727
   44.471477    -37.120613    0.0636508010
   44.471477    -30.371411    0.0595746556
   44.471477    -23.622208    0.0563367299
   44.471477    -16.873006    0.0539233901
   44.471477    -10.123804    0.0523222944
   44.471477     -3.374601    0.0515242066
   44.471477      3.374601    0.0515242066
   44.471477     10.123804    0.0523222944
   44.471477     16.873006    0.0539233901
   44.471477     23.622208    0.0563367299
   44.471477     30.371411    0.0595746556
   44.471477     37.120613    0.0636508010
   44.471477     43.869816    0.0685776727
   44.471477     50.619018    0.0743636261

