  -54.177403   -119.276109   -0.0020948665
  -54.177403   -103.372628   -0.0017812515
  -54.177403    -87.469147   -0.0014761022
  -54.177403    -71.565666   -0.0011805320
  -54.177403    -55.662184   -0.0008956826
  -54.177403    -39.758703   -0.0006227162
  -54.177403    -23.855222   -0.0003628065
  -54.177403     -7.951741   -0.0001171318
  -54.177403      7.951741    0.0001131333
  -54.177403     23.855222    0.0003268252
  -54.177403     39.758703    0.0005227984
  -54.177403     55.662184    0.0006999327
  -54.177403     71.565666    0.0008571403
  -54.177403     87.469147    0.0009933719
  -54.177403    103.372628    0.0011076236
  -54.177403    119.276109    0.0011989431

  -46.953749   -119.276109   -0.0016421624
  -46.953749   -103.372628   -0.0013966166
  -46.953749    -87.469147   -0.0011575998
  -46.953749    -71.565666   -0.0009260218
  -46.953749    -55.662184   -0.0007027822
  -46.953749    -39.758703   -0.0004887753
  -46.953749    -23.855222   -0.0002848930
  -46.953749     -7.951741   -0.0000920255
  -46.953749      7.951741    0.0000889393
  -46.953749     23.855222    0.0002571198
  -46.953749     39.758703    0.0004116454
  -46.953749     55.662184    0.0005516634
  -46.953749     71.565666    0.0006763489
  -46.953749     87.469147    0.0007849155
  -46.953749    103.372628    0.0008766286
  -46.953749    119.276109    0.0009508209

  -39.730095   -119.276109   -0.0012214111
  -39.730095   -103.372628   -0.0010389353
  -39.730095    -87.469147   -0.0008612780
  -39.730095    -71.565666   -0.0006891123
  -39.730095    -55.662184   -0.0005231022
  -39.730095    -39.758703   -0.0003639058
  -39.730095    -23.855222   -0.0002121764
  -39.730095     -7.951741   -0.0000685625
  -39.730095      7.951741    0.0000662932
  -39.730095     23.855222    0.0001917560
  -39.730095     39.758703    0.0003072025
  -39.730095     55.662184    0.0004120251
  -39.730095     71.565666    0.0005056377
  -39.730095     87.469147    0.0005874828
  -39.730095    103.372628    0.0006570392
  -39.730095    119.276109    0.0007138312

  -32.506442   -119.276109   -0.0008447682
  -32.506442   -103.372628   -0.0007186375
  -32.506442    -87.469147   -0.0005958315
  -32.506442    -71.565666   -0.0004768013
  -32.506442    -55.662184   -0.0003620003
  -32.506442    -39.758703   -0.0002518809
  -32.506442    -23.855222   -0.0001468926
  -32.506442     -7.951741   -0.0000474794
  -32.506442      7.951741    0.0000459228
  -32.506442     23.855222    0.0001328876
  -32.506442     39.758703    0.0002130008
  -32.506442     55.662184    0.0002858617
  -32.506442     71.565666    0.0003510851
  -32.506442     87.469147    0.0004083029
  -32.506442    103.372628    0.0004571653
  -32.506442    119.276109    0.0004973424

  -25.282788   -119.276109   -0.0005248180
  -25.282788   -103.372628   -0.0004464904
  -25.282788    -87.469147   -0.0003702293
  -25.282788    -71.565666   -0.0002963037
  -25.282788    -55.662184   -0.0002249907
  -25.282788    -39.758703   -0.0001565709
  -25.282788    -23.855222   -0.0000913236
  -25.282788     -7.951741   -0.0000295235
  -25.282788      7.951741    0.0000285621
  -25.282788     23.855222    0.0000826749
  -25.282788     39.758703    0.0001325668
  -25.282788     55.662184    0.0001780004
  -25.282788     71.565666    0.0002187477
  -25.282788     87.469147    0.0002545894
  -25.282788    103.372628    0.0002853122
  -25.282788    119.276109    0.0003107057

  -18.059134   -119.276109   -0.0002732346
  -18.059134   -103.372628   -0.0002324660
  -18.059134    -87.469147   -0.0001927750
  -18.059134    -71.565666   -0.0001542962
  -18.059134    -55.662184   -0.0001171717
  -18.059134    -39.758703   -0.0000815475
  -18.059134    -23.855222   -0.0000475693
  -18.059134     -7.951741   -0.0000153803
  -18.059134      7.951741    0.0000148817
  -18.059134     23.855222    0.0000430849
  -18.059134     39.758703    0.0000691039
  -18.059134     55.662184    0.0000928201
  -18.059134     71.565666    0.0001141196
  -18.059134     87.469147    0.0001328921
  -18.059134    103.372628    0.0001490275
  -18.059134    119.276109    0.0001624131

  -10.835481   -119.276109   -0.0000997108
  -10.835481   -103.372628   -0.0000848356
  -10.835481    -87.469147   -0.0000703543
  -10.835481    -71.565666   -0.0000563145
  -10.835481    -55.662184   -0.0000427674
  -10.835481    -39.758703   -0.0000297664
  -10.835481    -23.855222   -0.0000173648
  -10.835481     -7.951741   -0.0000056149
  -10.835481      7.951741    0.0000054334
  -10.835481     23.855222    0.0000157324
  -10.835481     39.758703    0.0000252377
  -10.835481     55.662184    0.0000339069
  -10.835481     71.565666    0.0000416999
  -10.835481     87.469147    0.0000485772
  -10.835481    103.372628    0.0000544991
  -10.835481    119.276109    0.0000594233

   -3.611827   -119.276109   -0.0000111549
   -3.611827   -103.372628   -0.0000094909
   -3.611827    -87.469147   -0.0000078710
   -3.611827    -71.565666   -0.0000063005
   -3.611827    -55.662184   -0.0000047849
   -3.611827    -39.758703   -0.0000033305
   -3.611827    -23.855222   -0.0000019429
   -3.611827     -7.951741   -0.0000006283
   -3.611827      7.951741    0.0000006080
   -3.611827     23.855222    0.0000017605
   -3.611827     39.758703    0.0000028245
   -3.611827     55.662184    0.0000037951
   -3.611827     71.565666    0.0000046680
   -3.611827     87.469147    0.0000054389
   -3.611827    103.372628    0.0000061033
   -3.611827    119.276109    0.0000066563

    3.611827   -119.276109   -0.0000111549
    3.611827   -103.372628   -0.0000094909
    3.611827    -87.469147   -0.0000078710
    3.611827    -71.565666   -0.0000063005
    3.611827    -55.662184   -0.0000047849
    3.611827    -39.758703   -0.0000033305
    3.611827    -23.855222   -0.0000019429
    3.611827     -7.951741   -0.0000006283
    3.611827      7.951741    0.0000006080
    3.611827     23.855222    0.0000017605
    3.611827     39.758703    0.0000028245
    3.611827     55.662184    0.0000037951
    3.611827     71.565666    0.0000046680
    3.611827     87.469147    0.0000054389
    3.611827    103.372628    0.0000061033
    3.611827    119.276109    0.0000066563

   10.835481   -119.276109   -0.0000997108
   10.835481   -103.372628   -0.0000848356
   10.835481    -87.469147   -0.0000703543
   10.835481    -71.565666   -0.0000563145
   10.835481    -55.662184   -0.0000427674
   10.835481    -39.758703   -0.0000297664
   10.835481    -23.855222   -0.0000173648
   10.835481     -7.951741   -0.0000056149
   10.835481      7.951741    0.0000054334
   10.835481     23.855222    0.0000157324
   10.835481     39.758703    0.0000252377
   10.835481     55.662184    0.0000339069
   10.835481     71.565666    0.0000416999
   10.835481     87.469147    0.0000485772
   10.835481    103.372628    0.0000544991
   10.835481    119.276109    0.0000594233

   18.059134   -119.276109   -0.0002732346
   18.059134   -103.372628   -0.0002324660
   18.059134    -87.469147   -0.0001927750
   18.059134    -71.565666   -0.0001542962
   18.059134    -55.662184   -0.0001171717
   18.059134    -39.758703   -0.0000815475
   18.059134    -23.855222   -0.0000475693
   18.059134     -7.951741   -0.0000153803
   18.059134      7.951741    0.0000148817
   18.059134     23.855222    0.0000430849
   18.059134     39.758703    0.0000691039
   18.059134     55.662184    0.0000928201
   18.059134     71.565666    0.0001141196
   18.059134     87.469147    0.0001328921
   18.059134    103.372628    0.0001490275
   18.059134    119.276109    0.0001624131

   25.282788   -119.276109   -0.0005248180
   25.282788   -103.372628   -0.0004464904
   25.282788    -87.469147   -0.0003702293
   25.282788    -71.565666   -0.0002963037
   25.282788    -55.662184   -0.0002249907
   25.282788    -39.758703   -0.0001565709
   25.282788    -23.855222   -0.0000913236
   25.282788     -7.951741   -0.0000295235
   25.282788      7.951741    0.0000285621
   25.282788     23.855222    0.0000826749
   25.282788     39.758703    0.0001325668
   25.282788     55.662184    0.0001780004
   25.282788     71.565666    0.0002187477
   25.282788     87.469147    0.0002545894
   25.282788    103.372628    0.0002853122
   25.282788    119.276109    0.0003107057

   32.506442   -119.276109   -0.0008447682
   32.506442   -103.372628   -0.0007186375
   32.506442    -87.469147   -0.0005958315
   32.506442    -71.565666   -0.0004768013
   32.506442    -55.662184   -0.0003620003
   32.506442    -39.758703   -0.0002518809
   32.506442    -23.855222   -0.0001468926
   32.506442     -7.951741   -0.0000474794
   32.506442      7.951741    0.0000459228
   32.506442     23.855222    0.0001328876
   32.506442     39.758703    0.0002130008
   32.506442     55.662184    0.0002858617
   32.506442     71.565666    0.0003510851
   32.506442     87.469147    0.0004083029
   32.506442    103.372628    0.0004571653
   32.506442    119.276109    0.0004973424

   39.730095   -119.276109   -0.0012214111
   39.730095   -103.372628   -0.0010389353
   39.730095    -87.469147   -0.0008612780
   39.730095    -71.565666   -0.0006891123
   39.730095    -55.662184   -0.0005231022
   39.730095    -39.758703   -0.0003639058
   39.730095    -23.855222   -0.0002121764
   39.730095     -7.951741   -0.0000685625
   39.730095      7.951741    0.0000662932
   39.730095     23.855222    0.0001917560
   39.730095     39.758703    0.0003072025
   39.730095     55.662184    0.0004120251
   39.730095     71.565666    0.0005056377
   39.730095     87.469147    0.0005874828
   39.730095    103.372628    0.0006570392
   39.730095    119.276109    0.0007138312

   46.953749   -119.276109   -0.0016421624
   46.953749   -103.372628   -0.0013966166
   46.953749    -87.469147   -0.0011575998
   46.953749    -71.565666   -0.0009260218
   46.953749    -55.662184   -0.0007027822
   46.953749    -39.758703   -0.0004887753
   46.953749    -23.855222   -0.0002848930
   46.953749     -7.951741   -0.0000920255
   46.953749      7.951741    0.0000889393
   46.953749     23.855222    0.0002571198
   46.953749     39.758703    0.0004116454
   46.953749     55.662184    0.0005516634
   46.953749     71.565666    0.0006763489
   46.953749     87.469147    0.0007849155
   46.953749    103.372628    0.0008766286
   46.953749    119.276109    0.0009508209

   54.177403   -119.276109   -0.0020948665
   54.177403   -103.372628   -0.0017812515
   54.177403    -87.469147   -0.0014761022
   54.177403    -71.565666   -0.0011805320
   54.177403    -55.662184   -0.0008956826
   54.177403    -39.758703   -0.0006227162
   54.177403    -23.855222   -0.0003628065
   54.177403     -7.951741   -0.0001171318
   54.177403      7.951741    0.0001131333
   54.177403     23.855222    0.0003268252
   54.177403     39.758703    0.0005227984
   54.177403     55.662184    0.0006999327
   54.177403     71.565666    0.0008571403
   54.177403     87.469147    0.0009933719
   54.177403    103.372628    0.0011076236
   54.177403    119.276109    0.0011989431

