  -55.127356    -92.332122   -0.0027852993
  -55.127356    -80.021172   -0.0026218585
  -55.127356    -67.710222   -0.0023689911
  -55.127356    -55.399273   -0.0020349928
  -55.127356    -43.088323   -0.0016341537
  -55.127356    -30.777374   -0.0011851750
  -55.127356    -18.466424   -0.0007099021
  -55.127356     -6.155475   -0.0002321416
  -55.127356      6.155475    0.0002235853
  -55.127356     18.466424    0.0006334099
  -55.127356     30.777374    0.0009755783
  -55.127356     43.088323    0.0012318944
  -55.127356     55.399273    0.0013889426
  -55.127356     67.710222    0.0014388038
  -55.127356     80.021172    0.0013788917
  -55.127356     92.332122    0.0012104470

  -47.777042    -92.332122   -0.0017303784
  -47.777042    -80.021172   -0.0016758333
  -47.777042    -67.710222   -0.0015630664
  -47.777042    -55.399273   -0.0013748610
  -47.777042    -43.088323   -0.0011213089
  -47.777042    -30.777374   -0.0008212984
  -47.777042    -18.466424   -0.0004950269
  -47.777042     -6.155475   -0.0001624121
  -47.777042      6.155475    0.0001563988
  -47.777042     18.466424    0.0004408998
  -47.777042     30.777374    0.0006716273
  -47.777042     43.088323    0.0008329204
  -47.777042     55.399273    0.0009155435
  -47.777042     67.710222    0.0009163495
  -47.777042     80.021172    0.0008308376
  -47.777042     92.332122    0.0006331355

  -40.426728    -92.332122   -0.0009060541
  -40.426728    -80.021172   -0.0009456225
  -40.426728    -67.710222   -0.0009245949
  -40.426728    -55.399273   -0.0008408881
  -40.426728    -43.088323   -0.0007029953
  -40.426728    -30.777374   -0.0005241031
  -40.426728    -18.466424   -0.0003194424
  -40.426728     -6.155475   -0.0001053211
  -40.426728      6.155475    0.0001013034
  -40.426728     18.466424    0.0002834344
  -40.426728     30.777374    0.0004251409
  -40.426728     43.088323    0.0005130516
  -40.426728     55.399273    0.0005377174
  -40.426728     67.710222    0.0004939099
  -40.426728     80.021172    0.0003785043
  -40.426728     92.332122    0.0001841842

  -33.076414    -92.332122   -0.0003187375
  -33.076414    -80.021172   -0.0004139708
  -33.076414    -67.710222   -0.0004536033
  -33.076414    -55.399273   -0.0004426799
  -33.076414    -43.088323   -0.0003879165
  -33.076414    -30.777374   -0.0002983619
  -33.076414    -18.466424   -0.0001852820
  -33.076414     -6.155475   -0.0000615702
  -33.076414      6.155475    0.0000590789
  -33.076414     18.466424    0.0001630548
  -33.076414     30.777374    0.0002376620
  -33.076414     43.088323    0.0002718478
  -33.076414     55.399273    0.0002568383
  -33.076414     67.710222    0.0001867602
  -33.076414     80.021172    0.0000593856
  -33.076414     92.332122   -0.0001227964

  -25.726100    -92.332122    0.0000399200
  -25.726100    -80.021172   -0.0000739199
  -25.726100    -67.710222   -0.0001452205
  -25.726100    -55.399273   -0.0001770077
  -25.726100    -43.088323   -0.0001740036
  -25.726100    -30.777374   -0.0001428609
  -25.726100    -18.466424   -0.0000919736
  -25.726100     -6.155475   -0.0000310208
  -25.726100      6.155475    0.0000296318
  -25.726100     18.466424    0.0000795774
  -25.726100     30.777374    0.0001089976
  -25.726100     43.088323    0.0001092419
  -25.726100     55.399273    0.0000733576
  -25.726100     67.710222   -0.0000034031
  -25.726100     80.021172   -0.0001230370
  -25.726100     92.332122   -0.0002841150

  -18.375785    -92.332122    0.0001956806
  -18.375785    -80.021172    0.0000921792
  -18.375785    -67.710222    0.0000171633
  -18.375785    -55.399273   -0.0000293234
  -18.375785    -43.088323   -0.0000502423
  -18.375785    -30.777374   -0.0000503374
  -18.375785    -18.466424   -0.0000354979
  -18.375785     -6.155475   -0.0000124053
  -18.375785      6.155475    0.0000117500
  -18.375785     18.466424    0.0000296182
  -18.375785     30.777374    0.0000341534
  -18.375785     43.088323    0.0000191594
  -18.375785     55.399273   -0.0000201999
  -18.375785     67.710222   -0.0000871245
  -18.375785     80.021172   -0.0001834204
  -18.375785     92.332122   -0.0003106251

  -11.025471    -92.332122    0.0001903803
  -11.025471    -80.021172    0.0001183047
  -11.025471    -67.710222    0.0000628464
  -11.025471    -55.399273    0.0000245655
  -11.025471    -43.088323    0.0000018675
  -11.025471    -30.777374   -0.0000079877
  -11.025471    -18.466424   -0.0000084171
  -11.025471     -6.155475   -0.0000033131
  -11.025471      6.155475    0.0000030917
  -11.025471     18.466424    0.0000064147
  -11.025471     30.777374    0.0000024172
  -11.025471     43.088323   -0.0000126289
  -11.025471     55.399273   -0.0000416057
  -11.025471     67.710222   -0.0000864258
  -11.025471     80.021172   -0.0001483797
  -11.025471     92.332122   -0.0002292859

   -3.675157    -92.332122    0.0000778196
   -3.675157    -80.021172    0.0000515727
   -3.675157    -67.710222    0.0000310737
   -3.675157    -55.399273    0.0000162694
   -3.675157    -43.088323    0.0000066620
   -3.675157    -30.777374    0.0000014314
   -3.675157    -18.466424   -0.0000004941
   -3.675157     -6.155475   -0.0000003834
   -3.675157      6.155475    0.0000003597
   -3.675157     18.466424    0.0000002782
   -3.675157     30.777374   -0.0000020365
   -3.675157     43.088323   -0.0000078357
   -3.675157     55.399273   -0.0000181200
   -3.675157     67.710222   -0.0000335970
   -3.675157     80.021172   -0.0000547393
   -3.675157     92.332122   -0.0000819995

    3.675157    -92.332122   -0.0000819995
    3.675157    -80.021172   -0.0000547393
    3.675157    -67.710222   -0.0000335970
    3.675157    -55.399273   -0.0000181200
    3.675157    -43.088323   -0.0000078357
    3.675157    -30.777374   -0.0000020365
    3.675157    -18.466424    0.0000002782
    3.675157     -6.155475    0.0000003597
    3.675157      6.155475   -0.0000003834
    3.675157     18.466424   -0.0000004941
    3.675157     30.777374    0.0000014314
    3.675157     43.088323    0.0000066620
    3.675157     55.399273    0.0000162694
    3.675157     67.710222    0.0000310737
    3.675157     80.021172    0.0000515727
    3.675157     92.332122    0.0000778196

   11.025471    -92.332122   -0.0002292859
   11.025471    -80.021172   -0.0001483797
   11.025471    -67.710222   -0.0000864258
   11.025471    -55.399273   -0.0000416057
   11.025471    -43.088323   -0.0000126289
   11.025471    -30.777374    0.0000024172
   11.025471    -18.466424    0.0000064147
   11.025471     -6.155475    0.0000030917
   11.025471      6.155475   -0.0000033131
   11.025471     18.466424   -0.0000084171
   11.025471     30.777374   -0.0000079877
   11.025471     43.088323    0.0000018675
   11.025471     55.399273    0.0000245655
   11.025471     67.710222    0.0000628464
   11.025471     80.021172    0.0001183047
   11.025471     92.332122    0.0001903803

   18.375785    -92.332122   -0.0003106251
   18.375785    -80.021172   -0.0001834204
   18.375785    -67.710222   -0.0000871245
   18.375785    -55.399273   -0.0000201999
   18.375785    -43.088323    0.0000191594
   18.375785    -30.777374    0.0000341534
   18.375785    -18.466424    0.0000296182
   18.375785     -6.155475    0.0000117500
   18.375785      6.155475   -0.0000124053
   18.375785     18.466424   -0.0000354979
   18.375785     30.777374   -0.0000503374
   18.375785     43.088323   -0.0000502423
   18.375785     55.399273   -0.0000293234
   18.375785     67.710222    0.0000171633
   18.375785     80.021172    0.0000921792
   18.375785     92.332122    0.0001956806

   25.726100    -92.332122   -0.0002841150
   25.726100    -80.021172   -0.0001230370
   25.726100    -67.710222   -0.0000034031
   25.726100    -55.399273    0.0000733576
   25.726100    -43.088323    0.0001092419
   25.726100    -30.777374    0.0001089976
   25.726100    -18.466424    0.0000795774
   25.726100     -6.155475    0.0000296318
   25.726100      6.155475   -0.0000310208
   25.726100     18.466424   -0.0000919736
   25.726100     30.777374   -0.0001428609
   25.726100     43.088323   -0.0001740036
   25.726100     55.399273   -0.0001770077
   25.726100     67.710222   -0.0001452205
   25.726100     80.021172   -0.0000739199
   25.726100     92.332122    0.0000399200

   33.076414    -92.332122   -0.0001227964
   33.076414    -80.021172    0.0000593856
   33.076414    -67.710222    0.0001867602
   33.076414    -55.399273    0.0002568383
   33.076414    -43.088323    0.0002718478
   33.076414    -30.777374    0.0002376620
   33.076414    -18.466424    0.0001630548
   33.076414     -6.155475    0.0000590789
   33.076414      6.155475   -0.0000615702
   33.076414     18.466424   -0.0001852820
   33.076414     30.777374   -0.0002983619
   33.076414     43.088323   -0.0003879165
   33.076414     55.399273   -0.0004426799
   33.076414     67.710222   -0.0004536033
   33.076414     80.021172   -0.0004139708
   33.076414     92.332122   -0.0003187375

   40.426728    -92.332122    0.0001841842
   40.426728    -80.021172    0.0003785043
   40.426728    -67.710222    0.0004939099
   40.426728    -55.399273    0.0005377174
   40.426728    -43.088323    0.0005130516
   40.426728    -30.777374    0.0004251409
   40.426728    -18.466424    0.0002834344
   40.426728     -6.155475    0.0001013034
   40.426728      6.155475   -0.0001053211
   40.426728     18.466424   -0.0003194424
   40.426728     30.777374   -0.0005241031
   40.426728     43.088323   -0.0007029953
   40.426728     55.399273   -0.0008408881
   40.426728     67.710222   -0.0009245949
   40.426728     80.021172   -0.0009456225
   40.426728     92.332122   -0.0009060541

   47.777042    -92.332122    0.0006331355
   47.777042    -80.021172    0.0008308376
   47.777042    -67.710222    0.0009163495
   47.777042    -55.399273    0.0009155435
   47.777042    -43.088323    0.0008329204
   47.777042    -30.777374    0.0006716273
   47.777042    -18.466424    0.0004408998
   47.777042     -6.155475    0.0001563988
   47.777042      6.155475   -0.0001624121
   47.777042     18.466424   -0.0004950269
   47.777042     30.777374   -0.0008212984
   47.777042     43.088323   -0.0011213089
   47.777042     55.399273   -0.0013748610
   47.777042     67.710222   -0.0015630664
   47.777042     80.021172   -0.0016758333
   47.777042     92.332122   -0.0017303784

   55.127356    -92.332122    0.0012104470
   55.127356    -80.021172    0.0013788917
   55.127356    -67.710222    0.0014388039
   55.127356    -55.399273    0.0013889426
   55.127356    -43.088323    0.0012318944
   55.127356    -30.777374    0.0009755783
   55.127356    -18.466424    0.0006334099
   55.127356     -6.155475    0.0002235853
   55.127356      6.155475   -0.0002321416
   55.127356     18.466424   -0.0007099021
   55.127356     30.777374   -0.0011851750
   55.127356     43.088323   -0.0016341537
   55.127356     55.399273   -0.0020349928
   55.127356     67.710222   -0.0023689911
   55.127356     80.021172   -0.0026218585
   55.127356     92.332122   -0.0027852993

