  -50.619018    -54.177403    0.0002496516
  -50.619018    -46.953749    0.0001938189
  -50.619018    -39.730095    0.0001426378
  -50.619018    -32.506442    0.0000976425
  -50.619018    -25.282788    0.0000601120
  -50.619018    -18.059134    0.0000310690
  -50.619018    -10.835481    0.0000112807
  -50.619018     -3.611827    0.0000012587
  -50.619018      3.611827    0.0000012587
  -50.619018     10.835481    0.0000112807
  -50.619018     18.059134    0.0000310690
  -50.619018     25.282788    0.0000601120
  -50.619018     32.506442    0.0000976425
  -50.619018     39.730095    0.0001426378
  -50.619018     46.953749    0.0001938189
  -50.619018     54.177403    0.0002496516

  -43.869816    -54.177403    0.0002050442
  -43.869816    -46.953749    0.0001589921
  -43.869816    -39.730095    0.0001168914
  -43.869816    -32.506442    0.0000799549
  -43.869816    -25.282788    0.0000491931
  -43.869816    -18.059134    0.0000254143
  -43.869816    -10.835481    0.0000092249
  -43.869816     -3.611827    0.0000010292
  -43.869816      3.611827    0.0000010292
  -43.869816     10.835481    0.0000092249
  -43.869816     18.059134    0.0000254143
  -43.869816     25.282788    0.0000491931
  -43.869816     32.506442    0.0000799549
  -43.869816     39.730095    0.0001168914
  -43.869816     46.953749    0.0001589921
  -43.869816     54.177403    0.0002050442

  -37.120613    -54.177403    0.0001575637
  -37.120613    -46.953749    0.0001220658
  -37.120613    -39.730095    0.0000896779
  -37.120613    -32.506442    0.0000613051
  -37.120613    -25.282788    0.0000377018
  -37.120613    -18.059134    0.0000194713
  -37.120613    -10.835481    0.0000070662
  -37.120613     -3.611827    0.0000007883
  -37.120613      3.611827    0.0000007883
  -37.120613     10.835481    0.0000070662
  -37.120613     18.059134    0.0000194713
  -37.120613     25.282788    0.0000377018
  -37.120613     32.506442    0.0000613051
  -37.120613     39.730095    0.0000896779
  -37.120613     46.953749    0.0001220658
  -37.120613     54.177403    0.0001575637

  -30.371411    -54.177403    0.0001114773
  -30.371411    -46.953749    0.0000863052
  -30.371411    -39.730095    0.0000633718
  -30.371411    -32.506442    0.0000433035
  -30.371411    -25.282788    0.0000266223
  -30.371411    -18.059134    0.0000137459
  -30.371411    -10.835481    0.0000049877
  -30.371411     -3.611827    0.0000005564
  -30.371411      3.611827    0.0000005564
  -30.371411     10.835481    0.0000049877
  -30.371411     18.059134    0.0000137459
  -30.371411     25.282788    0.0000266223
  -30.371411     32.506442    0.0000433035
  -30.371411     39.730095    0.0000633718
  -30.371411     46.953749    0.0000863052
  -30.371411     54.177403    0.0001114773

  -23.622208    -54.177403    0.0000703410
  -23.622208    -46.953749    0.0000544315
  -23.622208    -39.730095    0.0000399522
  -23.622208    -32.506442    0.0000272918
  -23.622208    -25.282788    0.0000167746
  -23.622208    -18.059134    0.0000086597
  -23.622208    -10.835481    0.0000031418
  -23.622208     -3.611827    0.0000003504
  -23.622208      3.611827    0.0000003504
  -23.622208     10.835481    0.0000031418
  -23.622208     18.059134    0.0000086597
  -23.622208     25.282788    0.0000167746
  -23.622208     32.506442    0.0000272918
  -23.622208     39.730095    0.0000399522
  -23.622208     46.953749    0.0000544315
  -23.622208     54.177403    0.0000703410

  -16.873006    -54.177403    0.0000369995
  -16.873006    -46.953749    0.0000286215
  -16.873006    -39.730095    0.0000210022
  -16.873006    -32.506442    0.0000143437
  -16.873006    -25.282788    0.0000088147
  -16.873006    -18.059134    0.0000045500
  -16.873006    -10.835481    0.0000016506
  -16.873006     -3.611827    0.0000001841
  -16.873006      3.611827    0.0000001841
  -16.873006     10.835481    0.0000016506
  -16.873006     18.059134    0.0000045500
  -16.873006     25.282788    0.0000088147
  -16.873006     32.506442    0.0000143437
  -16.873006     39.730095    0.0000210022
  -16.873006     46.953749    0.0000286215
  -16.873006     54.177403    0.0000369995

  -10.123804    -54.177403    0.0000135865
  -10.123804    -46.953749    0.0000105078
  -10.123804    -39.730095    0.0000077092
  -10.123804    -32.506442    0.0000052644
  -10.123804    -25.282788    0.0000032348
  -10.123804    -18.059134    0.0000016696
  -10.123804    -10.835481    0.0000006057
  -10.123804     -3.611827    0.0000000676
  -10.123804      3.611827    0.0000000676
  -10.123804     10.835481    0.0000006057
  -10.123804     18.059134    0.0000016696
  -10.123804     25.282788    0.0000032348
  -10.123804     32.506442    0.0000052644
  -10.123804     39.730095    0.0000077092
  -10.123804     46.953749    0.0000105078
  -10.123804     54.177403    0.0000135865

   -3.374601    -54.177403    0.0000015244
   -3.374601    -46.953749    0.0000011789
   -3.374601    -39.730095    0.0000008648
   -3.374601    -32.506442    0.0000005905
   -3.374601    -25.282788    0.0000003628
   -3.374601    -18.059134    0.0000001873
   -3.374601    -10.835481    0.0000000679
   -3.374601     -3.611827    0.0000000076
   -3.374601      3.611827    0.0000000076
   -3.374601     10.835481    0.0000000679
   -3.374601     18.059134    0.0000001873
   -3.374601     25.282788    0.0000003628
   -3.374601     32.506442    0.0000005905
   -3.374601     39.730095    0.0000008648
   -3.374601     46.953749    0.0000011789
   -3.374601     54.177403    0.0000015244

    3.374601    -54.177403    0.0000015244
    3.374601    -46.953749    0.0000011789
    3.374601    -39.730095    0.0000008648
    3.374601    -32.506442    0.0000005905
    3.374601    -25.282788    0.0000003628
    3.374601    -18.059134    0.0000001873
    3.374601    -10.835481    0.0000000679
    3.374601     -3.611827    0.0000000076
    3.374601      3.611827    0.0000000076
    3.374601     10.835481    0.0000000679
    3.374601     18.059134    0.0000001873
    3.374601     25.282788    0.0000003628
    3.374601     32.506442    0.0000005905
    3.374601     39.730095    0.0000008648
    3.374601     46.953749    0.0000011789
    3.374601     54.177403    0.0000015244

   10.123804    -54.177403    0.0000135865
   10.123804    -46.953749    0.0000105078
   10.123804    -39.730095    0.0000077092
   10.123804    -32.506442    0.0000052644
   10.123804    -25.282788    0.0000032348
   10.123804    -18.059134    0.0000016696
   10.123804    -10.835481    0.0000006057
   10.123804     -3.611827    0.0000000676
   10.123804      3.611827    0.0000000676
   10.123804     10.835481    0.0000006057
   10.123804     18.059134    0.0000016696
   10.123804     25.282788    0.0000032348
   10.123804     32.506442    0.0000052644
   10.123804     39.730095    0.0000077092
   10.123804     46.953749    0.0000105078
   10.123804     54.177403    0.0000135865

   16.873006    -54.177403    0.0000369995
   16.873006    -46.953749    0.0000286215
   16.873006    -39.730095    0.0000210022
   16.873006    -32.506442    0.0000143437
   16.873006    -25.282788    0.0000088147
   16.873006    -18.059134    0.0000045500
   16.873006    -10.835481    0.0000016506
   16.873006     -3.611827    0.0000001841
   16.873006      3.611827    0.0000001841
   16.873006     10.835481    0.0000016506
   16.873006     18.059134    0.0000045500
   16.873006     25.282788    0.0000088147
   16.873006     32.506442    0.0000143437
   16.873006     39.730095    0.0000210022
   16.873006     46.953749    0.0000286215
   16.873006     54.177403    0.0000369995

   23.622208    -54.177403    0.0000703410
   23.622208    -46.953749    0.0000544315
   23.622208    -39.730095    0.0000399522
   23.622208    -32.506442    0.0000272918
   23.622208    -25.282788    0.0000167746
   23.622208    -18.059134    0.0000086597
   23.622208    -10.835481    0.0000031418
   23.622208     -3.611827    0.0000003504
   23.622208      3.611827    0.0000003504
   23.622208     10.835481    0.0000031418
   23.622208     18.059134    0.0000086597
   23.622208     25.282788    0.0000167746
   23.622208     32.506442    0.0000272918
   23.622208     39.730095    0.0000399522
   23.622208     46.953749    0.0000544315
   23.622208     54.177403    0.0000703410

   30.371411    -54.177403    0.0001114773
   30.371411    -46.953749    0.0000863052
   30.371411    -39.730095    0.0000633718
   30.371411    -32.506442    0.0000433035
   30.371411    -25.282788    0.0000266223
   30.371411    -18.059134    0.0000137459
   30.371411    -10.835481    0.0000049877
   30.371411     -3.611827    0.0000005564
   30.371411      3.611827    0.0000005564
   30.371411     10.835481    0.0000049877
   30.371411     18.059134    0.0000137459
   30.371411     25.282788    0.0000266223
   30.371411     32.506442    0.0000433035
   30.371411     39.730095    0.0000633718
   30.371411     46.953749    0.0000863052
   30.371411     54.177403    0.0001114773

   37.120613    -54.177403    0.0001575637
   37.120613    -46.953749    0.0001220658
   37.120613    -39.730095    0.0000896779
   37.120613    -32.506442    0.0000613051
   37.120613    -25.282788    0.0000377018
   37.120613    -18.059134    0.0000194713
   37.120613    -10.835481    0.0000070662
   37.120613     -3.611827    0.0000007883
   37.120613      3.611827    0.0000007883
   37.120613     10.835481    0.0000070662
   37.120613     18.059134    0.0000194713
   37.120613     25.282788    0.0000377018
   37.120613     32.506442    0.0000613051
   37.120613     39.730095    0.0000896779
   37.120613     46.953749    0.0001220658
   37.120613     54.177403    0.0001575637

   43.869816    -54.177403    0.0002050442
   43.869816    -46.953749    0.0001589921
   43.869816    -39.730095    0.0001168914
   43.869816    -32.506442    0.0000799549
   43.869816    -25.282788    0.0000491931
   43.869816    -18.059134    0.0000254143
   43.869816    -10.835481    0.0000092249
   43.869816     -3.611827    0.0000010292
   43.869816      3.611827    0.0000010292
   43.869816     10.835481    0.0000092249
   43.869816     18.059134    0.0000254143
   43.869816     25.282788    0.0000491931
   43.869816     32.506442    0.0000799549
   43.869816     39.730095    0.0001168914
   43.869816     46.953749    0.0001589921
   43.869816     54.177403    0.0002050442

   50.619018    -54.177403    0.0002496516
   50.619018    -46.953749    0.0001938189
   50.619018    -39.730095    0.0001426378
   50.619018    -32.506442    0.0000976425
   50.619018    -25.282788    0.0000601120
   50.619018    -18.059134    0.0000310690
   50.619018    -10.835481    0.0000112807
   50.619018     -3.611827    0.0000012587
   50.619018      3.611827    0.0000012587
   50.619018     10.835481    0.0000112807
   50.619018     18.059134    0.0000310690
   50.619018     25.282788    0.0000601120
   50.619018     32.506442    0.0000976425
   50.619018     39.730095    0.0001426378
   50.619018     46.953749    0.0001938189
   50.619018     54.177403    0.0002496516

