  -38.681015    -48.902142    0.0750814371
  -38.681015    -42.381856    0.0687656317
  -38.681015    -35.861571    0.0633624792
  -38.681015    -29.341285    0.0588700638
  -38.681015    -22.821000    0.0552846504
  -38.681015    -16.300714    0.0526020714
  -38.681015     -9.780428    0.0508188368
  -38.681015     -3.260143    0.0499329664
  -38.681015      3.260143    0.0499445444
  -38.681015      9.780428    0.0508559973
  -38.681015     16.300714    0.0526720937
  -38.681015     22.821000    0.0553996665
  -38.681015     29.341285    0.0590470588
  -38.681015     35.861571    0.0636232908
  -38.681015     42.381856    0.0691369506
  -38.681015     48.902142    0.0755948068

  -33.523546    -48.902142    0.0623084656
  -33.523546    -42.381856    0.0559863249
  -33.523546    -35.861571    0.0505809904
  -33.523546    -29.341285    0.0460892271
  -33.523546    -22.821000    0.0425061569
  -33.523546    -16.300714    0.0398266462
  -33.523546     -9.780428    0.0380464155
  -33.523546     -3.260143    0.0371628717
  -33.523546      3.260143    0.0371756628
  -33.523546      9.780428    0.0380869558
  -33.523546     16.300714    0.0399014363
  -33.523546     22.821000    0.0426260312
  -33.523546     29.341285    0.0462693536
  -33.523546     35.861571    0.0508408711
  -33.523546     42.381856    0.0563497952
  -33.523546     48.902142    0.0628036949

  -28.366078    -48.902142    0.0515675761
  -28.366078    -42.381856    0.0452375255
  -28.366078    -35.861571    0.0398282478
  -28.366078    -29.341285    0.0353353111
  -28.366078    -22.821000    0.0317527922
  -28.366078    -16.300714    0.0290746641
  -28.366078     -9.780428    0.0272959053
  -28.366078     -3.260143    0.0264133326
  -28.366078      3.260143    0.0264261553
  -28.366078      9.780428    0.0273362535
  -28.366078     16.300714    0.0291481775
  -28.366078     22.821000    0.0318688702
  -28.366078     29.341285    0.0355071131
  -28.366078     35.861571    0.0400726930
  -28.366078     42.381856    0.0455752927
  -28.366078     48.902142    0.0520231042

  -23.208609    -48.902142    0.0427656254
  -23.208609    -42.381856    0.0364263252
  -23.208609    -35.861571    0.0310115563
  -23.208609    -29.341285    0.0265158173
  -23.208609    -22.821000    0.0229322425
  -23.208609    -16.300714    0.0202539884
  -23.208609     -9.780428    0.0184753440
  -23.208609     -3.260143    0.0175925627
  -23.208609      3.260143    0.0176044173
  -23.208609      9.780428    0.0185124776
  -23.208609     16.300714    0.0203211103
  -23.208609     22.821000    0.0230372013
  -23.208609     29.341285    0.0266696012
  -23.208609     35.861571    0.0312282929
  -23.208609     42.381856    0.0367232817
  -23.208609     48.902142    0.0431632082

  -18.051140    -48.902142    0.0358258412
  -18.051140    -42.381856    0.0294761951
  -18.051140    -35.861571    0.0240546077
  -18.051140    -29.341285    0.0195546405
  -18.051140    -22.821000    0.0159685922
  -18.051140    -16.300714    0.0132888847
  -18.051140     -9.780428    0.0115091740
  -18.051140     -3.260143    0.0106251817
  -18.051140      3.260143    0.0106352503
  -18.051140      9.780428    0.0115406202
  -18.051140     16.300714    0.0133454304
  -18.051140     22.821000    0.0160564402
  -18.051140     29.341285    0.0196824751
  -18.051140     35.861571    0.0242335941
  -18.051140     42.381856    0.0297199799
  -18.051140     48.902142    0.0361505520

  -12.893672    -48.902142    0.0306872094
  -12.893672    -42.381856    0.0243263728
  -12.893672    -35.861571    0.0188968677
  -12.893672    -29.341285    0.0143914557
  -12.893672    -22.821000    0.0108017111
  -12.893672    -16.300714    0.0081194079
  -12.893672     -9.780428    0.0063376300
  -12.893672     -3.260143    0.0054516029
  -12.893672      3.260143    0.0054592491
  -12.893672      9.780428    0.0063614654
  -12.893672     16.300714    0.0081621225
  -12.893672     22.821000    0.0108677883
  -12.893672     29.341285    0.0144871724
  -12.893672     35.861571    0.0190302939
  -12.893672     42.381856    0.0245073720
  -12.893672     48.902142    0.0309274384

   -7.736203    -48.902142    0.0273039840
   -7.736203    -42.381856    0.0209313722
   -7.736203    -35.861571    0.0154930859
   -7.736203    -29.341285    0.0109812279
   -7.736203    -22.821000    0.0073867643
   -7.736203    -16.300714    0.0047009120
   -7.736203     -9.780428    0.0029162481
   -7.736203     -3.260143    0.0020275423
   -7.736203      3.260143    0.0020323118
   -7.736203      9.780428    0.0029310989
   -7.736203     16.300714    0.0047274708
   -7.736203     22.821000    0.0074277421
   -7.736203     29.341285    0.0110404203
   -7.736203     35.861571    0.0155753730
   -7.736203     42.381856    0.0210427185
   -7.736203     48.902142    0.0274514385

   -2.578734    -48.902142    0.0256453190
   -2.578734    -42.381856    0.0192606156
   -2.578734    -35.861571    0.0138129274
   -2.578734    -29.341285    0.0092938441
   -2.578734    -22.821000    0.0056938442
   -2.578734    -16.300714    0.0030036823
   -2.578734     -9.780428    0.0012154986
   -2.578734     -3.260143    0.0003236512
   -2.578734      3.260143    0.0003252714
   -2.578734      9.780428    0.0012205404
   -2.578734     16.300714    0.0030126902
   -2.578734     22.821000    0.0057077254
   -2.578734     29.341285    0.0093138686
   -2.578734     35.861571    0.0138407283
   -2.578734     42.381856    0.0192981888
   -2.578734     48.902142    0.0256950233

    2.578734    -48.902142    0.0256950233
    2.578734    -42.381856    0.0192981888
    2.578734    -35.861571    0.0138407283
    2.578734    -29.341285    0.0093138686
    2.578734    -22.821000    0.0057077254
    2.578734    -16.300714    0.0030126902
    2.578734     -9.780428    0.0012205404
    2.578734     -3.260143    0.0003252714
    2.578734      3.260143    0.0003236512
    2.578734      9.780428    0.0012154986
    2.578734     16.300714    0.0030036823
    2.578734     22.821000    0.0056938442
    2.578734     29.341285    0.0092938441
    2.578734     35.861571    0.0138129274
    2.578734     42.381856    0.0192606156
    2.578734     48.902142    0.0256453190

    7.736203    -48.902142    0.0274514385
    7.736203    -42.381856    0.0210427185
    7.736203    -35.861571    0.0155753730
    7.736203    -29.341285    0.0110404203
    7.736203    -22.821000    0.0074277421
    7.736203    -16.300714    0.0047274708
    7.736203     -9.780428    0.0029310989
    7.736203     -3.260143    0.0020323118
    7.736203      3.260143    0.0020275423
    7.736203      9.780428    0.0029162481
    7.736203     16.300714    0.0047009120
    7.736203     22.821000    0.0073867643
    7.736203     29.341285    0.0109812279
    7.736203     35.861571    0.0154930859
    7.736203     42.381856    0.0209313722
    7.736203     48.902142    0.0273039840

   12.893672    -48.902142    0.0309274384
   12.893672    -42.381856    0.0245073720
   12.893672    -35.861571    0.0190302939
   12.893672    -29.341285    0.0144871724
   12.893672    -22.821000    0.0108677883
   12.893672    -16.300714    0.0081621225
   12.893672     -9.780428    0.0063614654
   12.893672     -3.260143    0.0054592491
   12.893672      3.260143    0.0054516029
   12.893672      9.780428    0.0063376300
   12.893672     16.300714    0.0081194079
   12.893672     22.821000    0.0108017111
   12.893672     29.341285    0.0143914557
   12.893672     35.861571    0.0188968677
   12.893672     42.381856    0.0243263728
   12.893672     48.902142    0.0306872094

   18.051140    -48.902142    0.0361505520
   18.051140    -42.381856    0.0297199799
   18.051140    -35.861571    0.0242335941
   18.051140    -29.341285    0.0196824751
   18.051140    -22.821000    0.0160564402
   18.051140    -16.300714    0.0133454304
   18.051140     -9.780428    0.0115406202
   18.051140     -3.260143    0.0106352503
   18.051140      3.260143    0.0106251817
   18.051140      9.780428    0.0115091740
   18.051140     16.300714    0.0132888847
   18.051140     22.821000    0.0159685922
   18.051140     29.341285    0.0195546405
   18.051140     35.861571    0.0240546077
   18.051140     42.381856    0.0294761951
   18.051140     48.902142    0.0358258412

   23.208609    -48.902142    0.0431632082
   23.208609    -42.381856    0.0367232817
   23.208609    -35.861571    0.0312282929
   23.208609    -29.341285    0.0266696012
   23.208609    -22.821000    0.0230372013
   23.208609    -16.300714    0.0203211103
   23.208609     -9.780428    0.0185124776
   23.208609     -3.260143    0.0176044173
   23.208609      3.260143    0.0175925627
   23.208609      9.780428    0.0184753440
   23.208609     16.300714    0.0202539884
   23.208609     22.821000    0.0229322425
   23.208609     29.341285    0.0265158173
   23.208609     35.861571    0.0310115563
   23.208609     42.381856    0.0364263252
   23.208609     48.902142    0.0427656254

   28.366078    -48.902142    0.0520231042
   28.366078    -42.381856    0.0455752927
   28.366078    -35.861571    0.0400726930
   28.366078    -29.341285    0.0355071131
   28.366078    -22.821000    0.0318688702
   28.366078    -16.300714    0.0291481775
   28.366078     -9.780428    0.0273362535
   28.366078     -3.260143    0.0264261553
   28.366078      3.260143    0.0264133326
   28.366078      9.780428    0.0272959053
   28.366078     16.300714    0.0290746641
   28.366078     22.821000    0.0317527922
   28.366078     29.341285    0.0353353111
   28.366078     35.861571    0.0398282478
   28.366078     42.381856    0.0452375255
   28.366078     48.902142    0.0515675761

   33.523546    -48.902142    0.0628036949
   33.523546    -42.381856    0.0563497952
   33.523546    -35.861571    0.0508408711
   33.523546    -29.341285    0.0462693536
   33.523546    -22.821000    0.0426260312
   33.523546    -16.300714    0.0399014363
   33.523546     -9.780428    0.0380869558
   33.523546     -3.260143    0.0371756628
   33.523546      3.260143    0.0371628717
   33.523546      9.780428    0.0380464155
   33.523546     16.300714    0.0398266462
   33.523546     22.821000    0.0425061569
   33.523546     29.341285    0.0460892271
   33.523546     35.861571    0.0505809904
   33.523546     42.381856    0.0559863249
   33.523546     48.902142    0.0623084656

   38.681015    -48.902142    0.0755948068
   38.681015    -42.381856    0.0691369506
   38.681015    -35.861571    0.0636232908
   38.681015    -29.341285    0.0590470588
   38.681015    -22.821000    0.0553996665
   38.681015    -16.300714    0.0526720937
   38.681015     -9.780428    0.0508559973
   38.681015     -3.260143    0.0499445444
   38.681015      3.260143    0.0499329664
   38.681015      9.780428    0.0508188368
   38.681015     16.300714    0.0526020714
   38.681015     22.821000    0.0552846504
   38.681015     29.341285    0.0588700638
   38.681015     35.861571    0.0633624792
   38.681015     42.381856    0.0687656317
   38.681015     48.902142    0.0750814371

