  -34.795266    -92.332122   -0.0012400540
  -34.795266    -80.021172   -0.0009311108
  -34.795266    -67.710222   -0.0006664646
  -34.795266    -55.399273   -0.0004460405
  -34.795266    -43.088323   -0.0002697760
  -34.795266    -30.777374   -0.0001376213
  -34.795266    -18.466424   -0.0000495390
  -34.795266     -6.155475   -0.0000055041
  -34.795266      6.155475   -0.0000055041
  -34.795266     18.466424   -0.0000495390
  -34.795266     30.777374   -0.0001376213
  -34.795266     43.088323   -0.0002697760
  -34.795266     55.399273   -0.0004460405
  -34.795266     67.710222   -0.0006664646
  -34.795266     80.021172   -0.0009311108
  -34.795266     92.332122   -0.0012400540

  -30.155897    -92.332122   -0.0008603383
  -30.155897    -80.021172   -0.0006456128
  -30.155897    -67.710222   -0.0004618772
  -30.155897    -55.399273   -0.0003089861
  -30.155897    -43.088323   -0.0001868187
  -30.155897    -30.777374   -0.0000952778
  -30.155897    -18.466424   -0.0000342909
  -30.155897     -6.155475   -0.0000038096
  -30.155897      6.155475   -0.0000038096
  -30.155897     18.466424   -0.0000342909
  -30.155897     30.777374   -0.0000952778
  -30.155897     43.088323   -0.0001868187
  -30.155897     55.399273   -0.0003089861
  -30.155897     67.710222   -0.0004618772
  -30.155897     80.021172   -0.0006456128
  -30.155897     92.332122   -0.0008603383

  -25.516528    -92.332122   -0.0005723605
  -25.516528    -80.021172   -0.0004292544
  -25.516528    -67.710222   -0.0003069359
  -25.516528    -55.399273   -0.0002052463
  -25.516528    -43.088323   -0.0001240533
  -25.516528    -30.777374   -0.0000632512
  -25.516528    -18.466424   -0.0000227605
  -25.516528     -6.155475   -0.0000025284
  -25.516528      6.155475   -0.0000025284
  -25.516528     18.466424   -0.0000227605
  -25.516528     30.777374   -0.0000632512
  -25.516528     43.088323   -0.0001240533
  -25.516528     55.399273   -0.0002052463
  -25.516528     67.710222   -0.0003069359
  -25.516528     80.021172   -0.0004292544
  -25.516528     92.332122   -0.0005723605

  -20.877160    -92.332122   -0.0003588161
  -20.877160    -80.021172   -0.0002689491
  -20.877160    -67.710222   -0.0001922165
  -20.877160    -55.399273   -0.0001284816
  -20.877160    -43.088323   -0.0000776304
  -20.877160    -30.777374   -0.0000395717
  -20.877160    -18.466424   -0.0000142373
  -20.877160     -6.155475   -0.0000015814
  -20.877160      6.155475   -0.0000015814
  -20.877160     18.466424   -0.0000142373
  -20.877160     30.777374   -0.0000395717
  -20.877160     43.088323   -0.0000776304
  -20.877160     55.399273   -0.0001284816
  -20.877160     67.710222   -0.0001922165
  -20.877160     80.021172   -0.0002689491
  -20.877160     92.332122   -0.0003588161

  -16.237791    -92.332122   -0.0002052850
  -16.237791    -80.021172   -0.0001537915
  -16.237791    -67.710222   -0.0001098653
  -16.237791    -55.399273   -0.0000734091
  -16.237791    -43.088323   -0.0000443417
  -16.237791    -30.777374   -0.0000225979
  -16.237791    -18.466424   -0.0000081292
  -16.237791     -6.155475   -0.0000009029
  -16.237791      6.155475   -0.0000009029
  -16.237791     18.466424   -0.0000081292
  -16.237791     30.777374   -0.0000225979
  -16.237791     43.088323   -0.0000443417
  -16.237791     55.399273   -0.0000734091
  -16.237791     67.710222   -0.0001098653
  -16.237791     80.021172   -0.0001537915
  -16.237791     92.332122   -0.0002052850

  -11.598422    -92.332122   -0.0001002309
  -11.598422    -80.021172   -0.0000750571
  -11.598422    -67.710222   -0.0000535995
  -11.598422    -55.399273   -0.0000358028
  -11.598422    -43.088323   -0.0000216208
  -11.598422    -30.777374   -0.0000110166
  -11.598422    -18.466424   -0.0000039625
  -11.598422     -6.155475   -0.0000004401
  -11.598422      6.155475   -0.0000004401
  -11.598422     18.466424   -0.0000039625
  -11.598422     30.777374   -0.0000110166
  -11.598422     43.088323   -0.0000216208
  -11.598422     55.399273   -0.0000358028
  -11.598422     67.710222   -0.0000535995
  -11.598422     80.021172   -0.0000750571
  -11.598422     92.332122   -0.0001002309

   -6.959053    -92.332122   -0.0000350016
   -6.959053    -80.021172   -0.0000262026
   -6.959053    -67.710222   -0.0000187068
   -6.959053    -55.399273   -0.0000124928
   -6.959053    -43.088323   -0.0000075429
   -6.959053    -30.777374   -0.0000038429
   -6.959053    -18.466424   -0.0000013821
   -6.959053     -6.155475   -0.0000001535
   -6.959053      6.155475   -0.0000001535
   -6.959053     18.466424   -0.0000013821
   -6.959053     30.777374   -0.0000038429
   -6.959053     43.088323   -0.0000075429
   -6.959053     55.399273   -0.0000124928
   -6.959053     67.710222   -0.0000187068
   -6.959053     80.021172   -0.0000262026
   -6.959053     92.332122   -0.0000350016

   -2.319684    -92.332122   -0.0000038290
   -2.319684    -80.021172   -0.0000028660
   -2.319684    -67.710222   -0.0000020458
   -2.319684    -55.399273   -0.0000013661
   -2.319684    -43.088323   -0.0000008247
   -2.319684    -30.777374   -0.0000004201
   -2.319684    -18.466424   -0.0000001511
   -2.319684     -6.155475   -0.0000000168
   -2.319684      6.155475   -0.0000000168
   -2.319684     18.466424   -0.0000001511
   -2.319684     30.777374   -0.0000004201
   -2.319684     43.088323   -0.0000008247
   -2.319684     55.399273   -0.0000013661
   -2.319684     67.710222   -0.0000020458
   -2.319684     80.021172   -0.0000028660
   -2.319684     92.332122   -0.0000038290

    2.319684    -92.332122   -0.0000038290
    2.319684    -80.021172   -0.0000028660
    2.319684    -67.710222   -0.0000020458
    2.319684    -55.399273   -0.0000013661
    2.319684    -43.088323   -0.0000008247
    2.319684    -30.777374   -0.0000004201
    2.319684    -18.466424   -0.0000001511
    2.319684     -6.155475   -0.0000000168
    2.319684      6.155475   -0.0000000168
    2.319684     18.466424   -0.0000001511
    2.319684     30.777374   -0.0000004201
    2.319684     43.088323   -0.0000008247
    2.319684     55.399273   -0.0000013661
    2.319684     67.710222   -0.0000020458
    2.319684     80.021172   -0.0000028660
    2.319684     92.332122   -0.0000038290

    6.959053    -92.332122   -0.0000350016
    6.959053    -80.021172   -0.0000262026
    6.959053    -67.710222   -0.0000187068
    6.959053    -55.399273   -0.0000124928
    6.959053    -43.088323   -0.0000075429
    6.959053    -30.777374   -0.0000038429
    6.959053    -18.466424   -0.0000013821
    6.959053     -6.155475   -0.0000001535
    6.959053      6.155475   -0.0000001535
    6.959053     18.466424   -0.0000013821
    6.959053     30.777374   -0.0000038429
    6.959053     43.088323   -0.0000075429
    6.959053     55.399273   -0.0000124928
    6.959053     67.710222   -0.0000187068
    6.959053     80.021172   -0.0000262026
    6.959053     92.332122   -0.0000350016

   11.598422    -92.332122   -0.0001002309
   11.598422    -80.021172   -0.0000750571
   11.598422    -67.710222   -0.0000535995
   11.598422    -55.399273   -0.0000358028
   11.598422    -43.088323   -0.0000216208
   11.598422    -30.777374   -0.0000110166
   11.598422    -18.466424   -0.0000039625
   11.598422     -6.155475   -0.0000004401
   11.598422      6.155475   -0.0000004401
   11.598422     18.466424   -0.0000039625
   11.598422     30.777374   -0.0000110166
   11.598422     43.088323   -0.0000216208
   11.598422     55.399273   -0.0000358028
   11.598422     67.710222   -0.0000535995
   11.598422     80.021172   -0.0000750571
   11.598422     92.332122   -0.0001002309

   16.237791    -92.332122   -0.0002052850
   16.237791    -80.021172   -0.0001537915
   16.237791    -67.710222   -0.0001098653
   16.237791    -55.399273   -0.0000734091
   16.237791    -43.088323   -0.0000443417
   16.237791    -30.777374   -0.0000225979
   16.237791    -18.466424   -0.0000081292
   16.237791     -6.155475   -0.0000009029
   16.237791      6.155475   -0.0000009029
   16.237791     18.466424   -0.0000081292
   16.237791     30.777374   -0.0000225979
   16.237791     43.088323   -0.0000443417
   16.237791     55.399273   -0.0000734091
   16.237791     67.710222   -0.0001098653
   16.237791     80.021172   -0.0001537915
   16.237791     92.332122   -0.0002052850

   20.877160    -92.332122   -0.0003588161
   20.877160    -80.021172   -0.0002689491
   20.877160    -67.710222   -0.0001922165
   20.877160    -55.399273   -0.0001284816
   20.877160    -43.088323   -0.0000776304
   20.877160    -30.777374   -0.0000395717
   20.877160    -18.466424   -0.0000142373
   20.877160     -6.155475   -0.0000015814
   20.877160      6.155475   -0.0000015814
   20.877160     18.466424   -0.0000142373
   20.877160     30.777374   -0.0000395717
   20.877160     43.088323   -0.0000776304
   20.877160     55.399273   -0.0001284816
   20.877160     67.710222   -0.0001922165
   20.877160     80.021172   -0.0002689491
   20.877160     92.332122   -0.0003588161

   25.516528    -92.332122   -0.0005723605
   25.516528    -80.021172   -0.0004292544
   25.516528    -67.710222   -0.0003069359
   25.516528    -55.399273   -0.0002052463
   25.516528    -43.088323   -0.0001240533
   25.516528    -30.777374   -0.0000632512
   25.516528    -18.466424   -0.0000227605
   25.516528     -6.155475   -0.0000025284
   25.516528      6.155475   -0.0000025284
   25.516528     18.466424   -0.0000227605
   25.516528     30.777374   -0.0000632512
   25.516528     43.088323   -0.0001240533
   25.516528     55.399273   -0.0002052463
   25.516528     67.710222   -0.0003069359
   25.516528     80.021172   -0.0004292544
   25.516528     92.332122   -0.0005723605

   30.155897    -92.332122   -0.0008603383
   30.155897    -80.021172   -0.0006456128
   30.155897    -67.710222   -0.0004618772
   30.155897    -55.399273   -0.0003089861
   30.155897    -43.088323   -0.0001868187
   30.155897    -30.777374   -0.0000952778
   30.155897    -18.466424   -0.0000342909
   30.155897     -6.155475   -0.0000038096
   30.155897      6.155475   -0.0000038096
   30.155897     18.466424   -0.0000342909
   30.155897     30.777374   -0.0000952778
   30.155897     43.088323   -0.0001868187
   30.155897     55.399273   -0.0003089861
   30.155897     67.710222   -0.0004618772
   30.155897     80.021172   -0.0006456128
   30.155897     92.332122   -0.0008603383

   34.795266    -92.332122   -0.0012400540
   34.795266    -80.021172   -0.0009311108
   34.795266    -67.710222   -0.0006664646
   34.795266    -55.399273   -0.0004460405
   34.795266    -43.088323   -0.0002697760
   34.795266    -30.777374   -0.0001376213
   34.795266    -18.466424   -0.0000495390
   34.795266     -6.155475   -0.0000055041
   34.795266      6.155475   -0.0000055041
   34.795266     18.466424   -0.0000495390
   34.795266     30.777374   -0.0001376213
   34.795266     43.088323   -0.0002697760
   34.795266     55.399273   -0.0004460405
   34.795266     67.710222   -0.0006664646
   34.795266     80.021172   -0.0009311108
   34.795266     92.332122   -0.0012400540

