  -62.630025    -91.194683    0.0250721591
  -62.630025    -79.035392    0.0230871103
  -62.630025    -66.876101    0.0214743798
  -62.630025    -54.716810    0.0201929054
  -62.630025    -42.557519    0.0192085566
  -62.630025    -30.398228    0.0184940862
  -62.630025    -18.238937    0.0180290921
  -62.630025     -6.079646    0.0177999890
  -62.630025      6.079646    0.0177999890
  -62.630025     18.238937    0.0180290921
  -62.630025     30.398228    0.0184940862
  -62.630025     42.557519    0.0192085566
  -62.630025     54.716810    0.0201929054
  -62.630025     66.876101    0.0214743798
  -62.630025     79.035392    0.0230871103
  -62.630025     91.194683    0.0250721591

  -54.279355    -91.194683    0.0203258658
  -54.279355    -79.035392    0.0183677455
  -54.279355    -66.876101    0.0167791617
  -54.279355    -54.716810    0.0155185619
  -54.279355    -42.557519    0.0145514058
  -54.279355    -30.398228    0.0138501179
  -54.279355    -18.238937    0.0133940494
  -54.279355     -6.079646    0.0131694503
  -54.279355      6.079646    0.0131694503
  -54.279355     18.238937    0.0133940494
  -54.279355     30.398228    0.0138501179
  -54.279355     42.557519    0.0145514058
  -54.279355     54.716810    0.0155185619
  -54.279355     66.876101    0.0167791617
  -54.279355     79.035392    0.0183677455
  -54.279355     91.194683    0.0203258658

  -45.928685    -91.194683    0.0163452741
  -45.928685    -79.035392    0.0144125074
  -45.928685    -66.876101    0.0128465135
  -45.928685    -54.716810    0.0116053164
  -45.928685    -42.557519    0.0106540455
  -45.928685    -30.398228    0.0099648762
  -45.928685    -18.238937    0.0095169818
  -45.928685     -6.079646    0.0092964977
  -45.928685      6.079646    0.0092964977
  -45.928685     18.238937    0.0095169818
  -45.928685     30.398228    0.0099648762
  -45.928685     42.557519    0.0106540455
  -45.928685     54.716810    0.0116053164
  -45.928685     66.876101    0.0128465135
  -45.928685     79.035392    0.0144125074
  -45.928685     91.194683    0.0163452741

  -37.578015    -91.194683    0.0130975671
  -37.578015    -79.035392    0.0111874867
  -37.578015    -66.876101    0.0096415221
  -37.578015    -54.716810    0.0084173995
  -37.578015    -42.557519    0.0074800239
  -37.578015    -30.398228    0.0068014062
  -37.578015    -18.238937    0.0063606057
  -37.578015     -6.079646    0.0061436858
  -37.578015      6.079646    0.0061436858
  -37.578015     18.238937    0.0063606057
  -37.578015     30.398228    0.0068014062
  -37.578015     42.557519    0.0074800239
  -37.578015     54.716810    0.0084173995
  -37.578015     66.876101    0.0096415221
  -37.578015     79.035392    0.0111874867
  -37.578015     91.194683    0.0130975671

  -29.227345    -91.194683    0.0105527150
  -29.227345    -79.035392    0.0086616311
  -29.227345    -66.876101    0.0071322217
  -29.227345    -54.716810    0.0059220690
  -29.227345    -42.557519    0.0049959731
  -29.227345    -30.398228    0.0043258713
  -29.227345    -18.238937    0.0038907729
  -29.227345     -6.079646    0.0036767114
  -29.227345      6.079646    0.0036767114
  -29.227345     18.238937    0.0038907729
  -29.227345     30.398228    0.0043258713
  -29.227345     42.557519    0.0049959731
  -29.227345     54.716810    0.0059220690
  -29.227345     66.876101    0.0071322217
  -29.227345     79.035392    0.0086616311
  -29.227345     91.194683    0.0105527150

  -20.876675    -91.194683    0.0086835115
  -20.876675    -79.035392    0.0068068132
  -20.876675    -66.876101    0.0052896792
  -20.876675    -54.716810    0.0040897090
  -20.876675    -42.557519    0.0031717239
  -20.876675    -30.398228    0.0025076825
  -20.876675    -18.238937    0.0020766130
  -20.876675     -6.079646    0.0018645623
  -20.876675      6.079646    0.0018645623
  -20.876675     18.238937    0.0020766130
  -20.876675     30.398228    0.0025076825
  -20.876675     42.557519    0.0031717239
  -20.876675     54.716810    0.0040897090
  -20.876675     66.876101    0.0052896792
  -20.876675     79.035392    0.0068068132
  -20.876675     91.194683    0.0086835115

  -12.526005    -91.194683    0.0074655803
  -12.526005    -79.035392    0.0055978641
  -12.526005    -66.876101    0.0040880429
  -12.526005    -54.716810    0.0028938910
  -12.526005    -42.557519    0.0019803783
  -12.526005    -30.398228    0.0013195841
  -12.526005    -18.238937    0.0008906280
  -12.526005     -6.079646    0.0006796185
  -12.526005      6.079646    0.0006796185
  -12.526005     18.238937    0.0008906280
  -12.526005     30.398228    0.0013195841
  -12.526005     42.557519    0.0019803783
  -12.526005     54.716810    0.0028938910
  -12.526005     66.876101    0.0040880429
  -12.526005     79.035392    0.0055978641
  -12.526005     91.194683    0.0074655803

   -4.175335    -91.194683    0.0068773527
   -4.175335    -79.035392    0.0050125719
   -4.175335    -66.876101    0.0035045524
   -4.175335    -54.716810    0.0023113935
   -4.175335    -42.557519    0.0013983398
   -4.175335    -30.398228    0.0007376929
   -4.175335    -18.238937    0.0003087407
   -4.175335     -6.079646    0.0000977049
   -4.175335      6.079646    0.0000977049
   -4.175335     18.238937    0.0003087407
   -4.175335     30.398228    0.0007376929
   -4.175335     42.557519    0.0013983398
   -4.175335     54.716810    0.0023113935
   -4.175335     66.876101    0.0035045524
   -4.175335     79.035392    0.0050125719
   -4.175335     91.194683    0.0068773527

    4.175335    -91.194683    0.0069000165
    4.175335    -79.035392    0.0050316461
    4.175335    -66.876101    0.0035195125
    4.175335    -54.716810    0.0023221831
    4.175335    -42.557519    0.0014053015
    4.175335    -30.398228    0.0007414942
    4.175335    -18.238937    0.0003102964
    4.175335     -6.079646    0.0000980959
    4.175335      6.079646    0.0000980959
    4.175335     18.238937    0.0003102964
    4.175335     30.398228    0.0007414942
    4.175335     42.557519    0.0014053015
    4.175335     54.716810    0.0023221831
    4.175335     66.876101    0.0035195125
    4.175335     79.035392    0.0050316461
    4.175335     91.194683    0.0069000165

   12.526005    -91.194683    0.0075174347
   12.526005    -79.035392    0.0056386463
   12.526005    -66.876101    0.0041162280
   12.526005    -54.716810    0.0029093551
   12.526005    -42.557519    0.0019841922
   12.526005    -30.398228    0.0013137924
   12.526005    -18.238937    0.0008780163
   12.526005     -6.079646    0.0006634714
   12.526005      6.079646    0.0006634714
   12.526005     18.238937    0.0008780163
   12.526005     30.398228    0.0013137924
   12.526005     42.557519    0.0019841922
   12.526005     54.716810    0.0029093551
   12.526005     66.876101    0.0041162280
   12.526005     79.035392    0.0056386463
   12.526005     91.194683    0.0075174347

   20.876675    -91.194683    0.0087160359
   20.876675    -79.035392    0.0068198767
   20.876675    -66.876101    0.0052809021
   20.876675    -54.716810    0.0040590344
   20.876675    -42.557519    0.0031210798
   20.876675    -30.398228    0.0024406164
   20.876675    -18.238937    0.0019979054
   20.876675     -6.079646    0.0017798248
   20.876675      6.079646    0.0017798248
   20.876675     18.238937    0.0019979054
   20.876675     30.398228    0.0024406164
   20.876675     42.557519    0.0031210798
   20.876675     54.716810    0.0040590344
   20.876675     66.876101    0.0052809021
   20.876675     79.035392    0.0068198767
   20.876675     91.194683    0.0087160359

   29.227345    -91.194683    0.0104846751
   29.227345    -79.035392    0.0085642460
   29.227345    -66.876101    0.0070024966
   29.227345    -54.716810    0.0057602377
   29.227345    -42.557519    0.0048050335
   29.227345    -30.398228    0.0041110809
   29.227345    -18.238937    0.0036591123
   29.227345     -6.079646    0.0034363232
   29.227345      6.079646    0.0034363232
   29.227345     18.238937    0.0036591123
   29.227345     30.398228    0.0041110809
   29.227345     42.557519    0.0048050335
   29.227345     54.716810    0.0057602377
   29.227345     66.876101    0.0070024966
   29.227345     79.035392    0.0085642460
   29.227345     91.194683    0.0104846751

   37.578015    -91.194683    0.0128144657
   37.578015    -79.035392    0.0108630914
   37.578015    -66.876101    0.0092725552
   37.578015    -54.716810    0.0080046940
   37.578015    -42.557519    0.0070279422
   37.578015    -30.398228    0.0063172027
   37.578015    -18.238937    0.0058537430
   37.578015     -6.079646    0.0056251180
   37.578015      6.079646    0.0056251180
   37.578015     18.238937    0.0058537430
   37.578015     30.398228    0.0063172027
   37.578015     42.557519    0.0070279422
   37.578015     54.716810    0.0080046940
   37.578015     66.876101    0.0092725552
   37.578015     79.035392    0.0108630914
   37.578015     91.194683    0.0128144657

   45.928685    -91.194683    0.0156985818
   45.928685    -79.035392    0.0137099694
   45.928685    -66.876101    0.0120849884
   45.928685    -54.716810    0.0107866274
   45.928685    -42.557519    0.0097842926
   45.928685    -30.398228    0.0090536720
   45.928685    -18.238937    0.0085766265
   45.928685     -6.079646    0.0083411088
   45.928685      6.079646    0.0083411088
   45.928685     18.238937    0.0085766265
   45.928685     30.398228    0.0090536720
   45.928685     42.557519    0.0097842926
   45.928685     54.716810    0.0107866274
   45.928685     66.876101    0.0120849884
   45.928685     79.035392    0.0137099694
   45.928685     91.194683    0.0156985818

   54.279355    -91.194683    0.0191320314
   54.279355    -79.035392    0.0171004106
   54.279355    -66.876101    0.0154358216
   54.279355    -54.716810    0.0141024987
   54.279355    -42.557519    0.0130709033
   54.279355    -30.398228    0.0123175790
   54.279355    -18.238937    0.0118250347
   54.279355     -6.079646    0.0115816584
   54.279355      6.079646    0.0115816584
   54.279355     18.238937    0.0118250347
   54.279355     30.398228    0.0123175790
   54.279355     42.557519    0.0130709033
   54.279355     54.716810    0.0141024987
   54.279355     66.876101    0.0154358216
   54.279355     79.035392    0.0171004106
   54.279355     91.194683    0.0191320314

   62.630025    -91.194683    0.0231114012
   62.630025    -79.035392    0.0210316403
   62.630025    -66.876101    0.0193229053
   62.630025    -54.716810    0.0179507078
   62.630025    -42.557519    0.0168866182
   62.630025    -30.398228    0.0161080960
   62.630025    -18.238937    0.0155983545
   62.630025     -6.079646    0.0153462590
   62.630025      6.079646    0.0153462590
   62.630025     18.238937    0.0155983545
   62.630025     30.398228    0.0161080960
   62.630025     42.557519    0.0168866182
   62.630025     54.716810    0.0179507078
   62.630025     66.876101    0.0193229053
   62.630025     79.035392    0.0210316403
   62.630025     91.194683    0.0231114012

