  -91.194683   -100.911229    0.0014553791
  -91.194683    -87.456398    0.0011302796
  -91.194683    -74.001568    0.0008332490
  -91.194683    -60.546737    0.0005717520
  -91.194683    -47.091907    0.0003528555
  -91.194683    -33.637076    0.0001827669
  -91.194683    -20.182246    0.0000664649
  -91.194683     -6.727415    0.0000074225
  -91.194683      6.727415    0.0000074225
  -91.194683     20.182246    0.0000664649
  -91.194683     33.637076    0.0001827669
  -91.194683     47.091907    0.0003528555
  -91.194683     60.546737    0.0005717520
  -91.194683     74.001568    0.0008332490
  -91.194683     87.456398    0.0011302796
  -91.194683    100.911229    0.0014553791

  -79.035392   -100.911229    0.0011102650
  -79.035392    -87.456398    0.0008621327
  -79.035392    -74.001568    0.0006354681
  -79.035392    -60.546737    0.0004359722
  -79.035392    -47.091907    0.0002690220
  -79.035392    -33.637076    0.0001393285
  -79.035392    -20.182246    0.0000506642
  -79.035392     -6.727415    0.0000056577
  -79.035392      6.727415    0.0000056577
  -79.035392     20.182246    0.0000506642
  -79.035392     33.637076    0.0001393285
  -79.035392     47.091907    0.0002690220
  -79.035392     60.546737    0.0004359722
  -79.035392     74.001568    0.0006354681
  -79.035392     87.456398    0.0008621327
  -79.035392    100.911229    0.0011102650

  -66.876101   -100.911229    0.0008054214
  -66.876101    -87.456398    0.0006253181
  -66.876101    -74.001568    0.0004608730
  -66.876101    -60.546737    0.0003161745
  -66.876101    -47.091907    0.0001950959
  -66.876101    -33.637076    0.0001010414
  -66.876101    -20.182246    0.0000367419
  -66.876101     -6.727415    0.0000041030
  -66.876101      6.727415    0.0000041030
  -66.876101     20.182246    0.0000367419
  -66.876101     33.637076    0.0001010414
  -66.876101     47.091907    0.0001950959
  -66.876101     60.546737    0.0003161745
  -66.876101     74.001568    0.0004608730
  -66.876101     87.456398    0.0006253181
  -66.876101    100.911229    0.0008054214

  -54.716810   -100.911229    0.0005450206
  -54.716810    -87.456398    0.0004230792
  -54.716810    -74.001568    0.0003118048
  -54.716810    -60.546737    0.0002139135
  -54.716810    -47.091907    0.0001320028
  -54.716810    -33.637076    0.0000683692
  -54.716810    -20.182246    0.0000248625
  -54.716810     -6.727415    0.0000027765
  -54.716810      6.727415    0.0000027765
  -54.716810     20.182246    0.0000248625
  -54.716810     33.637076    0.0000683692
  -54.716810     47.091907    0.0001320028
  -54.716810     60.546737    0.0002139135
  -54.716810     74.001568    0.0003118048
  -54.716810     87.456398    0.0004230792
  -54.716810    100.911229    0.0005450206

  -42.557519   -100.911229    0.0003325361
  -42.557519    -87.456398    0.0002580984
  -42.557519    -74.001568    0.0001902128
  -42.557519    -60.546737    0.0001305027
  -42.557519    -47.091907    0.0000805383
  -42.557519    -33.637076    0.0000417175
  -42.557519    -20.182246    0.0000151716
  -42.557519     -6.727415    0.0000016944
  -42.557519      6.727415    0.0000016944
  -42.557519     20.182246    0.0000151716
  -42.557519     33.637076    0.0000417175
  -42.557519     47.091907    0.0000805383
  -42.557519     60.546737    0.0001305027
  -42.557519     74.001568    0.0001902128
  -42.557519     87.456398    0.0002580984
  -42.557519    100.911229    0.0003325361

  -30.398228   -100.911229    0.0001707448
  -30.398228    -87.456398    0.0001325084
  -30.398228    -74.001568    0.0000976557
  -30.398228    -60.546737    0.0000670047
  -30.398228    -47.091907    0.0000413549
  -30.398228    -33.637076    0.0000214231
  -30.398228    -20.182246    0.0000077916
  -30.398228     -6.727415    0.0000008702
  -30.398228      6.727415    0.0000008702
  -30.398228     20.182246    0.0000077916
  -30.398228     33.637076    0.0000214231
  -30.398228     47.091907    0.0000413549
  -30.398228     60.546737    0.0000670047
  -30.398228     74.001568    0.0000976557
  -30.398228     87.456398    0.0001325084
  -30.398228    100.911229    0.0001707448

  -18.238937   -100.911229    0.0000617281
  -18.238937    -87.456398    0.0000479009
  -18.238937    -74.001568    0.0000353020
  -18.238937    -60.546737    0.0000242231
  -18.238937    -47.091907    0.0000149515
  -18.238937    -33.637076    0.0000077458
  -18.238937    -20.182246    0.0000028173
  -18.238937     -6.727415    0.0000003147
  -18.238937      6.727415    0.0000003147
  -18.238937     20.182246    0.0000028173
  -18.238937     33.637076    0.0000077458
  -18.238937     47.091907    0.0000149515
  -18.238937     60.546737    0.0000242231
  -18.238937     74.001568    0.0000353020
  -18.238937     87.456398    0.0000479009
  -18.238937    100.911229    0.0000617281

   -6.079646   -100.911229    0.0000068731
   -6.079646    -87.456398    0.0000053333
   -6.079646    -74.001568    0.0000039306
   -6.079646    -60.546737    0.0000026971
   -6.079646    -47.091907    0.0000016648
   -6.079646    -33.637076    0.0000008625
   -6.079646    -20.182246    0.0000003137
   -6.079646     -6.727415    0.0000000350
   -6.079646      6.727415    0.0000000350
   -6.079646     20.182246    0.0000003137
   -6.079646     33.637076    0.0000008625
   -6.079646     47.091907    0.0000016648
   -6.079646     60.546737    0.0000026971
   -6.079646     74.001568    0.0000039306
   -6.079646     87.456398    0.0000053333
   -6.079646    100.911229    0.0000068731

    6.079646   -100.911229    0.0000068731
    6.079646    -87.456398    0.0000053333
    6.079646    -74.001568    0.0000039306
    6.079646    -60.546737    0.0000026971
    6.079646    -47.091907    0.0000016648
    6.079646    -33.637076    0.0000008625
    6.079646    -20.182246    0.0000003137
    6.079646     -6.727415    0.0000000350
    6.079646      6.727415    0.0000000350
    6.079646     20.182246    0.0000003137
    6.079646     33.637076    0.0000008625
    6.079646     47.091907    0.0000016648
    6.079646     60.546737    0.0000026971
    6.079646     74.001568    0.0000039306
    6.079646     87.456398    0.0000053333
    6.079646    100.911229    0.0000068731

   18.238937   -100.911229    0.0000617281
   18.238937    -87.456398    0.0000479009
   18.238937    -74.001568    0.0000353020
   18.238937    -60.546737    0.0000242231
   18.238937    -47.091907    0.0000149515
   18.238937    -33.637076    0.0000077458
   18.238937    -20.182246    0.0000028173
   18.238937     -6.727415    0.0000003147
   18.238937      6.727415    0.0000003147
   18.238937     20.182246    0.0000028173
   18.238937     33.637076    0.0000077458
   18.238937     47.091907    0.0000149515
   18.238937     60.546737    0.0000242231
   18.238937     74.001568    0.0000353020
   18.238937     87.456398    0.0000479009
   18.238937    100.911229    0.0000617281

   30.398228   -100.911229    0.0001707448
   30.398228    -87.456398    0.0001325084
   30.398228    -74.001568    0.0000976557
   30.398228    -60.546737    0.0000670047
   30.398228    -47.091907    0.0000413549
   30.398228    -33.637076    0.0000214231
   30.398228    -20.182246    0.0000077916
   30.398228     -6.727415    0.0000008702
   30.398228      6.727415    0.0000008702
   30.398228     20.182246    0.0000077916
   30.398228     33.637076    0.0000214231
   30.398228     47.091907    0.0000413549
   30.398228     60.546737    0.0000670047
   30.398228     74.001568    0.0000976557
   30.398228     87.456398    0.0001325084
   30.398228    100.911229    0.0001707448

   42.557519   -100.911229    0.0003325361
   42.557519    -87.456398    0.0002580984
   42.557519    -74.001568    0.0001902128
   42.557519    -60.546737    0.0001305027
   42.557519    -47.091907    0.0000805383
   42.557519    -33.637076    0.0000417175
   42.557519    -20.182246    0.0000151716
   42.557519     -6.727415    0.0000016944
   42.557519      6.727415    0.0000016944
   42.557519     20.182246    0.0000151716
   42.557519     33.637076    0.0000417175
   42.557519     47.091907    0.0000805383
   42.557519     60.546737    0.0001305027
   42.557519     74.001568    0.0001902128
   42.557519     87.456398    0.0002580984
   42.557519    100.911229    0.0003325361

   54.716810   -100.911229    0.0005450206
   54.716810    -87.456398    0.0004230792
   54.716810    -74.001568    0.0003118048
   54.716810    -60.546737    0.0002139135
   54.716810    -47.091907    0.0001320028
   54.716810    -33.637076    0.0000683692
   54.716810    -20.182246    0.0000248625
   54.716810     -6.727415    0.0000027765
   54.716810      6.727415    0.0000027765
   54.716810     20.182246    0.0000248625
   54.716810     33.637076    0.0000683692
   54.716810     47.091907    0.0001320028
   54.716810     60.546737    0.0002139135
   54.716810     74.001568    0.0003118048
   54.716810     87.456398    0.0004230792
   54.716810    100.911229    0.0005450206

   66.876101   -100.911229    0.0008054214
   66.876101    -87.456398    0.0006253181
   66.876101    -74.001568    0.0004608730
   66.876101    -60.546737    0.0003161745
   66.876101    -47.091907    0.0001950959
   66.876101    -33.637076    0.0001010414
   66.876101    -20.182246    0.0000367419
   66.876101     -6.727415    0.0000041030
   66.876101      6.727415    0.0000041030
   66.876101     20.182246    0.0000367419
   66.876101     33.637076    0.0001010414
   66.876101     47.091907    0.0001950959
   66.876101     60.546737    0.0003161745
   66.876101     74.001568    0.0004608730
   66.876101     87.456398    0.0006253181
   66.876101    100.911229    0.0008054214

   79.035392   -100.911229    0.0011102650
   79.035392    -87.456398    0.0008621327
   79.035392    -74.001568    0.0006354681
   79.035392    -60.546737    0.0004359722
   79.035392    -47.091907    0.0002690220
   79.035392    -33.637076    0.0001393285
   79.035392    -20.182246    0.0000506642
   79.035392     -6.727415    0.0000056577
   79.035392      6.727415    0.0000056577
   79.035392     20.182246    0.0000506642
   79.035392     33.637076    0.0001393285
   79.035392     47.091907    0.0002690220
   79.035392     60.546737    0.0004359722
   79.035392     74.001568    0.0006354681
   79.035392     87.456398    0.0008621327
   79.035392    100.911229    0.0011102650

   91.194683   -100.911229    0.0014553791
   91.194683    -87.456398    0.0011302796
   91.194683    -74.001568    0.0008332490
   91.194683    -60.546737    0.0005717520
   91.194683    -47.091907    0.0003528555
   91.194683    -33.637076    0.0001827669
   91.194683    -20.182246    0.0000664649
   91.194683     -6.727415    0.0000074225
   91.194683      6.727415    0.0000074225
   91.194683     20.182246    0.0000664649
   91.194683     33.637076    0.0001827669
   91.194683     47.091907    0.0003528555
   91.194683     60.546737    0.0005717520
   91.194683     74.001568    0.0008332490
   91.194683     87.456398    0.0011302796
   91.194683    100.911229    0.0014553791

