  -44.510090    -54.177403    0.0698668588
  -44.510090    -46.953749    0.0634740826
  -44.510090    -39.730095    0.0581249878
  -44.510090    -32.506442    0.0537771144
  -44.510090    -25.282788    0.0503822082
  -44.510090    -18.059134    0.0478908098
  -44.510090    -10.835481    0.0462583578
  -44.510090     -3.611827    0.0454511837
  -44.510090      3.611827    0.0454511837
  -44.510090     10.835481    0.0462583578
  -44.510090     18.059134    0.0478908098
  -44.510090     25.282788    0.0503822082
  -44.510090     32.506442    0.0537771144
  -44.510090     39.730095    0.0581249878
  -44.510090     46.953749    0.0634740826
  -44.510090     54.177403    0.0698668588

  -39.273609    -54.177403    0.0604214404
  -39.273609    -46.953749    0.0542339875
  -39.273609    -39.730095    0.0488530266
  -39.273609    -32.506442    0.0445087983
  -39.273609    -25.282788    0.0411688665
  -39.273609    -18.059134    0.0387396506
  -39.273609    -10.835481    0.0371484664
  -39.273609     -3.611827    0.0363588654
  -39.273609      3.611827    0.0363588654
  -39.273609     10.835481    0.0371484664
  -39.273609     18.059134    0.0387396506
  -39.273609     25.282788    0.0411688665
  -39.273609     32.506442    0.0445087983
  -39.273609     39.730095    0.0488530266
  -39.273609     46.953749    0.0542339875
  -39.273609     54.177403    0.0604214404

  -34.037128    -54.177403    0.0517465299
  -34.037128    -46.953749    0.0455830501
  -34.037128    -39.730095    0.0403168526
  -34.037128    -32.506442    0.0360686769
  -34.037128    -25.282788    0.0327942437
  -34.037128    -18.059134    0.0304114277
  -34.037128    -10.835481    0.0288538573
  -34.037128     -3.611827    0.0280830325
  -34.037128      3.611827    0.0280830325
  -34.037128     10.835481    0.0288538573
  -34.037128     18.059134    0.0304114277
  -34.037128     25.282788    0.0327942437
  -34.037128     32.506442    0.0360686769
  -34.037128     39.730095    0.0403168526
  -34.037128     46.953749    0.0455830501
  -34.037128     54.177403    0.0517465299

  -28.800647    -54.177403    0.0439149518
  -28.800647    -46.953749    0.0377768664
  -28.800647    -39.730095    0.0326412806
  -28.800647    -32.506442    0.0285011200
  -28.800647    -25.282788    0.0252990701
  -28.800647    -18.059134    0.0229670713
  -28.800647    -10.835481    0.0214464673
  -28.800647     -3.611827    0.0206964372
  -28.800647      3.611827    0.0206964372
  -28.800647     10.835481    0.0214464673
  -28.800647     18.059134    0.0229670713
  -28.800647     25.282788    0.0252990701
  -28.800647     32.506442    0.0285011200
  -28.800647     39.730095    0.0326412806
  -28.800647     46.953749    0.0377768664
  -28.800647     54.177403    0.0439149518

  -23.564166    -54.177403    0.0370077554
  -23.564166    -46.953749    0.0309397831
  -23.564166    -39.730095    0.0259195547
  -23.564166    -32.506442    0.0218805375
  -23.564166    -25.282788    0.0187571455
  -23.564166    -18.059134    0.0164851966
  -23.564166    -10.835481    0.0150073533
  -23.564166     -3.611827    0.0142801634
  -23.564166      3.611827    0.0142801634
  -23.564166     10.835481    0.0150073533
  -23.564166     18.059134    0.0164851966
  -23.564166     25.282788    0.0187571455
  -23.564166     32.506442    0.0218805375
  -23.564166     39.730095    0.0259195547
  -23.564166     46.953749    0.0309397831
  -23.564166     54.177403    0.0370077554

  -18.327684    -54.177403    0.0311149313
  -18.327684    -46.953749    0.0251525023
  -18.327684    -39.730095    0.0202389576
  -18.327684    -32.506442    0.0162984348
  -18.327684    -25.282788    0.0132603223
  -18.327684    -18.059134    0.0110566747
  -18.327684    -10.835481    0.0096267612
  -18.327684     -3.611827    0.0089243389
  -18.327684      3.611827    0.0089243389
  -18.327684     10.835481    0.0096267612
  -18.327684     18.059134    0.0110566747
  -18.327684     25.282788    0.0132603223
  -18.327684     32.506442    0.0162984348
  -18.327684     39.730095    0.0202389576
  -18.327684     46.953749    0.0251525023
  -18.327684     54.177403    0.0311149313

  -13.091203    -54.177403    0.0263362432
  -13.091203    -46.953749    0.0204969859
  -13.091203    -39.730095    0.0156942207
  -13.091203    -32.506442    0.0118573906
  -13.091203    -25.282788    0.0089115573
  -13.091203    -18.059134    0.0067825471
  -13.091203    -10.835481    0.0054047260
  -13.091203     -3.611827    0.0047289647
  -13.091203      3.611827    0.0047289647
  -13.091203     10.835481    0.0054047260
  -13.091203     18.059134    0.0067825471
  -13.091203     25.282788    0.0089115573
  -13.091203     32.506442    0.0118573906
  -13.091203     39.730095    0.0156942207
  -13.091203     46.953749    0.0204969859
  -13.091203     54.177403    0.0263362432

   -7.854722    -54.177403    0.0227821717
   -7.854722    -46.953749    0.0170738555
   -7.854722    -39.730095    0.0123931269
   -7.854722    -32.506442    0.0086695064
   -7.854722    -25.282788    0.0058231175
   -7.854722    -18.059134    0.0037740487
   -7.854722    -10.835481    0.0024520137
   -7.854722     -3.611827    0.0018048634
   -7.854722      3.611827    0.0018048634
   -7.854722     10.835481    0.0024520137
   -7.854722     18.059134    0.0037740487
   -7.854722     25.282788    0.0058231175
   -7.854722     32.506442    0.0086695064
   -7.854722     39.730095    0.0123931269
   -7.854722     46.953749    0.0170738555
   -7.854722     54.177403    0.0227821717

   -2.618241    -54.177403    0.0205749728
   -2.618241    -46.953749    0.0150045093
   -2.618241    -39.730095    0.0104578338
   -2.618241    -32.506442    0.0068573657
   -2.618241    -25.282788    0.0041176231
   -2.618241    -18.059134    0.0021537689
   -2.618241    -10.835481    0.0008912631
   -2.618241     -3.611827    0.0002747468
   -2.618241      3.611827    0.0002747468
   -2.618241     10.835481    0.0008912631
   -2.618241     18.059134    0.0021537689
   -2.618241     25.282788    0.0041176231
   -2.618241     32.506442    0.0068573657
   -2.618241     39.730095    0.0104578338
   -2.618241     46.953749    0.0150045093
   -2.618241     54.177403    0.0205749728

    2.618241    -54.177403    0.0198498555
    2.618241    -46.953749    0.0144272058
    2.618241    -39.730095    0.0100245835
    2.618241    -32.506442    0.0065560359
    2.618241    -25.282788    0.0039302024
    2.618241    -18.059134    0.0020572473
    2.618241    -10.835481    0.0008582372
    2.618241     -3.611827    0.0002744083
    2.618241      3.611827    0.0002744083
    2.618241     10.835481    0.0008582372
    2.618241     18.059134    0.0020572473
    2.618241     25.282788    0.0039302024
    2.618241     32.506442    0.0065560359
    2.618241     39.730095    0.0100245835
    2.618241     46.953749    0.0144272058
    2.618241     54.177403    0.0198498555

    7.854722    -54.177403    0.0207562860
    7.854722    -46.953749    0.0154933899
    7.854722    -39.730095    0.0112436022
    7.854722    -32.506442    0.0079151325
    7.854722    -25.282788    0.0054106282
    7.854722    -18.059134    0.0036345637
    7.854722    -10.835481    0.0025031414
    7.854722     -3.611827    0.0019540439
    7.854722      3.611827    0.0019540439
    7.854722     10.835481    0.0025031414
    7.854722     18.059134    0.0036345637
    7.854722     25.282788    0.0054106282
    7.854722     32.506442    0.0079151325
    7.854722     39.730095    0.0112436022
    7.854722     46.953749    0.0154933899
    7.854722     54.177403    0.0207562860

   13.091203    -54.177403    0.0234594298
   13.091203    -46.953749    0.0183675615
   13.091203    -39.730095    0.0142801324
   13.091203    -32.506442    0.0111004580
   13.091203    -25.282788    0.0087249025
   13.091203    -18.059134    0.0070517511
   13.091203    -10.835481    0.0059920170
   13.091203     -3.611827    0.0054797093
   13.091203      3.611827    0.0054797093
   13.091203     10.835481    0.0059920170
   13.091203     18.059134    0.0070517511
   13.091203     25.282788    0.0087249025
   13.091203     32.506442    0.0111004580
   13.091203     39.730095    0.0142801324
   13.091203     46.953749    0.0183675615
   13.091203     54.177403    0.0234594298

   18.327684    -54.177403    0.0281417465
   18.327684    -46.953749    0.0232310186
   18.327684    -39.730095    0.0193166746
   18.327684    -32.506442    0.0162952174
   18.327684    -25.282788    0.0140563445
   18.327684    -18.059134    0.0124921210
   18.327684    -10.835481    0.0115082660
   18.327684     -3.611827    0.0110349200
   18.327684      3.611827    0.0110349200
   18.327684     10.835481    0.0115082660
   18.327684     18.059134    0.0124921210
   18.327684     25.282788    0.0140563445
   18.327684     32.506442    0.0162952174
   18.327684     39.730095    0.0193166746
   18.327684     46.953749    0.0232310186
   18.327684     54.177403    0.0281417465

   23.564166    -54.177403    0.0350047535
   23.564166    -46.953749    0.0302868271
   23.564166    -39.730095    0.0265556564
   23.564166    -32.506442    0.0237013043
   23.564166    -25.282788    0.0216068383
   23.564166    -18.059134    0.0201578611
   23.564166    -10.835481    0.0192544148
   23.564166     -3.611827    0.0188224050
   23.564166      3.611827    0.0188224050
   23.564166     10.835481    0.0192544148
   23.564166     18.059134    0.0201578611
   23.564166     25.282788    0.0216068383
   23.564166     32.506442    0.0237013043
   23.564166     39.730095    0.0265556564
   23.564166     46.953749    0.0302868271
   23.564166     54.177403    0.0350047535

   28.800647    -54.177403    0.0442709803
   28.800647    -46.953749    0.0397604009
   28.800647    -39.730095    0.0362208826
   28.800647    -32.506442    0.0335416408
   28.800647    -25.282788    0.0315994850
   28.800647    -18.059134    0.0302725257
   28.800647    -10.835481    0.0294542706
   28.800647     -3.611827    0.0290660242
   28.800647      3.611827    0.0290660242
   28.800647     10.835481    0.0294542706
   28.800647     18.059134    0.0302725257
   28.800647     25.282788    0.0315994850
   28.800647     32.506442    0.0335416408
   28.800647     39.730095    0.0362208826
   28.800647     46.953749    0.0397604009
   28.800647     54.177403    0.0442709803

   34.037128    -54.177403    0.0561861370
   34.037128    -46.953749    0.0518871008
   34.037128    -39.730095    0.0485552588
   34.037128    -32.506442    0.0460650445
   34.037128    -25.282788    0.0442845020
   34.037128    -18.059134    0.0430853101
   34.037128    -10.835481    0.0423556783
   34.037128     -3.611827    0.0420128623
   34.037128      3.611827    0.0420128623
   34.037128     10.835481    0.0423556783
   34.037128     18.059134    0.0430853101
   34.037128     25.282788    0.0442845020
   34.037128     32.506442    0.0460650445
   34.037128     39.730095    0.0485552588
   34.037128     46.953749    0.0518871008
   34.037128     54.177403    0.0561861370

