  -35.358766    -47.456659   -0.0034583257
  -35.358766    -41.129105   -0.0026110436
  -35.358766    -34.801550   -0.0018652442
  -35.358766    -28.473996   -0.0012307897
  -35.358766    -22.146441   -0.0007173810
  -35.358766    -15.818886   -0.0003342616
  -35.358766     -9.491332   -0.0000899530
  -35.358766     -3.163777    0.0000079787
  -35.358766      3.163777   -0.0000468764
  -35.358766      9.491332   -0.0002596011
  -35.358766     15.818886   -0.0006338129
  -35.358766     22.146441   -0.0011715569
  -35.358766     28.473996   -0.0018732298
  -35.358766     34.801550   -0.0027375365
  -35.358766     41.129105   -0.0037614766
  -35.358766     47.456659   -0.0049403639

  -30.644264    -47.456659   -0.0024638831
  -30.644264    -41.129105   -0.0018713051
  -30.644264    -34.801550   -0.0013466112
  -30.644264    -28.473996   -0.0008972240
  -30.644264    -22.146441   -0.0005306116
  -30.644264    -15.818886   -0.0002540442
  -30.644264     -9.491332   -0.0000743752
  -30.644264     -3.163777    0.0000021539
  -30.644264      3.163777   -0.0000299168
  -30.644264      9.491332   -0.0001751185
  -30.644264     15.818886   -0.0004369324
  -30.644264     22.146441   -0.0008176919
  -30.644264     28.473996   -0.0013185091
  -30.644264     34.801550   -0.0019392257
  -30.644264     41.129105   -0.0026783883
  -30.644264     47.456659   -0.0035332478

  -25.929762    -47.456659   -0.0016770442
  -25.929762    -41.129105   -0.0012830327
  -25.929762    -34.801550   -0.0009313193
  -25.929762    -28.473996   -0.0006274188
  -25.929762    -22.146441   -0.0003769790
  -25.929762    -15.818886   -0.0001856013
  -25.929762     -9.491332   -0.0000586753
  -25.929762     -3.163777   -0.0000012291
  -25.929762      3.163777   -0.0000177950
  -25.929762      9.491332   -0.0001122902
  -25.929762     15.818886   -0.0002879117
  -25.929762     22.146441   -0.0005470482
  -25.929762     28.473996   -0.0008912052
  -25.929762     34.801550   -0.0013209468
  -25.929762     41.129105   -0.0018358514
  -25.929762     47.456659   -0.0024344838

  -21.215260    -47.456659   -0.0010653055
  -21.215260    -41.129105   -0.0008228388
  -21.215260    -34.801550   -0.0006038223
  -21.215260    -28.473996   -0.0004122285
  -21.215260    -22.146441   -0.0002521958
  -21.215260    -15.818886   -0.0001279040
  -21.215260     -9.491332   -0.0000434578
  -21.215260     -3.163777   -0.0000027779
  -21.215260      3.163777   -0.0000094993
  -21.215260      9.491332   -0.0000668783
  -21.215260     15.818886   -0.0001777056
  -21.215260     22.146441   -0.0003442291
  -21.215260     28.473996   -0.0005680821
  -21.215260     34.801550   -0.0008502209
  -21.215260     41.129105   -0.0011908695
  -21.215260     47.456659   -0.0015894715

  -16.500757    -47.456659   -0.0006048208
  -16.500757    -41.129105   -0.0004737416
  -16.500757    -34.801550   -0.0003529877
  -16.500757    -28.473996   -0.0002452626
  -16.500757    -22.146441   -0.0001534414
  -16.500757    -15.818886   -0.0000804885
  -16.500757     -9.491332   -0.0000293791
  -16.500757     -3.163777   -0.0000030227
  -16.500757      3.163777   -0.0000041899
  -16.500757      9.491332   -0.0000354427
  -16.500757     15.818886   -0.0000990666
  -16.500757     22.146441   -0.0001970070
  -16.500757     28.473996   -0.0003308072
  -16.500757     34.801550   -0.0005015503
  -16.500757     41.129105   -0.0007098037
  -16.500757     47.456659   -0.0009555665

  -11.786255    -47.456659   -0.0002790385
  -11.786255    -41.129105   -0.0002241519
  -11.786255    -34.801550   -0.0001714060
  -11.786255    -28.473996   -0.0001224644
  -11.786255    -22.146441   -0.0000791478
  -11.786255    -15.818886   -0.0000433823
  -11.786255     -9.491332   -0.0000171485
  -11.786255     -3.163777   -0.0000024310
  -11.786255      3.163777   -0.0000011689
  -11.786255      9.491332   -0.0000152068
  -11.786255     15.818886   -0.0000462463
  -11.786255     22.146441   -0.0000957991
  -11.786255     28.473996   -0.0001651399
  -11.786255     34.801550   -0.0002552600
  -11.786255     41.129105   -0.0003668226
  -11.786255     47.456659   -0.0005001176

   -7.071753    -47.456659   -0.0000776715
   -7.071753    -41.129105   -0.0000671161
   -7.071753    -34.801550   -0.0000548839
   -7.071753    -28.473996   -0.0000418124
   -7.071753    -22.146441   -0.0000288579
   -7.071753    -15.818886   -0.0000170660
   -7.071753     -9.491332   -0.0000075427
   -7.071753     -3.163777   -0.0000014250
   -7.071753      3.163777    0.0000001478
   -7.071753      9.491332   -0.0000039364
   -7.071753     15.818886   -0.0000147341
   -7.071753     22.146441   -0.0000332167
   -7.071753     28.473996   -0.0000602418
   -7.071753     34.801550   -0.0000965247
   -7.071753     41.129105   -0.0001426088
   -7.071753     47.456659   -0.0001988375

   -2.357251    -47.456659    0.0000040003
   -2.357251    -41.129105    0.0000001847
   -2.357251    -34.801550   -0.0000021223
   -2.357251    -28.473996   -0.0000031456
   -2.357251    -22.146441   -0.0000031589
   -2.357251    -15.818886   -0.0000024745
   -2.357251     -9.491332   -0.0000014342
   -2.357251     -3.163777   -0.0000003994
   -2.357251      3.163777    0.0000002585
   -2.357251      9.491332    0.0000001680
   -2.357251     15.818886   -0.0000010333
   -2.357251     22.146441   -0.0000036886
   -2.357251     28.473996   -0.0000081123
   -2.357251     34.801550   -0.0000145807
   -2.357251     41.129105   -0.0000233215
   -2.357251     47.456659   -0.0000345048

    2.357251    -47.456659   -0.0000345048
    2.357251    -41.129105   -0.0000233215
    2.357251    -34.801550   -0.0000145807
    2.357251    -28.473996   -0.0000081123
    2.357251    -22.146441   -0.0000036886
    2.357251    -15.818886   -0.0000010333
    2.357251     -9.491332    0.0000001680
    2.357251     -3.163777    0.0000002585
    2.357251      3.163777   -0.0000003994
    2.357251      9.491332   -0.0000014342
    2.357251     15.818886   -0.0000024745
    2.357251     22.146441   -0.0000031589
    2.357251     28.473996   -0.0000031456
    2.357251     34.801550   -0.0000021223
    2.357251     41.129105    0.0000001847
    2.357251     47.456659    0.0000040003

    7.071753    -47.456659   -0.0001988375
    7.071753    -41.129105   -0.0001426088
    7.071753    -34.801550   -0.0000965247
    7.071753    -28.473996   -0.0000602418
    7.071753    -22.146441   -0.0000332167
    7.071753    -15.818886   -0.0000147341
    7.071753     -9.491332   -0.0000039364
    7.071753     -3.163777    0.0000001478
    7.071753      3.163777   -0.0000014250
    7.071753      9.491332   -0.0000075427
    7.071753     15.818886   -0.0000170660
    7.071753     22.146441   -0.0000288579
    7.071753     28.473996   -0.0000418124
    7.071753     34.801550   -0.0000548839
    7.071753     41.129105   -0.0000671161
    7.071753     47.456659   -0.0000776715

   11.786255    -47.456659   -0.0005001176
   11.786255    -41.129105   -0.0003668226
   11.786255    -34.801550   -0.0002552600
   11.786255    -28.473996   -0.0001651399
   11.786255    -22.146441   -0.0000957991
   11.786255    -15.818886   -0.0000462463
   11.786255     -9.491332   -0.0000152068
   11.786255     -3.163777   -0.0000011689
   11.786255      3.163777   -0.0000024310
   11.786255      9.491332   -0.0000171485
   11.786255     15.818886   -0.0000433823
   11.786255     22.146441   -0.0000791478
   11.786255     28.473996   -0.0001224644
   11.786255     34.801550   -0.0001714060
   11.786255     41.129105   -0.0002241519
   11.786255     47.456659   -0.0002790385

   16.500757    -47.456659   -0.0009555665
   16.500757    -41.129105   -0.0007098037
   16.500757    -34.801550   -0.0005015503
   16.500757    -28.473996   -0.0003308072
   16.500757    -22.146441   -0.0001970070
   16.500757    -15.818886   -0.0000990666
   16.500757     -9.491332   -0.0000354427
   16.500757     -3.163777   -0.0000041899
   16.500757      3.163777   -0.0000030227
   16.500757      9.491332   -0.0000293791
   16.500757     15.818886   -0.0000804885
   16.500757     22.146441   -0.0001534414
   16.500757     28.473996   -0.0002452626
   16.500757     34.801550   -0.0003529877
   16.500757     41.129105   -0.0004737416
   16.500757     47.456659   -0.0006048208

   21.215260    -47.456659   -0.0015894715
   21.215260    -41.129105   -0.0011908695
   21.215260    -34.801550   -0.0008502209
   21.215260    -28.473996   -0.0005680821
   21.215260    -22.146441   -0.0003442291
   21.215260    -15.818886   -0.0001777056
   21.215260     -9.491332   -0.0000668783
   21.215260     -3.163777   -0.0000094993
   21.215260      3.163777   -0.0000027779
   21.215260      9.491332   -0.0000434578
   21.215260     15.818886   -0.0001279040
   21.215260     22.146441   -0.0002521958
   21.215260     28.473996   -0.0004122285
   21.215260     34.801550   -0.0006038223
   21.215260     41.129105   -0.0008228388
   21.215260     47.456659   -0.0010653055

   25.929762    -47.456659   -0.0024344838
   25.929762    -41.129105   -0.0018358514
   25.929762    -34.801550   -0.0013209468
   25.929762    -28.473996   -0.0008912052
   25.929762    -22.146441   -0.0005470482
   25.929762    -15.818886   -0.0002879117
   25.929762     -9.491332   -0.0001122902
   25.929762     -3.163777   -0.0000177950
   25.929762      3.163777   -0.0000012291
   25.929762      9.491332   -0.0000586753
   25.929762     15.818886   -0.0001856013
   25.929762     22.146441   -0.0003769790
   25.929762     28.473996   -0.0006274188
   25.929762     34.801550   -0.0009313193
   25.929762     41.129105   -0.0012830327
   25.929762     47.456659   -0.0016770442

   30.644264    -47.456659   -0.0035332478
   30.644264    -41.129105   -0.0026783883
   30.644264    -34.801550   -0.0019392257
   30.644264    -28.473996   -0.0013185091
   30.644264    -22.146441   -0.0008176919
   30.644264    -15.818886   -0.0004369324
   30.644264     -9.491332   -0.0001751185
   30.644264     -3.163777   -0.0000299168
   30.644264      3.163777    0.0000021539
   30.644264      9.491332   -0.0000743752
   30.644264     15.818886   -0.0002540442
   30.644264     22.146441   -0.0005306116
   30.644264     28.473996   -0.0008972240
   30.644264     34.801550   -0.0013466112
   30.644264     41.129105   -0.0018713051
   30.644264     47.456659   -0.0024638831

   35.358766    -47.456659   -0.0049403639
   35.358766    -41.129105   -0.0037614766
   35.358766    -34.801550   -0.0027375365
   35.358766    -28.473996   -0.0018732298
   35.358766    -22.146441   -0.0011715569
   35.358766    -15.818886   -0.0006338129
   35.358766     -9.491332   -0.0002596011
   35.358766     -3.163777   -0.0000468764
   35.358766      3.163777    0.0000079787
   35.358766      9.491332   -0.0000899530
   35.358766     15.818886   -0.0003342616
   35.358766     22.146441   -0.0007173810
   35.358766     28.473996   -0.0012307897
   35.358766     34.801550   -0.0018652442
   35.358766     41.129105   -0.0026110436
   35.358766     47.456659   -0.0034583257

