  -92.332122   -136.038482    0.0055356504
  -92.332122   -117.900018    0.0043162240
  -92.332122    -99.761554    0.0031916277
  -92.332122    -81.623089    0.0021950182
  -92.332122    -63.484625    0.0013569236
  -92.332122    -45.346161    0.0007036634
  -92.332122    -27.207696    0.0002560836
  -92.332122     -9.069232    0.0000286087
  -92.332122      9.069232    0.0000286087
  -92.332122     27.207696    0.0002560836
  -92.332122     45.346161    0.0007036634
  -92.332122     63.484625    0.0013569236
  -92.332122     81.623089    0.0021950182
  -92.332122     99.761554    0.0031916277
  -92.332122    117.900018    0.0043162240
  -92.332122    136.038482    0.0055356504

  -80.021172   -136.038482    0.0043080873
  -80.021172   -117.900018    0.0033590140
  -80.021172    -99.761554    0.0024838861
  -80.021172    -81.623089    0.0017083584
  -80.021172    -63.484625    0.0010561375
  -80.021172    -45.346161    0.0005477117
  -80.021172    -27.207696    0.0001993358
  -80.021172     -9.069232    0.0000222695
  -80.021172      9.069232    0.0000222695
  -80.021172     27.207696    0.0001993358
  -80.021172     45.346161    0.0005477117
  -80.021172     63.484625    0.0010561375
  -80.021172     81.623089    0.0017083584
  -80.021172     99.761554    0.0024838861
  -80.021172    117.900018    0.0033590140
  -80.021172    136.038482    0.0043080873

  -67.710222   -136.038482    0.0031812666
  -67.710222   -117.900018    0.0024804780
  -67.710222    -99.761554    0.0018343009
  -67.710222    -81.623089    0.0012616419
  -67.710222    -63.484625    0.0007800013
  -67.710222    -45.346161    0.0004045218
  -67.710222    -27.207696    0.0001472265
  -67.710222     -9.069232    0.0000164481
  -67.710222      9.069232    0.0000164481
  -67.710222     27.207696    0.0001472265
  -67.710222     45.346161    0.0004045218
  -67.710222     63.484625    0.0007800013
  -67.710222     81.623089    0.0012616419
  -67.710222     99.761554    0.0018343009
  -67.710222    117.900018    0.0024804780
  -67.710222    136.038482    0.0031812666

  -55.399273   -136.038482    0.0021857683
  -55.399273   -117.900018    0.0017043375
  -55.399273    -99.761554    0.0012603960
  -55.399273    -81.623089    0.0008669370
  -55.399273    -63.484625    0.0005359936
  -55.399273    -45.346161    0.0002779818
  -55.399273    -27.207696    0.0001011736
  -55.399273     -9.069232    0.0000113032
  -55.399273      9.069232    0.0000113032
  -55.399273     27.207696    0.0001011736
  -55.399273     45.346161    0.0002779818
  -55.399273     63.484625    0.0005359936
  -55.399273     81.623089    0.0008669370
  -55.399273     99.761554    0.0012603960
  -55.399273    117.900018    0.0017043375
  -55.399273    136.038482    0.0021857683

  -43.088323   -136.038482    0.0013502937
  -43.088323   -117.900018    0.0010529273
  -43.088323    -99.761554    0.0007786905
  -43.088323    -81.623089    0.0005356205
  -43.088323    -63.484625    0.0003311604
  -43.088323    -45.346161    0.0001717519
  -43.088323    -27.207696    0.0000625111
  -43.088323     -9.069232    0.0000069838
  -43.088323      9.069232    0.0000069838
  -43.088323     27.207696    0.0000625111
  -43.088323     45.346161    0.0001717519
  -43.088323     63.484625    0.0003311604
  -43.088323     81.623089    0.0005356205
  -43.088323     99.761554    0.0007786905
  -43.088323    117.900018    0.0010529273
  -43.088323    136.038482    0.0013502937

  -30.777374   -136.038482    0.0006999105
  -30.777374   -117.900018    0.0005457953
  -30.777374    -99.761554    0.0004036534
  -30.777374    -81.623089    0.0002776577
  -30.777374    -63.484625    0.0001716710
  -30.777374    -45.346161    0.0000890357
  -30.777374    -27.207696    0.0000324058
  -30.777374     -9.069232    0.0000036204
  -30.777374      9.069232    0.0000036204
  -30.777374     27.207696    0.0000324058
  -30.777374     45.346161    0.0000890357
  -30.777374     63.484625    0.0001716710
  -30.777374     81.623089    0.0002776577
  -30.777374     99.761554    0.0004036534
  -30.777374    117.900018    0.0005457953
  -30.777374    136.038482    0.0006999105

  -18.466424   -136.038482    0.0002546481
  -18.466424   -117.900018    0.0001985823
  -18.466424    -99.761554    0.0001468683
  -18.466424    -81.623089    0.0001010264
  -18.466424    -63.484625    0.0000624635
  -18.466424    -45.346161    0.0000323963
  -18.466424    -27.207696    0.0000117911
  -18.466424     -9.069232    0.0000013173
  -18.466424      9.069232    0.0000013173
  -18.466424     27.207696    0.0000117911
  -18.466424     45.346161    0.0000323963
  -18.466424     63.484625    0.0000624635
  -18.466424     81.623089    0.0001010264
  -18.466424     99.761554    0.0001468683
  -18.466424    117.900018    0.0001985823
  -18.466424    136.038482    0.0002546481

   -6.155475   -136.038482    0.0000284446
   -6.155475   -117.900018    0.0000221823
   -6.155475    -99.761554    0.0000164059
   -6.155475    -81.623089    0.0000112852
   -6.155475    -63.484625    0.0000069775
   -6.155475    -45.346161    0.0000036189
   -6.155475    -27.207696    0.0000013171
   -6.155475     -9.069232    0.0000001472
   -6.155475      9.069232    0.0000001472
   -6.155475     27.207696    0.0000013171
   -6.155475     45.346161    0.0000036189
   -6.155475     63.484625    0.0000069775
   -6.155475     81.623089    0.0000112852
   -6.155475     99.761554    0.0000164059
   -6.155475    117.900018    0.0000221823
   -6.155475    136.038482    0.0000284446

    6.155475   -136.038482    0.0000284446
    6.155475   -117.900018    0.0000221823
    6.155475    -99.761554    0.0000164059
    6.155475    -81.623089    0.0000112852
    6.155475    -63.484625    0.0000069775
    6.155475    -45.346161    0.0000036189
    6.155475    -27.207696    0.0000013171
    6.155475     -9.069232    0.0000001472
    6.155475      9.069232    0.0000001472
    6.155475     27.207696    0.0000013171
    6.155475     45.346161    0.0000036189
    6.155475     63.484625    0.0000069775
    6.155475     81.623089    0.0000112852
    6.155475     99.761554    0.0000164059
    6.155475    117.900018    0.0000221823
    6.155475    136.038482    0.0000284446

   18.466424   -136.038482    0.0002546481
   18.466424   -117.900018    0.0001985823
   18.466424    -99.761554    0.0001468683
   18.466424    -81.623089    0.0001010264
   18.466424    -63.484625    0.0000624635
   18.466424    -45.346161    0.0000323963
   18.466424    -27.207696    0.0000117911
   18.466424     -9.069232    0.0000013173
   18.466424      9.069232    0.0000013173
   18.466424     27.207696    0.0000117911
   18.466424     45.346161    0.0000323963
   18.466424     63.484625    0.0000624635
   18.466424     81.623089    0.0001010264
   18.466424     99.761554    0.0001468683
   18.466424    117.900018    0.0001985823
   18.466424    136.038482    0.0002546481

   30.777374   -136.038482    0.0006999105
   30.777374   -117.900018    0.0005457953
   30.777374    -99.761554    0.0004036534
   30.777374    -81.623089    0.0002776577
   30.777374    -63.484625    0.0001716710
   30.777374    -45.346161    0.0000890357
   30.777374    -27.207696    0.0000324058
   30.777374     -9.069232    0.0000036204
   30.777374      9.069232    0.0000036204
   30.777374     27.207696    0.0000324058
   30.777374     45.346161    0.0000890357
   30.777374     63.484625    0.0001716710
   30.777374     81.623089    0.0002776577
   30.777374     99.761554    0.0004036534
   30.777374    117.900018    0.0005457953
   30.777374    136.038482    0.0006999105

   43.088323   -136.038482    0.0013502937
   43.088323   -117.900018    0.0010529273
   43.088323    -99.761554    0.0007786905
   43.088323    -81.623089    0.0005356205
   43.088323    -63.484625    0.0003311604
   43.088323    -45.346161    0.0001717519
   43.088323    -27.207696    0.0000625111
   43.088323     -9.069232    0.0000069838
   43.088323      9.069232    0.0000069838
   43.088323     27.207696    0.0000625111
   43.088323     45.346161    0.0001717519
   43.088323     63.484625    0.0003311604
   43.088323     81.623089    0.0005356205
   43.088323     99.761554    0.0007786905
   43.088323    117.900018    0.0010529273
   43.088323    136.038482    0.0013502937

   55.399273   -136.038482    0.0021857683
   55.399273   -117.900018    0.0017043375
   55.399273    -99.761554    0.0012603960
   55.399273    -81.623089    0.0008669370
   55.399273    -63.484625    0.0005359936
   55.399273    -45.346161    0.0002779818
   55.399273    -27.207696    0.0001011736
   55.399273     -9.069232    0.0000113032
   55.399273      9.069232    0.0000113032
   55.399273     27.207696    0.0001011736
   55.399273     45.346161    0.0002779818
   55.399273     63.484625    0.0005359936
   55.399273     81.623089    0.0008669370
   55.399273     99.761554    0.0012603960
   55.399273    117.900018    0.0017043375
   55.399273    136.038482    0.0021857683

   67.710222   -136.038482    0.0031812666
   67.710222   -117.900018    0.0024804780
   67.710222    -99.761554    0.0018343009
   67.710222    -81.623089    0.0012616419
   67.710222    -63.484625    0.0007800013
   67.710222    -45.346161    0.0004045218
   67.710222    -27.207696    0.0001472265
   67.710222     -9.069232    0.0000164481
   67.710222      9.069232    0.0000164481
   67.710222     27.207696    0.0001472265
   67.710222     45.346161    0.0004045218
   67.710222     63.484625    0.0007800013
   67.710222     81.623089    0.0012616419
   67.710222     99.761554    0.0018343009
   67.710222    117.900018    0.0024804780
   67.710222    136.038482    0.0031812666

   80.021172   -136.038482    0.0043080873
   80.021172   -117.900018    0.0033590140
   80.021172    -99.761554    0.0024838861
   80.021172    -81.623089    0.0017083584
   80.021172    -63.484625    0.0010561375
   80.021172    -45.346161    0.0005477117
   80.021172    -27.207696    0.0001993358
   80.021172     -9.069232    0.0000222695
   80.021172      9.069232    0.0000222695
   80.021172     27.207696    0.0001993358
   80.021172     45.346161    0.0005477117
   80.021172     63.484625    0.0010561375
   80.021172     81.623089    0.0017083584
   80.021172     99.761554    0.0024838861
   80.021172    117.900018    0.0033590140
   80.021172    136.038482    0.0043080873

   92.332122   -136.038482    0.0055356504
   92.332122   -117.900018    0.0043162240
   92.332122    -99.761554    0.0031916277
   92.332122    -81.623089    0.0021950182
   92.332122    -63.484625    0.0013569236
   92.332122    -45.346161    0.0007036634
   92.332122    -27.207696    0.0002560836
   92.332122     -9.069232    0.0000286087
   92.332122      9.069232    0.0000286087
   92.332122     27.207696    0.0002560836
   92.332122     45.346161    0.0007036634
   92.332122     63.484625    0.0013569236
   92.332122     81.623089    0.0021950182
   92.332122     99.761554    0.0031916277
   92.332122    117.900018    0.0043162240
   92.332122    136.038482    0.0055356504

