  -34.795266    -25.746645    0.3465051303
  -34.795266    -21.065436    0.2697700303
  -34.795266    -16.384228    0.2096288279
  -34.795266    -11.703020    0.1628760925
  -34.795266     -7.021812    0.1269353722
  -34.795266     -2.340604    0.0997255783
  -34.795266      2.340604    0.0795570599
  -34.795266      7.021812    0.0650512775
  -34.795266     11.703020    0.0550788454
  -34.795266     16.384228    0.0487115831
  -34.795266     21.065436    0.0451850743
  -34.795266     25.746645    0.0438691022
  -34.795266     30.427853    0.0442441931
  -34.795266     35.109061    0.0458833626
  -34.795266     39.790269    0.0484390286
  -34.795266     44.471477    0.0516359149

  -30.155897    -25.746645    0.2655417826
  -30.155897    -21.065436    0.2040223561
  -30.155897    -16.384228    0.1562403863
  -30.155897    -11.703020    0.1195925939
  -30.155897     -7.021812    0.0919443870
  -30.155897     -2.340604    0.0715563786
  -30.155897      2.340604    0.0570124751
  -30.155897      7.021812    0.0471552116
  -30.155897     11.703020    0.0410319635
  -30.155897     16.384228    0.0378535989
  -30.155897     21.065436    0.0369650908
  -30.155897     25.746645    0.0378255453
  -30.155897     30.427853    0.0399930510
  -30.155897     35.109061    0.0431076990
  -30.155897     39.790269    0.0468640666
  -30.155897     44.471477    0.0509624042

  -25.516528    -25.746645    0.2015701006
  -25.516528    -21.065436    0.1519951458
  -25.516528    -16.384228    0.1139797011
  -25.516528    -11.703020    0.0853310938
  -25.516528     -7.021812    0.0642570756
  -25.516528     -2.340604    0.0492916318
  -25.516528      2.340604    0.0392325926
  -25.516528      7.021812    0.0330903174
  -25.516528     11.703020    0.0300464977
  -25.516528     16.384228    0.0294218920
  -25.516528     21.065436    0.0306515778
  -25.516528     25.746645    0.0332660764
  -25.516528     30.427853    0.0368764776
  -25.516528     35.109061    0.0411614608
  -25.516528     39.790269    0.0458538810
  -25.516528     44.471477    0.0507243590

  -20.877160    -25.746645    0.1518576286
  -20.877160    -21.065436    0.1115312672
  -20.877160    -16.384228    0.0810967694
  -20.877160    -11.703020    0.0586743691
  -20.877160     -7.021812    0.0427298593
  -20.877160     -2.340604    0.0320036732
  -20.877160      2.340604    0.0254565826
  -20.877160      7.021812    0.0222279291
  -20.877160     11.703020    0.0216030525
  -20.877160     16.384228    0.0229873386
  -20.877160     21.065436    0.0258850566
  -20.877160     25.746645    0.0298819116
  -20.877160     30.427853    0.0346309894
  -20.877160     35.109061    0.0398425255
  -20.877160     39.790269    0.0452786781
  -20.877160     44.471477    0.0507552443

  -16.237791    -25.746645    0.1143248352
  -16.237791    -21.065436    0.0809659908
  -16.237791    -16.384228    0.0562494546
  -16.237791    -11.703020    0.0385350749
  -16.237791     -7.021812    0.0264780097
  -16.237791     -2.340604    0.0189694224
  -16.237791      2.340604    0.0150908138
  -16.237791      7.021812    0.0140786619
  -16.237791     11.703020    0.0152966562
  -16.237791     16.384228    0.0182134359
  -16.237791     21.065436    0.0223843523
  -16.237791     25.746645    0.0274364010
  -16.237791     30.427853    0.0330560819
  -16.237791     35.109061    0.0389805657
  -16.237791     39.790269    0.0449931627
  -16.237791     44.471477    0.0509247078

  -11.598422    -25.746645    0.0874282282
  -11.598422    -21.065436    0.0590546844
  -11.598422    -16.384228    0.0384345829
  -11.598422    -11.703020    0.0240989980
  -11.598422     -7.021812    0.0148361341
  -11.598422     -2.340604    0.0096429916
  -11.598422      2.340604    0.0076865239
  -11.598422      7.021812    0.0082725195
  -11.598422     11.703020    0.0108206885
  -11.598422     16.384228    0.0148446806
  -11.598422     21.065436    0.0199360082
  -11.598422     25.746645    0.0257510950
  -11.598422     30.427853    0.0320009174
  -11.598422     35.109061    0.0384429513
  -11.598422     39.790269    0.0448753874
  -11.598422     44.471477    0.0511338199

   -6.959053    -25.746645    0.0700759959
   -6.959053    -21.065436    0.0449147942
   -6.959053    -16.384228    0.0269383425
   -6.959053    -11.703020    0.0147853113
   -6.959053     -7.021812    0.0073288499
   -6.959053     -2.340604    0.0036339059
   -6.959053      2.340604    0.0029222528
   -6.959053      7.021812    0.0045440534
   -6.959053     11.703020    0.0079548994
   -6.959053     16.384228    0.0126973836
   -6.959053     21.065436    0.0183863715
   -6.959053     25.746645    0.0246972557
   -6.959053     30.427853    0.0313565882
   -6.959053     35.109061    0.0381346011
   -6.959053     39.790269    0.0448392373
   -6.959053     44.471477    0.0513114298

   -2.319684    -25.746645    0.0615700761
   -2.319684    -21.065436    0.0379822277
   -2.319684    -16.384228    0.0213023048
   -2.319684    -11.703020    0.0102200611
   -2.319684     -7.021812    0.0036501217
   -2.319684     -2.340604    0.0006908456
   -2.319684      2.340604    0.0005908403
   -2.319684      7.021812    0.0027218561
   -2.319684     11.703020    0.0065569357
   -2.319684     16.384228    0.0116528472
   -2.319684     21.065436    0.0176359815
   -2.319684     25.746645    0.0241910426
   -2.319684     30.427853    0.0310520137
   -2.319684     35.109061    0.0379950306
   -2.319684     39.790269    0.0448329470
   -2.319684     44.471477    0.0514115266

    2.319684    -25.746645    0.0615700761
    2.319684    -21.065436    0.0379822277
    2.319684    -16.384228    0.0213023048
    2.319684    -11.703020    0.0102200611
    2.319684     -7.021812    0.0036501217
    2.319684     -2.340604    0.0006908456
    2.319684      2.340604    0.0005908403
    2.319684      7.021812    0.0027218561
    2.319684     11.703020    0.0065569357
    2.319684     16.384228    0.0116528472
    2.319684     21.065436    0.0176359815
    2.319684     25.746645    0.0241910426
    2.319684     30.427853    0.0310520137
    2.319684     35.109061    0.0379950306
    2.319684     39.790269    0.0448329470
    2.319684     44.471477    0.0514115266

    6.959053    -25.746645    0.0700759959
    6.959053    -21.065436    0.0449147942
    6.959053    -16.384228    0.0269383425
    6.959053    -11.703020    0.0147853113
    6.959053     -7.021812    0.0073288499
    6.959053     -2.340604    0.0036339059
    6.959053      2.340604    0.0029222528
    6.959053      7.021812    0.0045440534
    6.959053     11.703020    0.0079548994
    6.959053     16.384228    0.0126973836
    6.959053     21.065436    0.0183863715
    6.959053     25.746645    0.0246972557
    6.959053     30.427853    0.0313565882
    6.959053     35.109061    0.0381346011
    6.959053     39.790269    0.0448392373
    6.959053     44.471477    0.0513114298

   11.598422    -25.746645    0.0874282282
   11.598422    -21.065436    0.0590546844
   11.598422    -16.384228    0.0384345829
   11.598422    -11.703020    0.0240989980
   11.598422     -7.021812    0.0148361341
   11.598422     -2.340604    0.0096429916
   11.598422      2.340604    0.0076865239
   11.598422      7.021812    0.0082725195
   11.598422     11.703020    0.0108206885
   11.598422     16.384228    0.0148446806
   11.598422     21.065436    0.0199360082
   11.598422     25.746645    0.0257510950
   11.598422     30.427853    0.0320009174
   11.598422     35.109061    0.0384429513
   11.598422     39.790269    0.0448753874
   11.598422     44.471477    0.0511338199

   16.237791    -25.746645    0.1143248352
   16.237791    -21.065436    0.0809659908
   16.237791    -16.384228    0.0562494546
   16.237791    -11.703020    0.0385350749
   16.237791     -7.021812    0.0264780097
   16.237791     -2.340604    0.0189694224
   16.237791      2.340604    0.0150908138
   16.237791      7.021812    0.0140786619
   16.237791     11.703020    0.0152966562
   16.237791     16.384228    0.0182134359
   16.237791     21.065436    0.0223843523
   16.237791     25.746645    0.0274364010
   16.237791     30.427853    0.0330560819
   16.237791     35.109061    0.0389805657
   16.237791     39.790269    0.0449931627
   16.237791     44.471477    0.0509247078

   20.877160    -25.746645    0.1518576286
   20.877160    -21.065436    0.1115312672
   20.877160    -16.384228    0.0810967694
   20.877160    -11.703020    0.0586743691
   20.877160     -7.021812    0.0427298593
   20.877160     -2.340604    0.0320036732
   20.877160      2.340604    0.0254565826
   20.877160      7.021812    0.0222279291
   20.877160     11.703020    0.0216030525
   20.877160     16.384228    0.0229873386
   20.877160     21.065436    0.0258850566
   20.877160     25.746645    0.0298819116
   20.877160     30.427853    0.0346309894
   20.877160     35.109061    0.0398425255
   20.877160     39.790269    0.0452786781
   20.877160     44.471477    0.0507552443

   25.516528    -25.746645    0.2015701006
   25.516528    -21.065436    0.1519951458
   25.516528    -16.384228    0.1139797011
   25.516528    -11.703020    0.0853310938
   25.516528     -7.021812    0.0642570756
   25.516528     -2.340604    0.0492916318
   25.516528      2.340604    0.0392325926
   25.516528      7.021812    0.0330903174
   25.516528     11.703020    0.0300464977
   25.516528     16.384228    0.0294218920
   25.516528     21.065436    0.0306515778
   25.516528     25.746645    0.0332660764
   25.516528     30.427853    0.0368764776
   25.516528     35.109061    0.0411614608
   25.516528     39.790269    0.0458538810
   25.516528     44.471477    0.0507243590

   30.155897    -25.746645    0.2655417826
   30.155897    -21.065436    0.2040223561
   30.155897    -16.384228    0.1562403863
   30.155897    -11.703020    0.1195925939
   30.155897     -7.021812    0.0919443870
   30.155897     -2.340604    0.0715563786
   30.155897      2.340604    0.0570124751
   30.155897      7.021812    0.0471552116
   30.155897     11.703020    0.0410319635
   30.155897     16.384228    0.0378535989
   30.155897     21.065436    0.0369650908
   30.155897     25.746645    0.0378255453
   30.155897     30.427853    0.0399930510
   30.155897     35.109061    0.0431076990
   30.155897     39.790269    0.0468640666
   30.155897     44.471477    0.0509624042

   34.795266    -25.746645    0.3465051303
   34.795266    -21.065436    0.2697700303
   34.795266    -16.384228    0.2096288279
   34.795266    -11.703020    0.1628760925
   34.795266     -7.021812    0.1269353722
   34.795266     -2.340604    0.0997255783
   34.795266      2.340604    0.0795570599
   34.795266      7.021812    0.0650512775
   34.795266     11.703020    0.0550788454
   34.795266     16.384228    0.0487115831
   34.795266     21.065436    0.0451850743
   34.795266     25.746645    0.0438691022
   34.795266     30.427853    0.0442441931
   34.795266     35.109061    0.0458833626
   34.795266     39.790269    0.0484390286
   34.795266     44.471477    0.0516359149

