  -25.746645    -38.681015   -0.0042709835
  -25.746645    -33.523546   -0.0031787391
  -25.746645    -28.366078   -0.0022580567
  -25.746645    -23.208609   -0.0015016846
  -25.746645    -18.051140   -0.0009036510
  -25.746645    -12.893672   -0.0004592247
  -25.746645     -7.736203   -0.0001648847
  -25.746645     -2.578734   -0.0000182963
  -25.746645      2.578734   -0.0000182963
  -25.746645      7.736203   -0.0001648847
  -25.746645     12.893672   -0.0004592247
  -25.746645     18.051140   -0.0009036510
  -25.746645     23.208609   -0.0015016846
  -25.746645     28.366078   -0.0022580567
  -25.746645     33.523546   -0.0031787391
  -25.746645     38.681015   -0.0042709835

  -21.065436    -38.681015   -0.0034809890
  -21.065436    -33.523546   -0.0025905405
  -21.065436    -28.366078   -0.0018400723
  -21.065436    -23.208609   -0.0012236238
  -21.065436    -18.051140   -0.0007362822
  -21.065436    -12.893672   -0.0003741529
  -21.065436     -7.736203   -0.0001343355
  -21.065436     -2.578734   -0.0000149062
  -21.065436      2.578734   -0.0000149062
  -21.065436      7.736203   -0.0001343355
  -21.065436     12.893672   -0.0003741529
  -21.065436     18.051140   -0.0007362822
  -21.065436     23.208609   -0.0012236238
  -21.065436     28.366078   -0.0018400723
  -21.065436     33.523546   -0.0025905405
  -21.065436     38.681015   -0.0034809890

  -16.384228    -38.681015   -0.0027019284
  -16.384228    -33.523546   -0.0020106132
  -16.384228    -28.366078   -0.0014280526
  -16.384228    -23.208609   -0.0009495828
  -16.384228    -18.051140   -0.0005713596
  -16.384228    -12.893672   -0.0002903350
  -16.384228     -7.736203   -0.0001042392
  -16.384228     -2.578734   -0.0000115665
  -16.384228      2.578734   -0.0000115665
  -16.384228      7.736203   -0.0001042392
  -16.384228     12.893672   -0.0002903350
  -16.384228     18.051140   -0.0005713596
  -16.384228     23.208609   -0.0009495828
  -16.384228     28.366078   -0.0014280526
  -16.384228     33.523546   -0.0020106132
  -16.384228     38.681015   -0.0027019284

  -11.703020    -38.681015   -0.0019289956
  -11.703020    -33.523546   -0.0014353490
  -11.703020    -28.366078   -0.0010194160
  -11.703020    -23.208609   -0.0006778348
  -11.703020    -18.051140   -0.0004078391
  -11.703020    -12.893672   -0.0002072386
  -11.703020     -7.736203   -0.0000744042
  -11.703020     -2.578734   -0.0000082559
  -11.703020      2.578734   -0.0000082559
  -11.703020      7.736203   -0.0000744042
  -11.703020     12.893672   -0.0002072386
  -11.703020     18.051140   -0.0004078391
  -11.703020     23.208609   -0.0006778348
  -11.703020     28.366078   -0.0010194160
  -11.703020     33.523546   -0.0014353490
  -11.703020     38.681015   -0.0019289956

   -7.021812    -38.681015   -0.0011583371
   -7.021812    -33.523546   -0.0008618598
   -7.021812    -28.366078   -0.0006120900
   -7.021812    -23.208609   -0.0004069857
   -7.021812    -18.051140   -0.0002448726
   -7.021812    -12.893672   -0.0001244287
   -7.021812     -7.736203   -0.0000446732
   -7.021812     -2.578734   -0.0000049570
   -7.021812      2.578734   -0.0000049570
   -7.021812      7.736203   -0.0000446732
   -7.021812     12.893672   -0.0001244287
   -7.021812     18.051140   -0.0002448726
   -7.021812     23.208609   -0.0004069857
   -7.021812     28.366078   -0.0006120900
   -7.021812     33.523546   -0.0008618598
   -7.021812     38.681015   -0.0011583371

   -2.340604    -38.681015   -0.0003868544
   -2.340604    -33.523546   -0.0002878249
   -2.340604    -28.366078   -0.0002044075
   -2.340604    -23.208609   -0.0001359120
   -2.340604    -18.051140   -0.0000817750
   -2.340604    -12.893672   -0.0000415532
   -2.340604     -7.736203   -0.0000149188
   -2.340604     -2.578734   -0.0000016554
   -2.340604      2.578734   -0.0000016554
   -2.340604      7.736203   -0.0000149188
   -2.340604     12.893672   -0.0000415532
   -2.340604     18.051140   -0.0000817750
   -2.340604     23.208609   -0.0001359120
   -2.340604     28.366078   -0.0002044075
   -2.340604     33.523546   -0.0002878249
   -2.340604     38.681015   -0.0003868544

    2.340604    -38.681015    0.0003879650
    2.340604    -33.523546    0.0002886400
    2.340604    -28.366078    0.0002049832
    2.340604    -23.208609    0.0001362948
    2.340604    -18.051140    0.0000820060
    2.340604    -12.893672    0.0000416710
    2.340604     -7.736203    0.0000149613
    2.340604     -2.578734    0.0000016601
    2.340604      2.578734    0.0000016601
    2.340604      7.736203    0.0000149613
    2.340604     12.893672    0.0000416710
    2.340604     18.051140    0.0000820060
    2.340604     23.208609    0.0001362948
    2.340604     28.366078    0.0002049832
    2.340604     33.523546    0.0002886400
    2.340604     38.681015    0.0003879650

    7.021812    -38.681015    0.0011681898
    7.021812    -33.523546    0.0008690908
    7.021812    -28.366078    0.0006171942
    7.021812    -23.208609    0.0004103765
    7.021812    -18.051140    0.0002469169
    7.021812    -12.893672    0.0001254708
    7.021812     -7.736203    0.0000450484
    7.021812     -2.578734    0.0000049987
    7.021812      2.578734    0.0000049987
    7.021812      7.736203    0.0000450484
    7.021812     12.893672    0.0001254708
    7.021812     18.051140    0.0002469169
    7.021812     23.208609    0.0004103765
    7.021812     28.366078    0.0006171942
    7.021812     33.523546    0.0008690908
    7.021812     38.681015    0.0011681898

   11.703020    -38.681015    0.0019555592
   11.703020    -33.523546    0.0014548411
   11.703020    -28.366078    0.0010331588
   11.703020    -23.208609    0.0006869484
   11.703020    -18.051140    0.0004133235
   11.703020    -12.893672    0.0002100297
   11.703020     -7.736203    0.0000754079
   11.703020     -2.578734    0.0000083674
   11.703020      2.578734    0.0000083674
   11.703020      7.736203    0.0000754079
   11.703020     12.893672    0.0002100297
   11.703020     18.051140    0.0004133235
   11.703020     23.208609    0.0006869484
   11.703020     28.366078    0.0010331588
   11.703020     33.523546    0.0014548411
   11.703020     38.681015    0.0019555592

   16.384228    -38.681015    0.0027515701
   16.384228    -33.523546    0.0020470257
   16.384228    -28.366078    0.0014536792
   16.384228    -23.208609    0.0009665339
   16.384228    -18.051140    0.0005815326
   16.384228    -12.893672    0.0002954993
   16.384228     -7.736203    0.0001060930
   16.384228     -2.578734    0.0000117722
   16.384228      2.578734    0.0000117722
   16.384228      7.736203    0.0001060930
   16.384228     12.893672    0.0002954993
   16.384228     18.051140    0.0005815326
   16.384228     23.208609    0.0009665339
   16.384228     28.366078    0.0014536792
   16.384228     33.523546    0.0020470257
   16.384228     38.681015    0.0027515701

   21.065436    -38.681015    0.0035575362
   21.065436    -33.523546    0.0026466422
   21.065436    -28.366078    0.0018794594
   21.065436    -23.208609    0.0012495904
   21.065436    -18.051140    0.0007518109
   21.065436    -12.893672    0.0003820112
   21.065436     -7.736203    0.0001371497
   21.065436     -2.578734    0.0000152181
   21.065436      2.578734    0.0000152181
   21.065436      7.736203    0.0001371497
   21.065436     12.893672    0.0003820112
   21.065436     18.051140    0.0007518109
   21.065436     23.208609    0.0012495904
   21.065436     28.366078    0.0018794594
   21.065436     33.523546    0.0026466422
   21.065436     38.681015    0.0035575362

   25.746645    -38.681015    0.0043746204
   25.746645    -33.523546    0.0032545703
   25.746645    -28.366078    0.0023111237
   25.746645    -23.208609    0.0015365286
   25.746645    -18.051140    0.0009244017
   25.746645    -12.893672    0.0004696869
   25.746645     -7.736203    0.0001686211
   25.746645     -2.578734    0.0000187098
   25.746645      2.578734    0.0000187098
   25.746645      7.736203    0.0001686211
   25.746645     12.893672    0.0004696869
   25.746645     18.051140    0.0009244017
   25.746645     23.208609    0.0015365286
   25.746645     28.366078    0.0023111237
   25.746645     33.523546    0.0032545703
   25.746645     38.681015    0.0043746204

   30.427853    -38.681015    0.0052038388
   30.427853    -33.523546    0.0038715680
   30.427853    -28.366078    0.0027492216
   30.427853    -23.208609    0.0018277246
   30.427853    -18.051140    0.0010995385
   30.427853    -12.893672    0.0005586483
   30.427853     -7.736203    0.0002005520
   30.427853     -2.578734    0.0000222524
   30.427853      2.578734    0.0000222524
   30.427853      7.736203    0.0002005520
   30.427853     12.893672    0.0005586483
   30.427853     18.051140    0.0010995385
   30.427853     23.208609    0.0018277246
   30.427853     28.366078    0.0027492216
   30.427853     33.523546    0.0038715680
   30.427853     38.681015    0.0052038388

   35.109061    -38.681015    0.0060460381
   35.109061    -33.523546    0.0044982467
   35.109061    -28.366078    0.0031942180
   35.109061    -23.208609    0.0021235249
   35.109061    -18.051140    0.0012774557
   35.109061    -12.893672    0.0006490270
   35.109061     -7.736203    0.0002329928
   35.109061     -2.578734    0.0000258516
   35.109061      2.578734    0.0000258516
   35.109061      7.736203    0.0002329928
   35.109061     12.893672    0.0006490270
   35.109061     18.051140    0.0012774557
   35.109061     23.208609    0.0021235249
   35.109061     28.366078    0.0031942180
   35.109061     33.523546    0.0044982467
   35.109061     38.681015    0.0060460381

   39.790269    -38.681015    0.0069018446
   39.790269    -33.523546    0.0051350229
   39.790269    -28.366078    0.0036464695
   39.790269    -23.208609    0.0024242436
   39.790269    -18.051140    0.0014583970
   39.790269    -12.893672    0.0007409729
   39.790269     -7.736203    0.0002660045
   39.790269     -2.578734    0.0000295146
   39.790269      2.578734    0.0000295146
   39.790269      7.736203    0.0002660045
   39.790269     12.893672    0.0007409729
   39.790269     18.051140    0.0014583970
   39.790269     23.208609    0.0024242436
   39.790269     28.366078    0.0036464695
   39.790269     33.523546    0.0051350229
   39.790269     38.681015    0.0069018446

   44.471477    -38.681015    0.0077715865
   44.471477    -33.523546    0.0057820488
   44.471477    -28.366078    0.0041061862
   44.471477    -23.208609    0.0027301532
   44.471477    -18.051140    0.0016426207
   44.471477    -12.893672    0.0008346623
   44.471477     -7.736203    0.0002996630
   44.471477     -2.578734    0.0000332507
   44.471477      2.578734    0.0000332507
   44.471477      7.736203    0.0002996630
   44.471477     12.893672    0.0008346623
   44.471477     18.051140    0.0016426207
   44.471477     23.208609    0.0027301532
   44.471477     28.366078    0.0041061862
   44.471477     33.523546    0.0057820488
   44.471477     38.681015    0.0077715865

