  -34.795266    -61.469935    0.1010980437
  -34.795266    -53.273944    0.0983057014
  -34.795266    -45.077952    0.0959043529
  -34.795266    -36.881961    0.0938709601
  -34.795266    -28.685970    0.0921861587
  -34.795266    -20.489978    0.0908346565
  -34.795266    -12.293987    0.0898055406
  -34.795266     -4.097996    0.0890924918
  -34.795266      4.097996    0.0886939068
  -34.795266     12.293987    0.0886129301
  -34.795266     20.489978    0.0888573986
  -34.795266     28.685970    0.0894397014
  -34.795266     36.881961    0.0903765603
  -34.795266     45.077952    0.0916887352
  -34.795266     53.273944    0.0934006608
  -34.795266     61.469935    0.0955400230

  -30.155897    -61.469935    0.0772831117
  -30.155897    -53.273944    0.0739473455
  -30.155897    -45.077952    0.0712166402
  -30.155897    -36.881961    0.0689104387
  -30.155897    -28.685970    0.0670073300
  -30.155897    -20.489978    0.0655215272
  -30.155897    -12.293987    0.0644572912
  -30.155897     -4.097996    0.0638058053
  -30.155897      4.097996    0.0635578809
  -30.155897     12.293987    0.0637147471
  -30.155897     20.489978    0.0642880505
  -30.155897     28.685970    0.0652890654
  -30.155897     36.881961    0.0667159870
  -30.155897     45.077952    0.0685570554
  -30.155897     53.273944    0.0708361290
  -30.155897     61.469935    0.0737362019

  -25.516528    -61.469935    0.0585068052
  -25.516528    -53.273944    0.0548688149
  -25.516528    -45.077952    0.0517949780
  -25.516528    -36.881961    0.0492273767
  -25.516528    -28.685970    0.0471522360
  -25.516528    -20.489978    0.0455667559
  -25.516528    -12.293987    0.0444669356
  -25.516528     -4.097996    0.0438468209
  -25.516528      4.097996    0.0437019995
  -25.516528     12.293987    0.0440325579
  -25.516528     20.489978    0.0448431082
  -25.516528     28.685970    0.0461398847
  -25.516528     36.881961    0.0479272995
  -25.516528     45.077952    0.0502087426
  -25.516528     53.273944    0.0529987992
  -25.516528     61.469935    0.0563564538

  -20.877160    -61.469935    0.0439701275
  -20.877160    -53.273944    0.0400888382
  -20.877160    -45.077952    0.0367599710
  -20.877160    -36.881961    0.0339938739
  -20.877160    -28.685970    0.0317816318
  -20.877160    -20.489978    0.0301116325
  -20.877160    -12.293987    0.0289757673
  -20.877160     -4.097996    0.0283699718
  -20.877160      4.097996    0.0282926397
  -20.877160     12.293987    0.0287432594
  -20.877160     20.489978    0.0297224523
  -20.877160     28.685970    0.0312334099
  -20.877160     36.881961    0.0332835538
  -20.877160     45.077952    0.0358840617
  -20.877160     53.273944    0.0390437301
  -20.877160     61.469935    0.0427524634

  -16.237791    -61.469935    0.0330473011
  -16.237791    -53.273944    0.0289593516
  -16.237791    -45.077952    0.0254570836
  -16.237791    -36.881961    0.0225497748
  -16.237791    -28.685970    0.0202301907
  -16.237791    -20.489978    0.0184886892
  -16.237791    -12.293987    0.0173184900
  -16.237791     -4.097996    0.0167161238
  -16.237791      4.097996    0.0166800727
  -16.237791     12.293987    0.0172096077
  -16.237791     20.489978    0.0183048275
  -16.237791     28.685970    0.0199678968
  -16.237791     36.881961    0.0222044795
  -16.237791     45.077952    0.0250233575
  -16.237791     53.273944    0.0284312218
  -16.237791     61.469935    0.0324186204

  -11.598422    -61.469935    0.0252604975
  -11.598422    -53.273944    0.0210180313
  -11.598422    -45.077952    0.0173970812
  -11.598422    -36.881961    0.0143901577
  -11.598422    -28.685970    0.0119906691
  -11.598422    -20.489978    0.0101930755
  -11.598422    -12.293987    0.0089929809
  -11.598422     -4.097996    0.0083871896
  -11.598422      4.097996    0.0083737441
  -11.598422     12.293987    0.0089519582
  -11.598422     20.489978    0.0101224492
  -11.598422     28.685970    0.0118871696
  -11.598422     36.881961    0.0142494288
  -11.598422     45.077952    0.0172138916
  -11.598422     53.273944    0.0207865333
  -11.598422     61.469935    0.0249745218

   -6.959053    -61.469935    0.0202605208
   -6.959053    -53.273944    0.0159229929
   -6.959053    -45.077952    0.0122232856
   -6.959053    -36.881961    0.0091499746
   -6.959053    -28.685970    0.0066972154
   -6.959053    -20.489978    0.0048611018
   -6.959053    -12.293987    0.0036383419
   -6.959053     -4.097996    0.0030261963
   -6.959053      4.097996    0.0030228845
   -6.959053     12.293987    0.0036279319
   -6.959053     20.489978    0.0048421905
   -6.959053     28.685970    0.0066675355
   -6.959053     36.881961    0.0091064975
   -6.959053     45.077952    0.0121623591
   -6.959053     53.273944    0.0158405070
   -6.959053     61.469935    0.0201520932

   -2.319684    -61.469935    0.0178126241
   -2.319684    -53.273944    0.0134343436
   -2.319684    -45.077952    0.0096955332
   -2.319684    -36.881961    0.0065892613
   -2.319684    -28.685970    0.0041103890
   -2.319684    -20.489978    0.0022549048
   -2.319684    -12.293987    0.0010196932
   -2.319684     -4.097996    0.0004025380
   -2.319684      4.097996    0.0004022105
   -2.319684     12.293987    0.0010185420
   -2.319684     20.489978    0.0022524319
   -2.319684     28.685970    0.0041057894
   -2.319684     36.881961    0.0065814584
   -2.319684     45.077952    0.0096832267
   -2.319684     53.273944    0.0134160662
   -2.319684     61.469935    0.0177868046

    2.319684    -61.469935    0.0177868046
    2.319684    -53.273944    0.0134160662
    2.319684    -45.077952    0.0096832267
    2.319684    -36.881961    0.0065814584
    2.319684    -28.685970    0.0041057894
    2.319684    -20.489978    0.0022524319
    2.319684    -12.293987    0.0010185420
    2.319684     -4.097996    0.0004022105
    2.319684      4.097996    0.0004025380
    2.319684     12.293987    0.0010196932
    2.319684     20.489978    0.0022549048
    2.319684     28.685970    0.0041103890
    2.319684     36.881961    0.0065892613
    2.319684     45.077952    0.0096955332
    2.319684     53.273944    0.0134343436
    2.319684     61.469935    0.0178126241

    6.959053    -61.469935    0.0201520932
    6.959053    -53.273944    0.0158405070
    6.959053    -45.077952    0.0121623591
    6.959053    -36.881961    0.0091064975
    6.959053    -28.685970    0.0066675355
    6.959053    -20.489978    0.0048421905
    6.959053    -12.293987    0.0036279319
    6.959053     -4.097996    0.0030228845
    6.959053      4.097996    0.0030261963
    6.959053     12.293987    0.0036383419
    6.959053     20.489978    0.0048611018
    6.959053     28.685970    0.0066972154
    6.959053     36.881961    0.0091499746
    6.959053     45.077952    0.0122232856
    6.959053     53.273944    0.0159229929
    6.959053     61.469935    0.0202605208

   11.598422    -61.469935    0.0249745218
   11.598422    -53.273944    0.0207865333
   11.598422    -45.077952    0.0172138916
   11.598422    -36.881961    0.0142494288
   11.598422    -28.685970    0.0118871696
   11.598422    -20.489978    0.0101224492
   11.598422    -12.293987    0.0089519582
   11.598422     -4.097996    0.0083737441
   11.598422      4.097996    0.0083871896
   11.598422     12.293987    0.0089929809
   11.598422     20.489978    0.0101930755
   11.598422     28.685970    0.0119906691
   11.598422     36.881961    0.0143901577
   11.598422     45.077952    0.0173970812
   11.598422     53.273944    0.0210180313
   11.598422     61.469935    0.0252604975

   16.237791    -61.469935    0.0324186204
   16.237791    -53.273944    0.0284312218
   16.237791    -45.077952    0.0250233575
   16.237791    -36.881961    0.0222044795
   16.237791    -28.685970    0.0199678968
   16.237791    -20.489978    0.0183048275
   16.237791    -12.293987    0.0172096077
   16.237791     -4.097996    0.0166800727
   16.237791      4.097996    0.0167161238
   16.237791     12.293987    0.0173184900
   16.237791     20.489978    0.0184886892
   16.237791     28.685970    0.0202301907
   16.237791     36.881961    0.0225497748
   16.237791     45.077952    0.0254570836
   16.237791     53.273944    0.0289593516
   16.237791     61.469935    0.0330473011

   20.877160    -61.469935    0.0427524634
   20.877160    -53.273944    0.0390437301
   20.877160    -45.077952    0.0358840617
   20.877160    -36.881961    0.0332835538
   20.877160    -28.685970    0.0312334099
   20.877160    -20.489978    0.0297224523
   20.877160    -12.293987    0.0287432594
   20.877160     -4.097996    0.0282926397
   20.877160      4.097996    0.0283699718
   20.877160     12.293987    0.0289757673
   20.877160     20.489978    0.0301116325
   20.877160     28.685970    0.0317816318
   20.877160     36.881961    0.0339938739
   20.877160     45.077952    0.0367599710
   20.877160     53.273944    0.0400888382
   20.877160     61.469935    0.0439701275

   25.516528    -61.469935    0.0563564538
   25.516528    -53.273944    0.0529987992
   25.516528    -45.077952    0.0502087426
   25.516528    -36.881961    0.0479272995
   25.516528    -28.685970    0.0461398847
   25.516528    -20.489978    0.0448431082
   25.516528    -12.293987    0.0440325579
   25.516528     -4.097996    0.0437019995
   25.516528      4.097996    0.0438468209
   25.516528     12.293987    0.0444669356
   25.516528     20.489978    0.0455667559
   25.516528     28.685970    0.0471522360
   25.516528     36.881961    0.0492273767
   25.516528     45.077952    0.0517949780
   25.516528     53.273944    0.0548688149
   25.516528     61.469935    0.0585068052

   30.155897    -61.469935    0.0737362019
   30.155897    -53.273944    0.0708361290
   30.155897    -45.077952    0.0685570554
   30.155897    -36.881961    0.0667159870
   30.155897    -28.685970    0.0652890654
   30.155897    -20.489978    0.0642880505
   30.155897    -12.293987    0.0637147471
   30.155897     -4.097996    0.0635578809
   30.155897      4.097996    0.0638058053
   30.155897     12.293987    0.0644572912
   30.155897     20.489978    0.0655215272
   30.155897     28.685970    0.0670073300
   30.155897     36.881961    0.0689104387
   30.155897     45.077952    0.0712166402
   30.155897     53.273944    0.0739473455
   30.155897     61.469935    0.0772831117

   34.795266    -61.469935    0.0955400230
   34.795266    -53.273944    0.0934006608
   34.795266    -45.077952    0.0916887352
   34.795266    -36.881961    0.0903765603
   34.795266    -28.685970    0.0894397014
   34.795266    -20.489978    0.0888573986
   34.795266    -12.293987    0.0886129301
   34.795266     -4.097996    0.0886939068
   34.795266      4.097996    0.0890924918
   34.795266     12.293987    0.0898055406
   34.795266     20.489978    0.0908346565
   34.795266     28.685970    0.0921861587
   34.795266     36.881961    0.0938709601
   34.795266     45.077952    0.0959043529
   34.795266     53.273944    0.0983057014
   34.795266     61.469935    0.1010980437

