  -38.681015   -100.911229    0.0517131225
  -38.681015    -87.456398    0.0504812164
  -38.681015    -74.001568    0.0498061887
  -38.681015    -60.546737    0.0495294200
  -38.681015    -47.091907    0.0495051626
  -38.681015    -33.637076    0.0496069863
  -38.681015    -20.182246    0.0497338875
  -38.681015     -6.727415    0.0498154287
  -38.681015      6.727415    0.0498154287
  -38.681015     20.182246    0.0497338875
  -38.681015     33.637076    0.0496069863
  -38.681015     47.091907    0.0495051626
  -38.681015     60.546737    0.0495294200
  -38.681015     74.001568    0.0498061887
  -38.681015     87.456398    0.0504812164
  -38.681015    100.911229    0.0517131225

  -33.523546   -100.911229    0.0400893010
  -33.523546    -87.456398    0.0385833975
  -33.523546    -74.001568    0.0376676565
  -33.523546    -60.546737    0.0371861624
  -33.523546    -47.091907    0.0369954209
  -33.523546    -33.637076    0.0369708041
  -33.523546    -20.182246    0.0370126606
  -33.523546     -6.727415    0.0370514541
  -33.523546      6.727415    0.0370514541
  -33.523546     20.182246    0.0370126606
  -33.523546     33.637076    0.0369708041
  -33.523546     47.091907    0.0369954209
  -33.523546     60.546737    0.0371861624
  -33.523546     74.001568    0.0376676565
  -33.523546     87.456398    0.0385833975
  -33.523546    100.911229    0.0400893010

  -28.366078   -100.911229    0.0303021439
  -28.366078    -87.456398    0.0285660079
  -28.366078    -74.001568    0.0274480429
  -28.366078    -60.546737    0.0267945865
  -28.366078    -47.091907    0.0264640219
  -28.366078    -33.637076    0.0263332235
  -28.366078    -20.182246    0.0263036664
  -28.366078     -6.727415    0.0263065654
  -28.366078      6.727415    0.0263065654
  -28.366078     20.182246    0.0263036664
  -28.366078     33.637076    0.0263332235
  -28.366078     47.091907    0.0264640219
  -28.366078     60.546737    0.0267945865
  -28.366078     74.001568    0.0274480429
  -28.366078     87.456398    0.0285660079
  -28.366078    100.911229    0.0303021439

  -23.208609   -100.911229    0.0222690175
  -23.208609    -87.456398    0.0203442804
  -23.208609    -74.001568    0.0190606875
  -23.208609    -60.546737    0.0182664088
  -23.208609    -47.091907    0.0178213542
  -23.208609    -33.637076    0.0176036196
  -23.208609    -20.182246    0.0175155960
  -23.208609     -6.727415    0.0174891091
  -23.208609      6.727415    0.0174891091
  -23.208609     20.182246    0.0175155960
  -23.208609     33.637076    0.0176036196
  -23.208609     47.091907    0.0178213542
  -23.208609     60.546737    0.0182664088
  -23.208609     74.001568    0.0190606875
  -23.208609     87.456398    0.0203442804
  -23.208609    100.911229    0.0222690175

  -18.051140   -100.911229    0.0159221838
  -18.051140    -87.456398    0.0138486991
  -18.051140    -74.001568    0.0124344971
  -18.051140    -60.546737    0.0115291836
  -18.051140    -47.091907    0.0109938652
  -18.051140    -33.637076    0.0107075951
  -18.051140    -20.182246    0.0105734823
  -18.051140     -6.727415    0.0105238311
  -18.051140      6.727415    0.0105238311
  -18.051140     20.182246    0.0105734823
  -18.051140     33.637076    0.0107075951
  -18.051140     47.091907    0.0109938652
  -18.051140     60.546737    0.0115291836
  -18.051140     74.001568    0.0124344971
  -18.051140     87.456398    0.0138486991
  -18.051140    100.911229    0.0159221838

  -12.893672   -100.911229    0.0112081880
  -12.893672    -87.456398    0.0090243872
  -12.893672    -74.001568    0.0075133326
  -12.893672    -60.546737    0.0065256897
  -12.893672    -47.091907    0.0059234483
  -12.893672    -33.637076    0.0055863677
  -12.893672    -20.182246    0.0054180870
  -12.893672     -6.727415    0.0053512635
  -12.893672      6.727415    0.0053512635
  -12.893672     20.182246    0.0054180870
  -12.893672     33.637076    0.0055863677
  -12.893672     47.091907    0.0059234483
  -12.893672     60.546737    0.0065256897
  -12.893672     74.001568    0.0075133326
  -12.893672     87.456398    0.0090243872
  -12.893672    100.911229    0.0112081880

   -7.736203   -100.911229    0.0080873679
   -7.736203    -87.456398    0.0058306156
   -7.736203    -74.001568    0.0042555185
   -7.736203    -60.546737    0.0032134403
   -7.736203    -47.091907    0.0025669524
   -7.736203    -33.637076    0.0021962797
   -7.736203    -20.182246    0.0020054104
   -7.736203     -6.727415    0.0019272344
   -7.736203      6.727415    0.0019272344
   -7.736203     20.182246    0.0020054104
   -7.736203     33.637076    0.0021962797
   -7.736203     47.091907    0.0025669524
   -7.736203     60.546737    0.0032134403
   -7.736203     74.001568    0.0042555185
   -7.736203     87.456398    0.0058306156
   -7.736203    100.911229    0.0080873679

   -2.578734   -100.911229    0.0065334866
   -2.578734    -87.456398    0.0042404363
   -2.578734    -74.001568    0.0026334757
   -2.578734    -60.546737    0.0015643150
   -2.578734    -47.091907    0.0008958146
   -2.578734    -33.637076    0.0005084303
   -2.578734    -20.182246    0.0003063236
   -2.578734     -6.727415    0.0002225001
   -2.578734      6.727415    0.0002225001
   -2.578734     20.182246    0.0003063236
   -2.578734     33.637076    0.0005084303
   -2.578734     47.091907    0.0008958146
   -2.578734     60.546737    0.0015643150
   -2.578734     74.001568    0.0026334757
   -2.578734     87.456398    0.0042404363
   -2.578734    100.911229    0.0065334866

    2.578734   -100.911229    0.0065334866
    2.578734    -87.456398    0.0042404363
    2.578734    -74.001568    0.0026334757
    2.578734    -60.546737    0.0015643150
    2.578734    -47.091907    0.0008958146
    2.578734    -33.637076    0.0005084303
    2.578734    -20.182246    0.0003063236
    2.578734     -6.727415    0.0002225001
    2.578734      6.727415    0.0002225001
    2.578734     20.182246    0.0003063236
    2.578734     33.637076    0.0005084303
    2.578734     47.091907    0.0008958146
    2.578734     60.546737    0.0015643150
    2.578734     74.001568    0.0026334757
    2.578734     87.456398    0.0042404363
    2.578734    100.911229    0.0065334866

    7.736203   -100.911229    0.0080873679
    7.736203    -87.456398    0.0058306156
    7.736203    -74.001568    0.0042555185
    7.736203    -60.546737    0.0032134403
    7.736203    -47.091907    0.0025669524
    7.736203    -33.637076    0.0021962797
    7.736203    -20.182246    0.0020054104
    7.736203     -6.727415    0.0019272344
    7.736203      6.727415    0.0019272344
    7.736203     20.182246    0.0020054104
    7.736203     33.637076    0.0021962797
    7.736203     47.091907    0.0025669524
    7.736203     60.546737    0.0032134403
    7.736203     74.001568    0.0042555185
    7.736203     87.456398    0.0058306156
    7.736203    100.911229    0.0080873679

   12.893672   -100.911229    0.0112081880
   12.893672    -87.456398    0.0090243872
   12.893672    -74.001568    0.0075133326
   12.893672    -60.546737    0.0065256897
   12.893672    -47.091907    0.0059234483
   12.893672    -33.637076    0.0055863677
   12.893672    -20.182246    0.0054180870
   12.893672     -6.727415    0.0053512635
   12.893672      6.727415    0.0053512635
   12.893672     20.182246    0.0054180870
   12.893672     33.637076    0.0055863677
   12.893672     47.091907    0.0059234483
   12.893672     60.546737    0.0065256897
   12.893672     74.001568    0.0075133326
   12.893672     87.456398    0.0090243872
   12.893672    100.911229    0.0112081880

   18.051140   -100.911229    0.0159221838
   18.051140    -87.456398    0.0138486991
   18.051140    -74.001568    0.0124344971
   18.051140    -60.546737    0.0115291836
   18.051140    -47.091907    0.0109938652
   18.051140    -33.637076    0.0107075951
   18.051140    -20.182246    0.0105734823
   18.051140     -6.727415    0.0105238311
   18.051140      6.727415    0.0105238311
   18.051140     20.182246    0.0105734823
   18.051140     33.637076    0.0107075951
   18.051140     47.091907    0.0109938652
   18.051140     60.546737    0.0115291836
   18.051140     74.001568    0.0124344971
   18.051140     87.456398    0.0138486991
   18.051140    100.911229    0.0159221838

   23.208609   -100.911229    0.0222690175
   23.208609    -87.456398    0.0203442804
   23.208609    -74.001568    0.0190606875
   23.208609    -60.546737    0.0182664088
   23.208609    -47.091907    0.0178213542
   23.208609    -33.637076    0.0176036196
   23.208609    -20.182246    0.0175155960
   23.208609     -6.727415    0.0174891091
   23.208609      6.727415    0.0174891091
   23.208609     20.182246    0.0175155960
   23.208609     33.637076    0.0176036196
   23.208609     47.091907    0.0178213542
   23.208609     60.546737    0.0182664088
   23.208609     74.001568    0.0190606875
   23.208609     87.456398    0.0203442804
   23.208609    100.911229    0.0222690175

   28.366078   -100.911229    0.0303021439
   28.366078    -87.456398    0.0285660079
   28.366078    -74.001568    0.0274480429
   28.366078    -60.546737    0.0267945865
   28.366078    -47.091907    0.0264640219
   28.366078    -33.637076    0.0263332235
   28.366078    -20.182246    0.0263036664
   28.366078     -6.727415    0.0263065654
   28.366078      6.727415    0.0263065654
   28.366078     20.182246    0.0263036664
   28.366078     33.637076    0.0263332235
   28.366078     47.091907    0.0264640219
   28.366078     60.546737    0.0267945865
   28.366078     74.001568    0.0274480429
   28.366078     87.456398    0.0285660079
   28.366078    100.911229    0.0303021439

   33.523546   -100.911229    0.0400893010
   33.523546    -87.456398    0.0385833975
   33.523546    -74.001568    0.0376676565
   33.523546    -60.546737    0.0371861624
   33.523546    -47.091907    0.0369954209
   33.523546    -33.637076    0.0369708041
   33.523546    -20.182246    0.0370126606
   33.523546     -6.727415    0.0370514541
   33.523546      6.727415    0.0370514541
   33.523546     20.182246    0.0370126606
   33.523546     33.637076    0.0369708041
   33.523546     47.091907    0.0369954209
   33.523546     60.546737    0.0371861624
   33.523546     74.001568    0.0376676565
   33.523546     87.456398    0.0385833975
   33.523546    100.911229    0.0400893010

   38.681015   -100.911229    0.0517131225
   38.681015    -87.456398    0.0504812164
   38.681015    -74.001568    0.0498061887
   38.681015    -60.546737    0.0495294200
   38.681015    -47.091907    0.0495051626
   38.681015    -33.637076    0.0496069863
   38.681015    -20.182246    0.0497338875
   38.681015     -6.727415    0.0498154287
   38.681015      6.727415    0.0498154287
   38.681015     20.182246    0.0497338875
   38.681015     33.637076    0.0496069863
   38.681015     47.091907    0.0495051626
   38.681015     60.546737    0.0495294200
   38.681015     74.001568    0.0498061887
   38.681015     87.456398    0.0504812164
   38.681015    100.911229    0.0517131225

