  -42.952389    -50.614883   -0.0008484506
  -42.952389    -43.866232   -0.0006354890
  -42.952389    -37.117581   -0.0004538956
  -42.952389    -30.368930   -0.0003032341
  -42.952389    -23.620279   -0.0001831411
  -42.952389    -16.871628   -0.0000933257
  -42.952389    -10.122977   -0.0000335700
  -42.952389     -3.374326   -0.0000037285
  -42.952389      3.374326   -0.0000037285
  -42.952389     10.122977   -0.0000335700
  -42.952389     16.871628   -0.0000933257
  -42.952389     23.620279   -0.0001831411
  -42.952389     30.368930   -0.0003032341
  -42.952389     37.117581   -0.0004538956
  -42.952389     43.866232   -0.0006354890
  -42.952389     50.614883   -0.0008484506

  -37.225404    -50.614883   -0.0006304008
  -37.225404    -43.866232   -0.0004721454
  -37.225404    -37.117581   -0.0003372130
  -37.225404    -30.368930   -0.0002252736
  -37.225404    -23.620279   -0.0001360520
  -37.225404    -16.871628   -0.0000693283
  -37.225404    -10.122977   -0.0000249376
  -37.225404     -3.374326   -0.0000027697
  -37.225404      3.374326   -0.0000027697
  -37.225404     10.122977   -0.0000249376
  -37.225404     16.871628   -0.0000693283
  -37.225404     23.620279   -0.0001360520
  -37.225404     30.368930   -0.0002252736
  -37.225404     37.117581   -0.0003372130
  -37.225404     43.866232   -0.0004721454
  -37.225404     50.614883   -0.0006304008

  -31.498419    -50.614883   -0.0004471299
  -31.498419    -43.866232   -0.0003348676
  -31.498419    -37.117581   -0.0002391579
  -31.498419    -30.368930   -0.0001597631
  -31.498419    -23.620279   -0.0000964850
  -31.498419    -16.871628   -0.0000491651
  -31.498419    -10.122977   -0.0000176846
  -31.498419     -3.374326   -0.0000019641
  -31.498419      3.374326   -0.0000019641
  -31.498419     10.122977   -0.0000176846
  -31.498419     16.871628   -0.0000491651
  -31.498419     23.620279   -0.0000964850
  -31.498419     30.368930   -0.0001597631
  -31.498419     37.117581   -0.0002391579
  -31.498419     43.866232   -0.0003348676
  -31.498419     50.614883   -0.0004471299

  -25.771434    -50.614883   -0.0002969630
  -25.771434    -43.866232   -0.0002223951
  -25.771434    -37.117581   -0.0001588263
  -25.771434    -30.368930   -0.0001060968
  -25.771434    -23.620279   -0.0000640731
  -25.771434    -16.871628   -0.0000326487
  -25.771434    -10.122977   -0.0000117435
  -25.771434     -3.374326   -0.0000013043
  -25.771434      3.374326   -0.0000013043
  -25.771434     10.122977   -0.0000117435
  -25.771434     16.871628   -0.0000326487
  -25.771434     23.620279   -0.0000640731
  -25.771434     30.368930   -0.0001060968
  -25.771434     37.117581   -0.0001588263
  -25.771434     43.866232   -0.0002223951
  -25.771434     50.614883   -0.0002969630

  -20.044448    -50.614883   -0.0001785044
  -20.044448    -43.866232   -0.0001336775
  -20.044448    -37.117581   -0.0000954649
  -20.044448    -30.368930   -0.0000637696
  -20.044448    -23.620279   -0.0000385106
  -20.044448    -16.871628   -0.0000196229
  -20.044448    -10.122977   -0.0000070582
  -20.044448     -3.374326   -0.0000007839
  -20.044448      3.374326   -0.0000007839
  -20.044448     10.122977   -0.0000070582
  -20.044448     16.871628   -0.0000196229
  -20.044448     23.620279   -0.0000385106
  -20.044448     30.368930   -0.0000637696
  -20.044448     37.117581   -0.0000954649
  -20.044448     43.866232   -0.0001336775
  -20.044448     50.614883   -0.0001785044

  -14.317463    -50.614883   -0.0000906375
  -14.317463    -43.866232   -0.0000678746
  -14.317463    -37.117581   -0.0000484712
  -14.317463    -30.368930   -0.0000323777
  -14.317463    -23.620279   -0.0000195527
  -14.317463    -16.871628   -0.0000099629
  -14.317463    -10.122977   -0.0000035835
  -14.317463     -3.374326   -0.0000003980
  -14.317463      3.374326   -0.0000003980
  -14.317463     10.122977   -0.0000035835
  -14.317463     16.871628   -0.0000099629
  -14.317463     23.620279   -0.0000195527
  -14.317463     30.368930   -0.0000323777
  -14.317463     37.117581   -0.0000484712
  -14.317463     43.866232   -0.0000678746
  -14.317463     50.614883   -0.0000906375

   -8.590478    -50.614883   -0.0000325248
   -8.590478    -43.866232   -0.0000243561
   -8.590478    -37.117581   -0.0000173931
   -8.590478    -30.368930   -0.0000116181
   -8.590478    -23.620279   -0.0000070160
   -8.590478    -16.871628   -0.0000035749
   -8.590478    -10.122977   -0.0000012859
   -8.590478     -3.374326   -0.0000001428
   -8.590478      3.374326   -0.0000001428
   -8.590478     10.122977   -0.0000012859
   -8.590478     16.871628   -0.0000035749
   -8.590478     23.620279   -0.0000070160
   -8.590478     30.368930   -0.0000116181
   -8.590478     37.117581   -0.0000173931
   -8.590478     43.866232   -0.0000243561
   -8.590478     50.614883   -0.0000325248

   -2.863493    -50.614883   -0.0000036081
   -2.863493    -43.866232   -0.0000027019
   -2.863493    -37.117581   -0.0000019294
   -2.863493    -30.368930   -0.0000012888
   -2.863493    -23.620279   -0.0000007783
   -2.863493    -16.871628   -0.0000003966
   -2.863493    -10.122977   -0.0000001426
   -2.863493     -3.374326   -0.0000000158
   -2.863493      3.374326   -0.0000000158
   -2.863493     10.122977   -0.0000001426
   -2.863493     16.871628   -0.0000003966
   -2.863493     23.620279   -0.0000007783
   -2.863493     30.368930   -0.0000012888
   -2.863493     37.117581   -0.0000019294
   -2.863493     43.866232   -0.0000027019
   -2.863493     50.614883   -0.0000036081

    2.863493    -50.614883   -0.0000036081
    2.863493    -43.866232   -0.0000027019
    2.863493    -37.117581   -0.0000019294
    2.863493    -30.368930   -0.0000012888
    2.863493    -23.620279   -0.0000007783
    2.863493    -16.871628   -0.0000003966
    2.863493    -10.122977   -0.0000001426
    2.863493     -3.374326   -0.0000000158
    2.863493      3.374326   -0.0000000158
    2.863493     10.122977   -0.0000001426
    2.863493     16.871628   -0.0000003966
    2.863493     23.620279   -0.0000007783
    2.863493     30.368930   -0.0000012888
    2.863493     37.117581   -0.0000019294
    2.863493     43.866232   -0.0000027019
    2.863493     50.614883   -0.0000036081

    8.590478    -50.614883   -0.0000325248
    8.590478    -43.866232   -0.0000243561
    8.590478    -37.117581   -0.0000173931
    8.590478    -30.368930   -0.0000116181
    8.590478    -23.620279   -0.0000070160
    8.590478    -16.871628   -0.0000035749
    8.590478    -10.122977   -0.0000012859
    8.590478     -3.374326   -0.0000001428
    8.590478      3.374326   -0.0000001428
    8.590478     10.122977   -0.0000012859
    8.590478     16.871628   -0.0000035749
    8.590478     23.620279   -0.0000070160
    8.590478     30.368930   -0.0000116181
    8.590478     37.117581   -0.0000173931
    8.590478     43.866232   -0.0000243561
    8.590478     50.614883   -0.0000325248

   14.317463    -50.614883   -0.0000906375
   14.317463    -43.866232   -0.0000678746
   14.317463    -37.117581   -0.0000484712
   14.317463    -30.368930   -0.0000323777
   14.317463    -23.620279   -0.0000195527
   14.317463    -16.871628   -0.0000099629
   14.317463    -10.122977   -0.0000035835
   14.317463     -3.374326   -0.0000003980
   14.317463      3.374326   -0.0000003980
   14.317463     10.122977   -0.0000035835
   14.317463     16.871628   -0.0000099629
   14.317463     23.620279   -0.0000195527
   14.317463     30.368930   -0.0000323777
   14.317463     37.117581   -0.0000484712
   14.317463     43.866232   -0.0000678746
   14.317463     50.614883   -0.0000906375

   20.044448    -50.614883   -0.0001785044
   20.044448    -43.866232   -0.0001336775
   20.044448    -37.117581   -0.0000954649
   20.044448    -30.368930   -0.0000637696
   20.044448    -23.620279   -0.0000385106
   20.044448    -16.871628   -0.0000196229
   20.044448    -10.122977   -0.0000070582
   20.044448     -3.374326   -0.0000007839
   20.044448      3.374326   -0.0000007839
   20.044448     10.122977   -0.0000070582
   20.044448     16.871628   -0.0000196229
   20.044448     23.620279   -0.0000385106
   20.044448     30.368930   -0.0000637696
   20.044448     37.117581   -0.0000954649
   20.044448     43.866232   -0.0001336775
   20.044448     50.614883   -0.0001785044

   25.771434    -50.614883   -0.0002969630
   25.771434    -43.866232   -0.0002223951
   25.771434    -37.117581   -0.0001588263
   25.771434    -30.368930   -0.0001060968
   25.771434    -23.620279   -0.0000640731
   25.771434    -16.871628   -0.0000326487
   25.771434    -10.122977   -0.0000117435
   25.771434     -3.374326   -0.0000013043
   25.771434      3.374326   -0.0000013043
   25.771434     10.122977   -0.0000117435
   25.771434     16.871628   -0.0000326487
   25.771434     23.620279   -0.0000640731
   25.771434     30.368930   -0.0001060968
   25.771434     37.117581   -0.0001588263
   25.771434     43.866232   -0.0002223951
   25.771434     50.614883   -0.0002969630

   31.498419    -50.614883   -0.0004471299
   31.498419    -43.866232   -0.0003348676
   31.498419    -37.117581   -0.0002391579
   31.498419    -30.368930   -0.0001597631
   31.498419    -23.620279   -0.0000964850
   31.498419    -16.871628   -0.0000491651
   31.498419    -10.122977   -0.0000176846
   31.498419     -3.374326   -0.0000019641
   31.498419      3.374326   -0.0000019641
   31.498419     10.122977   -0.0000176846
   31.498419     16.871628   -0.0000491651
   31.498419     23.620279   -0.0000964850
   31.498419     30.368930   -0.0001597631
   31.498419     37.117581   -0.0002391579
   31.498419     43.866232   -0.0003348676
   31.498419     50.614883   -0.0004471299

   37.225404    -50.614883   -0.0006304008
   37.225404    -43.866232   -0.0004721454
   37.225404    -37.117581   -0.0003372130
   37.225404    -30.368930   -0.0002252736
   37.225404    -23.620279   -0.0001360520
   37.225404    -16.871628   -0.0000693283
   37.225404    -10.122977   -0.0000249376
   37.225404     -3.374326   -0.0000027697
   37.225404      3.374326   -0.0000027697
   37.225404     10.122977   -0.0000249376
   37.225404     16.871628   -0.0000693283
   37.225404     23.620279   -0.0001360520
   37.225404     30.368930   -0.0002252736
   37.225404     37.117581   -0.0003372130
   37.225404     43.866232   -0.0004721454
   37.225404     50.614883   -0.0006304008

   42.952389    -50.614883   -0.0008484506
   42.952389    -43.866232   -0.0006354890
   42.952389    -37.117581   -0.0004538956
   42.952389    -30.368930   -0.0003032341
   42.952389    -23.620279   -0.0001831411
   42.952389    -16.871628   -0.0000933257
   42.952389    -10.122977   -0.0000335700
   42.952389     -3.374326   -0.0000037285
   42.952389      3.374326   -0.0000037285
   42.952389     10.122977   -0.0000335700
   42.952389     16.871628   -0.0000933257
   42.952389     23.620279   -0.0001831411
   42.952389     30.368930   -0.0003032341
   42.952389     37.117581   -0.0004538956
   42.952389     43.866232   -0.0006354890
   42.952389     50.614883   -0.0008484506

