  -54.177403    -61.469935    0.0009976368
  -54.177403    -53.273944    0.0007600637
  -54.177403    -45.077952    0.0005508002
  -54.177403    -36.881961    0.0003724339
  -54.177403    -28.685970    0.0002271136
  -54.177403    -20.489978    0.0001165741
  -54.177403    -12.293987    0.0000421357
  -54.177403     -4.097996    0.0000046912
  -54.177403      4.097996    0.0000046912
  -54.177403     12.293987    0.0000421357
  -54.177403     20.489978    0.0001165741
  -54.177403     28.685970    0.0002271136
  -54.177403     36.881961    0.0003724339
  -54.177403     45.077952    0.0005508002
  -54.177403     53.273944    0.0007600637
  -54.177403     61.469935    0.0009976368

  -46.953749    -61.469935    0.0008106963
  -46.953749    -53.273944    0.0006248845
  -46.953749    -45.077952    0.0004492351
  -46.953749    -36.881961    0.0003014060
  -46.953749    -28.685970    0.0001836509
  -46.953749    -20.489978    0.0000947672
  -46.953749    -12.293987    0.0000345035
  -46.953749     -4.097996    0.0000038604
  -46.953749      4.097996    0.0000038604
  -46.953749     12.293987    0.0000345035
  -46.953749     20.489978    0.0000947672
  -46.953749     28.685970    0.0001836509
  -46.953749     36.881961    0.0003014060
  -46.953749     45.077952    0.0004492351
  -46.953749     53.273944    0.0006248845
  -46.953749     61.469935    0.0008106963

  -39.730095    -61.469935    0.0006221658
  -39.730095    -53.273944    0.0004756737
  -39.730095    -45.077952    0.0003437406
  -39.730095    -36.881961    0.0002318120
  -39.730095    -28.685970    0.0001413162
  -39.730095    -20.489978    0.0000726598
  -39.730095    -12.293987    0.0000263254
  -39.730095     -4.097996    0.0000029357
  -39.730095      4.097996    0.0000029357
  -39.730095     12.293987    0.0000263254
  -39.730095     20.489978    0.0000726598
  -39.730095     28.685970    0.0001413162
  -39.730095     36.881961    0.0002318120
  -39.730095     45.077952    0.0003437406
  -39.730095     53.273944    0.0004756737
  -39.730095     61.469935    0.0006221658

  -32.506442    -61.469935    0.0004414136
  -32.506442    -53.273944    0.0003354036
  -32.506442    -45.077952    0.0002433159
  -32.506442    -36.881961    0.0001646972
  -32.506442    -28.685970    0.0001004173
  -32.506442    -20.489978    0.0000514796
  -32.506442    -12.293987    0.0000185791
  -32.506442     -4.097996    0.0000020664
  -32.506442      4.097996    0.0000020664
  -32.506442     12.293987    0.0000185791
  -32.506442     20.489978    0.0000514796
  -32.506442     28.685970    0.0001004173
  -32.506442     36.881961    0.0001646972
  -32.506442     45.077952    0.0002433159
  -32.506442     53.273944    0.0003354036
  -32.506442     61.469935    0.0004414136

  -25.282788    -61.469935    0.0002796497
  -25.282788    -53.273944    0.0002127477
  -25.282788    -45.077952    0.0001541761
  -25.282788    -36.881961    0.0001042390
  -25.282788    -28.685970    0.0000635232
  -25.282788    -20.489978    0.0000325702
  -25.282788    -12.293987    0.0000117597
  -25.282788     -4.097996    0.0000013084
  -25.282788      4.097996    0.0000013084
  -25.282788     12.293987    0.0000117597
  -25.282788     20.489978    0.0000325702
  -25.282788     28.685970    0.0000635232
  -25.282788     36.881961    0.0001042390
  -25.282788     45.077952    0.0001541761
  -25.282788     53.273944    0.0002127477
  -25.282788     61.469935    0.0002796497

  -18.059134    -61.469935    0.0001476533
  -18.059134    -53.273944    0.0001130748
  -18.059134    -45.077952    0.0000815686
  -18.059134    -36.881961    0.0000548918
  -18.059134    -28.685970    0.0000334202
  -18.059134    -20.489978    0.0000171780
  -18.059134    -12.293987    0.0000062251
  -18.059134     -4.097996    0.0000006944
  -18.059134      4.097996    0.0000006944
  -18.059134     12.293987    0.0000062251
  -18.059134     20.489978    0.0000171780
  -18.059134     28.685970    0.0000334202
  -18.059134     36.881961    0.0000548918
  -18.059134     45.077952    0.0000815686
  -18.059134     53.273944    0.0001130748
  -18.059134     61.469935    0.0001476533

  -10.835481    -61.469935    0.0000543713
  -10.835481    -53.273944    0.0000419600
  -10.835481    -45.077952    0.0000301101
  -10.835481    -36.881961    0.0000201548
  -10.835481    -28.685970    0.0000122596
  -10.835481    -20.489978    0.0000063208
  -10.835481    -12.293987    0.0000023007
  -10.835481     -4.097996    0.0000002574
  -10.835481      4.097996    0.0000002574
  -10.835481     12.293987    0.0000023007
  -10.835481     20.489978    0.0000063208
  -10.835481     28.685970    0.0000122596
  -10.835481     36.881961    0.0000201548
  -10.835481     45.077952    0.0000301101
  -10.835481     53.273944    0.0000419600
  -10.835481     61.469935    0.0000543713

   -3.611827    -61.469935    0.0000061095
   -3.611827    -53.273944    0.0000047382
   -3.611827    -45.077952    0.0000033887
   -3.611827    -36.881961    0.0000022606
   -3.611827    -28.685970    0.0000013743
   -3.611827    -20.489978    0.0000007100
   -3.611827    -12.293987    0.0000002592
   -3.611827     -4.097996    0.0000000291
   -3.611827      4.097996    0.0000000291
   -3.611827     12.293987    0.0000002592
   -3.611827     20.489978    0.0000007100
   -3.611827     28.685970    0.0000013743
   -3.611827     36.881961    0.0000022606
   -3.611827     45.077952    0.0000033887
   -3.611827     53.273944    0.0000047382
   -3.611827     61.469935    0.0000061095

    3.611827    -61.469935    0.0000061095
    3.611827    -53.273944    0.0000047382
    3.611827    -45.077952    0.0000033887
    3.611827    -36.881961    0.0000022606
    3.611827    -28.685970    0.0000013743
    3.611827    -20.489978    0.0000007100
    3.611827    -12.293987    0.0000002592
    3.611827     -4.097996    0.0000000291
    3.611827      4.097996    0.0000000291
    3.611827     12.293987    0.0000002592
    3.611827     20.489978    0.0000007100
    3.611827     28.685970    0.0000013743
    3.611827     36.881961    0.0000022606
    3.611827     45.077952    0.0000033887
    3.611827     53.273944    0.0000047382
    3.611827     61.469935    0.0000061095

   10.835481    -61.469935    0.0000543713
   10.835481    -53.273944    0.0000419600
   10.835481    -45.077952    0.0000301101
   10.835481    -36.881961    0.0000201548
   10.835481    -28.685970    0.0000122596
   10.835481    -20.489978    0.0000063208
   10.835481    -12.293987    0.0000023007
   10.835481     -4.097996    0.0000002574
   10.835481      4.097996    0.0000002574
   10.835481     12.293987    0.0000023007
   10.835481     20.489978    0.0000063208
   10.835481     28.685970    0.0000122596
   10.835481     36.881961    0.0000201548
   10.835481     45.077952    0.0000301101
   10.835481     53.273944    0.0000419600
   10.835481     61.469935    0.0000543713

   18.059134    -61.469935    0.0001476533
   18.059134    -53.273944    0.0001130748
   18.059134    -45.077952    0.0000815686
   18.059134    -36.881961    0.0000548918
   18.059134    -28.685970    0.0000334202
   18.059134    -20.489978    0.0000171780
   18.059134    -12.293987    0.0000062251
   18.059134     -4.097996    0.0000006944
   18.059134      4.097996    0.0000006944
   18.059134     12.293987    0.0000062251
   18.059134     20.489978    0.0000171780
   18.059134     28.685970    0.0000334202
   18.059134     36.881961    0.0000548918
   18.059134     45.077952    0.0000815686
   18.059134     53.273944    0.0001130748
   18.059134     61.469935    0.0001476533

   25.282788    -61.469935    0.0002796497
   25.282788    -53.273944    0.0002127477
   25.282788    -45.077952    0.0001541761
   25.282788    -36.881961    0.0001042390
   25.282788    -28.685970    0.0000635232
   25.282788    -20.489978    0.0000325702
   25.282788    -12.293987    0.0000117597
   25.282788     -4.097996    0.0000013084
   25.282788      4.097996    0.0000013084
   25.282788     12.293987    0.0000117597
   25.282788     20.489978    0.0000325702
   25.282788     28.685970    0.0000635232
   25.282788     36.881961    0.0001042390
   25.282788     45.077952    0.0001541761
   25.282788     53.273944    0.0002127477
   25.282788     61.469935    0.0002796497

   32.506442    -61.469935    0.0004414136
   32.506442    -53.273944    0.0003354036
   32.506442    -45.077952    0.0002433159
   32.506442    -36.881961    0.0001646972
   32.506442    -28.685970    0.0001004173
   32.506442    -20.489978    0.0000514796
   32.506442    -12.293987    0.0000185791
   32.506442     -4.097996    0.0000020664
   32.506442      4.097996    0.0000020664
   32.506442     12.293987    0.0000185791
   32.506442     20.489978    0.0000514796
   32.506442     28.685970    0.0001004173
   32.506442     36.881961    0.0001646972
   32.506442     45.077952    0.0002433159
   32.506442     53.273944    0.0003354036
   32.506442     61.469935    0.0004414136

   39.730095    -61.469935    0.0006221658
   39.730095    -53.273944    0.0004756737
   39.730095    -45.077952    0.0003437406
   39.730095    -36.881961    0.0002318120
   39.730095    -28.685970    0.0001413162
   39.730095    -20.489978    0.0000726598
   39.730095    -12.293987    0.0000263254
   39.730095     -4.097996    0.0000029357
   39.730095      4.097996    0.0000029357
   39.730095     12.293987    0.0000263254
   39.730095     20.489978    0.0000726598
   39.730095     28.685970    0.0001413162
   39.730095     36.881961    0.0002318120
   39.730095     45.077952    0.0003437406
   39.730095     53.273944    0.0004756737
   39.730095     61.469935    0.0006221658

   46.953749    -61.469935    0.0008106963
   46.953749    -53.273944    0.0006248845
   46.953749    -45.077952    0.0004492351
   46.953749    -36.881961    0.0003014060
   46.953749    -28.685970    0.0001836509
   46.953749    -20.489978    0.0000947672
   46.953749    -12.293987    0.0000345035
   46.953749     -4.097996    0.0000038604
   46.953749      4.097996    0.0000038604
   46.953749     12.293987    0.0000345035
   46.953749     20.489978    0.0000947672
   46.953749     28.685970    0.0001836509
   46.953749     36.881961    0.0003014060
   46.953749     45.077952    0.0004492351
   46.953749     53.273944    0.0006248845
   46.953749     61.469935    0.0008106963

   54.177403    -61.469935    0.0009976368
   54.177403    -53.273944    0.0007600637
   54.177403    -45.077952    0.0005508002
   54.177403    -36.881961    0.0003724339
   54.177403    -28.685970    0.0002271136
   54.177403    -20.489978    0.0001165741
   54.177403    -12.293987    0.0000421357
   54.177403     -4.097996    0.0000046912
   54.177403      4.097996    0.0000046912
   54.177403     12.293987    0.0000421357
   54.177403     20.489978    0.0001165741
   54.177403     28.685970    0.0002271136
   54.177403     36.881961    0.0003724339
   54.177403     45.077952    0.0005508002
   54.177403     53.273944    0.0007600637
   54.177403     61.469935    0.0009976368

