  -50.619018    -54.177403    0.0428223491
  -50.619018    -46.953749    0.0372685268
  -50.619018    -39.730095    0.0327415699
  -50.619018    -32.506442    0.0291610385
  -50.619018    -25.282788    0.0264398045
  -50.619018    -18.059134    0.0244916204
  -50.619018    -10.835481    0.0232405666
  -50.619018     -3.611827    0.0226301155
  -50.619018      3.611827    0.0226301155
  -50.619018     10.835481    0.0232405666
  -50.619018     18.059134    0.0244916204
  -50.619018     25.282788    0.0264398045
  -50.619018     32.506442    0.0291610385
  -50.619018     39.730095    0.0327415699
  -50.619018     46.953749    0.0372685268
  -50.619018     54.177403    0.0428223491

  -43.869816    -54.177403    0.0370478691
  -43.869816    -46.953749    0.0315038274
  -43.869816    -39.730095    0.0269859510
  -43.869816    -32.506442    0.0234134783
  -43.869816    -25.282788    0.0206990130
  -43.869816    -18.059134    0.0187560931
  -43.869816    -10.835481    0.0175086382
  -43.869816     -3.611827    0.0169000133
  -43.869816      3.611827    0.0169000133
  -43.869816     10.835481    0.0175086382
  -43.869816     18.059134    0.0187560931
  -43.869816     25.282788    0.0206990130
  -43.869816     32.506442    0.0234134783
  -43.869816     39.730095    0.0269859510
  -43.869816     46.953749    0.0315038274
  -43.869816     54.177403    0.0370478691

  -37.120613    -54.177403    0.0321424866
  -37.120613    -46.953749    0.0266089992
  -37.120613    -39.730095    0.0221008355
  -37.120613    -32.506442    0.0185369266
  -37.120613    -25.282788    0.0158296198
  -37.120613    -18.059134    0.0138922482
  -37.120613    -10.835481    0.0126485776
  -37.120613     -3.611827    0.0120418705
  -37.120613      3.611827    0.0120418705
  -37.120613     10.835481    0.0126485776
  -37.120613     18.059134    0.0138922482
  -37.120613     25.282788    0.0158296198
  -37.120613     32.506442    0.0185369266
  -37.120613     39.730095    0.0221008355
  -37.120613     46.953749    0.0266089992
  -37.120613     54.177403    0.0321424866

  -30.371411    -54.177403    0.0280924671
  -30.371411    -46.953749    0.0225693055
  -30.371411    -39.730095    0.0180705963
  -30.371411    -32.506442    0.0145149918
  -30.371411    -25.282788    0.0118146071
  -30.371411    -18.059134    0.0098825897
  -30.371411    -10.835481    0.0086425659
  -30.371411     -3.611827    0.0080377054
  -30.371411      3.611827    0.0080377054
  -30.371411     10.835481    0.0086425659
  -30.371411     18.059134    0.0098825897
  -30.371411     25.282788    0.0118146071
  -30.371411     32.506442    0.0145149918
  -30.371411     39.730095    0.0180705963
  -30.371411     46.953749    0.0225693055
  -30.371411     54.177403    0.0280924671

  -23.622208    -54.177403    0.0248808212
  -23.622208    -46.953749    0.0193669223
  -23.622208    -39.730095    0.0148766672
  -23.622208    -32.506442    0.0113284706
  -23.622208    -25.282788    0.0086342499
  -23.622208    -18.059134    0.0067069939
  -23.622208    -10.835481    0.0054702105
  -23.622208     -3.611827    0.0048669900
  -23.622208      3.611827    0.0048669900
  -23.622208     10.835481    0.0054702105
  -23.622208     18.059134    0.0067069939
  -23.622208     25.282788    0.0086342499
  -23.622208     32.506442    0.0113284706
  -23.622208     39.730095    0.0148766672
  -23.622208     46.953749    0.0193669223
  -23.622208     54.177403    0.0248808212

  -16.873006    -54.177403    0.0224903292
  -16.873006    -46.953749    0.0169839617
  -16.873006    -39.730095    0.0125005666
  -16.873006    -32.506442    0.0089583719
  -16.873006    -25.282788    0.0062691395
  -16.873006    -18.059134    0.0043457336
  -16.873006    -10.835481    0.0031115688
  -16.873006     -3.611827    0.0025096730
  -16.873006      3.611827    0.0025096730
  -16.873006     10.835481    0.0031115688
  -16.873006     18.059134    0.0043457336
  -16.873006     25.282788    0.0062691395
  -16.873006     32.506442    0.0089583719
  -16.873006     39.730095    0.0125005666
  -16.873006     46.953749    0.0169839617
  -16.873006     54.177403    0.0224903292

  -10.123804    -54.177403    0.0209059594
  -10.123804    -46.953749    0.0154048912
  -10.123804    -39.730095    0.0109263168
  -10.123804    -32.506442    0.0073883358
  -10.123804    -25.282788    0.0047026027
  -10.123804    -18.059134    0.0027818964
  -10.123804    -10.835481    0.0015495670
  -10.123804     -3.611827    0.0009485997
  -10.123804      3.611827    0.0009485997
  -10.123804     10.835481    0.0015495670
  -10.123804     18.059134    0.0027818964
  -10.123804     25.282788    0.0047026027
  -10.123804     32.506442    0.0073883358
  -10.123804     39.730095    0.0109263168
  -10.123804     46.953749    0.0154048912
  -10.123804     54.177403    0.0209059594

   -3.374601    -54.177403    0.0201166829
   -3.374601    -46.953749    0.0146183479
   -3.374601    -39.730095    0.0101422581
   -3.374601    -32.506442    0.0066064476
   -3.374601    -25.282788    0.0039225164
   -3.374601    -18.059134    0.0020031997
   -3.374601    -10.835481    0.0007718149
   -3.374601     -3.611827    0.0001713254
   -3.374601      3.611827    0.0001713254
   -3.374601     10.835481    0.0007718149
   -3.374601     18.059134    0.0020031997
   -3.374601     25.282788    0.0039225164
   -3.374601     32.506442    0.0066064476
   -3.374601     39.730095    0.0101422581
   -3.374601     46.953749    0.0146183479
   -3.374601     54.177403    0.0201166829

    3.374601    -54.177403    0.0201166829
    3.374601    -46.953749    0.0146183479
    3.374601    -39.730095    0.0101422581
    3.374601    -32.506442    0.0066064476
    3.374601    -25.282788    0.0039225164
    3.374601    -18.059134    0.0020031997
    3.374601    -10.835481    0.0007718149
    3.374601     -3.611827    0.0001713254
    3.374601      3.611827    0.0001713254
    3.374601     10.835481    0.0007718149
    3.374601     18.059134    0.0020031997
    3.374601     25.282788    0.0039225164
    3.374601     32.506442    0.0066064476
    3.374601     39.730095    0.0101422581
    3.374601     46.953749    0.0146183479
    3.374601     54.177403    0.0201166829

   10.123804    -54.177403    0.0209059594
   10.123804    -46.953749    0.0154048912
   10.123804    -39.730095    0.0109263168
   10.123804    -32.506442    0.0073883358
   10.123804    -25.282788    0.0047026027
   10.123804    -18.059134    0.0027818964
   10.123804    -10.835481    0.0015495670
   10.123804     -3.611827    0.0009485997
   10.123804      3.611827    0.0009485997
   10.123804     10.835481    0.0015495670
   10.123804     18.059134    0.0027818964
   10.123804     25.282788    0.0047026027
   10.123804     32.506442    0.0073883358
   10.123804     39.730095    0.0109263168
   10.123804     46.953749    0.0154048912
   10.123804     54.177403    0.0209059594

   16.873006    -54.177403    0.0224903292
   16.873006    -46.953749    0.0169839617
   16.873006    -39.730095    0.0125005666
   16.873006    -32.506442    0.0089583719
   16.873006    -25.282788    0.0062691395
   16.873006    -18.059134    0.0043457336
   16.873006    -10.835481    0.0031115688
   16.873006     -3.611827    0.0025096730
   16.873006      3.611827    0.0025096730
   16.873006     10.835481    0.0031115688
   16.873006     18.059134    0.0043457336
   16.873006     25.282788    0.0062691395
   16.873006     32.506442    0.0089583719
   16.873006     39.730095    0.0125005666
   16.873006     46.953749    0.0169839617
   16.873006     54.177403    0.0224903292

   23.622208    -54.177403    0.0248808212
   23.622208    -46.953749    0.0193669223
   23.622208    -39.730095    0.0148766672
   23.622208    -32.506442    0.0113284706
   23.622208    -25.282788    0.0086342499
   23.622208    -18.059134    0.0067069939
   23.622208    -10.835481    0.0054702105
   23.622208     -3.611827    0.0048669900
   23.622208      3.611827    0.0048669900
   23.622208     10.835481    0.0054702105
   23.622208     18.059134    0.0067069939
   23.622208     25.282788    0.0086342499
   23.622208     32.506442    0.0113284706
   23.622208     39.730095    0.0148766672
   23.622208     46.953749    0.0193669223
   23.622208     54.177403    0.0248808212

   30.371411    -54.177403    0.0280924671
   30.371411    -46.953749    0.0225693055
   30.371411    -39.730095    0.0180705963
   30.371411    -32.506442    0.0145149918
   30.371411    -25.282788    0.0118146071
   30.371411    -18.059134    0.0098825897
   30.371411    -10.835481    0.0086425659
   30.371411     -3.611827    0.0080377054
   30.371411      3.611827    0.0080377054
   30.371411     10.835481    0.0086425659
   30.371411     18.059134    0.0098825897
   30.371411     25.282788    0.0118146071
   30.371411     32.506442    0.0145149918
   30.371411     39.730095    0.0180705963
   30.371411     46.953749    0.0225693055
   30.371411     54.177403    0.0280924671

   37.120613    -54.177403    0.0321424866
   37.120613    -46.953749    0.0266089992
   37.120613    -39.730095    0.0221008355
   37.120613    -32.506442    0.0185369266
   37.120613    -25.282788    0.0158296198
   37.120613    -18.059134    0.0138922482
   37.120613    -10.835481    0.0126485776
   37.120613     -3.611827    0.0120418705
   37.120613      3.611827    0.0120418705
   37.120613     10.835481    0.0126485776
   37.120613     18.059134    0.0138922482
   37.120613     25.282788    0.0158296198
   37.120613     32.506442    0.0185369266
   37.120613     39.730095    0.0221008355
   37.120613     46.953749    0.0266089992
   37.120613     54.177403    0.0321424866

   43.869816    -54.177403    0.0370478691
   43.869816    -46.953749    0.0315038274
   43.869816    -39.730095    0.0269859510
   43.869816    -32.506442    0.0234134783
   43.869816    -25.282788    0.0206990130
   43.869816    -18.059134    0.0187560931
   43.869816    -10.835481    0.0175086382
   43.869816     -3.611827    0.0169000133
   43.869816      3.611827    0.0169000133
   43.869816     10.835481    0.0175086382
   43.869816     18.059134    0.0187560931
   43.869816     25.282788    0.0206990130
   43.869816     32.506442    0.0234134783
   43.869816     39.730095    0.0269859510
   43.869816     46.953749    0.0315038274
   43.869816     54.177403    0.0370478691

   50.619018    -54.177403    0.0428223491
   50.619018    -46.953749    0.0372685268
   50.619018    -39.730095    0.0327415699
   50.619018    -32.506442    0.0291610385
   50.619018    -25.282788    0.0264398045
   50.619018    -18.059134    0.0244916204
   50.619018    -10.835481    0.0232405666
   50.619018     -3.611827    0.0226301155
   50.619018      3.611827    0.0226301155
   50.619018     10.835481    0.0232405666
   50.619018     18.059134    0.0244916204
   50.619018     25.282788    0.0264398045
   50.619018     32.506442    0.0291610385
   50.619018     39.730095    0.0327415699
   50.619018     46.953749    0.0372685268
   50.619018     54.177403    0.0428223491

