  -61.469935    -91.194683    0.0247841406
  -61.469935    -79.035392    0.0227348359
  -61.469935    -66.876101    0.0210810832
  -61.469935    -54.716810    0.0197808757
  -61.469935    -42.557519    0.0187986779
  -61.469935    -30.398228    0.0181053350
  -61.469935    -18.238937    0.0176780005
  -61.469935     -6.079646    0.0175000823
  -61.469935      6.079646    0.0175612065
  -61.469935     18.238937    0.0178571991
  -61.469935     30.398228    0.0183900865
  -61.469935     42.557519    0.0191681130
  -61.469935     54.716810    0.0202057771
  -61.469935     66.876101    0.0215238861
  -61.469935     79.035392    0.0231496277
  -61.469935     91.194683    0.0251166609

  -53.273944    -91.194683    0.0204160536
  -53.273944    -79.035392    0.0183838303
  -53.273944    -66.876101    0.0167419845
  -53.273944    -54.716810    0.0154480194
  -53.273944    -42.557519    0.0144660590
  -53.273944    -30.398228    0.0137667579
  -53.273944    -18.238937    0.0133272292
  -53.273944     -6.079646    0.0131309903
  -53.273944      6.079646    0.0131679266
  -53.273944     18.238937    0.0134342735
  -53.273944     30.398228    0.0139326165
  -53.273944     42.557519    0.0146719090
  -53.273944     54.716810    0.0156675090
  -53.273944     66.876101    0.0169412324
  -53.273944     79.035392    0.0185214263
  -53.273944     91.194683    0.0204430583

  -45.077952    -91.194683    0.0166413240
  -45.077952    -79.035392    0.0146323580
  -45.077952    -66.876101    0.0130082946
  -45.077952    -54.716810    0.0117263070
  -45.077952    -42.557519    0.0107503231
  -45.077952    -30.398228    0.0100509351
  -45.077952    -18.238937    0.0096053275
  -45.077952     -6.079646    0.0093972225
  -45.077952      6.079646    0.0094168444
  -45.077952     18.238937    0.0096609008
  -45.077952     30.398228    0.0101325834
  -45.077952     42.557519    0.0108415854
  -45.077952     54.716810    0.0118041382
  -45.077952     66.876101    0.0130430652
  -45.077952     79.035392    0.0145878540
  -45.077952     91.194683    0.0164747472

  -36.881961    -91.194683    0.0134670091
  -36.881961    -79.035392    0.0114851566
  -36.881961    -66.876101    0.0098826093
  -36.881961    -54.716810    0.0086163758
  -36.881961    -42.557519    0.0076503343
  -36.881961    -30.398228    0.0069551427
  -36.881961    -18.238937    0.0065081659
  -36.881961     -6.079646    0.0062934217
  -36.881961      6.079646    0.0063015450
  -36.881961     18.238937    0.0065297695
  -36.881961     30.398228    0.0069819274
  -36.881961     42.557519    0.0076684682
  -36.881961     54.716810    0.0086064941
  -36.881961     66.876101    0.0098198145
  -36.881961     79.035392    0.0113390183
  -36.881961     91.194683    0.0132015642

  -28.685970    -91.194683    0.0109003769
  -28.685970    -79.035392    0.0089473450
  -28.685970    -66.876101    0.0073680578
  -28.685970    -54.716810    0.0061195265
  -28.685970    -42.557519    0.0051657267
  -28.685970    -30.398228    0.0044775077
  -28.685970    -18.238937    0.0040325205
  -28.685970     -6.079646    0.0038151637
  -28.685970      6.079646    0.0038165471
  -28.685970     18.238937    0.0040344737
  -28.685970     30.398228    0.0044734399
  -28.685970     42.557519    0.0051446533
  -28.685970     54.716810    0.0060660689
  -28.685970     66.876101    0.0072624436
  -28.685970     79.035392    0.0087654080
  -28.685970     91.194683    0.0106135568

  -20.489978    -91.194683    0.0089489328
  -20.489978    -79.035392    0.0070244504
  -20.489978    -66.876101    0.0054683288
  -20.489978    -54.716810    0.0042377493
  -20.489978    -42.557519    0.0032969296
  -20.489978    -30.398228    0.0026170337
  -20.489978    -18.238937    0.0021760993
  -20.489978     -6.079646    0.0019589839
  -20.489978      6.079646    0.0019573284
  -20.489978     18.238937    0.0021695393
  -20.489978     30.398228    0.0026007887
  -20.489978     42.557519    0.0032630321
  -20.489978     54.716810    0.0041750447
  -20.489978     66.876101    0.0053624756
  -20.489978     79.035392    0.0068579200
  -20.489978     91.194683    0.0087010098

  -12.293987    -91.194683    0.0076204401
  -12.293987    -79.035392    0.0057224284
  -12.293987    -66.876101    0.0041876912
  -12.293987    -54.716810    0.0029737444
  -12.293987    -42.557519    0.0020451894
  -12.293987    -30.398228    0.0013736225
  -12.293987    -18.238937    0.0009375627
  -12.293987     -6.079646    0.0007223975
  -12.293987      6.079646    0.0007203468
  -12.293987     18.238937    0.0009304447
  -12.293987     30.398228    0.0013585397
  -12.293987     42.557519    0.0020173128
  -12.293987     54.716810    0.0029263134
  -12.293987     66.876101    0.0041120135
  -12.293987     79.035392    0.0056078801
  -12.293987     91.194683    0.0074544656

   -4.097996    -91.194683    0.0069229358
   -4.097996    -79.035392    0.0050476794
   -4.097996    -66.876101    0.0035310100
   -4.097996    -54.716810    0.0023309381
   -4.097996    -42.557519    0.0014125845
   -4.097996    -30.398228    0.0007480891
   -4.097996    -18.238937    0.0003165393
   -4.097996     -6.079646    0.0001039158
   -4.097996      6.079646    0.0001030559
   -4.097996     18.238937    0.0003136363
   -4.097996     30.398228    0.0007421722
   -4.097996     42.557519    0.0014020359
   -4.097996     54.716810    0.0023134931
   -4.097996     66.876101    0.0035037564
   -4.097996     79.035392    0.0050070583
   -4.097996     91.194683    0.0068647409

    4.097996    -91.194683    0.0068647409
    4.097996    -79.035392    0.0050070583
    4.097996    -66.876101    0.0035037564
    4.097996    -54.716810    0.0023134931
    4.097996    -42.557519    0.0014020359
    4.097996    -30.398228    0.0007421722
    4.097996    -18.238937    0.0003136363
    4.097996     -6.079646    0.0001030559
    4.097996      6.079646    0.0001039158
    4.097996     18.238937    0.0003165393
    4.097996     30.398228    0.0007480891
    4.097996     42.557519    0.0014125845
    4.097996     54.716810    0.0023309381
    4.097996     66.876101    0.0035310100
    4.097996     79.035392    0.0050476794
    4.097996     91.194683    0.0069229358

   12.293987    -91.194683    0.0074544656
   12.293987    -79.035392    0.0056078801
   12.293987    -66.876101    0.0041120135
   12.293987    -54.716810    0.0029263134
   12.293987    -42.557519    0.0020173128
   12.293987    -30.398228    0.0013585397
   12.293987    -18.238937    0.0009304447
   12.293987     -6.079646    0.0007203468
   12.293987      6.079646    0.0007223975
   12.293987     18.238937    0.0009375627
   12.293987     30.398228    0.0013736225
   12.293987     42.557519    0.0020451894
   12.293987     54.716810    0.0029737444
   12.293987     66.876101    0.0041876912
   12.293987     79.035392    0.0057224284
   12.293987     91.194683    0.0076204401

   20.489978    -91.194683    0.0087010098
   20.489978    -79.035392    0.0068579200
   20.489978    -66.876101    0.0053624756
   20.489978    -54.716810    0.0041750447
   20.489978    -42.557519    0.0032630321
   20.489978    -30.398228    0.0026007887
   20.489978    -18.238937    0.0021695393
   20.489978     -6.079646    0.0019573284
   20.489978      6.079646    0.0019589839
   20.489978     18.238937    0.0021760993
   20.489978     30.398228    0.0026170337
   20.489978     42.557519    0.0032969296
   20.489978     54.716810    0.0042377493
   20.489978     66.876101    0.0054683288
   20.489978     79.035392    0.0070244504
   20.489978     91.194683    0.0089489328

   28.685970    -91.194683    0.0106135568
   28.685970    -79.035392    0.0087654080
   28.685970    -66.876101    0.0072624436
   28.685970    -54.716810    0.0060660689
   28.685970    -42.557519    0.0051446533
   28.685970    -30.398228    0.0044734399
   28.685970    -18.238937    0.0040344737
   28.685970     -6.079646    0.0038165471
   28.685970      6.079646    0.0038151637
   28.685970     18.238937    0.0040325205
   28.685970     30.398228    0.0044775077
   28.685970     42.557519    0.0051657267
   28.685970     54.716810    0.0061195265
   28.685970     66.876101    0.0073680578
   28.685970     79.035392    0.0089473450
   28.685970     91.194683    0.0109003769

   36.881961    -91.194683    0.0132015642
   36.881961    -79.035392    0.0113390183
   36.881961    -66.876101    0.0098198145
   36.881961    -54.716810    0.0086064941
   36.881961    -42.557519    0.0076684682
   36.881961    -30.398228    0.0069819274
   36.881961    -18.238937    0.0065297695
   36.881961     -6.079646    0.0063015450
   36.881961      6.079646    0.0062934217
   36.881961     18.238937    0.0065081659
   36.881961     30.398228    0.0069551427
   36.881961     42.557519    0.0076503343
   36.881961     54.716810    0.0086163758
   36.881961     66.876101    0.0098826093
   36.881961     79.035392    0.0114851566
   36.881961     91.194683    0.0134670091

   45.077952    -91.194683    0.0164747472
   45.077952    -79.035392    0.0145878540
   45.077952    -66.876101    0.0130430652
   45.077952    -54.716810    0.0118041382
   45.077952    -42.557519    0.0108415854
   45.077952    -30.398228    0.0101325834
   45.077952    -18.238937    0.0096609008
   45.077952     -6.079646    0.0094168444
   45.077952      6.079646    0.0093972225
   45.077952     18.238937    0.0096053275
   45.077952     30.398228    0.0100509351
   45.077952     42.557519    0.0107503231
   45.077952     54.716810    0.0117263070
   45.077952     66.876101    0.0130082946
   45.077952     79.035392    0.0146323580
   45.077952     91.194683    0.0166413240

   53.273944    -91.194683    0.0204430583
   53.273944    -79.035392    0.0185214263
   53.273944    -66.876101    0.0169412324
   53.273944    -54.716810    0.0156675090
   53.273944    -42.557519    0.0146719090
   53.273944    -30.398228    0.0139326165
   53.273944    -18.238937    0.0134342735
   53.273944     -6.079646    0.0131679266
   53.273944      6.079646    0.0131309903
   53.273944     18.238937    0.0133272292
   53.273944     30.398228    0.0137667579
   53.273944     42.557519    0.0144660590
   53.273944     54.716810    0.0154480194
   53.273944     66.876101    0.0167419845
   53.273944     79.035392    0.0183838303
   53.273944     91.194683    0.0204160536

   61.469935    -91.194683    0.0251166609
   61.469935    -79.035392    0.0231496277
   61.469935    -66.876101    0.0215238861
   61.469935    -54.716810    0.0202057771
   61.469935    -42.557519    0.0191681130
   61.469935    -30.398228    0.0183900865
   61.469935    -18.238937    0.0178571991
   61.469935     -6.079646    0.0175612065
   61.469935      6.079646    0.0175000823
   61.469935     18.238937    0.0176780005
   61.469935     30.398228    0.0181053350
   61.469935     42.557519    0.0187986779
   61.469935     54.716810    0.0197808757
   61.469935     66.876101    0.0210810832
   61.469935     79.035392    0.0227348359
   61.469935     91.194683    0.0247841406

