  -38.681015   -136.038482    0.0449930042
  -38.681015   -117.900018    0.0456097007
  -38.681015    -99.761554    0.0464359891
  -38.681015    -81.623089    0.0473440167
  -38.681015    -63.484625    0.0482194798
  -38.681015    -45.346161    0.0489656109
  -38.681015    -27.207696    0.0495066133
  -38.681015     -9.069232    0.0497903813
  -38.681015      9.069232    0.0497903813
  -38.681015     27.207696    0.0495066133
  -38.681015     45.346161    0.0489656109
  -38.681015     63.484625    0.0482194798
  -38.681015     81.623089    0.0473440167
  -38.681015     99.761554    0.0464359891
  -38.681015    117.900018    0.0456097007
  -38.681015    136.038482    0.0449930042

  -33.523546   -136.038482    0.0343468130
  -33.523546   -117.900018    0.0344752400
  -33.523546    -99.761554    0.0348627843
  -33.523546    -81.623089    0.0353901285
  -33.523546    -63.484625    0.0359507489
  -33.523546    -45.346161    0.0364545382
  -33.523546    -27.207696    0.0368309497
  -33.523546     -9.069232    0.0370314987
  -33.523546      9.069232    0.0370314987
  -33.523546     27.207696    0.0368309497
  -33.523546     45.346161    0.0364545382
  -33.523546     63.484625    0.0359507489
  -33.523546     81.623089    0.0353901285
  -33.523546     99.761554    0.0348627843
  -33.523546    117.900018    0.0344752400
  -33.523546    136.038482    0.0343468130

  -28.366078   -136.038482    0.0253733327
  -28.366078   -117.900018    0.0250930318
  -28.366078    -99.761554    0.0251134661
  -28.366078    -81.623089    0.0253224046
  -28.366078    -63.484625    0.0256197744
  -28.366078    -45.346161    0.0259209857
  -28.366078    -27.207696    0.0261598380
  -28.366078     -9.069232    0.0262908434
  -28.366078      9.069232    0.0262908434
  -28.366078     27.207696    0.0261598380
  -28.366078     45.346161    0.0259209857
  -28.366078     63.484625    0.0256197744
  -28.366078     81.623089    0.0253224046
  -28.366078     99.761554    0.0251134661
  -28.366078    117.900018    0.0250930318
  -28.366078    136.038482    0.0253733327

  -23.208609   -136.038482    0.0180016523
  -23.208609   -117.900018    0.0173875380
  -23.208609    -99.761554    0.0171082603
  -23.208609    -81.623089    0.0170573352
  -23.208609    -63.484625    0.0171399151
  -23.208609    -45.346161    0.0172758764
  -23.208609    -27.207696    0.0174025347
  -23.208609     -9.069232    0.0174768253
  -23.208609      9.069232    0.0174768253
  -23.208609     27.207696    0.0174025347
  -23.208609     45.346161    0.0172758764
  -23.208609     63.484625    0.0171399151
  -23.208609     81.623089    0.0170573352
  -23.208609     99.761554    0.0171082603
  -23.208609    117.900018    0.0173875380
  -23.208609    136.038482    0.0180016523

  -18.051140   -136.038482    0.0121733768
  -18.051140   -117.900018    0.0112965990
  -18.051140    -99.761554    0.0107815625
  -18.051140    -81.623089    0.0105262794
  -18.051140    -63.484625    0.0104399862
  -18.051140    -45.346161    0.0104460473
  -18.051140    -27.207696    0.0104845232
  -18.051140     -9.069232    0.0105142406
  -18.051140      9.069232    0.0105142406
  -18.051140     27.207696    0.0104845232
  -18.051140     45.346161    0.0104460473
  -18.051140     63.484625    0.0104399862
  -18.051140     81.623089    0.0105262794
  -18.051140     99.761554    0.0107815625
  -18.051140    117.900018    0.0112965990
  -18.051140    136.038482    0.0121733768

  -12.893672   -136.038482    0.0078422473
  -12.893672   -117.900018    0.0067710031
  -12.893672    -99.761554    0.0060814612
  -12.893672    -81.623089    0.0056749470
  -12.893672    -63.484625    0.0054637049
  -12.893672    -45.346161    0.0053736666
  -12.893672    -27.207696    0.0053469124
  -12.893672     -9.069232    0.0053436602
  -12.893672      9.069232    0.0053436602
  -12.893672     27.207696    0.0053469124
  -12.893672     45.346161    0.0053736666
  -12.893672     63.484625    0.0054637049
  -12.893672     81.623089    0.0056749470
  -12.893672     99.761554    0.0060814612
  -12.893672    117.900018    0.0067710031
  -12.893672    136.038482    0.0078422473

   -7.736203   -136.038482    0.0049738357
   -7.736203   -117.900018    0.0037741429
   -7.736203    -99.761554    0.0029693564
   -7.736203    -81.623089    0.0024629834
   -7.736203    -63.484625    0.0021692472
   -7.736203    -45.346161    0.0020157684
   -7.736203    -27.207696    0.0019459553
   -7.736203     -9.069232    0.0019209407
   -7.736203      9.069232    0.0019209407
   -7.736203     27.207696    0.0019459553
   -7.736203     45.346161    0.0020157684
   -7.736203     63.484625    0.0021692472
   -7.736203     81.623089    0.0024629834
   -7.736203     99.761554    0.0029693564
   -7.736203    117.900018    0.0037741429
   -7.736203    136.038482    0.0049738357

   -2.578734   -136.038482    0.0035453172
   -2.578734   -117.900018    0.0022817566
   -2.578734    -99.761554    0.0014196737
   -2.578734    -81.623089    0.0008636582
   -2.578734    -63.484625    0.0005289151
   -2.578734    -45.346161    0.0003439026
   -2.578734    -27.207696    0.0002526877
   -2.578734     -9.069232    0.0002168566
   -2.578734      9.069232    0.0002168566
   -2.578734     27.207696    0.0002526877
   -2.578734     45.346161    0.0003439026
   -2.578734     63.484625    0.0005289151
   -2.578734     81.623089    0.0008636582
   -2.578734     99.761554    0.0014196737
   -2.578734    117.900018    0.0022817566
   -2.578734    136.038482    0.0035453172

    2.578734   -136.038482    0.0035453172
    2.578734   -117.900018    0.0022817566
    2.578734    -99.761554    0.0014196737
    2.578734    -81.623089    0.0008636582
    2.578734    -63.484625    0.0005289151
    2.578734    -45.346161    0.0003439026
    2.578734    -27.207696    0.0002526877
    2.578734     -9.069232    0.0002168566
    2.578734      9.069232    0.0002168566
    2.578734     27.207696    0.0002526877
    2.578734     45.346161    0.0003439026
    2.578734     63.484625    0.0005289151
    2.578734     81.623089    0.0008636582
    2.578734     99.761554    0.0014196737
    2.578734    117.900018    0.0022817566
    2.578734    136.038482    0.0035453172

    7.736203   -136.038482    0.0049738357
    7.736203   -117.900018    0.0037741429
    7.736203    -99.761554    0.0029693564
    7.736203    -81.623089    0.0024629834
    7.736203    -63.484625    0.0021692472
    7.736203    -45.346161    0.0020157684
    7.736203    -27.207696    0.0019459553
    7.736203     -9.069232    0.0019209407
    7.736203      9.069232    0.0019209407
    7.736203     27.207696    0.0019459553
    7.736203     45.346161    0.0020157684
    7.736203     63.484625    0.0021692472
    7.736203     81.623089    0.0024629834
    7.736203     99.761554    0.0029693564
    7.736203    117.900018    0.0037741429
    7.736203    136.038482    0.0049738357

   12.893672   -136.038482    0.0078422473
   12.893672   -117.900018    0.0067710031
   12.893672    -99.761554    0.0060814612
   12.893672    -81.623089    0.0056749470
   12.893672    -63.484625    0.0054637049
   12.893672    -45.346161    0.0053736666
   12.893672    -27.207696    0.0053469124
   12.893672     -9.069232    0.0053436602
   12.893672      9.069232    0.0053436602
   12.893672     27.207696    0.0053469124
   12.893672     45.346161    0.0053736666
   12.893672     63.484625    0.0054637049
   12.893672     81.623089    0.0056749470
   12.893672     99.761554    0.0060814612
   12.893672    117.900018    0.0067710031
   12.893672    136.038482    0.0078422473

   18.051140   -136.038482    0.0121733768
   18.051140   -117.900018    0.0112965990
   18.051140    -99.761554    0.0107815625
   18.051140    -81.623089    0.0105262794
   18.051140    -63.484625    0.0104399862
   18.051140    -45.346161    0.0104460473
   18.051140    -27.207696    0.0104845232
   18.051140     -9.069232    0.0105142406
   18.051140      9.069232    0.0105142406
   18.051140     27.207696    0.0104845232
   18.051140     45.346161    0.0104460473
   18.051140     63.484625    0.0104399862
   18.051140     81.623089    0.0105262794
   18.051140     99.761554    0.0107815625
   18.051140    117.900018    0.0112965990
   18.051140    136.038482    0.0121733768

   23.208609   -136.038482    0.0180016523
   23.208609   -117.900018    0.0173875380
   23.208609    -99.761554    0.0171082603
   23.208609    -81.623089    0.0170573352
   23.208609    -63.484625    0.0171399151
   23.208609    -45.346161    0.0172758764
   23.208609    -27.207696    0.0174025347
   23.208609     -9.069232    0.0174768253
   23.208609      9.069232    0.0174768253
   23.208609     27.207696    0.0174025347
   23.208609     45.346161    0.0172758764
   23.208609     63.484625    0.0171399151
   23.208609     81.623089    0.0170573352
   23.208609     99.761554    0.0171082603
   23.208609    117.900018    0.0173875380
   23.208609    136.038482    0.0180016523

   28.366078   -136.038482    0.0253733327
   28.366078   -117.900018    0.0250930318
   28.366078    -99.761554    0.0251134661
   28.366078    -81.623089    0.0253224046
   28.366078    -63.484625    0.0256197744
   28.366078    -45.346161    0.0259209857
   28.366078    -27.207696    0.0261598380
   28.366078     -9.069232    0.0262908434
   28.366078      9.069232    0.0262908434
   28.366078     27.207696    0.0261598380
   28.366078     45.346161    0.0259209857
   28.366078     63.484625    0.0256197744
   28.366078     81.623089    0.0253224046
   28.366078     99.761554    0.0251134661
   28.366078    117.900018    0.0250930318
   28.366078    136.038482    0.0253733327

   33.523546   -136.038482    0.0343468130
   33.523546   -117.900018    0.0344752400
   33.523546    -99.761554    0.0348627843
   33.523546    -81.623089    0.0353901285
   33.523546    -63.484625    0.0359507489
   33.523546    -45.346161    0.0364545382
   33.523546    -27.207696    0.0368309497
   33.523546     -9.069232    0.0370314987
   33.523546      9.069232    0.0370314987
   33.523546     27.207696    0.0368309497
   33.523546     45.346161    0.0364545382
   33.523546     63.484625    0.0359507489
   33.523546     81.623089    0.0353901285
   33.523546     99.761554    0.0348627843
   33.523546    117.900018    0.0344752400
   33.523546    136.038482    0.0343468130

   38.681015   -136.038482    0.0449930042
   38.681015   -117.900018    0.0456097007
   38.681015    -99.761554    0.0464359891
   38.681015    -81.623089    0.0473440167
   38.681015    -63.484625    0.0482194798
   38.681015    -45.346161    0.0489656109
   38.681015    -27.207696    0.0495066133
   38.681015     -9.069232    0.0497903813
   38.681015      9.069232    0.0497903813
   38.681015     27.207696    0.0495066133
   38.681015     45.346161    0.0489656109
   38.681015     63.484625    0.0482194798
   38.681015     81.623089    0.0473440167
   38.681015     99.761554    0.0464359891
   38.681015    117.900018    0.0456097007
   38.681015    136.038482    0.0449930042

