  -25.746645    -62.630025    0.0613866238
  -25.746645    -54.279355    0.0602520674
  -25.746645    -45.928685    0.0595708771
  -25.746645    -37.578015    0.0592581355
  -25.746645    -29.227345    0.0592356077
  -25.746645    -20.876675    0.0594330827
  -25.746645    -12.526005    0.0597895953
  -25.746645     -4.175335    0.0602544713
  -25.746645      4.175335    0.0607881492
  -25.746645     12.526005    0.0613627395
  -25.746645     20.876675    0.0619622971
  -25.746645     29.227345    0.0625827880
  -25.746645     37.578015    0.0632317459
  -25.746645     45.928685    0.0639276219
  -25.746645     54.279355    0.0646988422
  -25.746645     62.630025    0.0655825978

  -21.065436    -62.630025    0.0433651480
  -21.065436    -54.279355    0.0411433522
  -21.065436    -45.928685    0.0394635643
  -21.065436    -37.578015    0.0382569123
  -21.065436    -29.227345    0.0374591970
  -21.065436    -20.876675    0.0370125784
  -21.065436    -12.526005    0.0368667049
  -21.065436     -4.175335    0.0369794555
  -21.065436      4.175335    0.0373174228
  -21.065436     12.526005    0.0378562157
  -21.065436     20.876675    0.0385806142
  -21.065436     29.227345    0.0394845676
  -21.065436     37.578015    0.0405709746
  -21.065436     45.928685    0.0418511441
  -21.065436     54.279355    0.0433437857
  -21.065436     62.630025    0.0450733345

  -16.384228    -62.630025    0.0309394526
  -16.384228    -54.279355    0.0278817010
  -16.384228    -45.928685    0.0254376560
  -16.384228    -37.578015    0.0235483160
  -16.384228    -29.227345    0.0221598544
  -16.384228    -20.876675    0.0212239825
  -16.384228    -12.526005    0.0206984240
  -16.384228     -4.175335    0.0205473891
  -16.384228      4.175335    0.0207419621
  -16.384228     12.526005    0.0212603420
  -16.384228     20.876675    0.0220879057
  -16.384228     29.227345    0.0232170866
  -16.384228     37.578015    0.0246470923
  -16.384228     45.928685    0.0263835104
  -16.384228     54.279355    0.0284378770
  -16.384228     62.630025    0.0308273133

  -11.703020    -62.630025    0.0230581033
  -11.703020    -54.279355    0.0193667029
  -11.703020    -45.928685    0.0163445838
  -11.703020    -37.578015    0.0139407118
  -11.703020    -29.227345    0.0121090359
  -11.703020    -20.876675    0.0108082852
  -11.703020    -12.526005    0.0100021196
  -11.703020     -4.175335    0.0096594271
  -11.703020      4.175335    0.0097546074
  -11.703020     12.526005    0.0102677376
  -11.703020     20.876675    0.0111845668
  -11.703020     29.227345    0.0124963406
  -11.703020     37.578015    0.0141995068
  -11.703020     45.928685    0.0162954106
  -11.703020     54.279355    0.0187901344
  -11.703020     62.630025    0.0216946956

   -7.021812    -62.630025    0.0188372503
   -7.021812    -54.279355    0.0146749210
   -7.021812    -45.928685    0.0112243984
   -7.021812    -37.578015    0.0084412705
   -7.021812    -29.227345    0.0062852881
   -7.021812    -20.876675    0.0047202641
   -7.021812    -12.526005    0.0037141790
   -7.021812     -4.175335    0.0032393622
   -7.021812      4.175335    0.0032726485
   -7.021812     12.526005    0.0037954483
   -7.021812     20.876675    0.0047936959
   -7.021812     29.227345    0.0062576818
   -7.021812     37.578015    0.0081818003
   -7.021812     45.928685    0.0105642850
   -7.021812     54.279355    0.0134070306
   -7.021812     62.630025    0.0167156389

   -2.340604    -62.630025    0.0175317894
   -2.340604    -54.279355    0.0130300290
   -2.340604    -45.928685    0.0092725826
   -2.340604    -37.578015    0.0062200708
   -2.340604    -29.227345    0.0038365059
   -2.340604    -20.876675    0.0020894007
   -2.340604    -12.526005    0.0009498837
   -2.340604     -4.175335    0.0003927920
   -2.340604      4.175335    0.0003967173
   -2.340604     12.526005    0.0009439931
   -2.340604     20.876675    0.0020206139
   -2.340604     29.227345    0.0036160883
   -2.340604     37.578015    0.0057232349
   -2.340604     45.928685    0.0083379364
   -2.340604     54.279355    0.0114588767
   -2.340604     62.630025    0.0150872918

    2.340604    -62.630025    0.0185117070
    2.340604    -54.279355    0.0137777644
    2.340604    -45.928685    0.0098128414
    2.340604    -37.578015    0.0065810353
    2.340604    -29.227345    0.0040494302
    2.340604    -20.876675    0.0021882390
    2.340604    -12.526005    0.0009708762
    2.340604     -4.175335    0.0003739755
    2.340604      4.175335    0.0003773617
    2.340604     12.526005    0.0009639851
    2.340604     20.876675    0.0021198187
    2.340604     29.227345    0.0038337202
    2.340604     37.578015    0.0060972523
    2.340604     45.928685    0.0089044549
    2.340604     54.279355    0.0122515564
    2.340604     62.630025    0.0161366099

    7.021812    -62.630025    0.0212427778
    7.021812    -54.279355    0.0163651598
    7.021812    -45.928685    0.0122749237
    7.021812    -37.578015    0.0089384745
    7.021812    -29.227345    0.0063250707
    7.021812    -20.876675    0.0044068649
    7.021812    -12.526005    0.0031588985
    7.021812     -4.175335    0.0025590584
    7.021812      4.175335    0.0025880049
    7.021812     12.526005    0.0032290745
    7.021812     20.876675    0.0044681596
    7.021812     29.227345    0.0062935638
    7.021812     37.578015    0.0086958281
    7.021812     45.928685    0.0116675228
    7.021812     54.279355    0.0152029923
    7.021812     62.630025    0.0192980432

   11.703020    -62.630025    0.0252708871
   11.703020    -54.279355    0.0203235385
   11.703020    -45.928685    0.0161766429
   11.703020    -37.578015    0.0127981850
   11.703020    -29.227345    0.0101589284
   11.703020    -20.876675    0.0082323659
   11.703020    -12.526005    0.0069946511
   11.703020     -4.175335    0.0064245122
   11.703020      4.175335    0.0065031478
   11.703020     12.526005    0.0072141068
   11.703020     20.876675    0.0085431515
   11.703020     29.227345    0.0104781032
   11.703020     37.578015    0.0130086704
   11.703020     45.928685    0.0161262561
   11.703020     54.279355    0.0198237442
   11.703020     62.630025    0.0240952609

   16.384228    -62.630025    0.0302093636
   16.384228    -54.279355    0.0252547807
   16.384228    -45.928685    0.0211093776
   16.384228    -37.578015    0.0177422217
   16.384228    -29.227345    0.0151250744
   16.384228    -20.876675    0.0132323065
   16.384228    -12.526005    0.0120407939
   16.384228     -4.175335    0.0115297982
   16.384228      4.175335    0.0116808358
   16.384228     12.526005    0.0124775361
   16.384228     20.876675    0.0139054914
   16.384228     29.227345    0.0159520969
   16.384228     37.578015    0.0186063814
   16.384228     45.928685    0.0218588262
   16.384228     54.279355    0.0257011690
   16.384228     62.630025    0.0301261893

   21.065436    -62.630025    0.0357288094
   21.065436    -54.279355    0.0308203912
   21.065436    -45.928685    0.0267264460
   21.065436    -37.578015    0.0234166362
   21.065436    -29.227345    0.0208633270
   21.065436    -20.876675    0.0190414358
   21.065436    -12.526005    0.0179282814
   21.065436     -4.175335    0.0175034341
   21.065436      4.175335    0.0177485626
   21.065436     12.526005    0.0186472785
   21.065436     20.876675    0.0201849772
   21.065436     29.227345    0.0223486734
   21.065436     37.578015    0.0251268317
   21.065436     45.928685    0.0285091915
   21.065436     54.279355    0.0324865856
   21.065436     62.630025    0.0370507539

   25.746645    -62.630025    0.0415490286
   25.746645    -54.279355    0.0367329212
   25.746645    -45.928685    0.0327338590
   25.746645    -37.578015    0.0295216475
   25.746645    -29.227345    0.0270689567
   25.746645    -20.876675    0.0253510185
   25.746645    -12.526005    0.0243453977
   25.746645     -4.175335    0.0240318080
   25.746645      4.175335    0.0243919472
   25.746645     12.526005    0.0254093388
   25.746645     20.876675    0.0270691662
   25.746645     29.227345    0.0293581005
   25.746645     37.578015    0.0322641236
   25.746645     45.928685    0.0357763578
   25.746645     54.279355    0.0398849205
   25.746645     62.630025    0.0445808280

   30.427853    -62.630025    0.0474327571
   30.427853    -54.279355    0.0427493204
   30.427853    -45.928685    0.0388830749
   30.427853    -37.578015    0.0358038828
   30.427853    -29.227345    0.0334845301
   30.427853    -20.876675    0.0319003639
   30.427853    -12.526005    0.0310290264
   30.427853     -4.175335    0.0308502489
   30.427853      4.175335    0.0313456743
   30.427853     12.526005    0.0324986892
   30.427853     20.876675    0.0342942522
   30.427853     29.227345    0.0367187165
   30.427853     37.578015    0.0397596507
   30.427853     45.928685    0.0434056735
   30.427853     54.279355    0.0476463240
   30.427853     62.630025    0.0524719998

   35.109061    -62.630025    0.0531810103
   35.109061    -54.279355    0.0486658170
   35.109061    -45.928685    0.0449654847
   35.109061    -37.578015    0.0420504989
   35.109061    -29.227345    0.0398936919
   35.109061    -20.876675    0.0384703010
   35.109061    -12.526005    0.0377578649
   35.109061     -4.175335    0.0377360333
   35.109061      4.175335    0.0383863471
   35.109061     12.526005    0.0396920249
   35.109061     20.876675    0.0416377778
   35.109061     29.227345    0.0442096533
   35.109061     37.578015    0.0473948902
   35.109061     45.928685    0.0511817508
   35.109061     54.279355    0.0555592757
   35.109061     62.630025    0.0605168888

   39.790269    -62.630025    0.0586299673
   39.790269    -54.279355    0.0543139458
   39.790269    -45.928685    0.0508084769
   39.790269    -37.578015    0.0480851703
   39.790269    -29.227345    0.0461168676
   39.790269    -20.876675    0.0448785297
   39.790269    -12.526005    0.0443474620
   39.790269     -4.175335    0.0445031687
   39.790269      4.175335    0.0453270607
   39.790269     12.526005    0.0468021678
   39.790269     20.876675    0.0489129359
   39.790269     29.227345    0.0516451173
   39.790269     37.578015    0.0549856936
   39.790269     45.928685    0.0589226954
   39.790269     54.279355    0.0634447170
   39.790269     62.630025    0.0685398472

   44.471477    -62.630025    0.0636494232
   44.471477    -54.279355    0.0595573692
   44.471477    -45.928685    0.0562730383
   44.471477    -37.578015    0.0537660994
   44.471477    -29.227345    0.0520090547
   44.471477    -20.876675    0.0509769537
   44.471477    -12.526005    0.0506471309
   44.471477     -4.175335    0.0509989651
   44.471477      4.175335    0.0520136594
   44.471477     12.526005    0.0536740376
   44.471477     20.876675    0.0559643570
   44.471477     29.227345    0.0588701322
   44.471477     37.578015    0.0623779701
   44.471477     45.928685    0.0664754109
   44.471477     54.279355    0.0711507734
   44.471477     62.630025    0.0763930009

