  -55.127356    -61.469935    0.0011366703
  -55.127356    -53.273944    0.0008666110
  -55.127356    -45.077952    0.0006284229
  -55.127356    -36.881961    0.0004251482
  -55.127356    -28.685970    0.0002593648
  -55.127356    -20.489978    0.0001331662
  -55.127356    -12.293987    0.0000481417
  -55.127356     -4.097996    0.0000053606
  -55.127356      4.097996    0.0000053606
  -55.127356     12.293987    0.0000481417
  -55.127356     20.489978    0.0001331662
  -55.127356     28.685970    0.0002593648
  -55.127356     36.881961    0.0004251482
  -55.127356     45.077952    0.0006284229
  -55.127356     53.273944    0.0008666110
  -55.127356     61.469935    0.0011366703

  -47.777042    -61.469935    0.0009279220
  -47.777042    -53.273944    0.0007072456
  -47.777042    -45.077952    0.0005127445
  -47.777042    -36.881961    0.0003467578
  -47.777042    -28.685970    0.0002114171
  -47.777042    -20.489978    0.0001084530
  -47.777042    -12.293987    0.0000391340
  -47.777042     -4.097996    0.0000042764
  -47.777042      4.097996    0.0000042764
  -47.777042     12.293987    0.0000391340
  -47.777042     20.489978    0.0001084530
  -47.777042     28.685970    0.0002114171
  -47.777042     36.881961    0.0003467578
  -47.777042     45.077952    0.0005127445
  -47.777042     53.273944    0.0007072456
  -47.777042     61.469935    0.0009279220

  -40.426728    -61.469935    0.0007145079
  -40.426728    -53.273944    0.0005445305
  -40.426728    -45.077952    0.0003947279
  -40.426728    -36.881961    0.0002669493
  -40.426728    -28.685970    0.0001627915
  -40.426728    -20.489978    0.0000835468
  -40.426728    -12.293987    0.0000301834
  -40.426728     -4.097996    0.0000033424
  -40.426728      4.097996    0.0000033424
  -40.426728     12.293987    0.0000301834
  -40.426728     20.489978    0.0000835468
  -40.426728     28.685970    0.0001627915
  -40.426728     36.881961    0.0002669493
  -40.426728     45.077952    0.0003947279
  -40.426728     53.273944    0.0005445305
  -40.426728     61.469935    0.0007145079

  -33.076414    -61.469935    0.0005085357
  -33.076414    -53.273944    0.0003875265
  -33.076414    -45.077952    0.0002808783
  -33.076414    -36.881961    0.0001899615
  -33.076414    -28.685970    0.0001158750
  -33.076414    -20.489978    0.0000595032
  -33.076414    -12.293987    0.0000215287
  -33.076414     -4.097996    0.0000024211
  -33.076414      4.097996    0.0000024211
  -33.076414     12.293987    0.0000215287
  -33.076414     20.489978    0.0000595032
  -33.076414     28.685970    0.0001158750
  -33.076414     36.881961    0.0001899615
  -33.076414     45.077952    0.0002808783
  -33.076414     53.273944    0.0003875265
  -33.076414     61.469935    0.0005085357

  -25.726100    -61.469935    0.0003231750
  -25.726100    -53.273944    0.0002462455
  -25.726100    -45.077952    0.0001784490
  -25.726100    -36.881961    0.0001206813
  -25.726100    -28.685970    0.0000736226
  -25.726100    -20.489978    0.0000378169
  -25.726100    -12.293987    0.0000136924
  -25.726100     -4.097996    0.0000015513
  -25.726100      4.097996    0.0000015513
  -25.726100     12.293987    0.0000136924
  -25.726100     20.489978    0.0000378169
  -25.726100     28.685970    0.0000736226
  -25.726100     36.881961    0.0001206813
  -25.726100     45.077952    0.0001784490
  -25.726100     53.273944    0.0002462455
  -25.726100     61.469935    0.0003231750

  -18.375785    -61.469935    0.0001710977
  -18.375785    -53.273944    0.0001303498
  -18.375785    -45.077952    0.0000944447
  -18.375785    -36.881961    0.0000638610
  -18.375785    -28.685970    0.0000389542
  -18.375785    -20.489978    0.0000200065
  -18.375785    -12.293987    0.0000072413
  -18.375785     -4.097996    0.0000008170
  -18.375785      4.097996    0.0000008170
  -18.375785     12.293987    0.0000072413
  -18.375785     20.489978    0.0000200065
  -18.375785     28.685970    0.0000389542
  -18.375785     36.881961    0.0000638610
  -18.375785     45.077952    0.0000944447
  -18.375785     53.273944    0.0001303498
  -18.375785     61.469935    0.0001710977

  -11.025471    -61.469935    0.0000631104
  -11.025471    -53.273944    0.0000480696
  -11.025471    -45.077952    0.0000348207
  -11.025471    -36.881961    0.0000235364
  -11.025471    -28.685970    0.0000143488
  -11.025471    -20.489978    0.0000073623
  -11.025471    -12.293987    0.0000026577
  -11.025471     -4.097996    0.0000002909
  -11.025471      4.097996    0.0000002909
  -11.025471     12.293987    0.0000026577
  -11.025471     20.489978    0.0000073623
  -11.025471     28.685970    0.0000143488
  -11.025471     36.881961    0.0000235364
  -11.025471     45.077952    0.0000348207
  -11.025471     53.273944    0.0000480696
  -11.025471     61.469935    0.0000631104

   -3.675157    -61.469935    0.0000070575
   -3.675157    -53.273944    0.0000053670
   -3.675157    -45.077952    0.0000038822
   -3.675157    -36.881961    0.0000026153
   -3.675157    -28.685970    0.0000015841
   -3.675157    -20.489978    0.0000008030
   -3.675157    -12.293987    0.0000002799
   -3.675157     -4.097996    0.0000000179
   -3.675157      4.097996    0.0000000179
   -3.675157     12.293987    0.0000002799
   -3.675157     20.489978    0.0000008030
   -3.675157     28.685970    0.0000015841
   -3.675157     36.881961    0.0000026153
   -3.675157     45.077952    0.0000038822
   -3.675157     53.273944    0.0000053670
   -3.675157     61.469935    0.0000070575

    3.675157    -61.469935    0.0000070575
    3.675157    -53.273944    0.0000053670
    3.675157    -45.077952    0.0000038822
    3.675157    -36.881961    0.0000026153
    3.675157    -28.685970    0.0000015841
    3.675157    -20.489978    0.0000008030
    3.675157    -12.293987    0.0000002799
    3.675157     -4.097996    0.0000000179
    3.675157      4.097996    0.0000000179
    3.675157     12.293987    0.0000002799
    3.675157     20.489978    0.0000008030
    3.675157     28.685970    0.0000015841
    3.675157     36.881961    0.0000026153
    3.675157     45.077952    0.0000038822
    3.675157     53.273944    0.0000053670
    3.675157     61.469935    0.0000070575

   11.025471    -61.469935    0.0000631104
   11.025471    -53.273944    0.0000480696
   11.025471    -45.077952    0.0000348207
   11.025471    -36.881961    0.0000235364
   11.025471    -28.685970    0.0000143488
   11.025471    -20.489978    0.0000073623
   11.025471    -12.293987    0.0000026577
   11.025471     -4.097996    0.0000002909
   11.025471      4.097996    0.0000002909
   11.025471     12.293987    0.0000026577
   11.025471     20.489978    0.0000073623
   11.025471     28.685970    0.0000143488
   11.025471     36.881961    0.0000235364
   11.025471     45.077952    0.0000348207
   11.025471     53.273944    0.0000480696
   11.025471     61.469935    0.0000631104

   18.375785    -61.469935    0.0001710977
   18.375785    -53.273944    0.0001303498
   18.375785    -45.077952    0.0000944447
   18.375785    -36.881961    0.0000638610
   18.375785    -28.685970    0.0000389542
   18.375785    -20.489978    0.0000200065
   18.375785    -12.293987    0.0000072413
   18.375785     -4.097996    0.0000008170
   18.375785      4.097996    0.0000008170
   18.375785     12.293987    0.0000072413
   18.375785     20.489978    0.0000200065
   18.375785     28.685970    0.0000389542
   18.375785     36.881961    0.0000638610
   18.375785     45.077952    0.0000944447
   18.375785     53.273944    0.0001303498
   18.375785     61.469935    0.0001710977

   25.726100    -61.469935    0.0003231750
   25.726100    -53.273944    0.0002462455
   25.726100    -45.077952    0.0001784490
   25.726100    -36.881961    0.0001206813
   25.726100    -28.685970    0.0000736226
   25.726100    -20.489978    0.0000378169
   25.726100    -12.293987    0.0000136924
   25.726100     -4.097996    0.0000015513
   25.726100      4.097996    0.0000015513
   25.726100     12.293987    0.0000136924
   25.726100     20.489978    0.0000378169
   25.726100     28.685970    0.0000736226
   25.726100     36.881961    0.0001206813
   25.726100     45.077952    0.0001784490
   25.726100     53.273944    0.0002462455
   25.726100     61.469935    0.0003231750

   33.076414    -61.469935    0.0005085357
   33.076414    -53.273944    0.0003875265
   33.076414    -45.077952    0.0002808783
   33.076414    -36.881961    0.0001899615
   33.076414    -28.685970    0.0001158750
   33.076414    -20.489978    0.0000595032
   33.076414    -12.293987    0.0000215287
   33.076414     -4.097996    0.0000024211
   33.076414      4.097996    0.0000024211
   33.076414     12.293987    0.0000215287
   33.076414     20.489978    0.0000595032
   33.076414     28.685970    0.0001158750
   33.076414     36.881961    0.0001899615
   33.076414     45.077952    0.0002808783
   33.076414     53.273944    0.0003875265
   33.076414     61.469935    0.0005085357

   40.426728    -61.469935    0.0007145079
   40.426728    -53.273944    0.0005445305
   40.426728    -45.077952    0.0003947279
   40.426728    -36.881961    0.0002669493
   40.426728    -28.685970    0.0001627915
   40.426728    -20.489978    0.0000835468
   40.426728    -12.293987    0.0000301834
   40.426728     -4.097996    0.0000033424
   40.426728      4.097996    0.0000033424
   40.426728     12.293987    0.0000301834
   40.426728     20.489978    0.0000835468
   40.426728     28.685970    0.0001627915
   40.426728     36.881961    0.0002669493
   40.426728     45.077952    0.0003947279
   40.426728     53.273944    0.0005445305
   40.426728     61.469935    0.0007145079

   47.777042    -61.469935    0.0009279220
   47.777042    -53.273944    0.0007072456
   47.777042    -45.077952    0.0005127445
   47.777042    -36.881961    0.0003467578
   47.777042    -28.685970    0.0002114171
   47.777042    -20.489978    0.0001084530
   47.777042    -12.293987    0.0000391340
   47.777042     -4.097996    0.0000042764
   47.777042      4.097996    0.0000042764
   47.777042     12.293987    0.0000391340
   47.777042     20.489978    0.0001084530
   47.777042     28.685970    0.0002114171
   47.777042     36.881961    0.0003467578
   47.777042     45.077952    0.0005127445
   47.777042     53.273944    0.0007072456
   47.777042     61.469935    0.0009279220

   55.127356    -61.469935    0.0011366703
   55.127356    -53.273944    0.0008666110
   55.127356    -45.077952    0.0006284229
   55.127356    -36.881961    0.0004251482
   55.127356    -28.685970    0.0002593648
   55.127356    -20.489978    0.0001331662
   55.127356    -12.293987    0.0000481417
   55.127356     -4.097996    0.0000053606
   55.127356      4.097996    0.0000053606
   55.127356     12.293987    0.0000481417
   55.127356     20.489978    0.0001331662
   55.127356     28.685970    0.0002593648
   55.127356     36.881961    0.0004251482
   55.127356     45.077952    0.0006284229
   55.127356     53.273944    0.0008666110
   55.127356     61.469935    0.0011366703

