  -34.795266    -38.681015    0.0011126617
  -34.795266    -33.523546    0.0010981925
  -34.795266    -28.366078    0.0010286880
  -34.795266    -23.208609    0.0009117076
  -34.795266    -18.051140    0.0007548014
  -34.795266    -12.893672    0.0005655101
  -34.795266     -7.736203    0.0003513653
  -34.795266     -2.578734    0.0001198892
  -34.795266      2.578734   -0.0001214054
  -34.795266      7.736203   -0.0003650146
  -34.795266     12.893672   -0.0006034442
  -34.795266     18.051140   -0.0008292091
  -34.795266     23.208609   -0.0010348334
  -34.795266     28.366078   -0.0012128506
  -34.795266     33.523546   -0.0013558034
  -34.795266     38.681015   -0.0014562439

  -30.155897    -38.681015    0.0006100602
  -30.155897    -33.523546    0.0006409043
  -30.155897    -28.366078    0.0006252702
  -30.155897    -23.208609    0.0005696933
  -30.155897    -18.051140    0.0004806983
  -30.155897    -12.893672    0.0003647993
  -30.155897     -7.736203    0.0002284998
  -30.155897     -2.578734    0.0000782927
  -30.155897      2.578734   -0.0000793395
  -30.155897      7.736203   -0.0002379251
  -30.155897     12.893672   -0.0003910028
  -30.155897     18.051140   -0.0005321221
  -30.155897     23.208609   -0.0006548428
  -30.155897     28.366078   -0.0007527354
  -30.155897     33.523546   -0.0008193812
  -30.155897     38.681015   -0.0008483718

  -25.516528    -38.681015    0.0002592901
  -25.516528    -33.523546    0.0003168268
  -25.516528    -28.366078    0.0003359369
  -25.516528    -23.208609    0.0003221327
  -25.516528    -18.051140    0.0002809165
  -25.516528    -12.893672    0.0002177807
  -25.516528     -7.736203    0.0001382082
  -25.516528     -2.578734    0.0000476719
  -25.516528      2.578734   -0.0000483650
  -25.516528      7.736203   -0.0001444491
  -25.516528     12.893672   -0.0002351370
  -25.516528     18.051140   -0.0003149947
  -25.516528     23.208609   -0.0003785983
  -25.516528     28.366078   -0.0004205335
  -25.516528     33.523546   -0.0004353959
  -25.516528     38.681015   -0.0004177909

  -20.877160    -38.681015    0.0000374392
  -20.877160    -33.523546    0.0001058150
  -20.877160    -28.366078    0.0001433950
  -20.877160    -23.208609    0.0001546720
  -20.877160    -18.051140    0.0001441315
  -20.877160    -12.893672    0.0001162510
  -20.877160     -7.736203    0.0000755000
  -20.877160     -2.578734    0.0000263406
  -20.877160      2.578734   -0.0000267731
  -20.877160      7.736203   -0.0000793948
  -20.877160     12.893672   -0.0001270859
  -20.877160     18.051140   -0.0001654157
  -20.877160     23.208609   -0.0001899613
  -20.877160     28.366078   -0.0001963073
  -20.877160     33.523546   -0.0001800465
  -20.877160     38.681015   -0.0001367793

  -16.237791    -38.681015   -0.0000788056
  -16.237791    -33.523546   -0.0000125804
  -16.237791    -28.366078    0.0000301309
  -16.237791    -23.208609    0.0000528089
  -16.237791    -18.051140    0.0000589287
  -16.237791    -12.893672    0.0000519601
  -16.237791     -7.736203    0.0000353677
  -16.237791     -2.578734    0.0000126107
  -16.237791      2.578734   -0.0000128570
  -16.237791      7.736203   -0.0000375868
  -16.237791     12.893672   -0.0000581353
  -16.237791     18.051140   -0.0000710646
  -16.237791     23.208609   -0.0000729420
  -16.237791     28.366078   -0.0000603401
  -16.237791     33.523546   -0.0000298369
  -16.237791     38.681015    0.0000219843

  -11.598422    -38.681015   -0.0001131582
  -11.598422    -33.523546   -0.0000591139
  -11.598422    -28.366078   -0.0000215891
  -11.598422    -23.208609    0.0000018921
  -11.598422    -18.051140    0.0000138024
  -11.598422    -12.893672    0.0000166117
  -11.598422     -7.736203    0.0000127869
  -11.598422     -2.578734    0.0000047920
  -11.598422      2.578734   -0.0000049119
  -11.598422      7.736203   -0.0000138666
  -11.598422     12.893672   -0.0000196171
  -11.598422     18.051140   -0.0000197111
  -11.598422     23.208609   -0.0000116993
  -11.598422     28.366078    0.0000068648
  -11.598422     33.523546    0.0000384245
  -11.598422     38.681015    0.0000854203

   -6.959053    -38.681015   -0.0000897332
   -6.959053    -33.523546   -0.0000548442
   -6.959053    -28.366078   -0.0000297191
   -6.959053    -23.208609   -0.0000128782
   -6.959053    -18.051140   -0.0000028433
   -6.959053    -12.893672    0.0000018629
   -6.959053     -7.736203    0.0000027166
   -6.959053     -2.578734    0.0000011928
   -6.959053      2.578734   -0.0000012346
   -6.959053      7.736203   -0.0000030928
   -6.959053     12.893672   -0.0000029101
   -6.959053     18.051140    0.0000007841
   -6.959053     23.208609    0.0000094592
   -6.959053     28.366078    0.0000245836
   -6.959053     33.523546    0.0000476245
   -6.959053     38.681015    0.0000800481

   -2.319684    -38.681015   -0.0000330461
   -2.319684    -33.523546   -0.0000211350
   -2.319684    -28.366078   -0.0000124337
   -2.319684    -23.208609   -0.0000064508
   -2.319684    -18.051140   -0.0000026950
   -2.319684    -12.893672   -0.0000006754
   -2.319684     -7.736203    0.0000000991
   -2.319684     -2.578734    0.0000001194
   -2.319684      2.578734   -0.0000001239
   -2.319684      7.736203   -0.0000001402
   -2.319684     12.893672    0.0000005610
   -2.319684     18.051140    0.0000024700
   -2.319684     23.208609    0.0000060771
   -2.319684     28.366078    0.0000118723
   -2.319684     33.523546    0.0000203455
   -2.319684     38.681015    0.0000319867

    2.319684    -38.681015    0.0000319867
    2.319684    -33.523546    0.0000203455
    2.319684    -28.366078    0.0000118723
    2.319684    -23.208609    0.0000060771
    2.319684    -18.051140    0.0000024700
    2.319684    -12.893672    0.0000005610
    2.319684     -7.736203   -0.0000001402
    2.319684     -2.578734   -0.0000001239
    2.319684      2.578734    0.0000001194
    2.319684      7.736203    0.0000000991
    2.319684     12.893672   -0.0000006754
    2.319684     18.051140   -0.0000026950
    2.319684     23.208609   -0.0000064508
    2.319684     28.366078   -0.0000124337
    2.319684     33.523546   -0.0000211350
    2.319684     38.681015   -0.0000330461

    6.959053    -38.681015    0.0000800481
    6.959053    -33.523546    0.0000476245
    6.959053    -28.366078    0.0000245836
    6.959053    -23.208609    0.0000094592
    6.959053    -18.051140    0.0000007841
    6.959053    -12.893672   -0.0000029101
    6.959053     -7.736203   -0.0000030928
    6.959053     -2.578734   -0.0000012346
    6.959053      2.578734    0.0000011928
    6.959053      7.736203    0.0000027166
    6.959053     12.893672    0.0000018629
    6.959053     18.051140   -0.0000028433
    6.959053     23.208609   -0.0000128782
    6.959053     28.366078   -0.0000297191
    6.959053     33.523546   -0.0000548442
    6.959053     38.681015   -0.0000897332

   11.598422    -38.681015    0.0000854203
   11.598422    -33.523546    0.0000384245
   11.598422    -28.366078    0.0000068648
   11.598422    -23.208609   -0.0000116993
   11.598422    -18.051140   -0.0000197111
   11.598422    -12.893672   -0.0000196171
   11.598422     -7.736203   -0.0000138666
   11.598422     -2.578734   -0.0000049119
   11.598422      2.578734    0.0000047920
   11.598422      7.736203    0.0000127869
   11.598422     12.893672    0.0000166117
   11.598422     18.051140    0.0000138024
   11.598422     23.208609    0.0000018921
   11.598422     28.366078   -0.0000215891
   11.598422     33.523546   -0.0000591139
   11.598422     38.681015   -0.0001131582

   16.237791    -38.681015    0.0000219843
   16.237791    -33.523546   -0.0000298369
   16.237791    -28.366078   -0.0000603401
   16.237791    -23.208609   -0.0000729420
   16.237791    -18.051140   -0.0000710646
   16.237791    -12.893672   -0.0000581353
   16.237791     -7.736203   -0.0000375868
   16.237791     -2.578734   -0.0000128570
   16.237791      2.578734    0.0000126107
   16.237791      7.736203    0.0000353677
   16.237791     12.893672    0.0000519601
   16.237791     18.051140    0.0000589287
   16.237791     23.208609    0.0000528089
   16.237791     28.366078    0.0000301309
   16.237791     33.523546   -0.0000125804
   16.237791     38.681015   -0.0000788056

   20.877160    -38.681015   -0.0001367793
   20.877160    -33.523546   -0.0001800465
   20.877160    -28.366078   -0.0001963073
   20.877160    -23.208609   -0.0001899613
   20.877160    -18.051140   -0.0001654157
   20.877160    -12.893672   -0.0001270859
   20.877160     -7.736203   -0.0000793948
   20.877160     -2.578734   -0.0000267731
   20.877160      2.578734    0.0000263406
   20.877160      7.736203    0.0000755000
   20.877160     12.893672    0.0001162510
   20.877160     18.051140    0.0001441315
   20.877160     23.208609    0.0001546720
   20.877160     28.366078    0.0001433950
   20.877160     33.523546    0.0001058150
   20.877160     38.681015    0.0000374392

   25.516528    -38.681015   -0.0004177909
   25.516528    -33.523546   -0.0004353959
   25.516528    -28.366078   -0.0004205335
   25.516528    -23.208609   -0.0003785983
   25.516528    -18.051140   -0.0003149947
   25.516528    -12.893672   -0.0002351370
   25.516528     -7.736203   -0.0001444491
   25.516528     -2.578734   -0.0000483650
   25.516528      2.578734    0.0000476719
   25.516528      7.736203    0.0001382082
   25.516528     12.893672    0.0002177807
   25.516528     18.051140    0.0002809165
   25.516528     23.208609    0.0003221327
   25.516528     28.366078    0.0003359369
   25.516528     33.523546    0.0003168268
   25.516528     38.681015    0.0002592901

   30.155897    -38.681015   -0.0008483718
   30.155897    -33.523546   -0.0008193812
   30.155897    -28.366078   -0.0007527354
   30.155897    -23.208609   -0.0006548428
   30.155897    -18.051140   -0.0005321221
   30.155897    -12.893672   -0.0003910028
   30.155897     -7.736203   -0.0002379251
   30.155897     -2.578734   -0.0000793395
   30.155897      2.578734    0.0000782927
   30.155897      7.736203    0.0002284998
   30.155897     12.893672    0.0003647993
   30.155897     18.051140    0.0004806983
   30.155897     23.208609    0.0005696933
   30.155897     28.366078    0.0006252702
   30.155897     33.523546    0.0006409043
   30.155897     38.681015    0.0006100602

   34.795266    -38.681015   -0.0014562439
   34.795266    -33.523546   -0.0013558034
   34.795266    -28.366078   -0.0012128506
   34.795266    -23.208609   -0.0010348334
   34.795266    -18.051140   -0.0008292091
   34.795266    -12.893672   -0.0006034442
   34.795266     -7.736203   -0.0003650146
   34.795266     -2.578734   -0.0001214054
   34.795266      2.578734    0.0001198892
   34.795266      7.736203    0.0003513653
   34.795266     12.893672    0.0005655101
   34.795266     18.051140    0.0007548014
   34.795266     23.208609    0.0009117076
   34.795266     28.366078    0.0010286880
   34.795266     33.523546    0.0010981925
   34.795266     38.681015    0.0011126617

