  -55.127356    -61.469935    0.0382301598
  -55.127356    -53.273944    0.0335796260
  -55.127356    -45.077952    0.0295996676
  -55.127356    -36.881961    0.0262874200
  -55.127356    -28.685970    0.0236404912
  -55.127356    -20.489978    0.0216569673
  -55.127356    -12.293987    0.0203354139
  -55.127356     -4.097996    0.0196748758
  -55.127356      4.097996    0.0196748758
  -55.127356     12.293987    0.0203354139
  -55.127356     20.489978    0.0216569673
  -55.127356     28.685970    0.0236404912
  -55.127356     36.881961    0.0262874200
  -55.127356     45.077952    0.0295996676
  -55.127356     53.273944    0.0335796260
  -55.127356     61.469935    0.0382301598

  -47.777042    -61.469935    0.0325128066
  -47.777042    -53.273944    0.0279116557
  -47.777042    -45.077952    0.0239753842
  -47.777042    -36.881961    0.0207004246
  -47.777042    -28.685970    0.0180839386
  -47.777042    -20.489978    0.0161236491
  -47.777042    -12.293987    0.0148178013
  -47.777042     -4.097996    0.0141651867
  -47.777042      4.097996    0.0141651867
  -47.777042     12.293987    0.0148178013
  -47.777042     20.489978    0.0161236491
  -47.777042     28.685970    0.0180839386
  -47.777042     36.881961    0.0207004246
  -47.777042     45.077952    0.0239753842
  -47.777042     53.273944    0.0279116557
  -47.777042     61.469935    0.0325128066

  -40.426728    -61.469935    0.0278657484
  -40.426728    -53.273944    0.0233152964
  -40.426728    -45.077952    0.0194237234
  -40.426728    -36.881961    0.0161869719
  -40.426728    -28.685970    0.0136016687
  -40.426728    -20.489978    0.0116650988
  -40.426728    -12.293987    0.0103752065
  -40.426728     -4.097996    0.0097306085
  -40.426728      4.097996    0.0097306085
  -40.426728     12.293987    0.0103752065
  -40.426728     20.489978    0.0116650988
  -40.426728     28.685970    0.0136016687
  -40.426728     36.881961    0.0161869719
  -40.426728     45.077952    0.0194237234
  -40.426728     53.273944    0.0233152964
  -40.426728     61.469935    0.0278657484

  -33.076414    -61.469935    0.0242031316
  -33.076414    -53.273944    0.0197016479
  -33.076414    -45.077952    0.0158532292
  -33.076414    -36.881961    0.0126533397
  -33.076414    -28.685970    0.0100981078
  -33.076414    -20.489978    0.0081844107
  -33.076414    -12.293987    0.0069099072
  -33.076414     -4.097996    0.0062730427
  -33.076414      4.097996    0.0062730427
  -33.076414     12.293987    0.0069099072
  -33.076414     20.489978    0.0081844107
  -33.076414     28.685970    0.0100981078
  -33.076414     36.881961    0.0126533397
  -33.076414     45.077952    0.0158532292
  -33.076414     53.273944    0.0197016479
  -33.076414     61.469935    0.0242031316

  -25.726100    -61.469935    0.0214311576
  -25.726100    -53.273944    0.0169737536
  -25.726100    -45.077952    0.0131641867
  -25.726100    -36.881961    0.0099974462
  -25.726100    -28.685970    0.0074692421
  -25.726100    -20.489978    0.0055761111
  -25.726100    -12.293987    0.0043154576
  -25.726100     -4.097996    0.0036855595
  -25.726100      4.097996    0.0036855595
  -25.726100     12.293987    0.0043154576
  -25.726100     20.489978    0.0055761111
  -25.726100     28.685970    0.0074692421
  -25.726100     36.881961    0.0099974462
  -25.726100     45.077952    0.0131641867
  -25.726100     53.273944    0.0169737536
  -25.726100     61.469935    0.0214311576

  -18.375785    -61.469935    0.0194554953
  -18.375785    -53.273944    0.0150342729
  -18.375785    -45.077952    0.0112565974
  -18.375785    -36.881961    0.0081170409
  -18.375785    -28.685970    0.0056109886
  -18.375785    -20.489978    0.0037347157
  -18.375785    -12.293987    0.0024854215
  -18.375785     -4.097996    0.0018612403
  -18.375785      4.097996    0.0018612403
  -18.375785     12.293987    0.0024854215
  -18.375785     20.489978    0.0037347157
  -18.375785     28.685970    0.0056109886
  -18.375785     36.881961    0.0081170409
  -18.375785     45.077952    0.0112565974
  -18.375785     53.273944    0.0150342729
  -18.375785     61.469935    0.0194554953

  -11.025471    -61.469935    0.0181919379
  -11.025471    -53.273944    0.0137964226
  -11.025471    -45.077952    0.0100414033
  -11.025471    -36.881961    0.0069211462
  -11.025471    -28.685970    0.0044308131
  -11.025471    -20.489978    0.0025665014
  -11.025471    -12.293987    0.0013252679
  -11.025471     -4.097996    0.0007051441
  -11.025471      4.097996    0.0007051441
  -11.025471     12.293987    0.0013252679
  -11.025471     20.489978    0.0025665014
  -11.025471     28.685970    0.0044308131
  -11.025471     36.881961    0.0069211462
  -11.025471     45.077952    0.0100414033
  -11.025471     53.273944    0.0137964226
  -11.025471     61.469935    0.0181919379

   -3.675157    -61.469935    0.0175771511
   -3.675157    -53.273944    0.0131949859
   -3.675157    -45.077952    0.0094517308
   -3.675157    -36.881961    0.0063414910
   -3.675157    -28.685970    0.0038593145
   -3.675157    -20.489978    0.0020012081
   -3.675157    -12.293987    0.0007641560
   -3.675157     -4.097996    0.0001461371
   -3.675157      4.097996    0.0001461371
   -3.675157     12.293987    0.0007641560
   -3.675157     20.489978    0.0020012081
   -3.675157     28.685970    0.0038593145
   -3.675157     36.881961    0.0063414910
   -3.675157     45.077952    0.0094517308
   -3.675157     53.273944    0.0131949859
   -3.675157     61.469935    0.0175771511

    3.675157    -61.469935    0.0175771511
    3.675157    -53.273944    0.0131949859
    3.675157    -45.077952    0.0094517308
    3.675157    -36.881961    0.0063414910
    3.675157    -28.685970    0.0038593145
    3.675157    -20.489978    0.0020012081
    3.675157    -12.293987    0.0007641560
    3.675157     -4.097996    0.0001461371
    3.675157      4.097996    0.0001461371
    3.675157     12.293987    0.0007641560
    3.675157     20.489978    0.0020012081
    3.675157     28.685970    0.0038593145
    3.675157     36.881961    0.0063414910
    3.675157     45.077952    0.0094517308
    3.675157     53.273944    0.0131949859
    3.675157     61.469935    0.0175771511

   11.025471    -61.469935    0.0181919379
   11.025471    -53.273944    0.0137964226
   11.025471    -45.077952    0.0100414033
   11.025471    -36.881961    0.0069211462
   11.025471    -28.685970    0.0044308131
   11.025471    -20.489978    0.0025665014
   11.025471    -12.293987    0.0013252679
   11.025471     -4.097996    0.0007051441
   11.025471      4.097996    0.0007051441
   11.025471     12.293987    0.0013252679
   11.025471     20.489978    0.0025665014
   11.025471     28.685970    0.0044308131
   11.025471     36.881961    0.0069211462
   11.025471     45.077952    0.0100414033
   11.025471     53.273944    0.0137964226
   11.025471     61.469935    0.0181919379

   18.375785    -61.469935    0.0194554953
   18.375785    -53.273944    0.0150342729
   18.375785    -45.077952    0.0112565974
   18.375785    -36.881961    0.0081170409
   18.375785    -28.685970    0.0056109886
   18.375785    -20.489978    0.0037347157
   18.375785    -12.293987    0.0024854215
   18.375785     -4.097996    0.0018612403
   18.375785      4.097996    0.0018612403
   18.375785     12.293987    0.0024854215
   18.375785     20.489978    0.0037347157
   18.375785     28.685970    0.0056109886
   18.375785     36.881961    0.0081170409
   18.375785     45.077952    0.0112565974
   18.375785     53.273944    0.0150342729
   18.375785     61.469935    0.0194554953

   25.726100    -61.469935    0.0214311576
   25.726100    -53.273944    0.0169737536
   25.726100    -45.077952    0.0131641867
   25.726100    -36.881961    0.0099974462
   25.726100    -28.685970    0.0074692421
   25.726100    -20.489978    0.0055761111
   25.726100    -12.293987    0.0043154576
   25.726100     -4.097996    0.0036855595
   25.726100      4.097996    0.0036855595
   25.726100     12.293987    0.0043154576
   25.726100     20.489978    0.0055761111
   25.726100     28.685970    0.0074692421
   25.726100     36.881961    0.0099974462
   25.726100     45.077952    0.0131641867
   25.726100     53.273944    0.0169737536
   25.726100     61.469935    0.0214311576

   33.076414    -61.469935    0.0242031316
   33.076414    -53.273944    0.0197016479
   33.076414    -45.077952    0.0158532292
   33.076414    -36.881961    0.0126533397
   33.076414    -28.685970    0.0100981078
   33.076414    -20.489978    0.0081844107
   33.076414    -12.293987    0.0069099072
   33.076414     -4.097996    0.0062730427
   33.076414      4.097996    0.0062730427
   33.076414     12.293987    0.0069099072
   33.076414     20.489978    0.0081844107
   33.076414     28.685970    0.0100981078
   33.076414     36.881961    0.0126533397
   33.076414     45.077952    0.0158532292
   33.076414     53.273944    0.0197016479
   33.076414     61.469935    0.0242031316

   40.426728    -61.469935    0.0278657484
   40.426728    -53.273944    0.0233152964
   40.426728    -45.077952    0.0194237234
   40.426728    -36.881961    0.0161869719
   40.426728    -28.685970    0.0136016687
   40.426728    -20.489978    0.0116650988
   40.426728    -12.293987    0.0103752065
   40.426728     -4.097996    0.0097306085
   40.426728      4.097996    0.0097306085
   40.426728     12.293987    0.0103752065
   40.426728     20.489978    0.0116650988
   40.426728     28.685970    0.0136016687
   40.426728     36.881961    0.0161869719
   40.426728     45.077952    0.0194237234
   40.426728     53.273944    0.0233152964
   40.426728     61.469935    0.0278657484

   47.777042    -61.469935    0.0325128066
   47.777042    -53.273944    0.0279116557
   47.777042    -45.077952    0.0239753842
   47.777042    -36.881961    0.0207004246
   47.777042    -28.685970    0.0180839386
   47.777042    -20.489978    0.0161236491
   47.777042    -12.293987    0.0148178013
   47.777042     -4.097996    0.0141651867
   47.777042      4.097996    0.0141651867
   47.777042     12.293987    0.0148178013
   47.777042     20.489978    0.0161236491
   47.777042     28.685970    0.0180839386
   47.777042     36.881961    0.0207004246
   47.777042     45.077952    0.0239753842
   47.777042     53.273944    0.0279116557
   47.777042     61.469935    0.0325128066

   55.127356    -61.469935    0.0382301598
   55.127356    -53.273944    0.0335796260
   55.127356    -45.077952    0.0295996676
   55.127356    -36.881961    0.0262874200
   55.127356    -28.685970    0.0236404912
   55.127356    -20.489978    0.0216569673
   55.127356    -12.293987    0.0203354139
   55.127356     -4.097996    0.0196748758
   55.127356      4.097996    0.0196748758
   55.127356     12.293987    0.0203354139
   55.127356     20.489978    0.0216569673
   55.127356     28.685970    0.0236404912
   55.127356     36.881961    0.0262874200
   55.127356     45.077952    0.0295996676
   55.127356     53.273944    0.0335796260
   55.127356     61.469935    0.0382301598

