  -34.795266    -92.332122    0.0946314966
  -34.795266    -80.021172    0.0926997903
  -34.795266    -67.710222    0.0912907198
  -34.795266    -55.399273    0.0903015273
  -34.795266    -43.088323    0.0896378513
  -34.795266    -30.777374    0.0892178337
  -34.795266    -18.466424    0.0889760597
  -34.795266     -6.155475    0.0888668956
  -34.795266      6.155475    0.0888668956
  -34.795266     18.466424    0.0889760597
  -34.795266     30.777374    0.0892178337
  -34.795266     43.088323    0.0896378513
  -34.795266     55.399273    0.0903015273
  -34.795266     67.710222    0.0912907198
  -34.795266     80.021172    0.0926997903
  -34.795266     92.332122    0.0946314966

  -30.155897    -92.332122    0.0697890339
  -30.155897    -80.021172    0.0677631100
  -30.155897    -67.710222    0.0662731288
  -30.155897    -55.399273    0.0652164032
  -30.155897    -43.088323    0.0644986303
  -30.155897    -30.777374    0.0640379988
  -30.155897    -18.466424    0.0637691293
  -30.155897     -6.155475    0.0636464117
  -30.155897      6.155475    0.0636464117
  -30.155897     18.466424    0.0637691293
  -30.155897     30.777374    0.0640379988
  -30.155897     43.088323    0.0644986303
  -30.155897     55.399273    0.0652164032
  -30.155897     67.710222    0.0662731288
  -30.155897     80.021172    0.0677631100
  -30.155897     92.332122    0.0697890339

  -25.516528    -92.332122    0.0501605001
  -25.516528    -80.021172    0.0480629567
  -25.516528    -67.710222    0.0465115584
  -25.516528    -55.399273    0.0454036314
  -25.516528    -43.088323    0.0446448839
  -25.516528    -30.777374    0.0441535138
  -25.516528    -18.466424    0.0438641481
  -25.516528     -6.155475    0.0437311812
  -25.516528      6.155475    0.0437311812
  -25.516528     18.466424    0.0438641481
  -25.516528     30.777374    0.0441535138
  -25.516528     43.088323    0.0446448839
  -25.516528     55.399273    0.0454036314
  -25.516528     67.710222    0.0465115584
  -25.516528     80.021172    0.0480629567
  -25.516528     92.332122    0.0501605001

  -20.877160    -92.332122    0.0349242264
  -20.877160    -80.021172    0.0327734440
  -20.877160    -67.710222    0.0311764599
  -20.877160    -55.399273    0.0300305781
  -20.877160    -43.088323    0.0292414890
  -20.877160    -30.777374    0.0287273753
  -20.877160    -18.466424    0.0284228534
  -20.877160     -6.155475    0.0282823102
  -20.877160      6.155475    0.0282823102
  -20.877160     18.466424    0.0284228534
  -20.877160     30.777374    0.0287273753
  -20.877160     43.088323    0.0292414890
  -20.877160     55.399273    0.0300305781
  -20.877160     67.710222    0.0311764599
  -20.877160     80.021172    0.0327734440
  -20.877160     92.332122    0.0349242264

  -16.237791    -92.332122    0.0234398262
  -16.237791    -80.021172    0.0212506703
  -16.237791    -67.710222    0.0196208797
  -16.237791    -55.399273    0.0184477192
  -16.237791    -43.088323    0.0176368463
  -16.237791    -30.777374    0.0171064177
  -16.237791    -18.466424    0.0167910301
  -16.237791     -6.155475    0.0166450574
  -16.237791      6.155475    0.0166450574
  -16.237791     18.466424    0.0167910301
  -16.237791     30.777374    0.0171064177
  -16.237791     43.088323    0.0176368463
  -16.237791     55.399273    0.0184477192
  -16.237791     67.710222    0.0196208797
  -16.237791     80.021172    0.0212506703
  -16.237791     92.332122    0.0234398262

  -11.598422    -92.332122    0.0152240105
  -11.598422    -80.021172    0.0130085349
  -11.598422    -67.710222    0.0113562758
  -11.598422    -55.399273    0.0101644558
  -11.598422    -43.088323    0.0093386974
  -11.598422    -30.777374    0.0087971293
  -11.598422    -18.466424    0.0084743270
  -11.598422     -6.155475    0.0083246504
  -11.598422      6.155475    0.0083246504
  -11.598422     18.466424    0.0084743270
  -11.598422     30.777374    0.0087971293
  -11.598422     43.088323    0.0093386974
  -11.598422     55.399273    0.0101644558
  -11.598422     67.710222    0.0113562758
  -11.598422     80.021172    0.0130085349
  -11.598422     92.332122    0.0152240105

   -6.959053    -92.332122    0.0099312417
   -6.959053    -80.021172    0.0076993912
   -6.959053    -67.710222    0.0060331703
   -6.959053    -55.399273    0.0048297677
   -6.959053    -43.088323    0.0039947772
   -6.959053    -30.777374    0.0034463049
   -6.959053    -18.466424    0.0031189093
   -6.959053     -6.155475    0.0029669389
   -6.959053      6.155475    0.0029669389
   -6.959053     18.466424    0.0031189093
   -6.959053     30.777374    0.0034463049
   -6.959053     43.088323    0.0039947772
   -6.959053     55.399273    0.0048297677
   -6.959053     67.710222    0.0060331703
   -6.959053     80.021172    0.0076993912
   -6.959053     92.332122    0.0099312417

   -2.319684    -92.332122    0.0073392224
   -2.319684    -80.021172    0.0050995360
   -2.319684    -67.710222    0.0034266394
   -2.319684    -55.399273    0.0022177024
   -2.319684    -43.088323    0.0013783034
   -2.319684    -30.777374    0.0008265357
   -2.319684    -18.466424    0.0004969484
   -2.319684     -6.155475    0.0003438837
   -2.319684      6.155475    0.0003438837
   -2.319684     18.466424    0.0004969484
   -2.319684     30.777374    0.0008265357
   -2.319684     43.088323    0.0013783034
   -2.319684     55.399273    0.0022177024
   -2.319684     67.710222    0.0034266394
   -2.319684     80.021172    0.0050995360
   -2.319684     92.332122    0.0073392224

    2.319684    -92.332122    0.0073392224
    2.319684    -80.021172    0.0050995360
    2.319684    -67.710222    0.0034266394
    2.319684    -55.399273    0.0022177024
    2.319684    -43.088323    0.0013783034
    2.319684    -30.777374    0.0008265357
    2.319684    -18.466424    0.0004969484
    2.319684     -6.155475    0.0003438837
    2.319684      6.155475    0.0003438837
    2.319684     18.466424    0.0004969484
    2.319684     30.777374    0.0008265357
    2.319684     43.088323    0.0013783034
    2.319684     55.399273    0.0022177024
    2.319684     67.710222    0.0034266394
    2.319684     80.021172    0.0050995360
    2.319684     92.332122    0.0073392224

    6.959053    -92.332122    0.0099312417
    6.959053    -80.021172    0.0076993912
    6.959053    -67.710222    0.0060331703
    6.959053    -55.399273    0.0048297677
    6.959053    -43.088323    0.0039947772
    6.959053    -30.777374    0.0034463049
    6.959053    -18.466424    0.0031189093
    6.959053     -6.155475    0.0029669389
    6.959053      6.155475    0.0029669389
    6.959053     18.466424    0.0031189093
    6.959053     30.777374    0.0034463049
    6.959053     43.088323    0.0039947772
    6.959053     55.399273    0.0048297677
    6.959053     67.710222    0.0060331703
    6.959053     80.021172    0.0076993912
    6.959053     92.332122    0.0099312417

   11.598422    -92.332122    0.0152240105
   11.598422    -80.021172    0.0130085349
   11.598422    -67.710222    0.0113562758
   11.598422    -55.399273    0.0101644558
   11.598422    -43.088323    0.0093386974
   11.598422    -30.777374    0.0087971293
   11.598422    -18.466424    0.0084743270
   11.598422     -6.155475    0.0083246504
   11.598422      6.155475    0.0083246504
   11.598422     18.466424    0.0084743270
   11.598422     30.777374    0.0087971293
   11.598422     43.088323    0.0093386974
   11.598422     55.399273    0.0101644558
   11.598422     67.710222    0.0113562758
   11.598422     80.021172    0.0130085349
   11.598422     92.332122    0.0152240105

   16.237791    -92.332122    0.0234398262
   16.237791    -80.021172    0.0212506703
   16.237791    -67.710222    0.0196208797
   16.237791    -55.399273    0.0184477192
   16.237791    -43.088323    0.0176368463
   16.237791    -30.777374    0.0171064177
   16.237791    -18.466424    0.0167910301
   16.237791     -6.155475    0.0166450574
   16.237791      6.155475    0.0166450574
   16.237791     18.466424    0.0167910301
   16.237791     30.777374    0.0171064177
   16.237791     43.088323    0.0176368463
   16.237791     55.399273    0.0184477192
   16.237791     67.710222    0.0196208797
   16.237791     80.021172    0.0212506703
   16.237791     92.332122    0.0234398262

   20.877160    -92.332122    0.0349242264
   20.877160    -80.021172    0.0327734440
   20.877160    -67.710222    0.0311764599
   20.877160    -55.399273    0.0300305781
   20.877160    -43.088323    0.0292414890
   20.877160    -30.777374    0.0287273753
   20.877160    -18.466424    0.0284228534
   20.877160     -6.155475    0.0282823102
   20.877160      6.155475    0.0282823102
   20.877160     18.466424    0.0284228534
   20.877160     30.777374    0.0287273753
   20.877160     43.088323    0.0292414890
   20.877160     55.399273    0.0300305781
   20.877160     67.710222    0.0311764599
   20.877160     80.021172    0.0327734440
   20.877160     92.332122    0.0349242264

   25.516528    -92.332122    0.0501605001
   25.516528    -80.021172    0.0480629567
   25.516528    -67.710222    0.0465115584
   25.516528    -55.399273    0.0454036314
   25.516528    -43.088323    0.0446448839
   25.516528    -30.777374    0.0441535138
   25.516528    -18.466424    0.0438641481
   25.516528     -6.155475    0.0437311812
   25.516528      6.155475    0.0437311812
   25.516528     18.466424    0.0438641481
   25.516528     30.777374    0.0441535138
   25.516528     43.088323    0.0446448839
   25.516528     55.399273    0.0454036314
   25.516528     67.710222    0.0465115584
   25.516528     80.021172    0.0480629567
   25.516528     92.332122    0.0501605001

   30.155897    -92.332122    0.0697890339
   30.155897    -80.021172    0.0677631100
   30.155897    -67.710222    0.0662731288
   30.155897    -55.399273    0.0652164032
   30.155897    -43.088323    0.0644986303
   30.155897    -30.777374    0.0640379988
   30.155897    -18.466424    0.0637691293
   30.155897     -6.155475    0.0636464117
   30.155897      6.155475    0.0636464117
   30.155897     18.466424    0.0637691293
   30.155897     30.777374    0.0640379988
   30.155897     43.088323    0.0644986303
   30.155897     55.399273    0.0652164032
   30.155897     67.710222    0.0662731288
   30.155897     80.021172    0.0677631100
   30.155897     92.332122    0.0697890339

   34.795266    -92.332122    0.0946314966
   34.795266    -80.021172    0.0926997903
   34.795266    -67.710222    0.0912907198
   34.795266    -55.399273    0.0903015273
   34.795266    -43.088323    0.0896378513
   34.795266    -30.777374    0.0892178337
   34.795266    -18.466424    0.0889760597
   34.795266     -6.155475    0.0888668956
   34.795266      6.155475    0.0888668956
   34.795266     18.466424    0.0889760597
   34.795266     30.777374    0.0892178337
   34.795266     43.088323    0.0896378513
   34.795266     55.399273    0.0903015273
   34.795266     67.710222    0.0912907198
   34.795266     80.021172    0.0926997903
   34.795266     92.332122    0.0946314966

