  -45.038700    -55.127356    0.0017600416
  -45.038700    -47.777042    0.0014258356
  -45.038700    -40.426728    0.0010912645
  -45.038700    -33.076414    0.0007723567
  -45.038700    -25.726100    0.0004883026
  -45.038700    -18.375785    0.0002573983
  -45.038700    -11.025471    0.0000946753
  -45.038700     -3.675157    0.0000106321
  -45.038700      3.675157    0.0000106321
  -45.038700     11.025471    0.0000946753
  -45.038700     18.375785    0.0002573983
  -45.038700     25.726100    0.0004883026
  -45.038700     33.076414    0.0007723567
  -45.038700     40.426728    0.0010912645
  -45.038700     47.777042    0.0014258356
  -45.038700     55.127356    0.0017600416

  -39.033540    -55.127356    0.0016247200
  -39.033540    -47.777042    0.0012831462
  -39.033540    -40.426728    0.0009920323
  -39.033540    -33.076414    0.0007092792
  -39.033540    -25.726100    0.0004486321
  -39.033540    -18.375785    0.0002347388
  -39.033540    -11.025471    0.0000855049
  -39.033540     -3.675157    0.0000095399
  -39.033540      3.675157    0.0000095399
  -39.033540     11.025471    0.0000855049
  -39.033540     18.375785    0.0002347388
  -39.033540     25.726100    0.0004486321
  -39.033540     33.076414    0.0007092792
  -39.033540     40.426728    0.0009920323
  -39.033540     47.777042    0.0012831462
  -39.033540     55.127356    0.0016247200

  -33.028380    -55.127356    0.0014540222
  -33.028380    -47.777042    0.0011612359
  -33.028380    -40.426728    0.0008866105
  -33.028380    -33.076414    0.0006267523
  -33.028380    -25.726100    0.0003950159
  -33.028380    -18.375785    0.0002072653
  -33.028380    -11.025471    0.0000758943
  -33.028380     -3.675157    0.0000084998
  -33.028380      3.675157    0.0000084998
  -33.028380     11.025471    0.0000758943
  -33.028380     18.375785    0.0002072653
  -33.028380     25.726100    0.0003950159
  -33.028380     33.076414    0.0006267523
  -33.028380     40.426728    0.0008866105
  -33.028380     47.777042    0.0011612359
  -33.028380     55.127356    0.0014540222

  -27.023220    -55.127356    0.0012507867
  -27.023220    -47.777042    0.0010054966
  -27.023220    -40.426728    0.0007610263
  -27.023220    -33.076414    0.0005336896
  -27.023220    -25.726100    0.0003354363
  -27.023220    -18.375785    0.0001762923
  -27.023220    -11.025471    0.0000647693
  -27.023220     -3.675157    0.0000072715
  -27.023220      3.675157    0.0000072715
  -27.023220     11.025471    0.0000647693
  -27.023220     18.375785    0.0001762923
  -27.023220     25.726100    0.0003354363
  -27.023220     33.076414    0.0005336896
  -27.023220     40.426728    0.0007610263
  -27.023220     47.777042    0.0010054966
  -27.023220     55.127356    0.0012507867

  -21.018060    -55.127356    0.0010176613
  -21.018060    -47.777042    0.0008157999
  -21.018060    -40.426728    0.0006161380
  -21.018060    -33.076414    0.0004313564
  -21.018060    -25.726100    0.0002707585
  -21.018060    -18.375785    0.0001421588
  -21.018060    -11.025471    0.0000521940
  -21.018060     -3.675157    0.0000058578
  -21.018060      3.675157    0.0000058578
  -21.018060     11.025471    0.0000521940
  -21.018060     18.375785    0.0001421588
  -21.018060     25.726100    0.0002707585
  -21.018060     33.076414    0.0004313564
  -21.018060     40.426728    0.0006161380
  -21.018060     47.777042    0.0008157999
  -21.018060     55.127356    0.0010176613

  -15.012900    -55.127356    0.0007570950
  -15.012900    -47.777042    0.0006032202
  -15.012900    -40.426728    0.0004558028
  -15.012900    -33.076414    0.0003193687
  -15.012900    -25.726100    0.0002003281
  -15.012900    -18.375785    0.0001049776
  -15.012900    -11.025471    0.0000384599
  -15.012900     -3.675157    0.0000043105
  -15.012900      3.675157    0.0000043105
  -15.012900     11.025471    0.0000384599
  -15.012900     18.375785    0.0001049776
  -15.012900     25.726100    0.0002003281
  -15.012900     33.076414    0.0003193687
  -15.012900     40.426728    0.0004558028
  -15.012900     47.777042    0.0006032202
  -15.012900     55.127356    0.0007570950

   -9.007740    -55.127356    0.0004713447
   -9.007740    -47.777042    0.0003740948
   -9.007740    -40.426728    0.0002825182
   -9.007740    -33.076414    0.0001979099
   -9.007740    -25.726100    0.0001240425
   -9.007740    -18.375785    0.0000649192
   -9.007740    -11.025471    0.0000237539
   -9.007740     -3.675157    0.0000026602
   -9.007740      3.675157    0.0000026602
   -9.007740     11.025471    0.0000237539
   -9.007740     18.375785    0.0000649192
   -9.007740     25.726100    0.0001240425
   -9.007740     33.076414    0.0001979099
   -9.007740     40.426728    0.0002825182
   -9.007740     47.777042    0.0003740948
   -9.007740     55.127356    0.0004713447

   -3.002580    -55.127356    0.0001624884
   -3.002580    -47.777042    0.0001289376
   -3.002580    -40.426728    0.0000971271
   -3.002580    -33.076414    0.0000678884
   -3.002580    -25.726100    0.0000425011
   -3.002580    -18.375785    0.0000222386
   -3.002580    -11.025471    0.0000081391
   -3.002580     -3.675157    0.0000009117
   -3.002580      3.675157    0.0000009117
   -3.002580     11.025471    0.0000081391
   -3.002580     18.375785    0.0000222386
   -3.002580     25.726100    0.0000425011
   -3.002580     33.076414    0.0000678884
   -3.002580     40.426728    0.0000971271
   -3.002580     47.777042    0.0001289376
   -3.002580     55.127356    0.0001624884

    3.002580    -55.127356   -0.0001675586
    3.002580    -47.777042   -0.0001331397
    3.002580    -40.426728   -0.0000999696
    3.002580    -33.076414   -0.0000696688
    3.002580    -25.726100   -0.0000435608
    3.002580    -18.375785   -0.0000227979
    3.002580    -11.025471   -0.0000083509
    3.002580     -3.675157   -0.0000009361
    3.002580      3.675157   -0.0000009361
    3.002580     11.025471   -0.0000083509
    3.002580     18.375785   -0.0000227979
    3.002580     25.726100   -0.0000435608
    3.002580     33.076414   -0.0000696688
    3.002580     40.426728   -0.0000999696
    3.002580     47.777042   -0.0001331397
    3.002580     55.127356   -0.0001675586

    9.007740    -55.127356   -0.0005170291
    9.007740    -47.777042   -0.0004107153
    9.007740    -40.426728   -0.0003077918
    9.007740    -33.076414   -0.0002141260
    9.007740    -25.726100   -0.0001337530
    9.007740    -18.375785   -0.0000699810
    9.007740    -11.025471   -0.0000256364
    9.007740     -3.675157   -0.0000028741
    9.007740      3.675157   -0.0000028741
    9.007740     11.025471   -0.0000256364
    9.007740     18.375785   -0.0000699810
    9.007740     25.726100   -0.0001337530
    9.007740     33.076414   -0.0002141260
    9.007740     40.426728   -0.0003077918
    9.007740     47.777042   -0.0004107153
    9.007740     55.127356   -0.0005170291

   15.012900    -55.127356   -0.0008842919
   15.012900    -47.777042   -0.0007001374
   15.012900    -40.426728   -0.0005247953
   15.012900    -33.076414   -0.0003652250
   15.012900    -25.726100   -0.0002280255
   15.012900    -18.375785   -0.0001191649
   15.012900    -11.025471   -0.0000435980
   15.012900     -3.675157   -0.0000048837
   15.012900      3.675157   -0.0000048837
   15.012900     11.025471   -0.0000435980
   15.012900     18.375785   -0.0001191649
   15.012900     25.726100   -0.0002280255
   15.012900     33.076414   -0.0003652250
   15.012900     40.426728   -0.0005247953
   15.012900     47.777042   -0.0007001374
   15.012900     55.127356   -0.0008842919

   21.018060    -55.127356   -0.0012678418
   21.018060    -47.777042   -0.0009993479
   21.018060    -40.426728   -0.0007499099
   21.018060    -33.076414   -0.0005225518
   21.018060    -25.726100   -0.0003261789
   21.018060    -18.375785   -0.0001702088
   21.018060    -11.025471   -0.0000621619
   21.018060     -3.675157   -0.0000069551
   21.018060      3.675157   -0.0000069551
   21.018060     11.025471   -0.0000621619
   21.018060     18.375785   -0.0001702088
   21.018060     25.726100   -0.0003261789
   21.018060     33.076414   -0.0005225518
   21.018060     40.426728   -0.0007499099
   21.018060     47.777042   -0.0009993479
   21.018060     55.127356   -0.0012678418

   27.023220    -55.127356   -0.0016662906
   27.023220    -47.777042   -0.0013122670
   27.023220    -40.426728   -0.0009837336
   27.023220    -33.076414   -0.0006849225
   27.023220    -25.726100   -0.0004272933
   27.023220    -18.375785   -0.0002229003
   27.023220    -11.025471   -0.0000813920
   27.023220     -3.675157   -0.0000091061
   27.023220      3.675157   -0.0000091061
   27.023220     11.025471   -0.0000813920
   27.023220     18.375785   -0.0002229003
   27.023220     25.726100   -0.0004272933
   27.023220     33.076414   -0.0006849225
   27.023220     40.426728   -0.0009837336
   27.023220     47.777042   -0.0013122670
   27.023220     55.127356   -0.0016662906

   33.028380    -55.127356   -0.0020783550
   33.028380    -47.777042   -0.0016474266
   33.028380    -40.426728   -0.0012281587
   33.028380    -33.076414   -0.0008505590
   33.028380    -25.726100   -0.0005298807
   33.028380    -18.375785   -0.0002769562
   33.028380    -11.025471   -0.0001014503
   33.028380     -3.675157   -0.0000113753
   33.028380      3.675157   -0.0000113753
   33.028380     11.025471   -0.0001014503
   33.028380     18.375785   -0.0002769562
   33.028380     25.726100   -0.0005298807
   33.028380     33.076414   -0.0008505590
   33.028380     40.426728   -0.0012281587
   33.028380     47.777042   -0.0016474266
   33.028380     55.127356   -0.0020783550

   39.033540    -55.127356   -0.0025028355
   39.033540    -47.777042   -0.0020014045
   39.033540    -40.426728   -0.0014818509
   39.033540    -33.076414   -0.0010193578
   39.033540    -25.726100   -0.0006339674
   39.033540    -18.375785   -0.0003322512
   39.033540    -11.025471   -0.0001222177
   39.033540     -3.675157   -0.0000137439
   39.033540      3.675157   -0.0000137439
   39.033540     11.025471   -0.0001222177
   39.033540     18.375785   -0.0003322512
   39.033540     25.726100   -0.0006339674
   39.033540     33.076414   -0.0010193578
   39.033540     40.426728   -0.0014818509
   39.033540     47.777042   -0.0020014045
   39.033540     55.127356   -0.0025028355

   45.038700    -55.127356   -0.0029385801
   45.038700    -47.777042   -0.0023144824
   45.038700    -40.426728   -0.0017281448
   45.038700    -33.076414   -0.0011989888
   45.038700    -25.726100   -0.0007467154
   45.038700    -18.375785   -0.0003894719
   45.038700    -11.025471   -0.0001423016
   45.038700     -3.675157   -0.0000159293
   45.038700      3.675157   -0.0000159293
   45.038700     11.025471   -0.0001423016
   45.038700     18.375785   -0.0003894719
   45.038700     25.726100   -0.0007467154
   45.038700     33.076414   -0.0011989888
   45.038700     40.426728   -0.0017281448
   45.038700     47.777042   -0.0023144824
   45.038700     55.127356   -0.0029385801

