  -48.827424    -61.469935    0.0004572474
  -48.827424    -53.273944    0.0003705124
  -48.827424    -45.077952    0.0002818900
  -48.827424    -36.881961    0.0001979702
  -48.827424    -28.685970    0.0001242445
  -48.827424    -20.489978    0.0000651062
  -48.827424    -12.293987    0.0000238501
  -48.827424     -4.097996    0.0000026729
  -48.827424      4.097996    0.0000026729
  -48.827424     12.293987    0.0000238501
  -48.827424     20.489978    0.0000651062
  -48.827424     28.685970    0.0001242445
  -48.827424     36.881961    0.0001979702
  -48.827424     45.077952    0.0002818900
  -48.827424     53.273944    0.0003705124
  -48.827424     61.469935    0.0004572474

  -42.317101    -61.469935    0.0003762925
  -42.317101    -53.273944    0.0003056705
  -42.317101    -45.077952    0.0002329881
  -42.317101    -36.881961    0.0001638526
  -42.317101    -28.685970    0.0001029368
  -42.317101    -20.489978    0.0000539790
  -42.317101    -12.293987    0.0000197829
  -42.317101     -4.097996    0.0000022176
  -42.317101      4.097996    0.0000022176
  -42.317101     12.293987    0.0000197829
  -42.317101     20.489978    0.0000539790
  -42.317101     28.685970    0.0001029368
  -42.317101     36.881961    0.0001638526
  -42.317101     45.077952    0.0002329881
  -42.317101     53.273944    0.0003056705
  -42.317101     61.469935    0.0003762925

  -35.806778    -61.469935    0.0002977989
  -35.806778    -53.273944    0.0002427108
  -35.806778    -45.077952    0.0001854542
  -35.806778    -36.881961    0.0001306622
  -35.806778    -28.685970    0.0000821956
  -35.806778    -20.489978    0.0000431430
  -35.806778    -12.293987    0.0000158211
  -35.806778     -4.097996    0.0000017740
  -35.806778      4.097996    0.0000017740
  -35.806778     12.293987    0.0000158211
  -35.806778     20.489978    0.0000431430
  -35.806778     28.685970    0.0000821956
  -35.806778     36.881961    0.0001306622
  -35.806778     45.077952    0.0001854542
  -35.806778     53.273944    0.0002427108
  -35.806778     61.469935    0.0002977989

  -29.296454    -61.469935    0.0002240853
  -29.296454    -53.273944    0.0001834352
  -29.296454    -45.077952    0.0001406157
  -29.296454    -36.881961    0.0000993083
  -29.296454    -28.685970    0.0000625808
  -29.296454    -20.489978    0.0000328877
  -29.296454    -12.293987    0.0000120697
  -29.296454     -4.097996    0.0000013539
  -29.296454      4.097996    0.0000013539
  -29.296454     12.293987    0.0000120697
  -29.296454     20.489978    0.0000328877
  -29.296454     28.685970    0.0000625808
  -29.296454     36.881961    0.0000993083
  -29.296454     45.077952    0.0001406157
  -29.296454     53.273944    0.0001834352
  -29.296454     61.469935    0.0002240853

  -22.786131    -61.469935    0.0001571978
  -22.786131    -53.273944    0.0001294347
  -22.786131    -45.077952    0.0000996448
  -22.786131    -36.881961    0.0000705941
  -22.786131    -28.685970    0.0000445875
  -22.786131    -20.489978    0.0000234690
  -22.786131    -12.293987    0.0000086217
  -22.786131     -4.097996    0.0000009676
  -22.786131      4.097996    0.0000009676
  -22.786131     12.293987    0.0000086217
  -22.786131     20.489978    0.0000234690
  -22.786131     28.685970    0.0000445875
  -22.786131     36.881961    0.0000705941
  -22.786131     45.077952    0.0000996448
  -22.786131     53.273944    0.0001294347
  -22.786131     61.469935    0.0001571978

  -16.275808    -61.469935    0.0000989102
  -16.275808    -53.273944    0.0000820897
  -16.275808    -45.077952    0.0000635593
  -16.275808    -36.881961    0.0000452173
  -16.275808    -28.685970    0.0000286455
  -16.275808    -20.489978    0.0000151094
  -16.275808    -12.293987    0.0000055580
  -16.275808     -4.097996    0.0000006241
  -16.275808      4.097996    0.0000006241
  -16.275808     12.293987    0.0000055580
  -16.275808     20.489978    0.0000151094
  -16.275808     28.685970    0.0000286455
  -16.275808     36.881961    0.0000452173
  -16.275808     45.077952    0.0000635593
  -16.275808     53.273944    0.0000820897
  -16.275808     61.469935    0.0000989102

   -9.765485    -61.469935    0.0000507242
   -9.765485    -53.273944    0.0000425694
   -9.765485    -45.077952    0.0000332219
   -9.765485    -36.881961    0.0000237697
   -9.765485    -28.685970    0.0000151198
   -9.765485    -20.489978    0.0000079976
   -9.765485    -12.293987    0.0000029471
   -9.765485     -4.097996    0.0000003312
   -9.765485      4.097996    0.0000003312
   -9.765485     12.293987    0.0000029471
   -9.765485     20.489978    0.0000079976
   -9.765485     28.685970    0.0000151198
   -9.765485     36.881961    0.0000237697
   -9.765485     45.077952    0.0000332219
   -9.765485     53.273944    0.0000425694
   -9.765485     61.469935    0.0000507242

   -3.255162    -61.469935    0.0000138689
   -3.255162    -53.273944    0.0000118326
   -3.255162    -45.077952    0.0000093406
   -3.255162    -36.881961    0.0000067374
   -3.255162    -28.685970    0.0000043103
   -3.255162    -20.489978    0.0000022889
   -3.255162    -12.293987    0.0000008455
   -3.255162     -4.097996    0.0000000951
   -3.255162      4.097996    0.0000000951
   -3.255162     12.293987    0.0000008455
   -3.255162     20.489978    0.0000022889
   -3.255162     28.685970    0.0000043103
   -3.255162     36.881961    0.0000067374
   -3.255162     45.077952    0.0000093406
   -3.255162     53.273944    0.0000118326
   -3.255162     61.469935    0.0000138689

    3.255162    -61.469935   -0.0000106986
    3.255162    -53.273944   -0.0000093728
    3.255162    -45.077952   -0.0000075312
    3.255162    -36.881961   -0.0000054993
    3.255162    -28.685970   -0.0000035482
    3.255162    -20.489978   -0.0000018951
    3.255162    -12.293987   -0.0000007026
    3.255162     -4.097996   -0.0000000792
    3.255162      4.097996   -0.0000000792
    3.255162     12.293987   -0.0000007026
    3.255162     20.489978   -0.0000018951
    3.255162     28.685970   -0.0000035482
    3.255162     36.881961   -0.0000054993
    3.255162     45.077952   -0.0000075312
    3.255162     53.273944   -0.0000093728
    3.255162     61.469935   -0.0000106986

    9.765485    -61.469935   -0.0000222936
    9.765485    -53.273944   -0.0000205100
    9.765485    -45.077952   -0.0000169952
    9.765485    -36.881961   -0.0000126659
    9.765485    -28.685970   -0.0000082859
    9.765485    -20.489978   -0.0000044662
    9.765485    -12.293987   -0.0000016651
    9.765485     -4.097996   -0.0000001882
    9.765485      4.097996   -0.0000001882
    9.765485     12.293987   -0.0000016651
    9.765485     20.489978   -0.0000044662
    9.765485     28.685970   -0.0000082859
    9.765485     36.881961   -0.0000126659
    9.765485     45.077952   -0.0000169952
    9.765485     53.273944   -0.0000205100
    9.765485     61.469935   -0.0000222936

   16.275808    -61.469935   -0.0000205039
   16.275808    -53.273944   -0.0000212526
   16.275808    -45.077952   -0.0000188077
   16.275808    -36.881961   -0.0000145937
   16.275808    -28.685970   -0.0000097978
   16.275808    -20.489978   -0.0000053699
   16.275808    -12.293987   -0.0000020222
   16.275808     -4.097996   -0.0000002296
   16.275808      4.097996   -0.0000002296
   16.275808     12.293987   -0.0000020222
   16.275808     20.489978   -0.0000053699
   16.275808     28.685970   -0.0000097978
   16.275808     36.881961   -0.0000145937
   16.275808     45.077952   -0.0000188077
   16.275808     53.273944   -0.0000212526
   16.275808     61.469935   -0.0000205039

   22.786131    -61.469935   -0.0000051892
   22.786131    -53.273944   -0.0000114854
   22.786131    -45.077952   -0.0000128798
   22.786131    -36.881961   -0.0000112197
   22.786131    -28.685970   -0.0000080444
   22.786131    -20.489978   -0.0000045853
   22.786131    -12.293987   -0.0000017662
   22.786131     -4.097996   -0.0000002027
   22.786131      4.097996   -0.0000002027
   22.786131     12.293987   -0.0000017662
   22.786131     20.489978   -0.0000045853
   22.786131     28.685970   -0.0000080444
   22.786131     36.881961   -0.0000112197
   22.786131     45.077952   -0.0000128798
   22.786131     53.273944   -0.0000114854
   22.786131     61.469935   -0.0000051892

   29.296454    -61.469935    0.0000235182
   29.296454    -53.273944    0.0000086963
   29.296454    -45.077952    0.0000007224
   29.296454    -36.881961   -0.0000025868
   29.296454    -28.685970   -0.0000030507
   29.296454    -20.489978   -0.0000021251
   29.296454    -12.293987   -0.0000009015
   29.296454     -4.097996   -0.0000001077
   29.296454      4.097996   -0.0000001077
   29.296454     12.293987   -0.0000009015
   29.296454     20.489978   -0.0000021251
   29.296454     28.685970   -0.0000030507
   29.296454     36.881961   -0.0000025868
   29.296454     45.077952    0.0000007224
   29.296454     53.273944    0.0000086963
   29.296454     61.469935    0.0000235182

   35.806778    -61.469935    0.0000652137
   35.806778    -53.273944    0.0000389862
   35.806778    -45.077952    0.0000217784
   35.806778    -36.881961    0.0000111566
   35.806778    -28.685970    0.0000050928
   35.806778    -20.489978    0.0000019646
   35.806778    -12.293987    0.0000005552
   35.806778     -4.097996    0.0000000532
   35.806778      4.097996    0.0000000532
   35.806778     12.293987    0.0000005552
   35.806778     20.489978    0.0000019646
   35.806778     28.685970    0.0000050928
   35.806778     36.881961    0.0000111566
   35.806778     45.077952    0.0000217784
   35.806778     53.273944    0.0000389862
   35.806778     61.469935    0.0000652137

   42.317101    -61.469935    0.0001192206
   42.317101    -53.273944    0.0000788673
   42.317101    -45.077952    0.0000499125
   42.317101    -36.881961    0.0000297560
   42.317101    -28.685970    0.0000162309
   42.317101    -20.489978    0.0000076040
   42.317101    -12.293987    0.0000025749
   42.317101     -4.097996    0.0000002771
   42.317101      4.097996    0.0000002771
   42.317101     12.293987    0.0000025749
   42.317101     20.489978    0.0000076040
   42.317101     28.685970    0.0000162309
   42.317101     36.881961    0.0000297560
   42.317101     45.077952    0.0000499125
   42.317101     53.273944    0.0000788673
   42.317101     61.469935    0.0001192206

   48.827424    -61.469935    0.0001845897
   48.827424    -53.273944    0.0001276116
   48.827424    -45.077952    0.0000845944
   48.827424    -36.881961    0.0000528512
   48.827424    -28.685970    0.0000301433
   48.827424    -20.489978    0.0000146796
   48.827424    -12.293987    0.0000051167
   48.827424     -4.097996    0.0000005592
   48.827424      4.097996    0.0000005592
   48.827424     12.293987    0.0000051167
   48.827424     20.489978    0.0000146796
   48.827424     28.685970    0.0000301433
   48.827424     36.881961    0.0000528512
   48.827424     45.077952    0.0000845944
   48.827424     53.273944    0.0001276116
   48.827424     61.469935    0.0001845897

