  -44.510090    -50.619018    0.0688024757
  -44.510090    -43.869816    0.0628961029
  -44.510090    -37.120613    0.0578639924
  -44.510090    -30.371411    0.0536972394
  -44.510090    -23.622208    0.0503841151
  -44.510090    -16.873006    0.0479124168
  -44.510090    -10.123804    0.0462713473
  -44.510090     -3.374601    0.0454529254
  -44.510090      3.374601    0.0454529254
  -44.510090     10.123804    0.0462713473
  -44.510090     16.873006    0.0479124168
  -44.510090     23.622208    0.0503841151
  -44.510090     30.371411    0.0536972394
  -44.510090     37.120613    0.0578639924
  -44.510090     43.869816    0.0628961029
  -44.510090     50.619018    0.0688024757

  -39.273609    -50.619018    0.0597910758
  -39.273609    -43.869816    0.0538600238
  -39.273609    -37.120613    0.0488094844
  -39.273609    -30.371411    0.0446292346
  -39.273609    -23.622208    0.0413064978
  -39.273609    -16.873006    0.0388282658
  -39.273609    -10.123804    0.0371831568
  -39.273609     -3.374601    0.0363628089
  -39.273609      3.374601    0.0363628089
  -39.273609     10.123804    0.0371831568
  -39.273609     16.873006    0.0388282658
  -39.273609     23.622208    0.0413064978
  -39.273609     30.371411    0.0446292346
  -39.273609     37.120613    0.0488094844
  -39.273609     43.869816    0.0538600238
  -39.273609     50.619018    0.0597910758

  -34.037128    -50.619018    0.0515543506
  -34.037128    -43.869816    0.0456093721
  -34.037128    -37.120613    0.0405491647
  -34.037128    -30.371411    0.0363626825
  -34.037128    -23.622208    0.0330362763
  -34.037128    -16.873006    0.0305561174
  -34.037128    -10.123804    0.0289101371
  -34.037128     -3.374601    0.0280894816
  -34.037128      3.374601    0.0280894816
  -34.037128     10.123804    0.0289101371
  -34.037128     16.873006    0.0305561174
  -34.037128     23.622208    0.0330362763
  -34.037128     30.371411    0.0363626825
  -34.037128     37.120613    0.0405491647
  -34.037128     43.869816    0.0456093721
  -34.037128     50.619018    0.0515543506

  -28.800647    -50.619018    0.0441622734
  -28.800647    -43.869816    0.0382144219
  -28.800647    -37.120613    0.0331539996
  -28.800647    -30.371411    0.0289692155
  -28.800647    -23.622208    0.0256455558
  -28.800647    -16.873006    0.0231683407
  -28.800647    -10.123804    0.0215247704
  -28.800647     -3.374601    0.0207054596
  -28.800647      3.374601    0.0207054596
  -28.800647     10.123804    0.0215247704
  -28.800647     16.873006    0.0231683407
  -28.800647     23.622208    0.0256455558
  -28.800647     30.371411    0.0289692155
  -28.800647     37.120613    0.0331539996
  -28.800647     43.869816    0.0382144219
  -28.800647     50.619018    0.0441622734

  -23.564166    -50.619018    0.0376928951
  -23.564166    -43.869816    0.0317538022
  -23.564166    -37.120613    0.0267033164
  -23.564166    -30.371411    0.0225287848
  -23.564166    -23.622208    0.0192147592
  -23.564166    -16.873006    0.0167456710
  -23.564166    -10.123804    0.0151079716
  -23.564166     -3.374601    0.0142917367
  -23.564166      3.374601    0.0142917367
  -23.564166     10.123804    0.0151079716
  -23.564166     16.873006    0.0167456710
  -23.564166     23.622208    0.0192147592
  -23.564166     30.371411    0.0225287848
  -23.564166     37.120613    0.0267033164
  -23.564166     43.869816    0.0317538022
  -23.564166     50.619018    0.0376928951

  -18.327684    -50.619018    0.0322329311
  -18.327684    -43.869816    0.0263150341
  -18.327684    -37.120613    0.0212853799
  -18.327684    -30.371411    0.0171302870
  -18.327684    -23.622208    0.0138332828
  -18.327684    -16.873006    0.0113778697
  -18.327684    -10.123804    0.0097497381
  -18.327684     -3.374601    0.0089384260
  -18.327684      3.374601    0.0089384260
  -18.327684     10.123804    0.0097497381
  -18.327684     16.873006    0.0113778697
  -18.327684     23.622208    0.0138332828
  -18.327684     30.371411    0.0171302870
  -18.327684     37.120613    0.0212853799
  -18.327684     43.869816    0.0263150341
  -18.327684     50.619018    0.0322329311

  -13.091203    -50.619018    0.0278784773
  -13.091203    -43.869816    0.0219952108
  -13.091203    -37.120613    0.0169981091
  -13.091203    -30.371411    0.0128723254
  -13.091203    -23.622208    0.0096002836
  -13.091203    -16.873006    0.0071645164
  -13.091203    -10.123804    0.0055499366
  -13.091203     -3.374601    0.0047455397
  -13.091203      3.374601    0.0047455397
  -13.091203     10.123804    0.0055499366
  -13.091203     16.873006    0.0071645164
  -13.091203     23.622208    0.0096002836
  -13.091203     30.371411    0.0128723254
  -13.091203     37.120613    0.0169981091
  -13.091203     43.869816    0.0219952108
  -13.091203     50.619018    0.0278784773

   -7.854722    -50.619018    0.0247358567
   -7.854722    -43.869816    0.0189018209
   -7.854722    -37.120613    0.0139499339
   -7.854722    -30.371411    0.0098641046
   -7.854722    -23.622208    0.0066255967
   -7.854722    -16.873006    0.0042159338
   -7.854722    -10.123804    0.0026192245
   -7.854722     -3.374601    0.0018239059
   -7.854722      3.374601    0.0018239059
   -7.854722     10.123804    0.0026192245
   -7.854722     16.873006    0.0042159338
   -7.854722     23.622208    0.0066255967
   -7.854722     30.371411    0.0098641046
   -7.854722     37.120613    0.0139499339
   -7.854722     43.869816    0.0189018209
   -7.854722     50.619018    0.0247358567

   -2.618241    -50.619018    0.0229225956
   -2.618241    -43.869816    0.0171537154
   -2.618241    -37.120613    0.0122607910
   -2.618241    -30.371411    0.0082264594
   -2.618241    -23.622208    0.0050307859
   -2.618241    -16.873006    0.0026542454
   -2.618241    -10.123804    0.0010801073
   -2.618241     -3.374601    0.0002962242
   -2.618241      3.374601    0.0002962242
   -2.618241     10.123804    0.0010801073
   -2.618241     16.873006    0.0026542454
   -2.618241     23.622208    0.0050307859
   -2.618241     30.371411    0.0082264594
   -2.618241     37.120613    0.0122607910
   -2.618241     43.869816    0.0171537154
   -2.618241     50.619018    0.0229225956

    2.618241    -50.619018    0.0225685297
    2.618241    -43.869816    0.0168822171
    2.618241    -37.120613    0.0120632607
    2.618241    -30.371411    0.0080930176
    2.618241    -23.622208    0.0049503241
    2.618241    -16.873006    0.0026145654
    2.618241    -10.123804    0.0010681314
    2.618241     -3.374601    0.0002982587
    2.618241      3.374601    0.0002982587
    2.618241     10.123804    0.0010681314
    2.618241     16.873006    0.0026145654
    2.618241     23.622208    0.0049503241
    2.618241     30.371411    0.0080930176
    2.618241     37.120613    0.0120632607
    2.618241     43.869816    0.0168822171
    2.618241     50.619018    0.0225685297

    7.854722    -50.619018    0.0238170403
    7.854722    -43.869816    0.0182323745
    7.854722    -37.120613    0.0135038419
    7.854722    -30.371411    0.0096114966
    7.854722    -23.622208    0.0065329062
    7.854722    -16.873006    0.0042463217
    7.854722    -10.123804    0.0027332127
    7.854722     -3.374601    0.0019801692
    7.854722      3.374601    0.0019801692
    7.854722     10.123804    0.0027332127
    7.854722     16.873006    0.0042463217
    7.854722     23.622208    0.0065329062
    7.854722     30.371411    0.0096114966
    7.854722     37.120613    0.0135038419
    7.854722     43.869816    0.0182323745
    7.854722     50.619018    0.0238170403

   13.091203    -50.619018    0.0268264201
   13.091203    -43.869816    0.0213643575
   13.091203    -37.120613    0.0167443688
   13.091203    -30.371411    0.0129451343
   13.091203    -23.622208    0.0099428926
   13.091203    -16.873006    0.0077147109
   13.091203    -10.123804    0.0062411007
   13.091203     -3.374601    0.0055079796
   13.091203      3.374601    0.0055079796
   13.091203     10.123804    0.0062411007
   13.091203     16.873006    0.0077147109
   13.091203     23.622208    0.0099428926
   13.091203     30.371411    0.0129451343
   13.091203     37.120613    0.0167443688
   13.091203     43.869816    0.0213643575
   13.091203     50.619018    0.0268264201

   18.327684    -50.619018    0.0317713690
   18.327684    -43.869816    0.0264549974
   18.327684    -37.120613    0.0219635659
   18.327684    -30.371411    0.0182742538
   18.327684    -23.622208    0.0153618849
   18.327684    -16.873006    0.0132022866
   18.327684    -10.123804    0.0117749780
   18.327684     -3.374601    0.0110651851
   18.327684      3.374601    0.0110651851
   18.327684     10.123804    0.0117749780
   18.327684     16.873006    0.0132022866
   18.327684     23.622208    0.0153618849
   18.327684     30.371411    0.0182742538
   18.327684     37.120613    0.0219635659
   18.327684     43.869816    0.0264549974
   18.327684     50.619018    0.0317713690

   23.564166    -50.619018    0.0388446204
   23.564166    -43.869816    0.0336994700
   23.564166    -37.120613    0.0293587434
   23.564166    -30.371411    0.0257979618
   23.564166    -23.622208    0.0229904320
   23.564166    -16.873006    0.0209106797
   23.564166    -10.123804    0.0195371958
   23.564166     -3.374601    0.0188544964
   23.564166      3.374601    0.0188544964
   23.564166     10.123804    0.0195371958
   23.564166     16.873006    0.0209106797
   23.564166     23.622208    0.0229904320
   23.564166     30.371411    0.0257979618
   23.564166     37.120613    0.0293587434
   23.564166     43.869816    0.0336994700
   23.564166     50.619018    0.0388446204

   28.800647    -50.619018    0.0482586963
   28.800647    -43.869816    0.0433131215
   28.800647    -37.120613    0.0391476328
   28.800647    -30.371411    0.0357359813
   28.800647    -23.622208    0.0330498687
   28.800647    -16.873006    0.0310624516
   28.800647    -10.123804    0.0297511445
   28.800647     -3.374601    0.0290997224
   28.800647      3.374601    0.0290997224
   28.800647     10.123804    0.0297511445
   28.800647     16.873006    0.0310624516
   28.800647     23.622208    0.0330498687
   28.800647     30.371411    0.0357359813
   28.800647     37.120613    0.0391476328
   28.800647     43.869816    0.0433131215
   28.800647     50.619018    0.0482586963

   34.037128    -50.619018    0.0602477935
   34.037128    -43.869816    0.0555334379
   34.037128    -37.120613    0.0515703617
   34.037128    -30.371411    0.0483306183
   34.037128    -23.622208    0.0457842847
   34.037128    -16.873006    0.0439030800
   34.037128    -10.123804    0.0426632603
   34.037128     -3.374601    0.0420477902
   34.037128      3.374601    0.0420477902
   34.037128     10.123804    0.0426632603
   34.037128     16.873006    0.0439030800
   34.037128     23.622208    0.0457842847
   34.037128     30.371411    0.0483306183
   34.037128     37.120613    0.0515703617
   34.037128     43.869816    0.0555334379
   34.037128     50.619018    0.0602477935

