  -48.827424    -96.008735    0.0004048356
  -48.827424    -81.238160    0.0004219408
  -48.827424    -66.467585    0.0004076677
  -48.827424    -51.697011    0.0003637872
  -48.827424    -36.926436    0.0002917934
  -48.827424    -22.155862    0.0001933284
  -48.827424     -7.385287    0.0000702143
  -48.827424      7.385287   -0.0000756823
  -48.827424     22.155862   -0.0002425953
  -48.827424     36.926436   -0.0004289234
  -48.827424     51.697011   -0.0006331940
  -48.827424     66.467585   -0.0008539733
  -48.827424     81.238160   -0.0010898386
  -48.827424     96.008735   -0.0013395967
  -48.827424    110.779309   -0.0016030015
  -48.827424    125.549884   -0.0018822924

  -42.317101    -96.008735    0.0002226752
  -42.317101    -81.238160    0.0002564853
  -42.317101    -66.467585    0.0002635705
  -42.317101    -51.697011    0.0002453695
  -42.317101    -36.926436    0.0002030179
  -42.317101    -22.155862    0.0001377495
  -42.317101     -7.385287    0.0000509542
  -42.317101      7.385287   -0.0000559173
  -42.317101     22.155862   -0.0001814673
  -42.317101     36.926436   -0.0003244049
  -42.317101     51.697011   -0.0004835233
  -42.317101     66.467585   -0.0006576403
  -42.317101     81.238160   -0.0008455971
  -42.317101     96.008735   -0.0010464748
  -42.317101    110.779309   -0.0012602388
  -42.317101    125.549884   -0.0014890852

  -35.806778    -96.008735    0.0000803729
  -35.806778    -81.238160    0.0001253253
  -35.806778    -66.467585    0.0001480265
  -35.806778    -51.697011    0.0001495130
  -35.806778    -36.926436    0.0001305568
  -35.806778    -22.155862    0.0000920520
  -35.806778     -7.385287    0.0000350610
  -35.806778      7.385287   -0.0000392874
  -35.806778     22.155862   -0.0001299124
  -35.806778     36.926436   -0.0002358326
  -35.806778     51.697011   -0.0003561345
  -35.806778     66.467585   -0.0004898988
  -35.806778     81.238160   -0.0006361825
  -35.806778     96.008735   -0.0007942127
  -35.806778    110.779309   -0.0009640074
  -35.806778    125.549884   -0.0011476942

  -29.296454    -96.008735   -0.0000201584
  -29.296454    -81.238160    0.0000299913
  -29.296454    -66.467585    0.0000619704
  -29.296454    -51.697011    0.0000766632
  -29.296454    -36.926436    0.0000745516
  -29.296454    -22.155862    0.0000562179
  -29.296454     -7.385287    0.0000224283
  -29.296454      7.385287   -0.0000259686
  -29.296454     22.155862   -0.0000881658
  -29.296454     36.926436   -0.0001634483
  -29.296454     51.697011   -0.0002511467
  -29.296454     66.467585   -0.0003505408
  -29.296454     81.238160   -0.0004608273
  -29.296454     96.008735   -0.0005813394
  -29.296454    110.779309   -0.0007122735
  -29.296454    125.549884   -0.0008562495

  -22.786131    -96.008735   -0.0000788481
  -22.786131    -81.238160   -0.0000297566
  -22.786131    -66.467585    0.0000050782
  -22.786131    -51.697011    0.0000264567
  -22.786131    -36.926436    0.0000346462
  -22.786131    -22.155862    0.0000299747
  -22.786131     -7.385287    0.0000129534
  -22.786131      7.385287   -0.0000158149
  -22.786131     22.155862   -0.0000557580
  -22.786131     36.926436   -0.0001063821
  -22.786131     51.697011   -0.0001672166
  -22.786131     66.467585   -0.0002377064
  -22.786131     81.238160   -0.0003171754
  -22.786131     96.008735   -0.0004050665
  -22.786131    110.779309   -0.0005017368
  -22.786131    125.549884   -0.0006101659

  -16.275808    -96.008735   -0.0000977039
  -16.275808    -81.238160   -0.0000558856
  -16.275808    -66.467585   -0.0000243776
  -16.275808    -51.697011   -0.0000025421
  -16.275808    -36.926436    0.0000097380
  -16.275808    -22.155862    0.0000126147
  -16.275808     -7.385287    0.0000063974
  -16.275808      7.385287   -0.0000085208
  -16.275808     22.155862   -0.0000317677
  -16.275808     36.926436   -0.0000630316
  -16.275808     51.697011   -0.0001020089
  -16.275808     66.467585   -0.0001483048
  -16.275808     81.238160   -0.0002013998
  -16.275808     96.008735   -0.0002608663
  -16.275808    110.779309   -0.0003270885
  -16.275808    125.549884   -0.0004028093

   -9.765485    -96.008735   -0.0000806591
   -9.765485    -81.238160   -0.0000518845
   -9.765485    -66.467585   -0.0000293967
   -9.765485    -51.697011   -0.0000127718
   -9.765485    -36.926436   -0.0000019837
   -9.765485    -22.155862    0.0000030119
   -9.765485     -7.385287    0.0000023718
   -9.765485      7.385287   -0.0000036864
   -9.765485     22.155862   -0.0000149596
   -9.765485     36.926436   -0.0000312851
   -9.765485     51.697011   -0.0000525000
   -9.765485     66.467585   -0.0000783647
   -9.765485     81.238160   -0.0001085372
   -9.765485     96.008735   -0.0001427334
   -9.765485    110.779309   -0.0001812634
   -9.765485    125.549884   -0.0002261841

   -3.255162    -96.008735   -0.0000331702
   -3.255162    -81.238160   -0.0000224378
   -3.255162    -66.467585   -0.0000139518
   -3.255162    -51.697011   -0.0000074165
   -3.255162    -36.926436   -0.0000028433
   -3.255162    -22.155862   -0.0000002548
   -3.255162     -7.385287    0.0000003881
   -3.255162      7.385287   -0.0000008413
   -3.255162     22.155862   -0.0000038803
   -3.255162     36.926436   -0.0000086900
   -3.255162     51.697011   -0.0000152244
   -3.255162     66.467585   -0.0000233771
   -3.255162     81.238160   -0.0000329635
   -3.255162     96.008735   -0.0000438341
   -3.255162    110.779309   -0.0000562460
   -3.255162    125.549884   -0.0000716593

    3.255162    -96.008735    0.0000383201
    3.255162    -81.238160    0.0000269839
    3.255162    -66.467585    0.0000173979
    3.255162    -51.697011    0.0000099297
    3.255162    -36.926436    0.0000045744
    3.255162    -22.155862    0.0000012567
    3.255162     -7.385287   -0.0000000767
    3.255162      7.385287    0.0000005356
    3.255162     22.155862    0.0000030409
    3.255162     36.926436    0.0000073686
    3.255162     51.697011    0.0000134626
    3.255162     66.467585    0.0000213307
    3.255162     81.238160    0.0000310577
    3.255162     96.008735    0.0000426964
    3.255162    110.779309    0.0000559180
    3.255162    125.549884    0.0000692705

    9.765485    -96.008735    0.0001269705
    9.765485    -81.238160    0.0000905868
    9.765485    -66.467585    0.0000599163
    9.765485    -51.697011    0.0000356009
    9.765485    -36.926436    0.0000176693
    9.765485    -22.155862    0.0000060005
    9.765485     -7.385287    0.0000004752
    9.765485      7.385287    0.0000009772
    9.765485     22.155862    0.0000073599
    9.765485     36.926436    0.0000194453
    9.765485     51.697011    0.0000370746
    9.765485     66.467585    0.0000601823
    9.765485     81.238160    0.0000888179
    9.765485     96.008735    0.0001229911
    9.765485    110.779309    0.0001621702
    9.765485    125.549884    0.0002042131

   16.275808    -96.008735    0.0002261211
   16.275808    -81.238160    0.0001627411
   16.275808    -66.467585    0.0001090874
   16.275808    -51.697011    0.0000661579
   16.275808    -36.926436    0.0000340313
   16.275808    -22.155862    0.0000125603
   16.275808     -7.385287    0.0000015924
   16.275808      7.385287    0.0000009658
   16.275808     22.155862    0.0000104554
   16.275808     36.926436    0.0000297711
   16.275808     51.697011    0.0000586381
   16.275808     66.467585    0.0000969177
   16.275808     81.238160    0.0001446517
   16.275808     96.008735    0.0002018446
   16.275808    110.779309    0.0002677237
   16.275808    125.549884    0.0003391434

   22.786131    -96.008735    0.0003298359
   22.786131    -81.238160    0.0002384717
   22.786131    -66.467585    0.0001609799
   22.786131    -51.697011    0.0000986391
   22.786131    -36.926436    0.0000516023
   22.786131    -22.155862    0.0000197369
   22.786131     -7.385287    0.0000028864
   22.786131      7.385287    0.0000008589
   22.786131     22.155862    0.0000133581
   22.786131     36.926436    0.0000399838
   22.786131     51.697011    0.0000803382
   22.786131     66.467585    0.0001341855
   22.786131     81.238160    0.0002015225
   22.786131     96.008735    0.0002823286
   22.786131    110.779309    0.0003756730
   22.786131    125.549884    0.0004777697

   29.296454    -96.008735    0.0004334073
   29.296454    -81.238160    0.0003139329
   29.296454    -66.467585    0.0002125872
   29.296454    -51.697011    0.0001307911
   29.296454    -36.926436    0.0000688283
   29.296454    -22.155862    0.0000266327
   29.296454     -7.385287    0.0000040472
   29.296454      7.385287    0.0000008323
   29.296454     22.155862    0.0000166190
   29.296454     36.926436    0.0000509218
   29.296454     51.697011    0.0001032449
   29.296454     66.467585    0.0001732347
   29.296454     81.238160    0.0002607495
   29.296454     96.008735    0.0003656376
   29.296454    110.779309    0.0004869323
   29.296454    125.549884    0.0006210919

   35.806778    -96.008735    0.0005338479
   35.806778    -81.238160    0.0003868550
   35.806778    -66.467585    0.0002621699
   35.806778    -51.697011    0.0001613374
   35.806778    -36.926436    0.0000848638
   35.806778    -22.155862    0.0000327822
   35.806778     -7.385287    0.0000049008
   35.806778      7.385287    0.0000008852
   35.806778     22.155862    0.0000202872
   35.806778     36.926436    0.0000625831
   35.806778     51.697011    0.0001272433
   35.806778     66.467585    0.0002138096
   35.806778     81.238160    0.0003219119
   35.806778     96.008735    0.0004511117
   35.806778    110.779309    0.0006004159
   35.806778    125.549884    0.0007672598

   42.317101    -96.008735    0.0006304232
   42.317101    -81.238160    0.0004569531
   42.317101    -66.467585    0.0003096512
   42.317101    -51.697011    0.0001903821
   42.317101    -36.926436    0.0000999245
   42.317101    -22.155862    0.0000384018
   42.317101     -7.385287    0.0000055645
   42.317101      7.385287    0.0000009697
   42.317101     22.155862    0.0000240919
   42.317101     36.926436    0.0000743878
   42.317101     51.697011    0.0001513258
   42.317101     66.467585    0.0002543784
   42.317101     81.238160    0.0003829661
   42.317101     96.008735    0.0005363294
   42.317101    110.779309    0.0007132906
   42.317101    125.549884    0.0009118615

   48.827424    -96.008735    0.0007253089
   48.827424    -81.238160    0.0005262946
   48.827424    -66.467585    0.0003571367
   48.827424    -51.697011    0.0002200734
   48.827424    -36.926436    0.0001159174
   48.827424    -22.155862    0.0000448571
   48.827424     -7.385287    0.0000067745
   48.827424      7.385287    0.0000013244
   48.827424     22.155862    0.0000279468
   48.827424     36.926436    0.0000859138
   48.827424     51.697011    0.0001744452
   48.827424     66.467585    0.0002928514
   48.827424     81.238160    0.0004405968
   48.827424     96.008735    0.0006171025
   48.827424    110.779309    0.0008210403
   48.827424    125.549884    0.0010487951

