  -38.681015    -44.510090    0.0734691092
  -38.681015    -39.273609    0.0659145426
  -38.681015    -34.037128    0.0593986900
  -38.681015    -28.800647    0.0540135619
  -38.681015    -23.564166    0.0498620362
  -38.681015    -18.327684    0.0470586369
  -38.681015    -13.091203    0.0457304965
  -38.681015     -7.854722    0.0460185031
  -38.681015     -2.618241    0.0480786320
  -38.681015      2.618241    0.0520834603
  -38.681015      7.854722    0.0582238669
  -38.681015     13.091203    0.0667109158
  -38.681015     18.327684    0.0777779243
  -38.681015     23.564166    0.0916827144
  -38.681015     28.800647    0.1087100497
  -38.681015     34.037128    0.1291742549

  -33.523546    -44.510090    0.0662970860
  -33.523546    -39.273609    0.0583448860
  -33.523546    -34.037128    0.0513746098
  -33.523546    -28.800647    0.0454732818
  -33.523546    -23.564166    0.0407381632
  -33.523546    -18.327684    0.0372775035
  -33.523546    -13.091203    0.0352114625
  -33.523546     -7.854722    0.0346732026
  -33.523546     -2.618241    0.0358101516
  -33.523546      2.618241    0.0387854352
  -33.523546      7.854722    0.0437794805
  -33.523546     13.091203    0.0509917892
  -33.523546     18.327684    0.0606428811
  -33.523546     23.564166    0.0729764085
  -33.523546     28.800647    0.0882614397
  -33.523546     34.037128    0.1067949142

  -28.366078    -44.510090    0.0602419521
  -28.366078    -39.273609    0.0519570028
  -28.366078    -34.037128    0.0446063049
  -28.366078    -28.800647    0.0382725604
  -28.366078    -23.564166    0.0330482535
  -28.366078    -18.327684    0.0290363513
  -28.366078    -13.091203    0.0263511697
  -28.366078     -7.854722    0.0251194014
  -28.366078     -2.618241    0.0254813097
  -28.366078      2.618241    0.0275920848
  -28.366078      7.854722    0.0316233651
  -28.366078     13.091203    0.0377649218
  -28.366078     18.327684    0.0462265080
  -28.366078     23.564166    0.0572398714
  -28.366078     28.800647    0.0710609310
  -28.366078     34.037128    0.0879721181

  -23.208609    -44.510090    0.0552605062
  -23.208609    -39.273609    0.0467039963
  -23.208609    -34.037128    0.0390425875
  -23.208609    -28.800647    0.0323554456
  -23.208609    -23.564166    0.0267311451
  -23.208609    -18.327684    0.0222683283
  -23.208609    -13.091203    0.0190765237
  -23.208609     -7.854722    0.0172771228
  -23.208609     -2.618241    0.0170045168
  -23.208609      2.618241    0.0184073919
  -23.208609      7.854722    0.0216501834
  -23.208609     13.091203    0.0269146896
  -23.208609     18.327684    0.0344018442
  -23.208609     23.564166    0.0443336476
  -23.208609     28.800647    0.0569552583
  -23.208609     34.037128    0.0725372418

  -18.051140    -44.510090    0.0513172425
  -18.051140    -39.273609    0.0425472537
  -18.051140    -34.037128    0.0346413506
  -18.051140    -28.800647    0.0276759684
  -18.051140    -23.564166    0.0217366254
  -18.051140    -18.327684    0.0169185589
  -18.051140    -13.091203    0.0133275160
  -18.051140     -7.854722    0.0110806967
  -18.051140     -2.618241    0.0103078505
  -18.051140      2.618241    0.0111525270
  -18.051140      7.854722    0.0137734790
  -18.051140     13.091203    0.0183462198
  -18.051140     18.327684    0.0250647333
  -18.051140     23.564166    0.0341433375
  -18.051140     28.800647    0.0458187019
  -18.051140     34.037128    0.0603520177

  -12.893672    -44.510090    0.0483840811
  -12.893672    -39.273609    0.0394561905
  -12.893672    -34.037128    0.0313692683
  -12.893672    -28.800647    0.0241977848
  -12.893672    -23.564166    0.0180250189
  -12.893672    -18.327684    0.0129436889
  -12.893672    -13.091203    0.0090567314
  -12.893672     -7.854722    0.0064782267
  -12.893672     -2.618241    0.0053344722
  -12.893672      2.618241    0.0057652018
  -12.893672      7.854722    0.0079249533
  -12.893672     13.091203    0.0119845829
  -12.893672     18.327684    0.0181329263
  -12.893672     23.564166    0.0265786079
  -12.893672     28.800647    0.0375519961
  -12.893672     34.037128    0.0513073063

   -7.736203    -44.510090    0.0464401509
   -7.736203    -39.273609    0.0374080468
   -7.736203    -34.037128    0.0292015560
   -7.736203    -28.800647    0.0218938879
   -7.736203    -23.564166    0.0155668576
   -7.736203    -18.327684    0.0103115212
   -7.736203    -13.091203    0.0062289530
   -7.736203     -7.854722    0.0034311638
   -7.736203     -2.618241    0.0020421613
   -7.736203      2.618241    0.0021991527
   -7.736203      7.854722    0.0040538882
   -7.736203     13.091203    0.0077741469
   -7.736203     18.327684    0.0135453643
   -7.736203     23.564166    0.0215724014
   -7.736203     28.800647    0.0320814555
   -7.736203     34.037128    0.0453221132

   -2.578734    -44.510090    0.0454716282
   -2.578734    -39.273609    0.0363877342
   -2.578734    -34.037128    0.0281217906
   -2.578734    -28.800647    0.0207463927
   -2.578734    -23.564166    0.0143426333
   -2.578734    -18.327684    0.0090007429
   -2.578734    -13.091203    0.0048208676
   -2.578734     -7.854722    0.0019139861
   -2.578734     -2.618241    0.0004029649
   -2.578734      2.618241    0.0004237526
   -2.578734      7.854722    0.0021267124
   -2.578734     13.091203    0.0056780933
   -2.578734     18.327684    0.0112616403
   -2.578734     23.564166    0.0190803425
   -2.578734     28.800647    0.0293583205
   -2.578734     34.037128    0.0423428519

    2.578734    -44.510090    0.0454716282
    2.578734    -39.273609    0.0363877342
    2.578734    -34.037128    0.0281217906
    2.578734    -28.800647    0.0207463927
    2.578734    -23.564166    0.0143426333
    2.578734    -18.327684    0.0090007429
    2.578734    -13.091203    0.0048208676
    2.578734     -7.854722    0.0019139861
    2.578734     -2.618241    0.0004029649
    2.578734      2.618241    0.0004237526
    2.578734      7.854722    0.0021267124
    2.578734     13.091203    0.0056780933
    2.578734     18.327684    0.0112616403
    2.578734     23.564166    0.0190803425
    2.578734     28.800647    0.0293583205
    2.578734     34.037128    0.0423428519

    7.736203    -44.510090    0.0464401509
    7.736203    -39.273609    0.0374080468
    7.736203    -34.037128    0.0292015560
    7.736203    -28.800647    0.0218938879
    7.736203    -23.564166    0.0155668576
    7.736203    -18.327684    0.0103115212
    7.736203    -13.091203    0.0062289530
    7.736203     -7.854722    0.0034311638
    7.736203     -2.618241    0.0020421613
    7.736203      2.618241    0.0021991527
    7.736203      7.854722    0.0040538882
    7.736203     13.091203    0.0077741469
    7.736203     18.327684    0.0135453643
    7.736203     23.564166    0.0215724014
    7.736203     28.800647    0.0320814555
    7.736203     34.037128    0.0453221132

   12.893672    -44.510090    0.0483840811
   12.893672    -39.273609    0.0394561905
   12.893672    -34.037128    0.0313692683
   12.893672    -28.800647    0.0241977848
   12.893672    -23.564166    0.0180250189
   12.893672    -18.327684    0.0129436889
   12.893672    -13.091203    0.0090567314
   12.893672     -7.854722    0.0064782267
   12.893672     -2.618241    0.0053344722
   12.893672      2.618241    0.0057652018
   12.893672      7.854722    0.0079249533
   12.893672     13.091203    0.0119845829
   12.893672     18.327684    0.0181329263
   12.893672     23.564166    0.0265786079
   12.893672     28.800647    0.0375519961
   12.893672     34.037128    0.0513073063

   18.051140    -44.510090    0.0513172425
   18.051140    -39.273609    0.0425472537
   18.051140    -34.037128    0.0346413506
   18.051140    -28.800647    0.0276759684
   18.051140    -23.564166    0.0217366254
   18.051140    -18.327684    0.0169185589
   18.051140    -13.091203    0.0133275160
   18.051140     -7.854722    0.0110806967
   18.051140     -2.618241    0.0103078505
   18.051140      2.618241    0.0111525270
   18.051140      7.854722    0.0137734790
   18.051140     13.091203    0.0183462198
   18.051140     18.327684    0.0250647333
   18.051140     23.564166    0.0341433375
   18.051140     28.800647    0.0458187019
   18.051140     34.037128    0.0603520177

   23.208609    -44.510090    0.0552605062
   23.208609    -39.273609    0.0467039963
   23.208609    -34.037128    0.0390425875
   23.208609    -28.800647    0.0323554456
   23.208609    -23.564166    0.0267311451
   23.208609    -18.327684    0.0222683283
   23.208609    -13.091203    0.0190765237
   23.208609     -7.854722    0.0172771228
   23.208609     -2.618241    0.0170045168
   23.208609      2.618241    0.0184073919
   23.208609      7.854722    0.0216501834
   23.208609     13.091203    0.0269146896
   23.208609     18.327684    0.0344018442
   23.208609     23.564166    0.0443336476
   23.208609     28.800647    0.0569552583
   23.208609     34.037128    0.0725372418

   28.366078    -44.510090    0.0602419521
   28.366078    -39.273609    0.0519570028
   28.366078    -34.037128    0.0446063049
   28.366078    -28.800647    0.0382725604
   28.366078    -23.564166    0.0330482535
   28.366078    -18.327684    0.0290363513
   28.366078    -13.091203    0.0263511697
   28.366078     -7.854722    0.0251194014
   28.366078     -2.618241    0.0254813097
   28.366078      2.618241    0.0275920848
   28.366078      7.854722    0.0316233651
   28.366078     13.091203    0.0377649218
   28.366078     18.327684    0.0462265080
   28.366078     23.564166    0.0572398714
   28.366078     28.800647    0.0710609310
   28.366078     34.037128    0.0879721181

   33.523546    -44.510090    0.0662970860
   33.523546    -39.273609    0.0583448860
   33.523546    -34.037128    0.0513746098
   33.523546    -28.800647    0.0454732818
   33.523546    -23.564166    0.0407381632
   33.523546    -18.327684    0.0372775035
   33.523546    -13.091203    0.0352114625
   33.523546     -7.854722    0.0346732026
   33.523546     -2.618241    0.0358101516
   33.523546      2.618241    0.0387854352
   33.523546      7.854722    0.0437794805
   33.523546     13.091203    0.0509917892
   33.523546     18.327684    0.0606428811
   33.523546     23.564166    0.0729764085
   33.523546     28.800647    0.0882614397
   33.523546     34.037128    0.1067949142

   38.681015    -44.510090    0.0734691092
   38.681015    -39.273609    0.0659145426
   38.681015    -34.037128    0.0593986900
   38.681015    -28.800647    0.0540135619
   38.681015    -23.564166    0.0498620362
   38.681015    -18.327684    0.0470586369
   38.681015    -13.091203    0.0457304965
   38.681015     -7.854722    0.0460185031
   38.681015     -2.618241    0.0480786320
   38.681015      2.618241    0.0520834603
   38.681015      7.854722    0.0582238669
   38.681015     13.091203    0.0667109158
   38.681015     18.327684    0.0777779243
   38.681015     23.564166    0.0916827144
   38.681015     28.800647    0.1087100497
   38.681015     34.037128    0.1291742549

