  -47.136383   -119.276109   -0.0043158852
  -47.136383   -103.372628   -0.0032656123
  -47.136383    -87.469147   -0.0023365333
  -47.136383    -71.565666   -0.0015425026
  -47.136383    -55.662184   -0.0008973566
  -47.136383    -39.758703   -0.0004145935
  -47.136383    -23.855222   -0.0001070609
  -47.136383     -7.951741    0.0000133487
  -47.136383      7.951741   -0.0000640066
  -47.136383     23.855222   -0.0003482300
  -47.136383     39.758703   -0.0008466064
  -47.136383     55.662184   -0.0015643308
  -47.136383     71.565666   -0.0025042455
  -47.136383     87.469147   -0.0036665842
  -47.136383    103.372628   -0.0050487259
  -47.136383    119.276109   -0.0066449555

  -40.851532   -119.276109   -0.0038827366
  -40.851532   -103.372628   -0.0029571150
  -40.851532    -87.469147   -0.0021355152
  -40.851532    -71.565666   -0.0014299338
  -40.851532    -55.662184   -0.0008523191
  -40.851532    -39.758703   -0.0004142895
  -40.851532    -23.855222   -0.0001268611
  -40.851532     -7.951741   -0.0000001842
  -40.851532      7.951741   -0.0000432887
  -40.851532     23.855222   -0.0002638382
  -40.851532     39.758703   -0.0006678929
  -40.851532     55.662184   -0.0012596822
  -40.851532     71.565666   -0.0020413854
  -40.851532     87.469147   -0.0030129214
  -40.851532    103.372628   -0.0041717478
  -40.851532    119.276109   -0.0055126684

  -34.566681   -119.276109   -0.0033813572
  -34.566681   -103.372628   -0.0025883038
  -34.566681    -87.469147   -0.0018824028
  -34.566681    -71.565666   -0.0012738304
  -34.566681    -55.662184   -0.0007726761
  -34.566681    -39.758703   -0.0003887066
  -34.566681    -23.855222   -0.0001311380
  -34.566681     -7.951741   -0.0000084165
  -34.566681      7.951741   -0.0000280067
  -34.566681     23.855222   -0.0001961897
  -34.566681     39.758703   -0.0005178675
  -34.566681     55.662184   -0.0009963777
  -34.566681     71.565666   -0.0016333150
  -34.566681     87.469147   -0.0024283621
  -34.566681    103.372628   -0.0033791281
  -34.566681    119.276109   -0.0044809958

  -28.281830   -119.276109   -0.0028223383
  -28.281830   -103.372628   -0.0021683824
  -28.281830    -87.469147   -0.0015850517
  -28.281830    -71.565666   -0.0010806967
  -28.281830    -55.662184   -0.0006635537
  -28.281830    -39.758703   -0.0003415543
  -28.281830    -23.855222   -0.0001221440
  -28.281830     -7.951741   -0.0000121065
  -28.281830      7.951741   -0.0000173956
  -28.281830     23.855222   -0.0001429744
  -28.281830     39.758703   -0.0003926616
  -28.281830     55.662184   -0.0007689854
  -28.281830     71.565666   -0.0012730432
  -28.281830     87.469147   -0.0019043707
  -28.281830    103.372628   -0.0026608158
  -28.281830    119.276109   -0.0035384217

  -21.996979   -119.276109   -0.0022193836
  -21.996979   -103.372628   -0.0017092828
  -21.996979    -87.469147   -0.0012536180
  -21.996979    -71.565666   -0.0008588940
  -21.996979    -55.662184   -0.0005314923
  -21.996979    -39.758703   -0.0002775270
  -21.996979    -23.855222   -0.0001027060
  -21.996979     -7.951741   -0.0000121989
  -21.996979      7.951741   -0.0000105100
  -21.996979     23.855222   -0.0001013576
  -21.996979     39.758703   -0.0002875585
  -21.996979     55.662184   -0.0005709196
  -21.996979     71.565666   -0.0009521338
  -21.996979     87.469147   -0.0014306831
  -21.996979    103.372628   -0.0020047464
  -21.996979    119.276109   -0.0026711142

  -15.712128   -119.276109   -0.0015883062
  -15.712128   -103.372628   -0.0012247715
  -15.712128    -87.469147   -0.0008997935
  -15.712128    -71.565666   -0.0006180141
  -15.712128    -55.662184   -0.0003839646
  -15.712128    -39.758703   -0.0002019646
  -15.712128    -23.855222   -0.0000760256
  -15.712128     -7.951741   -0.0000097589
  -15.712128      7.951741   -0.0000062877
  -15.712128     23.855222   -0.0000681641
  -15.712128     39.758703   -0.0001972898
  -15.712128     55.662184   -0.0003948419
  -15.712128     71.565666   -0.0006612027
  -15.712128     87.469147   -0.0009958939
  -15.712128    103.372628   -0.0013975153
  -15.712128    119.276109   -0.0018636881

   -9.427277   -119.276109   -0.0009461205
   -9.427277   -103.372628   -0.0007296421
   -9.427277    -87.469147   -0.0005361163
   -9.427277    -71.565666   -0.0003683175
   -9.427277    -55.662184   -0.0002289421
   -9.427277    -39.758703   -0.0001205486
   -9.427277    -23.855222   -0.0000455009
   -9.427277     -7.951741   -0.0000059145
   -9.427277      7.951741   -0.0000036058
   -9.427277     23.855222   -0.0000400431
   -9.427277     39.758703   -0.0001163018
   -9.427277     55.662184   -0.0002330213
   -9.427277     71.565666   -0.0003903656
   -9.427277     87.469147   -0.0005879860
   -9.427277    103.372628   -0.0008249870
   -9.427277    119.276109   -0.0010998949

   -3.142426   -119.276109   -0.0003102256
   -3.142426   -103.372628   -0.0002389960
   -3.142426    -87.469147   -0.0001753599
   -3.142426    -71.565666   -0.0001202362
   -3.142426    -55.662184   -0.0000745140
   -3.142426    -39.758703   -0.0000390339
   -3.142426    -23.855222   -0.0000145685
   -3.142426     -7.951741   -0.0000018055
   -3.142426      7.951741   -0.0000013310
   -3.142426     23.855222   -0.0000136137
   -3.142426     39.758703   -0.0000389906
   -3.142426     55.662184   -0.0000776535
   -3.142426     71.565666   -0.0001296362
   -3.142426     87.469147   -0.0001948032
   -3.142426    103.372628   -0.0002728390
   -3.142426    119.276109   -0.0003632388

    3.142426   -119.276109    0.0003023170
    3.142426   -103.372628    0.0002323905
    3.142426    -87.469147    0.0001700014
    3.142426    -71.565666    0.0001160603
    3.142426    -55.662184    0.0000714455
    3.142426    -39.758703    0.0000369839
    3.142426    -23.855222    0.0000134325
    3.142426     -7.951741    0.0000014614
    3.142426      7.951741    0.0000016373
    3.142426     23.855222    0.0000144090
    3.142426     39.758703    0.0000400929
    3.142426     55.662184    0.0000788603
    3.142426     71.565666    0.0001307256
    3.142426     87.469147    0.0001955354
    3.142426    103.372628    0.0002729590
    3.142426    119.276109    0.0003624795

    9.427277   -119.276109    0.0008754130
    9.427277   -103.372628    0.0006706116
    9.427277    -87.469147    0.0004882507
    9.427277    -71.565666    0.0003310332
    9.427277    -55.662184    0.0002015586
    9.427277    -39.758703    0.0001022652
    9.427277    -23.855222    0.0000353764
    9.427277     -7.951741    0.0000028499
    9.427277      7.951741    0.0000063306
    9.427277     23.855222    0.0000471067
    9.427277     39.758703    0.0001260694
    9.427277     55.662184    0.0002436757
    9.427277     71.565666    0.0003999147
    9.427277     87.469147    0.0005942778
    9.427277    103.372628    0.0008257312
    9.427277    119.276109    0.0010926929

   15.712128   -119.276109    0.0013944714
   15.712128   -103.372628    0.0010630898
   15.712128    -87.469147    0.0007688083
   15.712128    -71.565666    0.0005160800
   15.712128    -55.662184    0.0003091755
   15.712128    -39.758703    0.0001520880
   15.712128    -23.855222    0.0000484448
   15.712128     -7.951741    0.0000014247
   15.712128      7.951741    0.0000136810
   15.712128     23.855222    0.0000872702
   15.712128     39.758703    0.0002235878
   15.712128     55.662184    0.0004233082
   15.712128     71.565666    0.0006863323
   15.712128     87.469147    0.0010117394
   15.712128    103.372628    0.0013977462
   15.712128    119.276109    0.0018416712

   21.996979   -119.276109    0.0018468477
   21.996979   -103.372628    0.0013989474
   21.996979    -87.469147    0.0010025360
   21.996979    -71.565666    0.0006637743
   21.996979    -55.662184    0.0003885553
   21.996979    -39.758703    0.0001823728
   21.996979    -23.855222    0.0000502000
   21.996979     -7.951741   -0.0000036246
   21.996979      7.951741    0.0000244981
   21.996979     23.855222    0.0001373308
   21.996979     39.758703    0.0003367123
   21.996979     55.662184    0.0006234773
   21.996979     71.565666    0.0009973859
   21.996979     87.469147    0.0014570607
   21.996979    103.372628    0.0019999329
   21.996979    119.276109    0.0026221967

   28.281830   -119.276109    0.0022221939
   28.281830   -103.372628    0.0016692901
   28.281830    -87.469147    0.0011819634
   28.281830    -71.565666    0.0007680426
   28.281830    -55.662184    0.0004349974
   28.281830    -39.758703    0.0001897734
   28.281830    -23.855222    0.0000386371
   28.281830     -7.951741   -0.0000129667
   28.281830      7.951741    0.0000394526
   28.281830     23.855222    0.0001993112
   28.281830     39.758703    0.0004688408
   28.281830     55.662184    0.0008489906
   28.281830     71.565666    0.0013393399
   28.281830     87.469147    0.0019380223
   28.281830    103.372628    0.0026416608
   28.281830    119.276109    0.0034453141

   34.566681   -119.276109    0.0025127150
   34.566681   -103.372628    0.0018674035
   34.566681    -87.469147    0.0013014379
   34.566681    -71.565666    0.0008242757
   34.566681    -55.662184    0.0004449222
   34.566681    -39.758703    0.0001717303
   34.566681    -23.855222    0.0000122151
   34.566681     -7.951741   -0.0000271186
   34.566681      7.951741    0.0000590661
   34.566681     23.855222    0.0002747952
   34.566681     39.758703    0.0006226535
   34.566681     55.662184    0.0011036698
   34.566681     71.565666    0.0017172156
   34.566681     87.469147    0.0024609177
   34.566681    103.372628    0.0033305856
   34.566681    119.276109    0.0043201526

   40.851532   -119.276109    0.0027133323
   40.851532   -103.372628    0.0019888626
   40.851532    -87.469147    0.0013571971
   40.851532    -71.565666    0.0008293769
   40.851532    -55.662184    0.0004159011
   40.851532    -39.758703    0.0001264899
   40.851532    -23.855222   -0.0000301331
   40.851532     -7.951741   -0.0000464422
   40.851532      7.951741    0.0000837081
   40.851532     23.855222    0.0003649174
   40.851532     39.758703    0.0008000924
   40.851532     55.662184    0.0013903170
   40.851532     71.565666    0.0021347404
   40.851532     87.469147    0.0030304830
   40.851532    103.372628    0.0040725599
   40.851532    119.276109    0.0052538221

   47.136383   -119.276109    0.0028217543
   47.136383   -103.372628    0.0020315544
   47.136383    -87.469147    0.0013473647
   47.136383    -71.565666    0.0007817451
   47.136383    -55.662184    0.0003466374
   47.136383    -39.758703    0.0000530869
   47.136383    -23.855222   -0.0000890121
   47.136383     -7.951741   -0.0000711480
   47.136383      7.951741    0.0001135989
   47.136383     23.855222    0.0004703714
   47.136383     39.758703    0.0010023715
   47.136383     55.662184    0.0017107217
   47.136383     71.565666    0.0025943478
   47.136383     87.469147    0.0036498851
   47.136383    103.372628    0.0048716079
   47.136383    119.276109    0.0062513817

