  -25.746645    -96.008735   -0.0072466981
  -25.746645    -81.238160   -0.0062299708
  -25.746645    -66.467585   -0.0051817429
  -25.746645    -51.697011   -0.0040977165
  -25.746645    -36.926436   -0.0029757587
  -25.746645    -22.155862   -0.0018148793
  -25.746645     -7.385287   -0.0006147522
  -25.746645      7.385287    0.0006244788
  -25.746645     22.155862    0.0019022941
  -25.746645     36.926436    0.0032179046
  -25.746645     51.697011    0.0045704098
  -25.746645     66.467585    0.0059589742
  -25.746645     81.238160    0.0073829157
  -25.746645     96.008735    0.0088415282
  -25.746645    110.779309    0.0103333858
  -25.746645    125.549884    0.0118548057

  -21.065436    -96.008735   -0.0044514850
  -21.065436    -81.238160   -0.0038603422
  -21.065436    -66.467585   -0.0032366348
  -21.065436    -51.697011   -0.0025797064
  -21.065436    -36.926436   -0.0018877553
  -21.065436    -22.155862   -0.0011597027
  -21.065436     -7.385287   -0.0003954926
  -21.065436      7.385287    0.0004042897
  -21.065436     22.155862    0.0012388648
  -21.065436     36.926436    0.0021074267
  -21.065436     51.697011    0.0030089526
  -21.065436     66.467585    0.0039418498
  -21.065436     81.238160    0.0049039031
  -21.065436     96.008735    0.0058932545
  -21.065436    110.779309    0.0069114197
  -21.065436    125.549884    0.0079696131

  -16.384228    -96.008735   -0.0023974724
  -16.384228    -81.238160   -0.0021101004
  -16.384228    -66.467585   -0.0017960052
  -16.384228    -51.697011   -0.0014518412
  -16.384228    -36.926436   -0.0010763661
  -16.384228    -22.155862   -0.0006692984
  -16.384228     -7.385287   -0.0002308412
  -16.384228      7.385287    0.0002384592
  -16.384228     22.155862    0.0007377561
  -16.384228     36.926436    0.0012659855
  -16.384228     51.697011    0.0018220324
  -16.384228     66.467585    0.0024049311
  -16.384228     81.238160    0.0030139493
  -16.384228     96.008735    0.0036483133
  -16.384228    110.779309    0.0043062366
  -16.384228    125.549884    0.0049828150

  -11.703020    -96.008735   -0.0010018026
  -11.703020    -81.238160   -0.0009125301
  -11.703020    -66.467585   -0.0008024753
  -11.703020    -51.697011   -0.0006681357
  -11.703020    -36.926436   -0.0005085989
  -11.703020    -22.155862   -0.0003238328
  -11.703020     -7.385287   -0.0001140939
  -11.703020      7.385287    0.0001201334
  -11.703020     22.155862    0.0003780759
  -11.703020     36.926436    0.0006587286
  -11.703020     51.697011    0.0009610918
  -11.703020     66.467585    0.0012844815
  -11.703020     81.238160    0.0016286274
  -11.703020     96.008735    0.0019931039
  -11.703020    110.779309    0.0023754635
  -11.703020    125.549884    0.0027672680

   -7.021812    -96.008735   -0.0001995584
   -7.021812    -81.238160   -0.0002120471
   -7.021812    -66.467585   -0.0002104723
   -7.021812    -51.697011   -0.0001929025
   -7.021812    -36.926436   -0.0001586585
   -7.021812    -22.155862   -0.0001076221
   -7.021812     -7.385287   -0.0000399583
   -7.021812      7.385287    0.0000439603
   -7.021812     22.155862    0.0001435768
   -7.021812     36.926436    0.0002582064
   -7.021812     51.697011    0.0003871492
   -7.021812     66.467585    0.0005298182
   -7.021812     81.238160    0.0006857797
   -7.021812     96.008735    0.0008545380
   -7.021812    110.779309    0.0010348347
   -7.021812    125.549884    0.0012231694

   -2.340604    -96.008735    0.0000603329
   -2.340604    -81.238160    0.0000352874
   -2.340604    -66.467585    0.0000154674
   -2.340604    -51.697011    0.0000013817
   -2.340604    -36.926436   -0.0000066658
   -2.340604    -22.155862   -0.0000085636
   -2.340604     -7.385287   -0.0000043530
   -2.340604      7.385287    0.0000058193
   -2.340604     22.155862    0.0000217435
   -2.340604     36.926436    0.0000431759
   -2.340604     51.697011    0.0000698538
   -2.340604     66.467585    0.0001014995
   -2.340604     81.238160    0.0001378229
   -2.340604     96.008735    0.0001785387
   -2.340604    110.779309    0.0002234196
   -2.340604    125.549884    0.0002724103

    2.340604    -96.008735   -0.0001811462
    2.340604    -81.238160   -0.0001363741
    2.340604    -66.467585   -0.0000971786
    2.340604    -51.697011   -0.0000640581
    2.340604    -36.926436   -0.0000374231
    2.340604    -22.155862   -0.0000174687
    2.340604     -7.385287   -0.0000041845
    2.340604      7.385287    0.0000025803
    2.340604     22.155862    0.0000030483
    2.340604     36.926436   -0.0000025236
    2.340604     51.697011   -0.0000138450
    2.340604     66.467585   -0.0000305711
    2.340604     81.238160   -0.0000523008
    2.340604     96.008735   -0.0000786564
    2.340604    110.779309   -0.0001095325
    2.340604    125.549884   -0.0001456258

    7.021812    -96.008735   -0.0008895861
    7.021812    -81.238160   -0.0006996536
    7.021812    -66.467585   -0.0005266385
    7.021812    -51.697011   -0.0003726221
    7.021812    -36.926436   -0.0002392501
    7.021812    -22.155862   -0.0001273773
    7.021812     -7.385287   -0.0000371251
    7.021812      7.385287    0.0000318898
    7.021812     22.155862    0.0000803296
    7.021812     36.926436    0.0001090043
    7.021812     51.697011    0.0001188605
    7.021812     66.467585    0.0001110369
    7.021812     81.238160    0.0000868605
    7.021812     96.008735    0.0000475839
    7.021812    110.779309   -0.0000064093
    7.021812    125.549884   -0.0000772810

   11.703020    -96.008735   -0.0020337848
   11.703020    -81.238160   -0.0016306750
   11.703020    -66.467585   -0.0012545966
   11.703020    -51.697011   -0.0009107874
   11.703020    -36.926436   -0.0006028949
   11.703020    -22.155862   -0.0003329013
   11.703020     -7.385287   -0.0001014045
   11.703020      7.385287    0.0000919795
   11.703020     22.155862    0.0002482520
   11.703020     36.926436    0.0003687949
   11.703020     51.697011    0.0004552768
   11.703020     66.467585    0.0005096448
   11.703020     81.238160    0.0005340746
   11.703020     96.008735    0.0005306762
   11.703020    110.779309    0.0005006819
   11.703020    125.549884    0.0004427708

   16.384228    -96.008735   -0.0035824754
   16.384228    -81.238160   -0.0029060865
   16.384228    -66.467585   -0.0022640774
   16.384228    -51.697011   -0.0016666292
   16.384228    -36.926436   -0.0011205142
   16.384228    -22.155862   -0.0006296277
   16.384228     -7.385287   -0.0001956201
   16.384228      7.385287    0.0001814921
   16.384228     22.155862    0.0005028150
   16.384228     36.926436    0.0007702053
   16.384228     51.697011    0.0009860352
   16.384228     66.467585    0.0011530519
   16.384228     81.238160    0.0012742482
   16.384228     96.008735    0.0013526187
   16.384228    110.779309    0.0013906388
   16.384228    125.549884    0.0013892584

   21.065436    -96.008735   -0.0055011020
   21.065436    -81.238160   -0.0045006026
   21.065436    -66.467585   -0.0035374877
   21.065436    -51.697011   -0.0026283621
   21.065436    -36.926436   -0.0017847013
   21.065436    -22.155862   -0.0010135758
   21.065436     -7.385287   -0.0003185677
   21.065436      7.385287    0.0002993182
   21.065436     22.155862    0.0008408844
   21.065436     36.926436    0.0013081764
   21.065436     51.697011    0.0017041252
   21.065436     66.467585    0.0020323319
   21.065436     81.238160    0.0022968615
   21.065436     96.008735    0.0025018484
   21.065436    110.779309    0.0026506489
   21.065436    125.549884    0.0027442115

   25.746645    -96.008735   -0.0077486299
   25.746645    -81.238160   -0.0063849578
   25.746645    -66.467585   -0.0050547556
   25.746645    -51.697011   -0.0037828658
   25.746645    -36.926436   -0.0025875270
   25.746645    -22.155862   -0.0014806848
   25.746645     -7.385287   -0.0004690796
   25.746645      7.385287    0.0004444360
   25.746645     22.155862    0.0012597238
   25.746645     36.926436    0.0019785356
   25.746645     51.697011    0.0026040684
   25.746645     66.467585    0.0031407603
   25.746645     81.238160    0.0035940148
   25.746645     96.008735    0.0039693707
   25.746645    110.779309    0.0042704623
   25.746645    125.549884    0.0044949446

   30.427853    -96.008735   -0.0102743881
   30.427853    -81.238160   -0.0085238293
   30.427853    -66.467585   -0.0067914248
   30.427853    -51.697011   -0.0051141645
   30.427853    -36.926436   -0.0035195418
   30.427853    -22.155862   -0.0020262786
   30.427853     -7.385287   -0.0006458567
   30.427853      7.385287    0.0006157450
   30.427853     22.155862    0.0017565134
   30.427853     36.926436    0.0027772852
   30.427853     51.697011    0.0036810823
   30.427853     66.467585    0.0044727408
   30.427853     81.238160    0.0051584891
   30.427853     96.008735    0.0057449374
   30.427853    110.779309    0.0062367575
   30.427853    125.549884    0.0066321398

   35.109061    -96.008735   -0.0130149719
   35.109061    -81.238160   -0.0108729566
   35.109061    -66.467585   -0.0087164795
   35.109061    -51.697011   -0.0066018444
   35.109061    -36.926436   -0.0045686786
   35.109061    -22.155862   -0.0026444263
   35.109061     -7.385287   -0.0008472683
   35.109061      7.385287    0.0008118833
   35.109061     22.155862    0.0023278477
   35.109061     36.926436    0.0036998066
   35.109061     51.697011    0.0049299962
   35.109061     66.467585    0.0060225333
   35.109061     81.238160    0.0069826265
   35.109061     96.008735    0.0078166060
   35.109061    110.779309    0.0085333851
   35.109061    125.549884    0.0091481456

   39.790269    -96.008735   -0.0158912498
   39.790269    -81.238160   -0.0133743499
   39.790269    -66.467585   -0.0107895939
   39.790269    -51.697011   -0.0082193964
   39.790269    -36.926436   -0.0057189754
   39.790269    -22.155862   -0.0033270967
   39.790269     -7.385287   -0.0010710891
   39.790269      7.385287    0.0010310175
   39.790269     22.155862    0.0029692113
   39.790269     36.926436    0.0047398932
   39.790269     51.697011    0.0063435984
   39.790269     66.467585    0.0077825317
   39.790269     81.238160    0.0090592394
   39.790269     96.008735    0.0101785746
   39.790269    110.779309    0.0111559488
   39.790269    125.549884    0.0120356970

   44.471477    -96.008735   -0.0188055420
   44.471477    -81.238160   -0.0159481486
   44.471477    -66.467585   -0.0129574162
   44.471477    -51.697011   -0.0099324882
   44.471477    -36.926436   -0.0069490261
   44.471477    -22.155862   -0.0040629721
   44.471477     -7.385287   -0.0013141327
   44.471477      7.385287    0.0012705912
   44.471477     22.155862    0.0036744361
   44.471477     36.926436    0.0058885108
   44.471477     51.697011    0.0079100049
   44.471477     66.467585    0.0097407772
   44.471477     81.238160    0.0113861596
   44.471477     96.008735    0.0128537452
   44.471477    110.779309    0.0141518622
   44.471477    125.549884    0.0152873657

