  -44.510090    -48.902142    0.0715677869
  -44.510090    -42.381856    0.0650167791
  -44.510090    -35.861571    0.0594127885
  -44.510090    -29.341285    0.0547527526
  -44.510090    -22.821000    0.0510323795
  -44.510090    -16.300714    0.0482470968
  -44.510090     -9.780428    0.0463928110
  -44.510090     -3.260143    0.0454664769
  -44.510090      3.260143    0.0454664769
  -44.510090      9.780428    0.0463928110
  -44.510090     16.300714    0.0482470968
  -44.510090     22.821000    0.0510323795
  -44.510090     29.341285    0.0547527526
  -44.510090     35.861571    0.0594127885
  -44.510090     42.381856    0.0650167791
  -44.510090     48.902142    0.0715677869

  -39.273609    -48.902142    0.0624093503
  -39.273609    -42.381856    0.0558708588
  -39.273609    -35.861571    0.0502798678
  -39.273609    -29.341285    0.0456323210
  -39.273609    -22.821000    0.0419230526
  -39.273609    -16.300714    0.0391467619
  -39.273609     -9.780428    0.0372987917
  -39.273609     -3.260143    0.0363757126
  -39.273609      3.260143    0.0363757126
  -39.273609      9.780428    0.0372987917
  -39.273609     16.300714    0.0391467619
  -39.273609     22.821000    0.0419230526
  -39.273609     29.341285    0.0456323210
  -39.273609     35.861571    0.0502798678
  -39.273609     42.381856    0.0558708588
  -39.273609     48.902142    0.0624093503

  -34.037128    -48.902142    0.0540614216
  -34.037128    -42.381856    0.0475374099
  -34.037128    -35.861571    0.0419607947
  -34.037128    -29.341285    0.0373267700
  -34.037128    -22.821000    0.0336294148
  -34.037128    -16.300714    0.0308627380
  -34.037128     -9.780428    0.0290215147
  -34.037128     -3.260143    0.0281019133
  -34.037128      3.260143    0.0281019133
  -34.037128      9.780428    0.0290215147
  -34.037128     16.300714    0.0308627380
  -34.037128     22.821000    0.0336294148
  -34.037128     29.341285    0.0373267700
  -34.037128     35.861571    0.0419607947
  -34.037128     42.381856    0.0475374099
  -34.037128     48.902142    0.0540614216

  -28.800647    -48.902142    0.0465967504
  -28.800647    -42.381856    0.0400890034
  -28.800647    -35.861571    0.0345281498
  -28.800647    -29.341285    0.0299087206
  -28.800647    -22.821000    0.0262240945
  -28.800647    -16.300714    0.0234676239
  -28.800647     -9.780428    0.0216335347
  -28.800647     -3.260143    0.0207176025
  -28.800647      3.260143    0.0207176025
  -28.800647      9.780428    0.0216335347
  -28.800647     16.300714    0.0234676239
  -28.800647     22.821000    0.0262240945
  -28.800647     29.341285    0.0299087206
  -28.800647     35.861571    0.0345281498
  -28.800647     42.381856    0.0400890034
  -28.800647     48.902142    0.0465967504

  -23.564166    -48.902142    0.0400966984
  -23.564166    -42.381856    0.0336068774
  -23.564166    -35.861571    0.0280631308
  -23.564166    -29.341285    0.0234593430
  -23.564166    -22.821000    0.0197882228
  -23.564166    -16.300714    0.0170425007
  -23.564166     -9.780428    0.0152158863
  -23.564166     -3.260143    0.0143037871
  -23.564166      3.260143    0.0143037871
  -23.564166      9.780428    0.0152158863
  -23.564166     16.300714    0.0170425007
  -23.564166     22.821000    0.0197882228
  -23.564166     29.341285    0.0234593430
  -23.564166     35.861571    0.0280631308
  -23.564166     42.381856    0.0336068774
  -23.564166     48.902142    0.0400966984

  -18.327684    -48.902142    0.0346518467
  -18.327684    -42.381856    0.0281815230
  -18.327684    -35.861571    0.0226561530
  -18.327684    -29.341285    0.0180689790
  -18.327684    -22.821000    0.0144120697
  -18.327684    -16.300714    0.0116775744
  -18.327684     -9.780428    0.0098587268
  -18.327684     -3.260143    0.0089505980
  -18.327684      3.260143    0.0089505980
  -18.327684      9.780428    0.0098587268
  -18.327684     16.300714    0.0116775744
  -18.327684     22.821000    0.0144120697
  -18.327684     29.341285    0.0180689790
  -18.327684     35.861571    0.0226561530
  -18.327684     42.381856    0.0281815230
  -18.327684     48.902142    0.0346518467

  -13.091203    -48.902142    0.0303627448
  -13.091203    -42.381856    0.0239134154
  -13.091203    -35.861571    0.0184075939
  -13.091203    -29.341285    0.0138379050
  -13.091203    -22.821000    0.0101958200
  -13.091203    -16.300714    0.0074729559
  -13.091203     -9.780428    0.0056621160
  -13.091203     -3.260143    0.0047580688
  -13.091203      3.260143    0.0047580688
  -13.091203      9.780428    0.0056621160
  -13.091203     16.300714    0.0074729559
  -13.091203     22.821000    0.0101958200
  -13.091203     29.341285    0.0138379050
  -13.091203     35.861571    0.0184075939
  -13.091203     42.381856    0.0239134154
  -13.091203     48.902142    0.0303627448

   -7.854722    -48.902142    0.0273408015
   -7.854722    -42.381856    0.0209138917
   -7.854722    -35.861571    0.0154286815
   -7.854722    -29.341285    0.0108772347
   -7.854722    -22.821000    0.0072504860
   -7.854722    -16.300714    0.0045395786
   -7.854722     -9.780428    0.0027369335
   -7.854722     -3.260143    0.0018370525
   -7.854722      3.260143    0.0018370525
   -7.854722      9.780428    0.0027369335
   -7.854722     16.300714    0.0045395786
   -7.854722     22.821000    0.0072504860
   -7.854722     29.341285    0.0108772347
   -7.854722     35.861571    0.0154286815
   -7.854722     42.381856    0.0209138917
   -7.854722     48.902142    0.0273408015

   -2.618241    -48.902142    0.0257093182
   -2.618241    -42.381856    0.0193061751
   -2.618241    -35.861571    0.0138425274
   -2.618241    -29.341285    0.0093099634
   -2.618241    -22.821000    0.0056989599
   -2.618241    -16.300714    0.0030002530
   -2.618241     -9.780428    0.0012059349
   -2.618241     -3.260143    0.0003102766
   -2.618241      3.260143    0.0003102766
   -2.618241      9.780428    0.0012059349
   -2.618241     16.300714    0.0030002530
   -2.618241     22.821000    0.0056989599
   -2.618241     29.341285    0.0093099634
   -2.618241     35.861571    0.0138425274
   -2.618241     42.381856    0.0193061751
   -2.618241     48.902142    0.0257093182

    2.618241    -48.902142    0.0256046630
    2.618241    -42.381856    0.0192265458
    2.618241    -35.861571    0.0137853032
    2.618241    -29.341285    0.0092721525
    2.618241    -22.821000    0.0056772031
    2.618241    -16.300714    0.0029908598
    2.618241     -9.780428    0.0012049441
    2.618241     -3.260143    0.0003135363
    2.618241      3.260143    0.0003135363
    2.618241      9.780428    0.0012049441
    2.618241     16.300714    0.0029908598
    2.618241     22.821000    0.0056772031
    2.618241     29.341285    0.0092721525
    2.618241     35.861571    0.0137853032
    2.618241     42.381856    0.0192265458
    2.618241     48.902142    0.0256046630

    7.854722    -48.902142    0.0271775873
    7.854722    -42.381856    0.0208256576
    7.854722    -35.861571    0.0154075619
    7.854722    -29.341285    0.0109142541
    7.854722    -22.821000    0.0073355744
    7.854722    -16.300714    0.0046616792
    7.854722     -9.780428    0.0028841848
    7.854722     -3.260143    0.0019970255
    7.854722      3.260143    0.0019970255
    7.854722      9.780428    0.0028841848
    7.854722     16.300714    0.0046616792
    7.854722     22.821000    0.0073355744
    7.854722     29.341285    0.0109142541
    7.854722     35.861571    0.0154075619
    7.854722     42.381856    0.0208256576
    7.854722     48.902142    0.0271775873

   13.091203    -48.902142    0.0305946842
   13.091203    -42.381856    0.0242700015
   13.091203    -35.861571    0.0188757020
   13.091203    -29.341285    0.0144025768
   13.091203    -22.821000    0.0108402965
   13.091203    -16.300714    0.0081788590
   13.091203     -9.780428    0.0064097489
   13.091203     -3.260143    0.0055268062
   13.091203      3.260143    0.0055268062
   13.091203      9.780428    0.0064097489
   13.091203     16.300714    0.0081788590
   13.091203     22.821000    0.0108402965
   13.091203     29.341285    0.0144025768
   13.091203     35.861571    0.0188757020
   13.091203     42.381856    0.0242700015
   13.091203     48.902142    0.0305946842

   18.327684    -48.902142    0.0360399887
   18.327684    -42.381856    0.0297435158
   18.327684    -35.861571    0.0243735770
   18.327684    -29.341285    0.0199208915
   18.327684    -22.821000    0.0163750603
   18.327684    -16.300714    0.0137260193
   18.327684     -9.780428    0.0119652030
   18.327684     -3.260143    0.0110864162
   18.327684      3.260143    0.0110864162
   18.327684      9.780428    0.0119652030
   18.327684     16.300714    0.0137260193
   18.327684     22.821000    0.0163750603
   18.327684     29.341285    0.0199208915
   18.327684     35.861571    0.0243735770
   18.327684     42.381856    0.0297435158
   18.327684     48.902142    0.0360399887

   23.564166    -48.902142    0.0437167195
   23.564166    -42.381856    0.0374493416
   23.564166    -35.861571    0.0321042484
   23.564166    -29.341285    0.0276721784
   23.564166    -22.821000    0.0241427680
   23.564166    -16.300714    0.0215059949
   23.564166     -9.780428    0.0197533323
   23.564166     -3.260143    0.0188786145
   23.564166      3.260143    0.0188786145
   23.564166      9.780428    0.0197533323
   23.564166     16.300714    0.0215059949
   23.564166     22.821000    0.0241427680
   23.564166     29.341285    0.0276721784
   23.564166     35.861571    0.0321042484
   23.564166     42.381856    0.0374493416
   23.564166     48.902142    0.0437167195

   28.800647    -48.902142    0.0538491627
   28.800647    -42.381856    0.0476117260
   28.800647    -35.861571    0.0422918828
   28.800647    -29.341285    0.0378805135
   28.800647    -22.821000    0.0343674139
   28.800647    -16.300714    0.0317427155
   28.800647     -9.780428    0.0299980229
   28.800647     -3.260143    0.0291272652
   28.800647      3.260143    0.0291272652
   28.800647      9.780428    0.0299980229
   28.800647     16.300714    0.0317427155
   28.800647     22.821000    0.0343674139
   28.800647     29.341285    0.0378805135
   28.800647     35.861571    0.0422918828
   28.800647     42.381856    0.0476117260
   28.800647     48.902142    0.0538491627

   34.037128    -48.902142    0.0666846979
   34.037128    -42.381856    0.0604780708
   34.037128    -35.861571    0.0551837929
   34.037128    -29.341285    0.0507930971
   34.037128    -22.821000    0.0472961034
   34.037128    -16.300714    0.0446832228
   34.037128     -9.780428    0.0429462807
   34.037128     -3.260143    0.0420793593
   34.037128      3.260143    0.0420793593
   34.037128      9.780428    0.0429462807
   34.037128     16.300714    0.0446832228
   34.037128     22.821000    0.0472961034
   34.037128     29.341285    0.0507930971
   34.037128     35.861571    0.0551837929
   34.037128     42.381856    0.0604780708
   34.037128     48.902142    0.0666846979

