  -35.358766    -50.614883   -0.0186140216
  -35.358766    -43.866232   -0.0145759060
  -35.358766    -37.117581   -0.0108243776
  -35.358766    -30.368930   -0.0074748429
  -35.358766    -23.620279   -0.0046376835
  -35.358766    -16.871628   -0.0024121181
  -35.358766    -10.122977   -0.0008796792
  -35.358766     -3.374326   -0.0000983807
  -35.358766      3.374326   -0.0000983807
  -35.358766     10.122977   -0.0008796792
  -35.358766     16.871628   -0.0024121181
  -35.358766     23.620279   -0.0046376835
  -35.358766     30.368930   -0.0074748429
  -35.358766     37.117581   -0.0108243776
  -35.358766     43.866232   -0.0145759060
  -35.358766     50.614883   -0.0186140216

  -30.644264    -50.614883   -0.0133115710
  -30.644264    -43.866232   -0.0104292001
  -30.644264    -37.117581   -0.0077314210
  -30.644264    -30.368930   -0.0053306339
  -30.644264    -23.620279   -0.0033052425
  -30.644264    -16.871628   -0.0017193978
  -30.644264    -10.122977   -0.0006273741
  -30.644264     -3.374326   -0.0000701914
  -30.644264      3.374326   -0.0000701914
  -30.644264     10.122977   -0.0006273741
  -30.644264     16.871628   -0.0017193978
  -30.644264     23.620279   -0.0033052425
  -30.644264     30.368930   -0.0053306339
  -30.644264     37.117581   -0.0077314210
  -30.644264     43.866232   -0.0104292001
  -30.644264     50.614883   -0.0133115710

  -25.929762    -50.614883   -0.0091366553
  -25.929762    -43.866232   -0.0071472880
  -25.929762    -37.117581   -0.0052971386
  -25.929762    -30.368930   -0.0036514586
  -25.929762    -23.620279   -0.0022628407
  -25.929762    -16.871628   -0.0011762233
  -25.929762    -10.122977   -0.0004288627
  -25.929762     -3.374326   -0.0000479603
  -25.929762      3.374326   -0.0000479603
  -25.929762     10.122977   -0.0004288627
  -25.929762     16.871628   -0.0011762233
  -25.929762     23.620279   -0.0022628407
  -25.929762     30.368930   -0.0036514586
  -25.929762     37.117581   -0.0052971386
  -25.929762     43.866232   -0.0071472880
  -25.929762     50.614883   -0.0091366553

  -21.215260    -50.614883   -0.0059044112
  -21.215260    -43.866232   -0.0046123797
  -21.215260    -37.117581   -0.0034179907
  -21.215260    -30.368930   -0.0023558434
  -21.215260    -23.620279   -0.0014592583
  -21.215260    -16.871628   -0.0007579763
  -21.215260    -10.122977   -0.0002761709
  -21.215260     -3.374326   -0.0000308713
  -21.215260      3.374326   -0.0000308713
  -21.215260     10.122977   -0.0002761709
  -21.215260     16.871628   -0.0007579763
  -21.215260     23.620279   -0.0014592583
  -21.215260     30.368930   -0.0023558434
  -21.215260     37.117581   -0.0034179907
  -21.215260     43.866232   -0.0046123797
  -21.215260     50.614883   -0.0059044112

  -16.500757    -50.614883   -0.0034724558
  -16.500757    -43.866232   -0.0027116012
  -16.500757    -37.117581   -0.0020083082
  -16.500757    -30.368930   -0.0013835134
  -16.500757    -23.620279   -0.0008566481
  -16.500757    -16.871628   -0.0004448547
  -16.500757    -10.122977   -0.0001620617
  -16.500757     -3.374326   -0.0000181147
  -16.500757      3.374326   -0.0000181147
  -16.500757     10.122977   -0.0001620617
  -16.500757     16.871628   -0.0004448547
  -16.500757     23.620279   -0.0008566481
  -16.500757     30.368930   -0.0013835134
  -16.500757     37.117581   -0.0020083082
  -16.500757     43.866232   -0.0027116012
  -16.500757     50.614883   -0.0034724558

  -11.786255    -50.614883   -0.0017345961
  -11.786255    -43.866232   -0.0013553330
  -11.786255    -37.117581   -0.0010028536
  -11.786255    -30.368930   -0.0006902558
  -11.786255    -23.620279   -0.0004272675
  -11.786255    -16.871628   -0.0002219239
  -11.786255    -10.122977   -0.0000808799
  -11.786255     -3.374326   -0.0000090431
  -11.786255      3.374326   -0.0000090431
  -11.786255     10.122977   -0.0000808799
  -11.786255     16.871628   -0.0002219239
  -11.786255     23.620279   -0.0004272675
  -11.786255     30.368930   -0.0006902558
  -11.786255     37.117581   -0.0010028536
  -11.786255     43.866232   -0.0013553330
  -11.786255     50.614883   -0.0017345961

   -7.071753    -50.614883   -0.0006157225
   -7.071753    -43.866232   -0.0004815688
   -7.071753    -37.117581   -0.0003559744
   -7.071753    -30.368930   -0.0002447903
   -7.071753    -23.620279   -0.0001514939
   -7.071753    -16.871628   -0.0000787178
   -7.071753    -10.122977   -0.0000287060
   -7.071753     -3.374326   -0.0000032110
   -7.071753      3.374326   -0.0000032110
   -7.071753     10.122977   -0.0000287060
   -7.071753     16.871628   -0.0000787178
   -7.071753     23.620279   -0.0001514939
   -7.071753     30.368930   -0.0002447903
   -7.071753     37.117581   -0.0003559744
   -7.071753     43.866232   -0.0004815688
   -7.071753     50.614883   -0.0006157225

   -2.357251    -50.614883   -0.0000679340
   -2.357251    -43.866232   -0.0000531697
   -2.357251    -37.117581   -0.0000392784
   -2.357251    -30.368930   -0.0000269947
   -2.357251    -23.620279   -0.0000167045
   -2.357251    -16.871628   -0.0000086824
   -2.357251    -10.122977   -0.0000031676
   -2.357251     -3.374326   -0.0000003544
   -2.357251      3.374326   -0.0000003544
   -2.357251     10.122977   -0.0000031676
   -2.357251     16.871628   -0.0000086824
   -2.357251     23.620279   -0.0000167045
   -2.357251     30.368930   -0.0000269947
   -2.357251     37.117581   -0.0000392784
   -2.357251     43.866232   -0.0000531697
   -2.357251     50.614883   -0.0000679340

    2.357251    -50.614883   -0.0000679340
    2.357251    -43.866232   -0.0000531697
    2.357251    -37.117581   -0.0000392784
    2.357251    -30.368930   -0.0000269947
    2.357251    -23.620279   -0.0000167045
    2.357251    -16.871628   -0.0000086824
    2.357251    -10.122977   -0.0000031676
    2.357251     -3.374326   -0.0000003544
    2.357251      3.374326   -0.0000003544
    2.357251     10.122977   -0.0000031676
    2.357251     16.871628   -0.0000086824
    2.357251     23.620279   -0.0000167045
    2.357251     30.368930   -0.0000269947
    2.357251     37.117581   -0.0000392784
    2.357251     43.866232   -0.0000531697
    2.357251     50.614883   -0.0000679340

    7.071753    -50.614883   -0.0006157225
    7.071753    -43.866232   -0.0004815688
    7.071753    -37.117581   -0.0003559744
    7.071753    -30.368930   -0.0002447903
    7.071753    -23.620279   -0.0001514939
    7.071753    -16.871628   -0.0000787178
    7.071753    -10.122977   -0.0000287060
    7.071753     -3.374326   -0.0000032110
    7.071753      3.374326   -0.0000032110
    7.071753     10.122977   -0.0000287060
    7.071753     16.871628   -0.0000787178
    7.071753     23.620279   -0.0001514939
    7.071753     30.368930   -0.0002447903
    7.071753     37.117581   -0.0003559744
    7.071753     43.866232   -0.0004815688
    7.071753     50.614883   -0.0006157225

   11.786255    -50.614883   -0.0017345961
   11.786255    -43.866232   -0.0013553330
   11.786255    -37.117581   -0.0010028536
   11.786255    -30.368930   -0.0006902558
   11.786255    -23.620279   -0.0004272675
   11.786255    -16.871628   -0.0002219239
   11.786255    -10.122977   -0.0000808799
   11.786255     -3.374326   -0.0000090431
   11.786255      3.374326   -0.0000090431
   11.786255     10.122977   -0.0000808799
   11.786255     16.871628   -0.0002219239
   11.786255     23.620279   -0.0004272675
   11.786255     30.368930   -0.0006902558
   11.786255     37.117581   -0.0010028536
   11.786255     43.866232   -0.0013553330
   11.786255     50.614883   -0.0017345961

   16.500757    -50.614883   -0.0034724558
   16.500757    -43.866232   -0.0027116012
   16.500757    -37.117581   -0.0020083082
   16.500757    -30.368930   -0.0013835134
   16.500757    -23.620279   -0.0008566481
   16.500757    -16.871628   -0.0004448547
   16.500757    -10.122977   -0.0001620617
   16.500757     -3.374326   -0.0000181147
   16.500757      3.374326   -0.0000181147
   16.500757     10.122977   -0.0001620617
   16.500757     16.871628   -0.0004448547
   16.500757     23.620279   -0.0008566481
   16.500757     30.368930   -0.0013835134
   16.500757     37.117581   -0.0020083082
   16.500757     43.866232   -0.0027116012
   16.500757     50.614883   -0.0034724558

   21.215260    -50.614883   -0.0059044112
   21.215260    -43.866232   -0.0046123797
   21.215260    -37.117581   -0.0034179907
   21.215260    -30.368930   -0.0023558434
   21.215260    -23.620279   -0.0014592583
   21.215260    -16.871628   -0.0007579763
   21.215260    -10.122977   -0.0002761709
   21.215260     -3.374326   -0.0000308713
   21.215260      3.374326   -0.0000308713
   21.215260     10.122977   -0.0002761709
   21.215260     16.871628   -0.0007579763
   21.215260     23.620279   -0.0014592583
   21.215260     30.368930   -0.0023558434
   21.215260     37.117581   -0.0034179907
   21.215260     43.866232   -0.0046123797
   21.215260     50.614883   -0.0059044112

   25.929762    -50.614883   -0.0091366553
   25.929762    -43.866232   -0.0071472880
   25.929762    -37.117581   -0.0052971386
   25.929762    -30.368930   -0.0036514586
   25.929762    -23.620279   -0.0022628407
   25.929762    -16.871628   -0.0011762233
   25.929762    -10.122977   -0.0004288627
   25.929762     -3.374326   -0.0000479603
   25.929762      3.374326   -0.0000479603
   25.929762     10.122977   -0.0004288627
   25.929762     16.871628   -0.0011762233
   25.929762     23.620279   -0.0022628407
   25.929762     30.368930   -0.0036514586
   25.929762     37.117581   -0.0052971386
   25.929762     43.866232   -0.0071472880
   25.929762     50.614883   -0.0091366553

   30.644264    -50.614883   -0.0133115710
   30.644264    -43.866232   -0.0104292001
   30.644264    -37.117581   -0.0077314210
   30.644264    -30.368930   -0.0053306339
   30.644264    -23.620279   -0.0033052425
   30.644264    -16.871628   -0.0017193978
   30.644264    -10.122977   -0.0006273741
   30.644264     -3.374326   -0.0000701914
   30.644264      3.374326   -0.0000701914
   30.644264     10.122977   -0.0006273741
   30.644264     16.871628   -0.0017193978
   30.644264     23.620279   -0.0033052425
   30.644264     30.368930   -0.0053306339
   30.644264     37.117581   -0.0077314210
   30.644264     43.866232   -0.0104292001
   30.644264     50.614883   -0.0133115710

   35.358766    -50.614883   -0.0186140216
   35.358766    -43.866232   -0.0145759060
   35.358766    -37.117581   -0.0108243776
   35.358766    -30.368930   -0.0074748429
   35.358766    -23.620279   -0.0046376835
   35.358766    -16.871628   -0.0024121181
   35.358766    -10.122977   -0.0008796792
   35.358766     -3.374326   -0.0000983807
   35.358766      3.374326   -0.0000983807
   35.358766     10.122977   -0.0008796792
   35.358766     16.871628   -0.0024121181
   35.358766     23.620279   -0.0046376835
   35.358766     30.368930   -0.0074748429
   35.358766     37.117581   -0.0108243776
   35.358766     43.866232   -0.0145759060
   35.358766     50.614883   -0.0186140216

