  -47.136383    -48.902142    0.0553258254
  -47.136383    -42.381856    0.0486556927
  -47.136383    -35.861571    0.0429469288
  -47.136383    -29.341285    0.0381976991
  -47.136383    -22.821000    0.0344047834
  -47.136383    -16.300714    0.0315644397
  -47.136383     -9.780428    0.0296731538
  -47.136383     -3.260143    0.0287282362
  -47.136383      3.260143    0.0287282362
  -47.136383      9.780428    0.0296731538
  -47.136383     16.300714    0.0315644397
  -47.136383     22.821000    0.0344047834
  -47.136383     29.341285    0.0381976991
  -47.136383     35.861571    0.0429469288
  -47.136383     42.381856    0.0486556927
  -47.136383     48.902142    0.0553258254

  -40.851532    -48.902142    0.0479253282
  -40.851532    -42.381856    0.0413144702
  -40.851532    -35.861571    0.0356626574
  -40.851532    -29.341285    0.0309645822
  -40.851532    -22.821000    0.0272148780
  -40.851532    -16.300714    0.0244082989
  -40.851532     -9.780428    0.0225401992
  -40.851532     -3.260143    0.0216070870
  -40.851532      3.260143    0.0216070870
  -40.851532      9.780428    0.0225401992
  -40.851532     16.300714    0.0244082989
  -40.851532     22.821000    0.0272148780
  -40.851532     29.341285    0.0309645822
  -40.851532     35.861571    0.0356626574
  -40.851532     42.381856    0.0413144702
  -40.851532     48.902142    0.0479253282

  -34.566681    -48.902142    0.0415608041
  -34.566681    -42.381856    0.0350096983
  -34.566681    -35.861571    0.0294113130
  -34.566681    -29.341285    0.0247611852
  -34.566681    -22.821000    0.0210525261
  -34.566681    -16.300714    0.0182782880
  -34.566681     -9.780428    0.0164324262
  -34.566681     -3.260143    0.0155106146
  -34.566681      3.260143    0.0155106146
  -34.566681      9.780428    0.0164324262
  -34.566681     16.300714    0.0182782880
  -34.566681     22.821000    0.0210525261
  -34.566681     29.341285    0.0247611852
  -34.566681     35.861571    0.0294113130
  -34.566681     42.381856    0.0350096983
  -34.566681     48.902142    0.0415608041

  -28.281830    -48.902142    0.0362410044
  -28.281830    -42.381856    0.0297414793
  -28.281830    -35.861571    0.0241932170
  -28.281830    -29.341285    0.0195872477
  -28.281830    -22.821000    0.0159153474
  -28.281830    -16.300714    0.0131697727
  -28.281830     -9.780428    0.0113437220
  -28.281830     -3.260143    0.0104320757
  -28.281830      3.260143    0.0104320757
  -28.281830      9.780428    0.0113437220
  -28.281830     16.300714    0.0131697727
  -28.281830     22.821000    0.0159153474
  -28.281830     29.341285    0.0195872477
  -28.281830     35.861571    0.0241932170
  -28.281830     42.381856    0.0297414793
  -28.281830     48.902142    0.0362410044

  -21.996979    -48.902142    0.0319744348
  -21.996979    -42.381856    0.0255187542
  -21.996979    -35.861571    0.0200119388
  -21.996979    -29.341285    0.0154425150
  -21.996979    -22.821000    0.0118011165
  -21.996979    -16.300714    0.0090792657
  -21.996979     -9.780428    0.0072695103
  -21.996979     -3.260143    0.0063661757
  -21.996979      3.260143    0.0063661757
  -21.996979      9.780428    0.0072695103
  -21.996979     16.300714    0.0090792657
  -21.996979     22.821000    0.0118011165
  -21.996979     29.341285    0.0154425150
  -21.996979     35.861571    0.0200119388
  -21.996979     42.381856    0.0255187542
  -21.996979     48.902142    0.0319744348

  -15.712128    -48.902142    0.0287695141
  -15.712128    -42.381856    0.0223489223
  -15.712128    -35.861571    0.0168717556
  -15.712128    -29.341285    0.0123287466
  -15.712128    -22.821000    0.0087099126
  -15.712128    -16.300714    0.0060056692
  -15.712128     -9.780428    0.0042078408
  -15.712128     -3.260143    0.0033104872
  -15.712128      3.260143    0.0033104872
  -15.712128      9.780428    0.0042078408
  -15.712128     16.300714    0.0060056692
  -15.712128     22.821000    0.0087099126
  -15.712128     29.341285    0.0123287466
  -15.712128     35.861571    0.0168717556
  -15.712128     42.381856    0.0223489223
  -15.712128     48.902142    0.0287695141

   -9.427277    -48.902142    0.0266346570
   -9.427277    -42.381856    0.0202370606
   -9.427277    -35.861571    0.0147777169
   -9.427277    -29.341285    0.0102504208
   -9.427277    -22.821000    0.0066450490
   -9.427277    -16.300714    0.0039512454
   -9.427277     -9.780428    0.0021603851
   -9.427277     -3.260143    0.0012664737
   -9.427277      3.260143    0.0012664737
   -9.427277      9.780428    0.0021603851
   -9.427277     16.300714    0.0039512454
   -9.427277     22.821000    0.0066450490
   -9.427277     29.341285    0.0102504208
   -9.427277     35.861571    0.0147777169
   -9.427277     42.381856    0.0202370606
   -9.427277     48.902142    0.0266346570

   -3.142426    -48.902142    0.0255782583
   -3.142426    -42.381856    0.0191888673
   -3.142426    -35.861571    0.0137366280
   -3.142426    -29.341285    0.0092147417
   -3.142426    -22.821000    0.0056132791
   -3.142426    -16.300714    0.0029222082
   -3.142426     -9.780428    0.0011331145
   -3.142426     -3.260143    0.0002400812
   -3.142426      3.260143    0.0002400812
   -3.142426      9.780428    0.0011331145
   -3.142426     16.300714    0.0029222082
   -3.142426     22.821000    0.0056132791
   -3.142426     29.341285    0.0092147417
   -3.142426     35.861571    0.0137366280
   -3.142426     42.381856    0.0191888673
   -3.142426     48.902142    0.0255782583

    3.142426    -48.902142    0.0256085600
    3.142426    -42.381856    0.0192132677
    3.142426    -35.861571    0.0137577775
    3.142426    -29.341285    0.0092313671
    3.142426    -22.821000    0.0056246234
    3.142426    -16.300714    0.0029288634
    3.142426     -9.780428    0.0011365114
    3.142426     -3.260143    0.0002418705
    3.142426      3.260143    0.0002418705
    3.142426      9.780428    0.0011365114
    3.142426     16.300714    0.0029288634
    3.142426     22.821000    0.0056246234
    3.142426     29.341285    0.0092313671
    3.142426     35.861571    0.0137577775
    3.142426     42.381856    0.0192132677
    3.142426     48.902142    0.0256085600

    9.427277    -48.902142    0.0267333893
    9.427277    -42.381856    0.0203224218
    9.427277    -35.861571    0.0148527473
    9.427277    -29.341285    0.0103120816
    9.427277    -22.821000    0.0066920148
    9.427277    -16.300714    0.0039852647
    9.427277     -9.780428    0.0021852303
    9.427277     -3.260143    0.0012866762
    9.427277      3.260143    0.0012866762
    9.427277      9.780428    0.0021852303
    9.427277     16.300714    0.0039852647
    9.427277     22.821000    0.0066920148
    9.427277     29.341285    0.0103120816
    9.427277     35.861571    0.0148527473
    9.427277     42.381856    0.0203224218
    9.427277     48.902142    0.0267333893

   15.712128    -48.902142    0.0289597592
   15.712128    -42.381856    0.0225286879
   15.712128    -35.861571    0.0170341606
   15.712128    -29.341285    0.0124704509
   15.712128    -22.821000    0.0088308035
   15.712128    -16.300714    0.0061083906
   15.712128     -9.780428    0.0042972031
   15.712128     -3.260143    0.0033927905
   15.712128      3.260143    0.0033927905
   15.712128      9.780428    0.0042972031
   15.712128     16.300714    0.0061083906
   15.712128     22.821000    0.0088308035
   15.712128     29.341285    0.0124704509
   15.712128     35.861571    0.0170341606
   15.712128     42.381856    0.0225286879
   15.712128     48.902142    0.0289597592

   21.996979    -48.902142    0.0322933274
   21.996979    -42.381856    0.0258398990
   21.996979    -35.861571    0.0203137303
   21.996979    -29.341285    0.0157213021
   21.996979    -22.821000    0.0120580147
   21.996979    -16.300714    0.0093168820
   21.996979     -9.780428    0.0074922479
   21.996979     -3.260143    0.0065806830
   21.996979      3.260143    0.0065806830
   21.996979      9.780428    0.0074922479
   21.996979     16.300714    0.0093168820
   21.996979     22.821000    0.0120580147
   21.996979     29.341285    0.0157213021
   21.996979     35.861571    0.0203137303
   21.996979     42.381856    0.0258398990
   21.996979     48.902142    0.0322933274

   28.281830    -48.902142    0.0367377159
   28.281830    -42.381856    0.0302561198
   28.281830    -35.861571    0.0247004909
   28.281830    -29.341285    0.0200796840
   28.281830    -22.821000    0.0163910991
   28.281830    -16.300714    0.0136294213
   28.281830     -9.780428    0.0117903162
   28.281830     -3.260143    0.0108712776
   28.281830      3.260143    0.0108712776
   28.281830      9.780428    0.0117903162
   28.281830     16.300714    0.0136294213
   28.281830     22.821000    0.0163910991
   28.281830     29.341285    0.0200796840
   28.281830     35.861571    0.0247004909
   28.281830     42.381856    0.0302561198
   28.281830     48.902142    0.0367377159

   34.566681    -48.902142    0.0422936965
   34.566681    -42.381856    0.0357728591
   34.566681    -35.861571    0.0302006033
   34.566681    -29.341285    0.0255587700
   34.566681    -22.821000    0.0218457663
   34.566681    -16.300714    0.0190628694
   34.566681     -9.780428    0.0172095810
   34.566681     -3.260143    0.0162838232
   34.566681      3.260143    0.0162838232
   34.566681      9.780428    0.0172095810
   34.566681     16.300714    0.0190628694
   34.566681     22.821000    0.0218457663
   34.566681     29.341285    0.0255587700
   34.566681     35.861571    0.0302006033
   34.566681     42.381856    0.0357728591
   34.566681     48.902142    0.0422936965

   40.851532    -48.902142    0.0489582523
   40.851532    -42.381856    0.0423975211
   40.851532    -35.861571    0.0368206424
   40.851532    -29.341285    0.0321659780
   40.851532    -22.821000    0.0284323386
   40.851532    -16.300714    0.0256303151
   40.851532     -9.780428    0.0237646436
   40.851532     -3.260143    0.0228334044
   40.851532      3.260143    0.0228334044
   40.851532      9.780428    0.0237646436
   40.851532     16.300714    0.0256303151
   40.851532     22.821000    0.0284323386
   40.851532     29.341285    0.0321659780
   40.851532     35.861571    0.0368206424
   40.851532     42.381856    0.0423975211
   40.851532     48.902142    0.0489582523

   47.136383    -48.902142    0.0567235317
   47.136383    -42.381856    0.0501876867
   47.136383    -35.861571    0.0445767833
   47.136383    -29.341285    0.0398963872
   47.136383    -22.821000    0.0361499126
   47.136383    -16.300714    0.0333392282
   47.136383     -9.780428    0.0314652029
   47.136383     -3.260143    0.0305281520
   47.136383      3.260143    0.0305281520
   47.136383      9.780428    0.0314652029
   47.136383     16.300714    0.0333392282
   47.136383     22.821000    0.0361499126
   47.136383     29.341285    0.0398963872
   47.136383     35.861571    0.0445767833
   47.136383     42.381856    0.0501876867
   47.136383     48.902142    0.0567235317

