  -44.510090    -48.827424    0.0700390712
  -44.510090    -42.317101    0.0637807548
  -44.510090    -35.806778    0.0584227760
  -44.510090    -29.296454    0.0539754477
  -44.510090    -22.786131    0.0504449294
  -44.510090    -16.275808    0.0478347850
  -44.510090     -9.765485    0.0461472972
  -44.510090     -3.255162    0.0453845358
  -44.510090      3.255162    0.0455491820
  -44.510090      9.765485    0.0466451075
  -44.510090     16.275808    0.0486777089
  -44.510090     22.786131    0.0516539976
  -44.510090     29.296454    0.0555824440
  -44.510090     35.806778    0.0604725780
  -44.510090     42.317101    0.0663343438
  -44.510090     48.827424    0.0731772105

  -39.273609    -48.827424    0.0611790378
  -39.273609    -42.317101    0.0548925287
  -39.273609    -35.806778    0.0495079168
  -39.273609    -29.296454    0.0450340426
  -39.273609    -22.786131    0.0414757178
  -39.273609    -16.275808    0.0388353697
  -39.273609     -9.765485    0.0371144145
  -39.273609     -3.255162    0.0363143580
  -39.273609      3.255162    0.0364376235
  -39.273609      9.765485    0.0374881083
  -39.273609     16.275808    0.0394714678
  -39.273609     22.786131    0.0423951270
  -39.273609     29.296454    0.0462680201
  -39.273609     35.806778    0.0511000578
  -39.273609     42.317101    0.0569013224
  -39.273609     48.827424    0.0636809909

  -34.037128    -48.827424    0.0530828504
  -34.037128    -42.317101    0.0467764134
  -34.037128    -35.806778    0.0413731432
  -34.037128    -29.296454    0.0368802208
  -34.037128    -22.786131    0.0333010971
  -34.037128    -16.275808    0.0306371574
  -34.037128     -9.765485    0.0288890995
  -34.037128     -3.255162    0.0280580237
  -34.037128      3.255162    0.0281462354
  -34.037128      9.765485    0.0291577599
  -34.037128     16.275808    0.0310985701
  -34.037128     22.786131    0.0339765263
  -34.037128     29.296454    0.0378010286
  -34.037128     35.806778    0.0425823815
  -34.037128     42.317101    0.0483308714
  -34.037128     48.827424    0.0550555562

  -28.800647    -48.827424    0.0458252137
  -28.800647    -42.317101    0.0395069317
  -28.800647    -35.806778    0.0340926059
  -28.800647    -29.296454    0.0295877461
  -28.800647    -22.786131    0.0259944965
  -28.800647    -16.275808    0.0233132986
  -28.800647     -9.765485    0.0215442532
  -28.800647     -3.255162    0.0206881839
  -28.800647      3.255162    0.0207474002
  -28.800647      9.765485    0.0217261621
  -28.800647     16.275808    0.0236308442
  -28.800647     22.786131    0.0264698002
  -28.800647     29.296454    0.0302529292
  -28.800647     35.806778    0.0349909404
  -28.800647     42.317101    0.0406943202
  -28.800647     48.827424    0.0473719983

  -23.564166    -48.827424    0.0394892116
  -23.564166    -42.317101    0.0331669391
  -23.564166    -35.806778    0.0277488347
  -23.564166    -29.296454    0.0232388113
  -23.564166    -22.786131    0.0196377987
  -23.564166    -16.275808    0.0169453989
  -23.564166     -9.765485    0.0151612299
  -23.564166     -3.255162    0.0142859562
  -23.564166      3.255162    0.0143220085
  -23.564166      9.765485    0.0152739901
  -23.564166     16.275808    0.0171487715
  -23.564166     22.786131    0.0199552737
  -23.564166     29.296454    0.0237039379
  -23.564166     35.806778    0.0284058839
  -23.564166     42.317101    0.0340717566
  -23.564166     48.827424    0.0407102597

  -18.327684    -48.827424    0.0341669116
  -18.327684    -42.317101    0.0278482501
  -18.327684    -35.806778    0.0224333546
  -18.327684    -29.296454    0.0179246454
  -18.327684    -22.786131    0.0143219469
  -18.327684    -16.275808    0.0116241364
  -18.327684     -9.765485    0.0098304671
  -18.327684     -3.255162    0.0089415648
  -18.327684      3.255162    0.0089600984
  -18.327684      9.765485    0.0098911244
  -18.327684     16.275808    0.0117421055
  -18.327684     22.786131    0.0145226023
  -18.327684     29.296454    0.0182436394
  -18.327684     35.806778    0.0229167455
  -18.327684     42.317101    0.0285526670
  -18.327684     48.827424    0.0351597553

  -13.091203    -48.827424    0.0299601139
  -13.091203    -42.317101    0.0236524049
  -13.091203    -35.806778    0.0182474443
  -13.091203    -29.296454    0.0137462631
  -13.091203    -22.786131    0.0101476965
  -13.091203    -16.275808    0.0074500218
  -13.091203     -9.765485    0.0056522570
  -13.091203     -3.255162    0.0047551174
  -13.091203      3.255162    0.0047616325
  -13.091203      9.765485    0.0056774220
  -13.091203     16.275808    0.0075106308
  -13.091203     22.786131    0.0102715242
  -13.091203     29.296454    0.0139717411
  -13.091203     35.806778    0.0186232082
  -13.091203     42.317101    0.0242367120
  -13.091203     48.827424    0.0308201316

   -7.854722    -48.827424    0.0269812435
   -7.854722    -42.317101    0.0206915756
   -7.854722    -35.806778    0.0153030369
   -7.854722    -29.296454    0.0108153601
   -7.854722    -22.786131    0.0072265100
   -7.854722    -16.275808    0.0045343005
   -7.854722     -9.765485    0.0027376563
   -7.854722     -3.255162    0.0018375216
   -7.854722      3.255162    0.0018374141
   -7.854722      9.765485    0.0027436250
   -7.854722     16.275808    0.0045650648
   -7.854722     22.786131    0.0073127556
   -7.854722     29.296454    0.0109989685
   -7.854722     35.806778    0.0156360071
   -7.854722     42.317101    0.0212346376
   -7.854722     48.827424    0.0278021637

   -2.618241    -48.827424    0.0253543864
   -2.618241    -42.317101    0.0190896131
   -2.618241    -35.806778    0.0137237627
   -2.618241    -29.296454    0.0092553512
   -2.618241    -22.786131    0.0056815970
   -2.618241    -16.275808    0.0029999969
   -2.618241     -9.765485    0.0012095373
   -2.618241     -3.255162    0.0003115394
   -2.618241      3.255162    0.0003101409
   -2.618241      9.765485    0.0012124108
   -2.618241     16.275808    0.0030281003
   -2.618241     22.786131    0.0057690285
   -2.618241     29.296454    0.0094481021
   -2.618241     35.806778    0.0140779714
   -2.618241     42.317101    0.0196693197
   -2.618241     48.827424    0.0262287890

    2.618241    -48.827424    0.0252164697
    2.618241    -42.317101    0.0189832341
    2.618241    -35.806778    0.0136461339
    2.618241    -29.296454    0.0092025538
    2.618241    -22.786131    0.0056490976
    2.618241    -16.275808    0.0029831022
    2.618241     -9.765485    0.0012037786
    2.618241     -3.255162    0.0003129802
    2.618241      3.255162    0.0003155974
    2.618241      9.765485    0.0012195809
    2.618241     16.275808    0.0030355900
    2.618241     22.786131    0.0057762702
    2.618241     29.296454    0.0094551563
    2.618241     35.806778    0.0140852035
    2.618241     42.317101    0.0196769454
    2.618241     48.827424    0.0262362786

    7.854722    -48.827424    0.0267185857
    7.854722    -42.317101    0.0205233476
    7.854722    -35.806778    0.0152208719
    7.854722    -29.296454    0.0108075147
    7.854722    -22.786131    0.0072794107
    7.854722    -16.275808    0.0046339030
    7.854722     -9.765485    0.0028705963
    7.854722     -3.255162    0.0019920320
    7.854722      3.255162    0.0020039859
    7.854722      9.765485    0.0029153894
    7.854722     16.275808    0.0047378719
    7.854722     22.786131    0.0074849266
    7.854722     29.296454    0.0111706991
    7.854722     35.806778    0.0158083978
    7.854722     42.317101    0.0214083277
    7.854722     48.827424    0.0279755460

   13.091203    -48.827424    0.0300274589
   13.091203    -42.317101    0.0238765227
   13.091203    -35.806778    0.0186143762
   13.091203    -29.296454    0.0142364810
   13.091203    -22.786131    0.0107386655
   13.091203    -16.275808    0.0081184537
   13.091203     -9.765485    0.0063760144
   13.091203     -3.255162    0.0055147317
   13.091203      3.255162    0.0055413953
   13.091203      9.765485    0.0064660119
   13.091203     16.275808    0.0083012370
   13.091203     22.786131    0.0110614273
   13.091203     29.296454    0.0147613140
   13.091203     35.806778    0.0194142964
   13.091203     42.317101    0.0250303562
   13.091203     48.827424    0.0316135925

   18.327684    -48.827424    0.0353270584
   18.327684    -42.317101    0.0292265950
   18.327684    -35.806778    0.0240103358
   18.327684    -29.296454    0.0196730158
   18.327684    -22.786131    0.0162103383
   18.327684    -16.275808    0.0136201902
   18.327684     -9.765485    0.0119034759
   18.327684     -3.255162    0.0110645732
   18.327684      3.255162    0.0111114085
   18.327684      9.765485    0.0120551526
   18.327684     16.275808    0.0139095377
   18.327684     22.786131    0.0166897931
   18.327684     29.296454    0.0204112032
   18.327684     35.806778    0.0250872841
   18.327684     42.317101    0.0307275820
   18.327684     48.827424    0.0373350911

   23.564166    -48.827424    0.0428203525
   23.564166    -42.317101    0.0367764148
   23.564166    -35.806778    0.0316114830
   23.564166    -29.296454    0.0273197573
   23.564166    -22.786131    0.0238970125
   23.564166    -16.275808    0.0213416871
   23.564166     -9.765485    0.0196555944
   23.564166     -3.255162    0.0188442545
   23.564166      3.255162    0.0189168482
   23.564166      9.765485    0.0198857927
   23.564166     16.275808    0.0217659383
   23.564166     22.786131    0.0245733869
   23.564166     29.296454    0.0283239323
   23.564166     35.806778    0.0330311214
   23.564166     42.317101    0.0387039379
   23.564166     48.827424    0.0453441065

   28.800647    -48.827424    0.0527312083
   28.800647    -42.317101    0.0467497339
   28.800647    -35.806778    0.0416414884
   28.800647    -29.296454    0.0374003229
   28.800647    -22.786131    0.0340222830
   28.800647    -16.275808    0.0315065563
   28.800647     -9.765485    0.0298560445
   28.800647     -3.255162    0.0290775625
   28.800647      3.255162    0.0291816612
   28.800647      9.765485    0.0301820772
   28.800647     16.275808    0.0320948067
   28.800647     22.786131    0.0349368060
   28.800647     29.296454    0.0387243165
   28.800647     35.806778    0.0434708158
   28.800647     42.317101    0.0491845935
   28.800647     48.827424    0.0558659533

   34.037128    -48.827424    0.0653064346
   34.037128    -42.317101    0.0593932338
   34.037128    -35.806778    0.0543469991
   34.037128    -29.296454    0.0501613564
   34.037128    -22.786131    0.0468328055
   34.037128    -16.275808    0.0443614883
   34.037128     -9.765485    0.0427515935
   34.037128     -3.255162    0.0420113973
   34.037128      3.255162    0.0421529404
   34.037128      9.765485    0.0431913416
   34.037128     16.275808    0.0451437473
   34.037128     22.786131    0.0480279177
   34.037128     29.296454    0.0518604488
   34.037128     35.806778    0.0566546312
   34.037128     42.317101    0.0624179450
   34.037128     48.827424    0.0691491907

