  -35.358766    -55.127356   -0.0010774517
  -35.358766    -47.777042   -0.0008473683
  -35.358766    -40.426728   -0.0006300666
  -35.358766    -33.076414   -0.0004348176
  -35.358766    -25.726100   -0.0002693473
  -35.358766    -18.375785   -0.0001398365
  -35.358766    -11.025471   -0.0000509206
  -35.358766     -3.675157   -0.0000056900
  -35.358766      3.675157   -0.0000056900
  -35.358766     11.025471   -0.0000509206
  -35.358766     18.375785   -0.0001398365
  -35.358766     25.726100   -0.0002693473
  -35.358766     33.076414   -0.0004348176
  -35.358766     40.426728   -0.0006300666
  -35.358766     47.777042   -0.0008473683
  -35.358766     55.127356   -0.0010774517

  -30.644264    -55.127356   -0.0007989017
  -30.644264    -47.777042   -0.0006285393
  -30.644264    -40.426728   -0.0004674944
  -30.644264    -33.076414   -0.0003226993
  -30.644264    -25.726100   -0.0001999310
  -30.644264    -18.375785   -0.0001038109
  -30.644264    -11.025471   -0.0000378052
  -30.644264     -3.675157   -0.0000042246
  -30.644264      3.675157   -0.0000042246
  -30.644264     11.025471   -0.0000378052
  -30.644264     18.375785   -0.0001038109
  -30.644264     25.726100   -0.0001999310
  -30.644264     33.076414   -0.0003226993
  -30.644264     40.426728   -0.0004674944
  -30.644264     47.777042   -0.0006285393
  -30.644264     55.127356   -0.0007989017

  -25.929762    -55.127356   -0.0005656219
  -25.929762    -47.777042   -0.0004451536
  -25.929762    -40.426728   -0.0003311827
  -25.929762    -33.076414   -0.0002286535
  -25.929762    -25.726100   -0.0001416860
  -25.929762    -18.375785   -0.0000735763
  -25.929762    -11.025471   -0.0000267965
  -25.929762     -3.675157   -0.0000029946
  -25.929762      3.675157   -0.0000029946
  -25.929762     11.025471   -0.0000267965
  -25.929762     18.375785   -0.0000735763
  -25.929762     25.726100   -0.0001416860
  -25.929762     33.076414   -0.0002286535
  -25.929762     40.426728   -0.0003311827
  -25.929762     47.777042   -0.0004451536
  -25.929762     55.127356   -0.0005656219

  -21.215260    -55.127356   -0.0003750844
  -21.215260    -47.777042   -0.0002952811
  -21.215260    -40.426728   -0.0002197304
  -21.215260    -33.076414   -0.0001517314
  -21.215260    -25.726100   -0.0000940333
  -21.215260    -18.375785   -0.0000488353
  -21.215260    -11.025471   -0.0000177869
  -21.215260     -3.675157   -0.0000019878
  -21.215260      3.675157   -0.0000019878
  -21.215260     11.025471   -0.0000177869
  -21.215260     18.375785   -0.0000488353
  -21.215260     25.726100   -0.0000940333
  -21.215260     33.076414   -0.0001517314
  -21.215260     40.426728   -0.0002197304
  -21.215260     47.777042   -0.0002952811
  -21.215260     55.127356   -0.0003750844

  -16.500757    -55.127356   -0.0002251825
  -16.500757    -47.777042   -0.0001773132
  -16.500757    -40.426728   -0.0001319697
  -16.500757    -33.076414   -0.0000911425
  -16.500757    -25.726100   -0.0000564902
  -16.500757    -18.375785   -0.0000293399
  -16.500757    -11.025471   -0.0000106868
  -16.500757     -3.675157   -0.0000011943
  -16.500757      3.675157   -0.0000011943
  -16.500757     11.025471   -0.0000106868
  -16.500757     18.375785   -0.0000293399
  -16.500757     25.726100   -0.0000564902
  -16.500757     33.076414   -0.0000911425
  -16.500757     40.426728   -0.0001319697
  -16.500757     47.777042   -0.0001773132
  -16.500757     55.127356   -0.0002251825

  -11.786255    -55.127356   -0.0001142307
  -11.786255    -47.777042   -0.0000899633
  -11.786255    -40.426728   -0.0000669666
  -11.786255    -33.076414   -0.0000462542
  -11.786255    -25.726100   -0.0000286707
  -11.786255    -18.375785   -0.0000148919
  -11.786255    -11.025471   -0.0000054244
  -11.786255     -3.675157   -0.0000006062
  -11.786255      3.675157   -0.0000006062
  -11.786255     11.025471   -0.0000054244
  -11.786255     18.375785   -0.0000148919
  -11.786255     25.726100   -0.0000286707
  -11.786255     33.076414   -0.0000462542
  -11.786255     40.426728   -0.0000669666
  -11.786255     47.777042   -0.0000899633
  -11.786255     55.127356   -0.0001142307

   -7.071753    -55.127356   -0.0000409650
   -7.071753    -47.777042   -0.0000322661
   -7.071753    -40.426728   -0.0000240204
   -7.071753    -33.076414   -0.0000165922
   -7.071753    -25.726100   -0.0000102853
   -7.071753    -18.375785   -0.0000053425
   -7.071753    -11.025471   -0.0000019461
   -7.071753     -3.675157   -0.0000002175
   -7.071753      3.675157   -0.0000002175
   -7.071753     11.025471   -0.0000019461
   -7.071753     18.375785   -0.0000053425
   -7.071753     25.726100   -0.0000102853
   -7.071753     33.076414   -0.0000165922
   -7.071753     40.426728   -0.0000240204
   -7.071753     47.777042   -0.0000322661
   -7.071753     55.127356   -0.0000409650

   -2.357251    -55.127356   -0.0000045429
   -2.357251    -47.777042   -0.0000035784
   -2.357251    -40.426728   -0.0000026641
   -2.357251    -33.076414   -0.0000018403
   -2.357251    -25.726100   -0.0000011408
   -2.357251    -18.375785   -0.0000005926
   -2.357251    -11.025471   -0.0000002159
   -2.357251     -3.675157   -0.0000000241
   -2.357251      3.675157   -0.0000000241
   -2.357251     11.025471   -0.0000002159
   -2.357251     18.375785   -0.0000005926
   -2.357251     25.726100   -0.0000011408
   -2.357251     33.076414   -0.0000018403
   -2.357251     40.426728   -0.0000026641
   -2.357251     47.777042   -0.0000035784
   -2.357251     55.127356   -0.0000045429

    2.357251    -55.127356   -0.0000045429
    2.357251    -47.777042   -0.0000035784
    2.357251    -40.426728   -0.0000026641
    2.357251    -33.076414   -0.0000018403
    2.357251    -25.726100   -0.0000011408
    2.357251    -18.375785   -0.0000005926
    2.357251    -11.025471   -0.0000002159
    2.357251     -3.675157   -0.0000000241
    2.357251      3.675157   -0.0000000241
    2.357251     11.025471   -0.0000002159
    2.357251     18.375785   -0.0000005926
    2.357251     25.726100   -0.0000011408
    2.357251     33.076414   -0.0000018403
    2.357251     40.426728   -0.0000026641
    2.357251     47.777042   -0.0000035784
    2.357251     55.127356   -0.0000045429

    7.071753    -55.127356   -0.0000409650
    7.071753    -47.777042   -0.0000322661
    7.071753    -40.426728   -0.0000240204
    7.071753    -33.076414   -0.0000165922
    7.071753    -25.726100   -0.0000102853
    7.071753    -18.375785   -0.0000053425
    7.071753    -11.025471   -0.0000019461
    7.071753     -3.675157   -0.0000002175
    7.071753      3.675157   -0.0000002175
    7.071753     11.025471   -0.0000019461
    7.071753     18.375785   -0.0000053425
    7.071753     25.726100   -0.0000102853
    7.071753     33.076414   -0.0000165922
    7.071753     40.426728   -0.0000240204
    7.071753     47.777042   -0.0000322661
    7.071753     55.127356   -0.0000409650

   11.786255    -55.127356   -0.0001142307
   11.786255    -47.777042   -0.0000899633
   11.786255    -40.426728   -0.0000669666
   11.786255    -33.076414   -0.0000462542
   11.786255    -25.726100   -0.0000286707
   11.786255    -18.375785   -0.0000148919
   11.786255    -11.025471   -0.0000054244
   11.786255     -3.675157   -0.0000006062
   11.786255      3.675157   -0.0000006062
   11.786255     11.025471   -0.0000054244
   11.786255     18.375785   -0.0000148919
   11.786255     25.726100   -0.0000286707
   11.786255     33.076414   -0.0000462542
   11.786255     40.426728   -0.0000669666
   11.786255     47.777042   -0.0000899633
   11.786255     55.127356   -0.0001142307

   16.500757    -55.127356   -0.0002251825
   16.500757    -47.777042   -0.0001773132
   16.500757    -40.426728   -0.0001319697
   16.500757    -33.076414   -0.0000911425
   16.500757    -25.726100   -0.0000564902
   16.500757    -18.375785   -0.0000293399
   16.500757    -11.025471   -0.0000106868
   16.500757     -3.675157   -0.0000011943
   16.500757      3.675157   -0.0000011943
   16.500757     11.025471   -0.0000106868
   16.500757     18.375785   -0.0000293399
   16.500757     25.726100   -0.0000564902
   16.500757     33.076414   -0.0000911425
   16.500757     40.426728   -0.0001319697
   16.500757     47.777042   -0.0001773132
   16.500757     55.127356   -0.0002251825

   21.215260    -55.127356   -0.0003750844
   21.215260    -47.777042   -0.0002952811
   21.215260    -40.426728   -0.0002197304
   21.215260    -33.076414   -0.0001517314
   21.215260    -25.726100   -0.0000940333
   21.215260    -18.375785   -0.0000488353
   21.215260    -11.025471   -0.0000177869
   21.215260     -3.675157   -0.0000019878
   21.215260      3.675157   -0.0000019878
   21.215260     11.025471   -0.0000177869
   21.215260     18.375785   -0.0000488353
   21.215260     25.726100   -0.0000940333
   21.215260     33.076414   -0.0001517314
   21.215260     40.426728   -0.0002197304
   21.215260     47.777042   -0.0002952811
   21.215260     55.127356   -0.0003750844

   25.929762    -55.127356   -0.0005656219
   25.929762    -47.777042   -0.0004451536
   25.929762    -40.426728   -0.0003311827
   25.929762    -33.076414   -0.0002286535
   25.929762    -25.726100   -0.0001416860
   25.929762    -18.375785   -0.0000735763
   25.929762    -11.025471   -0.0000267965
   25.929762     -3.675157   -0.0000029946
   25.929762      3.675157   -0.0000029946
   25.929762     11.025471   -0.0000267965
   25.929762     18.375785   -0.0000735763
   25.929762     25.726100   -0.0001416860
   25.929762     33.076414   -0.0002286535
   25.929762     40.426728   -0.0003311827
   25.929762     47.777042   -0.0004451536
   25.929762     55.127356   -0.0005656219

   30.644264    -55.127356   -0.0007989017
   30.644264    -47.777042   -0.0006285393
   30.644264    -40.426728   -0.0004674944
   30.644264    -33.076414   -0.0003226993
   30.644264    -25.726100   -0.0001999310
   30.644264    -18.375785   -0.0001038109
   30.644264    -11.025471   -0.0000378052
   30.644264     -3.675157   -0.0000042246
   30.644264      3.675157   -0.0000042246
   30.644264     11.025471   -0.0000378052
   30.644264     18.375785   -0.0001038109
   30.644264     25.726100   -0.0001999310
   30.644264     33.076414   -0.0003226993
   30.644264     40.426728   -0.0004674944
   30.644264     47.777042   -0.0006285393
   30.644264     55.127356   -0.0007989017

   35.358766    -55.127356   -0.0010774517
   35.358766    -47.777042   -0.0008473683
   35.358766    -40.426728   -0.0006300666
   35.358766    -33.076414   -0.0004348176
   35.358766    -25.726100   -0.0002693473
   35.358766    -18.375785   -0.0001398365
   35.358766    -11.025471   -0.0000509206
   35.358766     -3.675157   -0.0000056900
   35.358766      3.675157   -0.0000056900
   35.358766     11.025471   -0.0000509206
   35.358766     18.375785   -0.0001398365
   35.358766     25.726100   -0.0002693473
   35.358766     33.076414   -0.0004348176
   35.358766     40.426728   -0.0006300666
   35.358766     47.777042   -0.0008473683
   35.358766     55.127356   -0.0010774517

