  -45.038700    -48.827424   -0.0008520855
  -45.038700    -42.317101   -0.0013129932
  -45.038700    -35.806778   -0.0016145168
  -45.038700    -29.296454   -0.0017425179
  -45.038700    -22.786131   -0.0016875528
  -45.038700    -16.275808   -0.0014440623
  -45.038700     -9.765485   -0.0010095885
  -45.038700     -3.255162   -0.0003840190
  -45.038700      3.255162    0.0004311406
  -45.038700      9.765485    0.0014334672
  -45.038700     16.275808    0.0026202934
  -45.038700     22.786131    0.0039893525
  -45.038700     29.296454    0.0055393966
  -45.038700     35.806778    0.0072707862
  -45.038700     42.317101    0.0091860540
  -45.038700     48.827424    0.0112904388

  -39.033540    -48.827424    0.0000433910
  -39.033540    -42.317101   -0.0004517401
  -39.033540    -35.806778   -0.0008101891
  -39.033540    -29.296454   -0.0010204248
  -39.033540    -22.786131   -0.0010749359
  -39.033540    -16.275808   -0.0009695001
  -39.033540     -9.765485   -0.0007024850
  -39.033540     -3.255162   -0.0002741792
  -39.033540      3.255162    0.0003138461
  -39.033540      9.765485    0.0010593444
  -39.033540     16.275808    0.0019599712
  -39.033540     22.786131    0.0030138300
  -39.033540     29.296454    0.0042199880
  -39.033540     35.806778    0.0055789611
  -39.033540     42.317101    0.0070931681
  -39.033540     48.827424    0.0087673546

  -33.028380    -48.827424    0.0006582779
  -33.028380    -42.317101    0.0001636342
  -33.028380    -35.806778   -0.0002166148
  -33.028380    -29.296454   -0.0004733004
  -33.028380    -22.786131   -0.0006006061
  -33.028380    -16.275808   -0.0005954304
  -33.028380     -9.765485   -0.0004567795
  -33.028380     -3.255162   -0.0001851922
  -33.028380      3.255162    0.0002178051
  -33.028380      9.765485    0.0007502113
  -33.028380     16.275808    0.0014100329
  -33.028380     22.786131    0.0021957356
  -33.028380     29.296454    0.0031066635
  -33.028380     35.806778    0.0041434288
  -33.028380     42.317101    0.0053082692
  -33.028380     48.827424    0.0066053745

  -27.023220    -48.827424    0.0010162008
  -27.023220    -42.317101    0.0005536219
  -27.023220    -35.806778    0.0001835878
  -27.023220    -29.296454   -0.0000868585
  -27.023220    -22.786131   -0.0002533764
  -27.023220    -16.275808   -0.0003137899
  -27.023220     -9.765485   -0.0002675799
  -27.023220     -3.255162   -0.0001154061
  -27.023220      3.255162    0.0001413423
  -27.023220      9.765485    0.0005009646
  -27.023220     16.275808    0.0009618380
  -27.023220     22.786131    0.0015227767
  -27.023220     29.296454    0.0021833616
  -27.023220     35.806778    0.0029442401
  -27.023220     42.317101    0.0038073958
  -27.023220     48.827424    0.0047763892

  -21.018060    -48.827424    0.0011391208
  -21.018060    -42.317101    0.0007372926
  -21.018060    -35.806778    0.0004066147
  -21.018060    -29.296454    0.0001522267
  -21.018060    -22.786131   -0.0000228035
  -21.018060    -16.275808   -0.0001170487
  -21.018060     -9.765485   -0.0001303179
  -21.018060     -3.255162   -0.0000632787
  -21.018060      3.255162    0.0000828936
  -21.018060      9.765485    0.0003068411
  -21.018060     16.275808    0.0006073202
  -21.018060     22.786131    0.0009834728
  -21.018060     29.296454    0.0014350708
  -21.018060     35.806778    0.0019627334
  -21.018060     42.317101    0.0025681184
  -21.018060     48.827424    0.0032540859

  -15.012900    -48.827424    0.0010474293
  -15.012900    -42.317101    0.0007323695
  -15.012900    -35.806778    0.0004675339
  -15.012900    -29.296454    0.0002563645
  -15.012900    -22.786131    0.0001008440
  -15.012900    -16.275808    0.0000018132
  -15.012900     -9.765485   -0.0000407330
  -15.012900     -3.255162   -0.0000273717
  -15.012900      3.255162    0.0000410002
  -15.012900      9.765485    0.0001633969
  -15.012900     16.275808    0.0003389517
  -15.012900     22.786131    0.0005671044
  -15.012900     29.296454    0.0008477662
  -15.012900     35.806778    0.0011814633
  -15.012900     42.317101    0.0015694582
  -15.012900     48.827424    0.0020138498

   -9.007740    -48.827424    0.0007600399
   -9.007740    -42.317101    0.0005553045
   -9.007740    -35.806778    0.0003803438
   -9.007740    -29.296454    0.0002370919
   -9.007740    -22.786131    0.0001266195
   -9.007740    -16.275808    0.0000493301
   -9.007740     -9.765485    0.0000051421
   -9.007740     -3.255162   -0.0000063449
   -9.007740      3.255162    0.0000143023
   -9.007740      9.765485    0.0000664878
   -9.007740     16.275808    0.0001497093
   -9.007740     22.786131    0.0002636657
   -9.007740     29.296454    0.0004083506
   -9.007740     35.806778    0.0005841302
   -9.007740     42.317101    0.0007918075
   -9.007740     48.827424    0.0010326703

   -3.002580    -48.827424    0.0002944777
   -3.002580    -42.317101    0.0002213520
   -3.002580    -35.806778    0.0001580312
   -3.002580    -29.296454    0.0001051182
   -3.002580    -22.786131    0.0000629320
   -3.002580    -16.275808    0.0000315757
   -3.002580     -9.765485    0.0000109980
   -3.002580     -3.255162    0.0000010493
   -3.002580      3.255162    0.0000015331
   -3.002580      9.765485    0.0000122509
   -3.002580     16.275808    0.0000330425
   -3.002580     22.786131    0.0000638202
   -3.002580     29.296454    0.0001045980
   -3.002580     35.806778    0.0001555149
   -3.002580     42.317101    0.0002168530
   -3.002580     48.827424    0.0002890503

    3.002580    -48.827424   -0.0003330345
    3.002580    -42.317101   -0.0002553599
    3.002580    -35.806778   -0.0001873707
    3.002580    -29.296454   -0.0001296291
    3.002580    -22.786131   -0.0000824183
    3.002580    -16.275808   -0.0000458119
    3.002580     -9.765485   -0.0000197366
    3.002580     -3.255162   -0.0000040289
    3.002580      3.255162    0.0000015135
    3.002580      9.765485   -0.0000029127
    3.002580     16.275808   -0.0000171556
    3.002580     22.786131   -0.0000411408
    3.002580     29.296454   -0.0000748988
    3.002580     35.806778   -0.0001185853
    3.002580     42.317101   -0.0001724969
    3.002580     48.827424   -0.0002370795

    9.007740    -48.827424   -0.0011074931
    9.007740    -42.317101   -0.0008617586
    9.007740    -35.806778   -0.0006447245
    9.007740    -29.296454   -0.0004579572
    9.007740    -22.786131   -0.0003022042
    9.007740    -16.275808   -0.0001776044
    9.007740     -9.765485   -0.0000838785
    9.007740     -3.255162   -0.0000205014
    9.007740      3.255162    0.0000131464
    9.007740      9.765485    0.0000176454
    9.007740     16.275808   -0.0000065761
    9.007740     22.786131   -0.0000593371
    9.007740     29.296454   -0.0001407778
    9.007740     35.806778   -0.0002514162
    9.007740     42.317101   -0.0003921838
    9.007740     48.827424   -0.0005644430

   15.012900    -48.827424   -0.0020150327
   15.012900    -42.317101   -0.0015857590
   15.012900    -35.806778   -0.0012037301
   15.012900    -29.296454   -0.0008713608
   15.012900    -22.786131   -0.0005897343
   15.012900    -16.275808   -0.0003589563
   15.012900     -9.765485   -0.0001784750
   15.012900     -3.255162   -0.0000473668
   15.012900      3.255162    0.0000354118
   15.012900      9.765485    0.0000708063
   15.012900     16.275808    0.0000594803
   15.012900     22.786131    0.0000016655
   15.012900     29.296454   -0.0001029539
   15.012900     35.806778   -0.0002553235
   15.012900     42.317101   -0.0004570665
   15.012900     48.827424   -0.0007104971

   21.018060    -48.827424   -0.0030428493
   21.018060    -42.317101   -0.0024161961
   21.018060    -35.806778   -0.0018548676
   21.018060    -29.296454   -0.0013619738
   21.018060    -22.786131   -0.0009388149
   21.018060    -16.275808   -0.0005853787
   21.018060     -9.765485   -0.0003007873
   21.018060     -3.255162   -0.0000836953
   21.018060      3.255162    0.0000673619
   21.018060      9.765485    0.0001536689
   21.018060     16.275808    0.0001760806
   21.018060     22.786131    0.0001348223
   21.018060     29.296454    0.0000293388
   21.018060     35.806778   -0.0001418070
   21.018060     42.317101   -0.0003809862
   21.018060     48.827424   -0.0006915058

   27.023220    -48.827424   -0.0041791248
   27.023220    -42.317101   -0.0033427600
   27.023220    -35.806778   -0.0025893390
   27.023220    -29.296454   -0.0019225196
   27.023220    -22.786131   -0.0013437114
   27.023220    -16.275808   -0.0008527114
   27.023220     -9.765485   -0.0004482753
   27.023220     -3.255162   -0.0001286239
   27.023220      3.255162    0.0001081162
   27.023220      9.765485    0.0002635369
   27.023220     16.275808    0.0003386377
   27.023220     22.786131    0.0003335801
   27.023220     29.296454    0.0002475074
   27.023220     35.806778    0.0000784292
   27.023220     42.317101   -0.0001768289
   27.023220     48.827424   -0.0005226102

   33.028380    -48.827424   -0.0054129559
   33.028380    -42.317101   -0.0043559319
   33.028380    -35.806778   -0.0033990104
   33.028380    -29.296454   -0.0025462617
   33.028380    -22.786131   -0.0017991080
   33.028380    -16.275808   -0.0011570946
   33.028380     -9.765485   -0.0006185812
   33.028380     -3.255162   -0.0001813516
   33.028380      3.255162    0.0001568573
   33.028380      9.765485    0.0003979072
   33.028380     16.275808    0.0005428920
   33.028380     22.786131    0.0005918510
   33.028380     29.296454    0.0005435644
   33.028380     35.806778    0.0003954291
   33.028380     42.317101    0.0001434154
   33.028380     48.827424   -0.0002178952

   39.033540    -48.827424   -0.0067342847
   39.033540    -42.317101   -0.0054469222
   39.033540    -35.806778   -0.0042763547
   39.033540    -29.296454   -0.0032269521
   39.033540    -22.786131   -0.0023000670
   39.033540    -16.275808   -0.0014949410
   39.033540     -9.765485   -0.0008095138
   39.033540     -3.255162   -0.0002411341
   39.033540      3.255162    0.0002128267
   39.033540      9.765485    0.0005544585
   39.033540     16.275808    0.0007848942
   39.033540     22.786131    0.0009039885
   39.033540     29.296454    0.0009100950
   39.033540     35.806778    0.0007999404
   39.033540     42.317101    0.0005685961
   39.033540     48.827424    0.0002095483

   45.038700    -48.827424   -0.0081338332
   45.038700    -42.317101   -0.0066076097
   45.038700    -35.806778   -0.0052143938
   45.038700    -29.296454   -0.0039587799
   45.038700    -22.786131   -0.0028419869
   45.038700    -16.275808   -0.0018629059
   45.038700     -9.765485   -0.0010190324
   45.038700     -3.255162   -0.0003072800
   45.038700      3.255162    0.0002753207
   45.038700      9.765485    0.0007310414
   45.038700     16.275808    0.0010609908
   45.038700     22.786131    0.0012647675
   45.038700     29.296454    0.0013402281
   45.038700     35.806778    0.0012833730
   45.038700     42.317101    0.0010883485
   45.038700     48.827424    0.0007475656

