  -45.038700    -91.194683    0.0410638552
  -45.038700    -79.035392    0.0411956030
  -45.038700    -66.876101    0.0414045335
  -45.038700    -54.716810    0.0416464148
  -45.038700    -42.557519    0.0418843223
  -45.038700    -30.398228    0.0420886742
  -45.038700    -18.238937    0.0422372592
  -45.038700     -6.079646    0.0423152583
  -45.038700      6.079646    0.0423152583
  -45.038700     18.238937    0.0422372592
  -45.038700     30.398228    0.0420886742
  -45.038700     42.557519    0.0418843223
  -45.038700     54.716810    0.0416464148
  -45.038700     66.876101    0.0414045335
  -45.038700     79.035392    0.0411956030
  -45.038700     91.194683    0.0410638552

  -39.033540    -91.194683    0.0309592768
  -39.033540    -79.035392    0.0307781242
  -39.033540    -66.876101    0.0307174820
  -39.033540    -54.716810    0.0307337355
  -39.033540    -42.557519    0.0307904880
  -39.033540    -30.398228    0.0308585887
  -39.033540    -18.238937    0.0309161548
  -39.033540     -6.079646    0.0309485888
  -39.033540      6.079646    0.0309485888
  -39.033540     18.238937    0.0309161548
  -39.033540     30.398228    0.0308585887
  -39.033540     42.557519    0.0307904880
  -39.033540     54.716810    0.0307337355
  -39.033540     66.876101    0.0307174820
  -39.033540     79.035392    0.0307781242
  -39.033540     91.194683    0.0309592768

  -33.028380    -91.194683    0.0227885851
  -33.028380    -79.035392    0.0223114084
  -33.028380    -66.876101    0.0219958897
  -33.028380    -54.716810    0.0217988891
  -33.028380    -42.557519    0.0216844487
  -33.028380    -30.398228    0.0216237977
  -33.028380    -18.238937    0.0215953545
  -33.028380     -6.079646    0.0215847304
  -33.028380      6.079646    0.0215847304
  -33.028380     18.238937    0.0215953545
  -33.028380     30.398228    0.0216237977
  -33.028380     42.557519    0.0216844487
  -33.028380     54.716810    0.0217988891
  -33.028380     66.876101    0.0219958897
  -33.028380     79.035392    0.0223114084
  -33.028380     91.194683    0.0227885851

  -27.023220    -91.194683    0.0164162872
  -27.023220    -79.035392    0.0156584741
  -27.023220    -66.876101    0.0151014392
  -27.023220    -54.716810    0.0147024380
  -27.023220    -42.557519    0.0144258861
  -27.023220    -30.398228    0.0142433399
  -27.023220    -18.238937    0.0141334802
  -27.023220     -6.079646    0.0140821009
  -27.023220      6.079646    0.0140821009
  -27.023220     18.238937    0.0141334802
  -27.023220     30.398228    0.0142433399
  -27.023220     42.557519    0.0144258861
  -27.023220     54.716810    0.0147024380
  -27.023220     66.876101    0.0151014392
  -27.023220     79.035392    0.0156584741
  -27.023220     91.194683    0.0164162872

  -21.018060    -91.194683    0.0117162441
  -21.018060    -79.035392    0.0106917785
  -21.018060    -66.876101    0.0099053576
  -21.018060    -54.716810    0.0093145776
  -21.018060    -42.557519    0.0088841721
  -21.018060    -30.398228    0.0085859741
  -21.018060    -18.238937    0.0083988849
  -21.018060     -6.079646    0.0083088516
  -21.018060      6.079646    0.0083088516
  -21.018060     18.238937    0.0083988849
  -21.018060     30.398228    0.0085859741
  -21.018060     42.557519    0.0088841721
  -21.018060     54.716810    0.0093145776
  -21.018060     66.876101    0.0099053576
  -21.018060     79.035392    0.0106917785
  -21.018060     91.194683    0.0117162441

  -15.012900    -91.194683    0.0085710911
  -15.012900    -79.035392    0.0072926437
  -15.012900    -66.876101    0.0062878338
  -15.012900    -54.716810    0.0055145456
  -15.012900    -42.557519    0.0049377781
  -15.012900    -30.398228    0.0045295933
  -15.012900    -18.238937    0.0042690745
  -15.012900     -6.079646    0.0041422942
  -15.012900      6.079646    0.0041422942
  -15.012900     18.238937    0.0042690745
  -15.012900     30.398228    0.0045295933
  -15.012900     42.557519    0.0049377781
  -15.012900     54.716810    0.0055145456
  -15.012900     66.876101    0.0062878338
  -15.012900     79.035392    0.0072926437
  -15.012900     91.194683    0.0085710911

   -9.007740    -91.194683    0.0068716835
   -9.007740    -79.035392    0.0053507052
   -9.007740    -66.876101    0.0041374596
   -9.007740    -54.716810    0.0031900571
   -9.007740    -42.557519    0.0024737093
   -9.007740    -30.398228    0.0019606636
   -9.007740    -18.238937    0.0016301512
   -9.007740     -6.079646    0.0014683477
   -9.007740      6.079646    0.0014683477
   -9.007740     18.238937    0.0016301512
   -9.007740     30.398228    0.0019606636
   -9.007740     42.557519    0.0024737093
   -9.007740     54.716810    0.0031900571
   -9.007740     66.876101    0.0041374596
   -9.007740     79.035392    0.0053507052
   -9.007740     91.194683    0.0068716835

   -3.002580    -91.194683    0.0065165675
   -3.002580    -79.035392    0.0047633852
   -3.002580    -66.876101    0.0033506962
   -3.002580    -54.716810    0.0022367664
   -3.002580    -42.557519    0.0013869658
   -3.002580    -30.398228    0.0007736870
   -3.002580    -18.238937    0.0003762809
   -3.002580     -6.079646    0.0001810086
   -3.002580      6.079646    0.0001810086
   -3.002580     18.238937    0.0003762809
   -3.002580     30.398228    0.0007736870
   -3.002580     42.557519    0.0013869658
   -3.002580     54.716810    0.0022367664
   -3.002580     66.876101    0.0033506962
   -3.002580     79.035392    0.0047633852
   -3.002580     91.194683    0.0065165675

    3.002580    -91.194683    0.0074114774
    3.002580    -79.035392    0.0054353893
    3.002580    -66.876101    0.0038313660
    3.002580    -54.716810    0.0025577542
    3.002580    -42.557519    0.0015800281
    3.002580    -30.398228    0.0008706888
    3.002580    -18.238937    0.0004091830
    3.002580     -6.079646    0.0001818421
    3.002580      6.079646    0.0001818421
    3.002580     18.238937    0.0004091830
    3.002580     30.398228    0.0008706888
    3.002580     42.557519    0.0015800281
    3.002580     54.716810    0.0025577542
    3.002580     66.876101    0.0038313660
    3.002580     79.035392    0.0054353893
    3.002580     91.194683    0.0074114774

    9.007740    -91.194683    0.0094688575
    9.007740    -79.035392    0.0072782266
    9.007740    -66.876101    0.0054901690
    9.007740    -54.716810    0.0040630404
    9.007740    -42.557519    0.0029623691
    9.007740    -30.398228    0.0021607300
    9.007740    -18.238937    0.0016376424
    9.007740     -6.079646    0.0013794952
    9.007740      6.079646    0.0013794952
    9.007740     18.238937    0.0016376424
    9.007740     30.398228    0.0021607300
    9.007740     42.557519    0.0029623691
    9.007740     54.716810    0.0040630404
    9.007740     66.876101    0.0054901690
    9.007740     79.035392    0.0072782266
    9.007740     91.194683    0.0094688575

   15.012900    -91.194683    0.0126074096
   15.012900    -79.035392    0.0102097540
   15.012900    -66.876101    0.0082442238
   15.012900    -54.716810    0.0066691241
   15.012900    -42.557519    0.0054499921
   15.012900    -30.398228    0.0045594429
   15.012900    -18.238937    0.0039770458
   15.012900     -6.079646    0.0036892318
   15.012900      6.079646    0.0036892318
   15.012900     18.238937    0.0039770458
   15.012900     30.398228    0.0045594429
   15.012900     42.557519    0.0054499921
   15.012900     54.716810    0.0066691241
   15.012900     66.876101    0.0082442238
   15.012900     79.035392    0.0102097540
   15.012900     91.194683    0.0126074096

   21.018060    -91.194683    0.0167516667
   21.018060    -79.035392    0.0141537443
   21.018060    -66.876101    0.0120166344
   21.018060    -54.716810    0.0102985482
   21.018060    -42.557519    0.0089649934
   21.018060    -30.398228    0.0079885925
   21.018060    -18.238937    0.0073489393
   21.018060     -6.079646    0.0070324897
   21.018060      6.079646    0.0070324897
   21.018060     18.238937    0.0073489393
   21.018060     30.398228    0.0079885925
   21.018060     42.557519    0.0089649934
   21.018060     54.716810    0.0102985482
   21.018060     66.876101    0.0120166344
   21.018060     79.035392    0.0141537443
   21.018060     91.194683    0.0167516667

   27.023220    -91.194683    0.0218315911
   27.023220    -79.035392    0.0190394774
   27.023220    -66.876101    0.0167360811
   27.023220    -54.716810    0.0148794909
   27.023220    -42.557519    0.0134351514
   27.023220    -30.398228    0.0123756610
   27.023220    -18.238937    0.0116806098
   27.023220     -6.079646    0.0113364589
   27.023220      6.079646    0.0113364589
   27.023220     18.238937    0.0116806098
   27.023220     30.398228    0.0123756610
   27.023220     42.557519    0.0134351514
   27.023220     54.716810    0.0148794909
   27.023220     66.876101    0.0167360811
   27.023220     79.035392    0.0190394774
   27.023220     91.194683    0.0218315911

   33.028380    -91.194683    0.0277821989
   33.028380    -79.035392    0.0248013560
   33.028380    -66.876101    0.0223364373
   33.028380    -54.716810    0.0203453825
   33.028380    -42.557519    0.0187935418
   33.028380    -30.398228    0.0176534574
   33.028380    -18.238937    0.0169046889
   33.028380     -6.079646    0.0165336823
   33.028380      6.079646    0.0165336823
   33.028380     18.238937    0.0169046889
   33.028380     30.398228    0.0176534574
   33.028380     42.557519    0.0187935418
   33.028380     54.716810    0.0203453825
   33.028380     66.876101    0.0223364373
   33.028380     79.035392    0.0248013560
   33.028380     91.194683    0.0277821989

   39.033540    -91.194683    0.0345432096
   39.033540    -79.035392    0.0313785442
   39.033540    -66.876101    0.0287564099
   39.033540    -54.716810    0.0266345486
   39.033540    -42.557519    0.0249781770
   39.033540    -30.398228    0.0237597517
   39.033540    -18.238937    0.0229587797
   39.033540     -6.079646    0.0225616777
   39.033540      6.079646    0.0225616777
   39.033540     18.238937    0.0229587797
   39.033540     30.398228    0.0237597517
   39.033540     42.557519    0.0249781770
   39.033540     54.716810    0.0266345486
   39.033540     66.876101    0.0287564099
   39.033540     79.035392    0.0313785442
   39.033540     91.194683    0.0345432096

   45.038700    -91.194683    0.0420587211
   45.038700    -79.035392    0.0387146309
   45.038700    -66.876101    0.0359392061
   45.038700    -54.716810    0.0336898789
   45.038700    -42.557519    0.0319316731
   45.038700    -30.398228    0.0306369329
   45.038700    -18.238937    0.0297851063
   45.038700     -6.079646    0.0293625822
   45.038700      6.079646    0.0293625822
   45.038700     18.238937    0.0297851063
   45.038700     30.398228    0.0306369329
   45.038700     42.557519    0.0319316731
   45.038700     54.716810    0.0336898789
   45.038700     66.876101    0.0359392061
   45.038700     79.035392    0.0387146309
   45.038700     91.194683    0.0420587211

