  -42.952389    -47.136383    0.0656855825
  -42.952389    -40.851532    0.0578387213
  -42.952389    -34.566681    0.0510402739
  -42.952389    -28.281830    0.0452832347
  -42.952389    -21.996979    0.0405618116
  -42.952389    -15.712128    0.0368729427
  -42.952389     -9.427277    0.0342173531
  -42.952389     -3.142426    0.0326001522
  -42.952389      3.142426    0.0320309707
  -42.952389      9.427277    0.0325236392
  -42.952389     15.712128    0.0340954055
  -42.952389     21.996979    0.0367656936
  -42.952389     28.281830    0.0405544024
  -42.952389     34.566681    0.0454797446
  -42.952389     40.851532    0.0515556261
  -42.952389     47.136383    0.0587885661

  -37.225404    -47.136383    0.0562895301
  -37.225404    -40.851532    0.0486292143
  -37.225404    -34.566681    0.0420112768
  -37.225404    -28.281830    0.0364287253
  -37.225404    -21.996979    0.0318758625
  -37.225404    -15.712128    0.0283497802
  -37.225404     -9.427277    0.0258513978
  -37.225404     -3.142426    0.0243860453
  -37.225404      3.142426    0.0239635905
  -37.225404      9.427277    0.0245981102
  -37.225404     15.712128    0.0263071066
  -37.225404     21.996979    0.0291102670
  -37.225404     28.281830    0.0330277688
  -37.225404     34.566681    0.0380781281
  -37.225404     40.851532    0.0442755927
  -37.225404     47.136383    0.0516270805

  -31.498419    -47.136383    0.0483249059
  -31.498419    -40.851532    0.0408215551
  -31.498419    -34.566681    0.0343554345
  -31.498419    -28.281830    0.0289196246
  -31.498419    -21.996979    0.0245085204
  -31.498419    -15.712128    0.0211193303
  -31.498419     -9.427277    0.0187531175
  -31.498419     -3.142426    0.0174153835
  -31.498419      3.142426    0.0171161946
  -31.498419      9.427277    0.0178698501
  -31.498419     15.712128    0.0196940938
  -31.498419     21.996979    0.0226088672
  -31.498419     28.281830    0.0266346054
  -31.498419     34.566681    0.0317900753
  -31.498419     40.851532    0.0380897566
  -31.498419     47.136383    0.0455407649

  -25.771434    -47.136383    0.0417503077
  -25.771434    -40.851532    0.0343756956
  -25.771434    -34.566681    0.0280340694
  -25.771434    -28.281830    0.0227185774
  -25.771434    -21.996979    0.0184236918
  -25.771434    -15.712128    0.0151467152
  -25.771434     -9.427277    0.0128888265
  -25.771434     -3.142426    0.0116556676
  -25.771434      3.142426    0.0114574692
  -25.771434      9.427277    0.0123087179
  -25.771434     15.712128    0.0142273621
  -25.771434     21.996979    0.0172335594
  -25.771434     28.281830    0.0213479625
  -25.771434     34.566681    0.0265895463
  -25.771434     40.851532    0.0329729751
  -25.771434     47.136383    0.0405055089

  -20.044448    -47.136383    0.0365314526
  -20.044448    -40.851532    0.0292584802
  -20.044448    -34.566681    0.0230151437
  -20.044448    -28.281830    0.0177946304
  -20.044448    -21.996979    0.0135914702
  -20.044448    -15.712128    0.0104030433
  -20.044448     -9.427277    0.0082306255
  -20.044448     -3.142426    0.0070799740
  -20.044448      3.142426    0.0069614523
  -20.044448      9.427277    0.0078896941
  -20.044448     15.712128    0.0098828069
  -20.044448     21.996979    0.0129611149
  -20.044448     28.281830    0.0171454414
  -20.044448     34.566681    0.0224549297
  -20.044448     40.851532    0.0289044050
  -20.044448     47.136383    0.0365012738

  -14.317463    -47.136383    0.0326410581
  -14.317463    -40.851532    0.0254435275
  -14.317463    -34.566681    0.0192731541
  -14.317463    -28.281830    0.0141231360
  -14.317463    -21.996979    0.0099880425
  -14.317463    -15.712128    0.0068653148
  -14.317463     -9.427277    0.0047563072
  -14.317463     -3.142426    0.0036668680
  -14.317463      3.142426    0.0036074610
  -14.317463      9.427277    0.0045928274
  -14.317463     15.712128    0.0066411878
  -14.317463     21.996979    0.0097729839
  -14.317463     28.281830    0.0140091618
  -14.317463     34.566681    0.0193689941
  -14.317463     40.851532    0.0258674429
  -14.317463     47.136383    0.0335120635

   -8.590478    -47.136383    0.0300587459
   -8.590478    -40.851532    0.0229111347
   -8.590478    -34.566681    0.0167890468
   -8.590478    -28.281830    0.0116856757
   -8.590478    -21.996979    0.0075956140
   -8.590478    -15.712128    0.0045163462
   -8.590478     -9.427277    0.0024492823
   -8.590478     -3.142426    0.0014003344
   -8.590478      3.142426    0.0013800340
   -8.590478      9.427277    0.0024031920
   -8.590478     15.712128    0.0044880998
   -8.590478     21.996979    0.0076552731
   -8.590478     28.281830    0.0119257363
   -8.590478     34.566681    0.0173188496
   -8.590478     40.851532    0.0238496780
   -8.590478     47.136383    0.0315259013

   -2.863493    -47.136383    0.0287709702
   -2.863493    -40.851532    0.0216482062
   -2.863493    -34.566681    0.0155501547
   -2.863493    -28.281830    0.0104700025
   -2.863493    -21.996979    0.0064023531
   -2.863493    -15.712128    0.0033447132
   -2.863493     -9.427277    0.0012985223
   -2.863493     -3.142426    0.0002697252
   -2.863493      3.142426    0.0002688877
   -2.863493      9.427277    0.0013108547
   -2.863493     15.712128    0.0034139519
   -2.863493     21.996979    0.0065987296
   -2.863493     28.281830    0.0108862505
   -2.863493     34.566681    0.0162959193
   -2.863493     40.851532    0.0228428561
   -2.863493     47.136383    0.0305348124

    2.863493    -47.136383    0.0287709702
    2.863493    -40.851532    0.0216482062
    2.863493    -34.566681    0.0155501547
    2.863493    -28.281830    0.0104700025
    2.863493    -21.996979    0.0064023531
    2.863493    -15.712128    0.0033447132
    2.863493     -9.427277    0.0012985223
    2.863493     -3.142426    0.0002697252
    2.863493      3.142426    0.0002688877
    2.863493      9.427277    0.0013108547
    2.863493     15.712128    0.0034139519
    2.863493     21.996979    0.0065987296
    2.863493     28.281830    0.0108862505
    2.863493     34.566681    0.0162959193
    2.863493     40.851532    0.0228428561
    2.863493     47.136383    0.0305348124

    8.590478    -47.136383    0.0300587459
    8.590478    -40.851532    0.0229111347
    8.590478    -34.566681    0.0167890468
    8.590478    -28.281830    0.0116856757
    8.590478    -21.996979    0.0075956140
    8.590478    -15.712128    0.0045163462
    8.590478     -9.427277    0.0024492823
    8.590478     -3.142426    0.0014003344
    8.590478      3.142426    0.0013800340
    8.590478      9.427277    0.0024031920
    8.590478     15.712128    0.0044880998
    8.590478     21.996979    0.0076552731
    8.590478     28.281830    0.0119257363
    8.590478     34.566681    0.0173188496
    8.590478     40.851532    0.0238496780
    8.590478     47.136383    0.0315259013

   14.317463    -47.136383    0.0326410581
   14.317463    -40.851532    0.0254435275
   14.317463    -34.566681    0.0192731541
   14.317463    -28.281830    0.0141231360
   14.317463    -21.996979    0.0099880425
   14.317463    -15.712128    0.0068653148
   14.317463     -9.427277    0.0047563072
   14.317463     -3.142426    0.0036668680
   14.317463      3.142426    0.0036074610
   14.317463      9.427277    0.0045928274
   14.317463     15.712128    0.0066411878
   14.317463     21.996979    0.0097729839
   14.317463     28.281830    0.0140091618
   14.317463     34.566681    0.0193689941
   14.317463     40.851532    0.0258674429
   14.317463     47.136383    0.0335120635

   20.044448    -47.136383    0.0365314526
   20.044448    -40.851532    0.0292584802
   20.044448    -34.566681    0.0230151437
   20.044448    -28.281830    0.0177946304
   20.044448    -21.996979    0.0135914702
   20.044448    -15.712128    0.0104030433
   20.044448     -9.427277    0.0082306255
   20.044448     -3.142426    0.0070799740
   20.044448      3.142426    0.0069614523
   20.044448      9.427277    0.0078896941
   20.044448     15.712128    0.0098828069
   20.044448     21.996979    0.0129611149
   20.044448     28.281830    0.0171454414
   20.044448     34.566681    0.0224549297
   20.044448     40.851532    0.0289044050
   20.044448     47.136383    0.0365012738

   25.771434    -47.136383    0.0417503077
   25.771434    -40.851532    0.0343756956
   25.771434    -34.566681    0.0280340694
   25.771434    -28.281830    0.0227185774
   25.771434    -21.996979    0.0184236918
   25.771434    -15.712128    0.0151467152
   25.771434     -9.427277    0.0128888265
   25.771434     -3.142426    0.0116556676
   25.771434      3.142426    0.0114574692
   25.771434      9.427277    0.0123087179
   25.771434     15.712128    0.0142273621
   25.771434     21.996979    0.0172335594
   25.771434     28.281830    0.0213479625
   25.771434     34.566681    0.0265895463
   25.771434     40.851532    0.0329729751
   25.771434     47.136383    0.0405055089

   31.498419    -47.136383    0.0483249059
   31.498419    -40.851532    0.0408215551
   31.498419    -34.566681    0.0343554345
   31.498419    -28.281830    0.0289196246
   31.498419    -21.996979    0.0245085204
   31.498419    -15.712128    0.0211193303
   31.498419     -9.427277    0.0187531175
   31.498419     -3.142426    0.0174153835
   31.498419      3.142426    0.0171161946
   31.498419      9.427277    0.0178698501
   31.498419     15.712128    0.0196940938
   31.498419     21.996979    0.0226088672
   31.498419     28.281830    0.0266346054
   31.498419     34.566681    0.0317900753
   31.498419     40.851532    0.0380897566
   31.498419     47.136383    0.0455407649

   37.225404    -47.136383    0.0562895301
   37.225404    -40.851532    0.0486292143
   37.225404    -34.566681    0.0420112768
   37.225404    -28.281830    0.0364287253
   37.225404    -21.996979    0.0318758625
   37.225404    -15.712128    0.0283497802
   37.225404     -9.427277    0.0258513978
   37.225404     -3.142426    0.0243860453
   37.225404      3.142426    0.0239635905
   37.225404      9.427277    0.0245981102
   37.225404     15.712128    0.0263071066
   37.225404     21.996979    0.0291102670
   37.225404     28.281830    0.0330277688
   37.225404     34.566681    0.0380781281
   37.225404     40.851532    0.0442755927
   37.225404     47.136383    0.0516270805

   42.952389    -47.136383    0.0656855825
   42.952389    -40.851532    0.0578387213
   42.952389    -34.566681    0.0510402739
   42.952389    -28.281830    0.0452832347
   42.952389    -21.996979    0.0405618116
   42.952389    -15.712128    0.0368729427
   42.952389     -9.427277    0.0342173531
   42.952389     -3.142426    0.0326001522
   42.952389      3.142426    0.0320309707
   42.952389      9.427277    0.0325236392
   42.952389     15.712128    0.0340954055
   42.952389     21.996979    0.0367656936
   42.952389     28.281830    0.0405544024
   42.952389     34.566681    0.0454797446
   42.952389     40.851532    0.0515556261
   42.952389     47.136383    0.0587885661

