  -50.619018    -92.332122   -0.0001687064
  -50.619018    -80.021172   -0.0001030158
  -50.619018    -67.710222   -0.0001681516
  -50.619018    -55.399273   -0.0003033651
  -50.619018    -43.088323   -0.0004423849
  -50.619018    -30.777374   -0.0005165483
  -50.619018    -18.466424   -0.0004593150
  -50.619018     -6.155475   -0.0002111842
  -50.619018      6.155475    0.0002757556
  -50.619018     18.466424    0.0010342034
  -50.619018     30.777374    0.0020792965
  -50.619018     43.088323    0.0034076753
  -50.619018     55.399273    0.0049978893
  -50.619018     67.710222    0.0068118622
  -50.619018     80.021172    0.0087969235
  -50.619018     92.332122    0.0108877025

  -43.869816    -92.332122   -0.0002142041
  -43.869816    -80.021172   -0.0000373350
  -43.869816    -67.710222   -0.0000223847
  -43.869816    -55.399273   -0.0000961630
  -43.869816    -43.088323   -0.0002015501
  -43.869816    -30.777374   -0.0002822854
  -43.869816    -18.466424   -0.0002801363
  -43.869816     -6.155475   -0.0001386602
  -43.869816      6.155475    0.0001908357
  -43.869816     18.466424    0.0007441462
  -43.869816     30.777374    0.0015414499
  -43.869816     43.088323    0.0025872518
  -43.869816     55.399273    0.0038718289
  -43.869816     67.710222    0.0053716311
  -43.869816     80.021172    0.0070447025
  -43.869816     92.332122    0.0088157979

  -37.120613    -92.332122   -0.0003372584
  -37.120613    -80.021172   -0.0000894307
  -37.120613    -67.710222    0.0000118551
  -37.120613    -55.399273    0.0000100755
  -37.120613    -43.088323   -0.0000501735
  -37.120613    -30.777374   -0.0001200060
  -37.120613    -18.466424   -0.0001476430
  -37.120613     -6.155475   -0.0000821908
  -37.120613      6.155475    0.0001218923
  -37.120613     18.466424    0.0005008405
  -37.120613     30.777374    0.0010788402
  -37.120613     43.088323    0.0018667192
  -37.120613     55.399273    0.0028617810
  -37.120613     67.710222    0.0040480107
  -37.120613     80.021172    0.0053953826
  -37.120613     92.332122    0.0068565060

  -30.371411    -92.332122   -0.0004883136
  -30.371411    -80.021172   -0.0001942155
  -30.371411    -67.710222   -0.0000280766
  -30.371411    -55.399273    0.0000328063
  -30.371411    -43.088323    0.0000209576
  -30.371411    -30.777374   -0.0000241761
  -30.371411    -18.466424   -0.0000594932
  -30.371411     -6.155475   -0.0000416468
  -30.371411      6.155475    0.0000696201
  -30.371411     18.466424    0.0003084198
  -30.371411     30.777374    0.0007001399
  -30.371411     43.088323    0.0012595243
  -30.371411     55.399273    0.0019895902
  -30.371411     67.710222    0.0028815459
  -30.371411     80.021172    0.0039158637
  -30.371411     92.332122    0.0050646521

  -23.622208    -92.332122   -0.0006107722
  -23.622208    -80.021172   -0.0003022009
  -23.622208    -67.710222   -0.0001026722
  -23.622208    -55.399273    0.0000013826
  -23.622208    -43.088323    0.0000318338
  -23.622208    -30.777374    0.0000170874
  -23.622208    -18.466424   -0.0000102192
  -23.622208     -6.155475   -0.0000158238
  -23.622208      6.155475    0.0000334715
  -23.622208     18.466424    0.0001672303
  -23.622208     30.777374    0.0004091150
  -23.622208     43.088323    0.0007750927
  -23.622208     55.399273    0.0012722612
  -23.622208     67.710222    0.0018984319
  -23.622208     80.021172    0.0026425835
  -23.622208     92.332122    0.0034862863

  -16.873006    -92.332122   -0.0006459138
  -16.873006    -80.021172   -0.0003649838
  -16.873006    -67.710222   -0.0001685798
  -16.873006    -55.399273   -0.0000482571
  -16.873006    -43.088323    0.0000088542
  -16.873006    -30.777374    0.0000205589
  -16.873006    -18.466424    0.0000087228
  -16.873006     -6.155475   -0.0000024151
  -16.873006      6.155475    0.0000117152
  -16.873006     18.466424    0.0000739742
  -16.873006     30.777374    0.0002037245
  -16.873006     43.088323    0.0004154378
  -16.873006     55.399273    0.0007177369
  -16.873006     67.710222    0.0011128051
  -16.873006     80.021172    0.0015959905
  -16.873006     92.332122    0.0021553261

  -10.123804    -92.332122   -0.0005375139
  -10.123804    -80.021172   -0.0003323842
  -10.123804    -67.710222   -0.0001802355
  -10.123804    -55.399273   -0.0000774786
  -10.123804    -43.088323   -0.0000182733
  -10.123804    -30.777374    0.0000063756
  -10.123804    -18.466424    0.0000084141
  -10.123804     -6.155475    0.0000018551
  -10.123804      6.155475    0.0000015676
  -10.123804     18.466424    0.0000220028
  -10.123804     30.777374    0.0000760419
  -10.123804     43.088323    0.0001740671
  -10.123804     55.399273    0.0003232722
  -10.123804     67.710222    0.0005271503
  -10.123804     80.021172    0.0007850094
  -10.123804     92.332122    0.0010912867

   -3.374601    -92.332122   -0.0002359869
   -3.374601    -80.021172   -0.0001557665
   -3.374601    -67.710222   -0.0000931901
   -3.374601    -55.399273   -0.0000479905
   -3.374601    -43.088323   -0.0000189200
   -3.374601    -30.777374   -0.0000035564
   -3.374601    -18.466424    0.0000016227
   -3.374601     -6.155475    0.0000009877
   -3.374601      6.155475   -0.0000006031
   -3.374601     18.466424    0.0000017937
   -3.374601     30.777374    0.0000128082
   -3.374601     43.088323    0.0000364003
   -3.374601     55.399273    0.0000755683
   -3.374601     67.710222    0.0001321343
   -3.374601     80.021172    0.0002066062
   -3.374601     92.332122    0.0002981018

    3.374601    -92.332122    0.0002981018
    3.374601    -80.021172    0.0002066062
    3.374601    -67.710222    0.0001321343
    3.374601    -55.399273    0.0000755683
    3.374601    -43.088323    0.0000364003
    3.374601    -30.777374    0.0000128082
    3.374601    -18.466424    0.0000017937
    3.374601     -6.155475   -0.0000006031
    3.374601      6.155475    0.0000009877
    3.374601     18.466424    0.0000016227
    3.374601     30.777374   -0.0000035564
    3.374601     43.088323   -0.0000189200
    3.374601     55.399273   -0.0000479905
    3.374601     67.710222   -0.0000931901
    3.374601     80.021172   -0.0001557665
    3.374601     92.332122   -0.0002359869

   10.123804    -92.332122    0.0010912867
   10.123804    -80.021172    0.0007850094
   10.123804    -67.710222    0.0005271503
   10.123804    -55.399273    0.0003232722
   10.123804    -43.088323    0.0001740671
   10.123804    -30.777374    0.0000760419
   10.123804    -18.466424    0.0000220028
   10.123804     -6.155475    0.0000015676
   10.123804      6.155475    0.0000018551
   10.123804     18.466424    0.0000084141
   10.123804     30.777374    0.0000063756
   10.123804     43.088323   -0.0000182733
   10.123804     55.399273   -0.0000774786
   10.123804     67.710222   -0.0001802355
   10.123804     80.021172   -0.0003323842
   10.123804     92.332122   -0.0005375139

   16.873006    -92.332122    0.0021553261
   16.873006    -80.021172    0.0015959905
   16.873006    -67.710222    0.0011128051
   16.873006    -55.399273    0.0007177369
   16.873006    -43.088323    0.0004154378
   16.873006    -30.777374    0.0002037245
   16.873006    -18.466424    0.0000739742
   16.873006     -6.155475    0.0000117152
   16.873006      6.155475   -0.0000024151
   16.873006     18.466424    0.0000087228
   16.873006     30.777374    0.0000205589
   16.873006     43.088323    0.0000088542
   16.873006     55.399273   -0.0000482571
   16.873006     67.710222   -0.0001685798
   16.873006     80.021172   -0.0003649838
   16.873006     92.332122   -0.0006459138

   23.622208    -92.332122    0.0034862863
   23.622208    -80.021172    0.0026425835
   23.622208    -67.710222    0.0018984319
   23.622208    -55.399273    0.0012722612
   23.622208    -43.088323    0.0007750927
   23.622208    -30.777374    0.0004091150
   23.622208    -18.466424    0.0001672303
   23.622208     -6.155475    0.0000334715
   23.622208      6.155475   -0.0000158238
   23.622208     18.466424   -0.0000102192
   23.622208     30.777374    0.0000170874
   23.622208     43.088323    0.0000318338
   23.622208     55.399273    0.0000013826
   23.622208     67.710222   -0.0001026722
   23.622208     80.021172   -0.0003022009
   23.622208     92.332122   -0.0006107722

   30.371411    -92.332122    0.0050646521
   30.371411    -80.021172    0.0039158637
   30.371411    -67.710222    0.0028815459
   30.371411    -55.399273    0.0019895902
   30.371411    -43.088323    0.0012595243
   30.371411    -30.777374    0.0007001399
   30.371411    -18.466424    0.0003084198
   30.371411     -6.155475    0.0000696201
   30.371411      6.155475   -0.0000416468
   30.371411     18.466424   -0.0000594932
   30.371411     30.777374   -0.0000241761
   30.371411     43.088323    0.0000209576
   30.371411     55.399273    0.0000328063
   30.371411     67.710222   -0.0000280766
   30.371411     80.021172   -0.0001942155
   30.371411     92.332122   -0.0004883136

   37.120613    -92.332122    0.0068565060
   37.120613    -80.021172    0.0053953826
   37.120613    -67.710222    0.0040480107
   37.120613    -55.399273    0.0028617810
   37.120613    -43.088323    0.0018667192
   37.120613    -30.777374    0.0010788402
   37.120613    -18.466424    0.0005008405
   37.120613     -6.155475    0.0001218923
   37.120613      6.155475   -0.0000821908
   37.120613     18.466424   -0.0001476430
   37.120613     30.777374   -0.0001200060
   37.120613     43.088323   -0.0000501735
   37.120613     55.399273    0.0000100755
   37.120613     67.710222    0.0000118551
   37.120613     80.021172   -0.0000894307
   37.120613     92.332122   -0.0003372584

   43.869816    -92.332122    0.0088157979
   43.869816    -80.021172    0.0070447025
   43.869816    -67.710222    0.0053716311
   43.869816    -55.399273    0.0038718289
   43.869816    -43.088323    0.0025872518
   43.869816    -30.777374    0.0015414499
   43.869816    -18.466424    0.0007441462
   43.869816     -6.155475    0.0001908357
   43.869816      6.155475   -0.0001386602
   43.869816     18.466424   -0.0002801363
   43.869816     30.777374   -0.0002822854
   43.869816     43.088323   -0.0002015501
   43.869816     55.399273   -0.0000961630
   43.869816     67.710222   -0.0000223847
   43.869816     80.021172   -0.0000373350
   43.869816     92.332122   -0.0002142041

   50.619018    -92.332122    0.0108877025
   50.619018    -80.021172    0.0087969235
   50.619018    -67.710222    0.0068118622
   50.619018    -55.399273    0.0049978893
   50.619018    -43.088323    0.0034076753
   50.619018    -30.777374    0.0020792965
   50.619018    -18.466424    0.0010342034
   50.619018     -6.155475    0.0002757556
   50.619018      6.155475   -0.0002111842
   50.619018     18.466424   -0.0004593150
   50.619018     30.777374   -0.0005165483
   50.619018     43.088323   -0.0004423849
   50.619018     55.399273   -0.0003033651
   50.619018     67.710222   -0.0001681516
   50.619018     80.021172   -0.0001030158
   50.619018     92.332122   -0.0001687064

