  -50.614883    -55.127356    0.0423542335
  -50.614883    -47.777042    0.0368105250
  -50.614883    -40.426728    0.0323419421
  -50.614883    -33.076414    0.0288527622
  -50.614883    -25.726100    0.0262378822
  -50.614883    -18.375785    0.0243917915
  -50.614883    -11.025471    0.0232205958
  -50.614883     -3.675157    0.0226538625
  -50.614883      3.675157    0.0226538625
  -50.614883     11.025471    0.0232205958
  -50.614883     18.375785    0.0243917915
  -50.614883     25.726100    0.0262378822
  -50.614883     33.076414    0.0288527622
  -50.614883     40.426728    0.0323419421
  -50.614883     47.777042    0.0368105250
  -50.614883     55.127356    0.0423542335

  -43.866232    -55.127356    0.0365823267
  -43.866232    -47.777042    0.0310459995
  -43.866232    -40.426728    0.0265846649
  -43.866232    -33.076414    0.0231021751
  -43.866232    -25.726100    0.0204930726
  -43.866232    -18.375785    0.0186515629
  -43.866232    -11.025471    0.0174835395
  -43.866232     -3.675157    0.0169184277
  -43.866232      3.675157    0.0169184277
  -43.866232     11.025471    0.0174835395
  -43.866232     18.375785    0.0186515629
  -43.866232     25.726100    0.0204930726
  -43.866232     33.076414    0.0231021751
  -43.866232     40.426728    0.0265846649
  -43.866232     47.777042    0.0310459995
  -43.866232     55.127356    0.0365823267

  -37.117581    -55.127356    0.0316836054
  -37.117581    -47.777042    0.0261543201
  -37.117581    -40.426728    0.0216999619
  -37.117581    -33.076414    0.0182239490
  -37.117581    -25.726100    0.0156204619
  -37.117581    -18.375785    0.0137834171
  -37.117581    -11.025471    0.0126184909
  -37.117581     -3.675157    0.0120549638
  -37.117581      3.675157    0.0120549638
  -37.117581     11.025471    0.0126184909
  -37.117581     18.375785    0.0137834171
  -37.117581     25.726100    0.0156204619
  -37.117581     33.076414    0.0182239490
  -37.117581     40.426728    0.0216999619
  -37.117581     47.777042    0.0261543201
  -37.117581     55.127356    0.0316836055

  -30.368930    -55.127356    0.0276420577
  -30.368930    -47.777042    0.0221191447
  -30.368930    -40.426728    0.0176711386
  -30.368930    -33.076414    0.0142010465
  -30.368930    -25.726100    0.0116027070
  -30.368930    -18.375785    0.0097697624
  -30.368930    -11.025471    0.0086076837
  -30.368930     -3.675157    0.0080456146
  -30.368930      3.675157    0.0080456146
  -30.368930     11.025471    0.0086076837
  -30.368930     18.375785    0.0097697624
  -30.368930     25.726100    0.0116027070
  -30.368930     33.076414    0.0142010465
  -30.368930     40.426728    0.0176711386
  -30.368930     47.777042    0.0221191447
  -30.368930     55.127356    0.0276420577

  -23.620279    -55.127356    0.0244389806
  -23.620279    -47.777042    0.0189214956
  -23.620279    -40.426728    0.0144789235
  -23.620279    -33.076414    0.0110139108
  -23.620279    -25.726100    0.0084199954
  -23.620279    -18.375785    0.0065905794
  -23.620279    -11.025471    0.0054309532
  -23.620279     -3.675157    0.0048701405
  -23.620279      3.675157    0.0048701405
  -23.620279     11.025471    0.0054309532
  -23.620279     18.375785    0.0065905794
  -23.620279     25.726100    0.0084199954
  -23.620279     33.076414    0.0110139108
  -23.620279     40.426728    0.0144789235
  -23.620279     47.777042    0.0189214956
  -23.620279     55.127356    0.0244389806

  -16.871628    -55.127356    0.0220559038
  -16.871628    -47.777042    0.0165426823
  -16.871628    -40.426728    0.0121043912
  -16.871628    -33.076414    0.0086433880
  -16.871628    -25.726100    0.0060529694
  -16.871628    -18.375785    0.0042263447
  -16.871628    -11.025471    0.0030686598
  -16.871628     -3.675157    0.0025088418
  -16.871628      3.675157    0.0025088418
  -16.871628     11.025471    0.0030686598
  -16.871628     18.375785    0.0042263447
  -16.871628     25.726100    0.0060529694
  -16.871628     33.076414    0.0086433880
  -16.871628     40.426728    0.0121043912
  -16.871628     47.777042    0.0165426823
  -16.871628     55.127356    0.0220559038

  -10.122977    -55.127356    0.0204769282
  -10.122977    -47.777042    0.0149666407
  -10.122977    -40.426728    0.0105313016
  -10.122977    -33.076414    0.0070730665
  -10.122977    -25.726100    0.0044850642
  -10.122977    -18.375785    0.0026603694
  -10.122977    -11.025471    0.0015040270
  -10.122977     -3.675157    0.0009448972
  -10.122977      3.675157    0.0009448972
  -10.122977     11.025471    0.0015040270
  -10.122977     18.375785    0.0026603694
  -10.122977     25.726100    0.0044850642
  -10.122977     33.076414    0.0070730665
  -10.122977     40.426728    0.0105313016
  -10.122977     47.777042    0.0149666407
  -10.122977     55.127356    0.0204769282

   -3.374326    -55.127356    0.0196904801
   -3.374326    -47.777042    0.0141816871
   -3.374326    -40.426728    0.0097478533
   -3.374326    -33.076414    0.0062910309
   -3.374326    -25.726100    0.0037042622
   -3.374326    -18.375785    0.0018805530
   -3.374326    -11.025471    0.0007248965
   -3.374326     -3.675157    0.0001661182
   -3.374326      3.675157    0.0001661182
   -3.374326     11.025471    0.0007248965
   -3.374326     18.375785    0.0018805530
   -3.374326     25.726100    0.0037042622
   -3.374326     33.076414    0.0062910309
   -3.374326     40.426728    0.0097478533
   -3.374326     47.777042    0.0141816871
   -3.374326     55.127356    0.0196904801

    3.374326    -55.127356    0.0196904801
    3.374326    -47.777042    0.0141816871
    3.374326    -40.426728    0.0097478533
    3.374326    -33.076414    0.0062910309
    3.374326    -25.726100    0.0037042622
    3.374326    -18.375785    0.0018805530
    3.374326    -11.025471    0.0007248965
    3.374326     -3.675157    0.0001661182
    3.374326      3.675157    0.0001661182
    3.374326     11.025471    0.0007248965
    3.374326     18.375785    0.0018805530
    3.374326     25.726100    0.0037042622
    3.374326     33.076414    0.0062910309
    3.374326     40.426728    0.0097478533
    3.374326     47.777042    0.0141816871
    3.374326     55.127356    0.0196904801

   10.122977    -55.127356    0.0204769282
   10.122977    -47.777042    0.0149666407
   10.122977    -40.426728    0.0105313016
   10.122977    -33.076414    0.0070730665
   10.122977    -25.726100    0.0044850642
   10.122977    -18.375785    0.0026603694
   10.122977    -11.025471    0.0015040270
   10.122977     -3.675157    0.0009448972
   10.122977      3.675157    0.0009448972
   10.122977     11.025471    0.0015040270
   10.122977     18.375785    0.0026603694
   10.122977     25.726100    0.0044850642
   10.122977     33.076414    0.0070730665
   10.122977     40.426728    0.0105313016
   10.122977     47.777042    0.0149666407
   10.122977     55.127356    0.0204769282

   16.871628    -55.127356    0.0220559038
   16.871628    -47.777042    0.0165426823
   16.871628    -40.426728    0.0121043912
   16.871628    -33.076414    0.0086433880
   16.871628    -25.726100    0.0060529694
   16.871628    -18.375785    0.0042263447
   16.871628    -11.025471    0.0030686598
   16.871628     -3.675157    0.0025088418
   16.871628      3.675157    0.0025088418
   16.871628     11.025471    0.0030686598
   16.871628     18.375785    0.0042263447
   16.871628     25.726100    0.0060529694
   16.871628     33.076414    0.0086433880
   16.871628     40.426728    0.0121043912
   16.871628     47.777042    0.0165426823
   16.871628     55.127356    0.0220559038

   23.620279    -55.127356    0.0244389806
   23.620279    -47.777042    0.0189214956
   23.620279    -40.426728    0.0144789235
   23.620279    -33.076414    0.0110139108
   23.620279    -25.726100    0.0084199954
   23.620279    -18.375785    0.0065905794
   23.620279    -11.025471    0.0054309532
   23.620279     -3.675157    0.0048701405
   23.620279      3.675157    0.0048701405
   23.620279     11.025471    0.0054309532
   23.620279     18.375785    0.0065905794
   23.620279     25.726100    0.0084199954
   23.620279     33.076414    0.0110139108
   23.620279     40.426728    0.0144789235
   23.620279     47.777042    0.0189214956
   23.620279     55.127356    0.0244389806

   30.368930    -55.127356    0.0276420577
   30.368930    -47.777042    0.0221191447
   30.368930    -40.426728    0.0176711386
   30.368930    -33.076414    0.0142010465
   30.368930    -25.726100    0.0116027070
   30.368930    -18.375785    0.0097697624
   30.368930    -11.025471    0.0086076837
   30.368930     -3.675157    0.0080456146
   30.368930      3.675157    0.0080456146
   30.368930     11.025471    0.0086076837
   30.368930     18.375785    0.0097697624
   30.368930     25.726100    0.0116027070
   30.368930     33.076414    0.0142010465
   30.368930     40.426728    0.0176711386
   30.368930     47.777042    0.0221191447
   30.368930     55.127356    0.0276420577

   37.117581    -55.127356    0.0316836054
   37.117581    -47.777042    0.0261543201
   37.117581    -40.426728    0.0216999619
   37.117581    -33.076414    0.0182239490
   37.117581    -25.726100    0.0156204619
   37.117581    -18.375785    0.0137834171
   37.117581    -11.025471    0.0126184909
   37.117581     -3.675157    0.0120549638
   37.117581      3.675157    0.0120549638
   37.117581     11.025471    0.0126184909
   37.117581     18.375785    0.0137834171
   37.117581     25.726100    0.0156204619
   37.117581     33.076414    0.0182239490
   37.117581     40.426728    0.0216999619
   37.117581     47.777042    0.0261543201
   37.117581     55.127356    0.0316836055

   43.866232    -55.127356    0.0365823267
   43.866232    -47.777042    0.0310459995
   43.866232    -40.426728    0.0265846649
   43.866232    -33.076414    0.0231021751
   43.866232    -25.726100    0.0204930726
   43.866232    -18.375785    0.0186515629
   43.866232    -11.025471    0.0174835395
   43.866232     -3.675157    0.0169184277
   43.866232      3.675157    0.0169184277
   43.866232     11.025471    0.0174835395
   43.866232     18.375785    0.0186515629
   43.866232     25.726100    0.0204930726
   43.866232     33.076414    0.0231021751
   43.866232     40.426728    0.0265846649
   43.866232     47.777042    0.0310459995
   43.866232     55.127356    0.0365823267

   50.614883    -55.127356    0.0423542335
   50.614883    -47.777042    0.0368105250
   50.614883    -40.426728    0.0323419421
   50.614883    -33.076414    0.0288527622
   50.614883    -25.726100    0.0262378822
   50.614883    -18.375785    0.0243917915
   50.614883    -11.025471    0.0232205958
   50.614883     -3.675157    0.0226538625
   50.614883      3.675157    0.0226538625
   50.614883     11.025471    0.0232205958
   50.614883     18.375785    0.0243917915
   50.614883     25.726100    0.0262378822
   50.614883     33.076414    0.0288527622
   50.614883     40.426728    0.0323419421
   50.614883     47.777042    0.0368105250
   50.614883     55.127356    0.0423542335

