  -50.619018   -119.276109    0.0267041023
  -50.619018   -103.372628    0.0256158471
  -50.619018    -87.469147    0.0247090140
  -50.619018    -71.565666    0.0239711177
  -50.619018    -55.662184    0.0233924849
  -50.619018    -39.758703    0.0229664574
  -50.619018    -23.855222    0.0226895676
  -50.619018     -7.951741    0.0225616893
  -50.619018      7.951741    0.0225861617
  -50.619018     23.855222    0.0227698875
  -50.619018     39.758703    0.0231234050
  -50.619018     55.662184    0.0236609348
  -50.619018     71.565666    0.0244003995
  -50.619018     87.469147    0.0253634180
  -50.619018    103.372628    0.0265752737
  -50.619018    119.276109    0.0280648567

  -43.869816   -119.276109    0.0209354687
  -43.869816   -103.372628    0.0198612629
  -43.869816    -87.469147    0.0189660399
  -43.869816    -71.565666    0.0182371095
  -43.869816    -55.662184    0.0176646337
  -43.869816    -39.758703    0.0172418289
  -43.869816    -23.855222    0.0169651421
  -43.869816     -7.951741    0.0168344012
  -43.869816      7.951741    0.0168529390
  -43.869816     23.855222    0.0170276917
  -43.869816     39.758703    0.0173692707
  -43.869816     55.662184    0.0178920094
  -43.869816     71.565666    0.0186139828
  -43.869816     87.469147    0.0195570018
  -43.869816    103.372628    0.0207465817
  -43.869816    119.276109    0.0222118838

  -37.120613   -119.276109    0.0160387303
  -37.120613   -103.372628    0.0149779523
  -37.120613    -87.469147    0.0140938960
  -37.120613    -71.565666    0.0133736786
  -37.120613    -55.662184    0.0128073060
  -37.120613    -39.758703    0.0123878758
  -37.120613    -23.855222    0.0121117530
  -37.120613     -7.951741    0.0119787201
  -37.120613      7.951741    0.0119921021
  -37.120613     23.855222    0.0121588637
  -37.120613     39.758703    0.0124896824
  -37.120613     55.662184    0.0129989940
  -37.120613     71.565666    0.0137050131
  -37.120613     87.469147    0.0146297274
  -37.120613    103.372628    0.0157988655
  -37.120613    119.276109    0.0172418393

  -30.371411   -119.276109    0.0119984757
  -30.371411   -103.372628    0.0109498643
  -30.371411    -87.469147    0.0100759707
  -30.371411    -71.565666    0.0093637388
  -30.371411    -55.662184    0.0088030347
  -30.371411    -39.758703    0.0083868484
  -30.371411    -23.855222    0.0081114703
  -30.371411     -7.951741    0.0079766417
  -30.371411      7.951741    0.0079856784
  -30.371411     23.855222    0.0081455695
  -30.371411     39.758703    0.0084670492
  -30.371411     55.662184    0.0089646433
  -30.371411     71.565666    0.0096566892
  -30.371411     87.469147    0.0105653299
  -30.371411    103.372628    0.0117164826
  -30.371411    119.276109    0.0131397804

  -23.622208   -119.276109    0.0087963185
  -23.622208   -103.372628    0.0077580797
  -23.622208    -87.469147    0.0068928772
  -23.622208    -71.565666    0.0061875083
  -23.622208    -55.662184    0.0056317201
  -23.622208    -39.758703    0.0052184114
  -23.622208    -23.855222    0.0049438092
  -23.622208     -7.951741    0.0048076185
  -23.622208      7.951741    0.0048131471
  -23.622208     23.855222    0.0049674034
  -23.622208     39.758703    0.0052811685
  -23.622208     55.662184    0.0057690430
  -23.622208     71.565666    0.0064494664
  -23.622208     87.469147    0.0073447118
  -23.622208    103.372628    0.0084808539
  -23.622208    119.276109    0.0098877111

  -16.873006   -119.276109    0.0064139210
  -16.873006   -103.372628    0.0053838347
  -16.873006    -87.469147    0.0045254777
  -16.873006    -71.565666    0.0038255327
  -16.873006    -55.662184    0.0032736538
  -16.873006    -39.758703    0.0028626682
  -16.873006    -23.855222    0.0025887528
  -16.873006     -7.951741    0.0024515842
  -16.873006      7.951741    0.0024544631
  -16.873006     23.855222    0.0026044125
  -16.873006     39.758703    0.0029122498
  -16.873006     55.662184    0.0033926329
  -16.873006     71.565666    0.0040640805
  -16.873006     87.469147    0.0049489665
  -16.873006    103.372628    0.0060734877
  -16.873006    119.276109    0.0074676062

  -10.123804   -119.276109    0.0048354134
  -10.123804   -103.372628    0.0038109397
  -10.123804    -87.469147    0.0029573021
  -10.123804    -71.565666    0.0022611049
  -10.123804    -55.662184    0.0017119381
  -10.123804    -39.758703    0.0013025797
  -10.123804    -23.855222    0.0010291721
  -10.123804     -7.951741    0.0008913723
  -10.123804      7.951741    0.0008924759
  -10.123804     23.855222    0.0010395157
  -10.123804     39.758703    0.0013433334
  -10.123804     55.662184    0.0018186261
  -10.123804     71.565666    0.0024839667
  -10.123804     87.469147    0.0033617974
  -10.123804    103.372628    0.0044783984
  -10.123804    119.276109    0.0058638301

   -3.374601   -119.276109    0.0040492077
   -3.374601   -103.372628    0.0030275936
   -3.374601    -87.469147    0.0021763625
   -3.374601    -71.565666    0.0014820787
   -3.374601    -55.662184    0.0009342997
   -3.374601    -39.758703    0.0005257784
   -3.374601    -23.855222    0.0002526398
   -3.374601     -7.951741    0.0001145306
   -3.374601      7.951741    0.0001147439
   -3.374601     23.855222    0.0002603173
   -3.374601     39.758703    0.0005621049
   -3.374601     55.662184    0.0010348237
   -3.374601     71.565666    0.0016970737
   -3.374601     87.469147    0.0025713321
   -3.374601    103.372628    0.0036839212
   -3.374601    119.276109    0.0050649512

    3.374601   -119.276109    0.0040492077
    3.374601   -103.372628    0.0030275936
    3.374601    -87.469147    0.0021763625
    3.374601    -71.565666    0.0014820787
    3.374601    -55.662184    0.0009342997
    3.374601    -39.758703    0.0005257784
    3.374601    -23.855222    0.0002526398
    3.374601     -7.951741    0.0001145306
    3.374601      7.951741    0.0001147439
    3.374601     23.855222    0.0002603173
    3.374601     39.758703    0.0005621049
    3.374601     55.662184    0.0010348237
    3.374601     71.565666    0.0016970737
    3.374601     87.469147    0.0025713321
    3.374601    103.372628    0.0036839212
    3.374601    119.276109    0.0050649512

   10.123804   -119.276109    0.0048354134
   10.123804   -103.372628    0.0038109397
   10.123804    -87.469147    0.0029573021
   10.123804    -71.565666    0.0022611049
   10.123804    -55.662184    0.0017119381
   10.123804    -39.758703    0.0013025797
   10.123804    -23.855222    0.0010291721
   10.123804     -7.951741    0.0008913723
   10.123804      7.951741    0.0008924759
   10.123804     23.855222    0.0010395157
   10.123804     39.758703    0.0013433334
   10.123804     55.662184    0.0018186261
   10.123804     71.565666    0.0024839667
   10.123804     87.469147    0.0033617974
   10.123804    103.372628    0.0044783984
   10.123804    119.276109    0.0058638301

   16.873006   -119.276109    0.0064139210
   16.873006   -103.372628    0.0053838347
   16.873006    -87.469147    0.0045254777
   16.873006    -71.565666    0.0038255327
   16.873006    -55.662184    0.0032736538
   16.873006    -39.758703    0.0028626682
   16.873006    -23.855222    0.0025887528
   16.873006     -7.951741    0.0024515842
   16.873006      7.951741    0.0024544631
   16.873006     23.855222    0.0026044125
   16.873006     39.758703    0.0029122498
   16.873006     55.662184    0.0033926329
   16.873006     71.565666    0.0040640805
   16.873006     87.469147    0.0049489665
   16.873006    103.372628    0.0060734877
   16.873006    119.276109    0.0074676062

   23.622208   -119.276109    0.0087963185
   23.622208   -103.372628    0.0077580797
   23.622208    -87.469147    0.0068928772
   23.622208    -71.565666    0.0061875083
   23.622208    -55.662184    0.0056317201
   23.622208    -39.758703    0.0052184114
   23.622208    -23.855222    0.0049438092
   23.622208     -7.951741    0.0048076185
   23.622208      7.951741    0.0048131471
   23.622208     23.855222    0.0049674034
   23.622208     39.758703    0.0052811685
   23.622208     55.662184    0.0057690430
   23.622208     71.565666    0.0064494664
   23.622208     87.469147    0.0073447118
   23.622208    103.372628    0.0084808539
   23.622208    119.276109    0.0098877111

   30.371411   -119.276109    0.0119984757
   30.371411   -103.372628    0.0109498643
   30.371411    -87.469147    0.0100759707
   30.371411    -71.565666    0.0093637388
   30.371411    -55.662184    0.0088030347
   30.371411    -39.758703    0.0083868484
   30.371411    -23.855222    0.0081114703
   30.371411     -7.951741    0.0079766417
   30.371411      7.951741    0.0079856784
   30.371411     23.855222    0.0081455695
   30.371411     39.758703    0.0084670492
   30.371411     55.662184    0.0089646433
   30.371411     71.565666    0.0096566892
   30.371411     87.469147    0.0105653299
   30.371411    103.372628    0.0117164826
   30.371411    119.276109    0.0131397804

   37.120613   -119.276109    0.0160387303
   37.120613   -103.372628    0.0149779523
   37.120613    -87.469147    0.0140938960
   37.120613    -71.565666    0.0133736786
   37.120613    -55.662184    0.0128073060
   37.120613    -39.758703    0.0123878758
   37.120613    -23.855222    0.0121117530
   37.120613     -7.951741    0.0119787201
   37.120613      7.951741    0.0119921021
   37.120613     23.855222    0.0121588637
   37.120613     39.758703    0.0124896824
   37.120613     55.662184    0.0129989940
   37.120613     71.565666    0.0137050131
   37.120613     87.469147    0.0146297274
   37.120613    103.372628    0.0157988655
   37.120613    119.276109    0.0172418393

   43.869816   -119.276109    0.0209354687
   43.869816   -103.372628    0.0198612629
   43.869816    -87.469147    0.0189660399
   43.869816    -71.565666    0.0182371095
   43.869816    -55.662184    0.0176646337
   43.869816    -39.758703    0.0172418289
   43.869816    -23.855222    0.0169651421
   43.869816     -7.951741    0.0168344012
   43.869816      7.951741    0.0168529390
   43.869816     23.855222    0.0170276917
   43.869816     39.758703    0.0173692707
   43.869816     55.662184    0.0178920094
   43.869816     71.565666    0.0186139828
   43.869816     87.469147    0.0195570018
   43.869816    103.372628    0.0207465817
   43.869816    119.276109    0.0222118838

   50.619018   -119.276109    0.0267041023
   50.619018   -103.372628    0.0256158471
   50.619018    -87.469147    0.0247090140
   50.619018    -71.565666    0.0239711177
   50.619018    -55.662184    0.0233924849
   50.619018    -39.758703    0.0229664574
   50.619018    -23.855222    0.0226895676
   50.619018     -7.951741    0.0225616893
   50.619018      7.951741    0.0225861617
   50.619018     23.855222    0.0227698875
   50.619018     39.758703    0.0231234050
   50.619018     55.662184    0.0236609348
   50.619018     71.565666    0.0244003995
   50.619018     87.469147    0.0253634180
   50.619018    103.372628    0.0265752737
   50.619018    119.276109    0.0280648567

