  -48.902142    -62.630025    0.0429633134
  -48.902142    -54.279355    0.0383309492
  -48.902142    -45.928685    0.0344562545
  -48.902142    -37.578015    0.0313086506
  -48.902142    -29.227345    0.0288602769
  -48.902142    -20.876675    0.0270859449
  -48.902142    -12.526005    0.0259630754
  -48.902142     -4.175335    0.0254716173
  -48.902142      4.175335    0.0255939480
  -48.902142     12.526005    0.0263147566
  -48.902142     20.876675    0.0276209088
  -48.902142     29.227345    0.0295012939
  -48.902142     37.578015    0.0319466537
  -48.902142     45.928685    0.0349493938
  -48.902142     54.279355    0.0385033766
  -48.902142     62.630025    0.0426036967

  -42.381856    -62.630025    0.0366531020
  -42.381856    -54.279355    0.0320183962
  -42.381856    -45.928685    0.0281414057
  -42.381856    -37.578015    0.0249899656
  -42.381856    -29.227345    0.0225347347
  -42.381856    -20.876675    0.0207491942
  -42.381856    -12.526005    0.0196096208
  -42.381856     -4.175335    0.0190950345
  -42.381856      4.175335    0.0191871220
  -42.381856     12.526005    0.0198701349
  -42.381856     20.876675    0.0211307622
  -42.381856     29.227345    0.0229579786
  -42.381856     37.578015    0.0253428673
  -42.381856     45.928685    0.0282784175
  -42.381856     54.279355    0.0317592978
  -42.381856     62.630025    0.0357816031

  -35.861571    -62.630025    0.0312623737
  -35.861571    -54.279355    0.0266271588
  -35.861571    -45.928685    0.0227496620
  -35.861571    -37.578015    0.0195962777
  -35.861571    -29.227345    0.0171363266
  -35.861571    -20.876675    0.0153420894
  -35.861571    -12.526005    0.0141888100
  -35.861571     -4.175335    0.0136546677
  -35.861571      4.175335    0.0137207194
  -35.861571     12.526005    0.0143708112
  -35.861571     20.876675    0.0155914589
  -35.861571     29.227345    0.0173716989
  -35.861571     37.578015    0.0197029074
  -35.861571     45.928685    0.0225785905
  -35.861571     54.279355    0.0259941419
  -35.861571     62.630025    0.0299465721

  -29.341285    -62.630025    0.0267855009
  -29.341285    -54.279355    0.0221509609
  -29.341285    -45.928685    0.0182741112
  -29.341285    -37.578015    0.0151201001
  -29.341285    -29.227345    0.0126570858
  -29.341285    -20.876675    0.0108563020
  -29.341285    -12.526005    0.0096920884
  -29.341285     -4.175335    0.0091418851
  -29.341285      4.175335    0.0091861922
  -29.341285     12.526005    0.0098084935
  -29.341285     20.876675    0.0109951457
  -29.341285     29.227345    0.0127352309
  -29.341285     37.578015    0.0150203746
  -29.341285     45.928685    0.0178445281
  -29.341285     54.279355    0.0212037157
  -29.341285     62.630025    0.0250957456

  -22.821000    -62.630025    0.0232155513
  -22.821000    -54.279355    0.0185822938
  -22.821000    -45.928685    0.0147066825
  -22.821000    -37.578015    0.0115528450
  -22.821000    -29.227345    0.0090879794
  -22.821000    -20.876675    0.0072824490
  -22.821000    -12.526005    0.0061098378
  -22.821000     -4.175335    0.0055469654
  -22.821000      4.175335    0.0055738625
  -22.821000     12.526005    0.0061737060
  -22.821000     20.876675    0.0073327153
  -22.821000     29.227345    0.0090400070
  -22.821000     37.578015    0.0112874115
  -22.821000     45.928685    0.0140692488
  -22.821000     54.279355    0.0173820641
  -22.821000     62.630025    0.0212243245

  -16.300714    -62.630025    0.0205455108
  -16.300714    -54.279355    0.0159136593
  -16.300714    -45.928685    0.0120394071
  -16.300714    -37.578015    0.0088861052
  -16.300714    -29.227345    0.0064202144
  -16.300714    -20.876675    0.0046114252
  -16.300714    -12.526005    0.0034327341
  -16.300714     -4.175335    0.0028604766
  -16.300714      4.175335    0.0028743159
  -16.300714     12.526005    0.0034571881
  -16.300714     20.876675    0.0045952037
  -16.300714     29.227345    0.0062775051
  -16.300714     37.578015    0.0084960805
  -16.300714     45.928685    0.0112455341
  -16.300714     54.279355    0.0145228125
  -16.300714     62.630025    0.0183268872

   -9.780428    -62.630025    0.0187692627
   -9.780428    -54.279355    0.0141385639
   -9.780428    -45.928685    0.0102654260
   -9.780428    -37.578015    0.0071126784
   -9.780428    -29.227345    0.0046462822
   -9.780428    -20.876675    0.0028354691
   -9.780428    -12.526005    0.0016528338
   -9.780428     -4.175335    0.0010743793
   -9.780428      4.175335    0.0010795162
   -9.780428     12.526005    0.0016510145
   -9.780428     20.876675    0.0027749096
   -9.780428     29.227345    0.0044403609
   -9.780428     37.578015    0.0066394644
   -9.780428     45.928685    0.0093670179
   -9.780428     54.279355    0.0126202405
   -9.780428     62.630025    0.0163984443

   -3.260143    -62.630025    0.0178823213
   -3.260143    -54.279355    0.0132522642
   -3.260143    -45.928685    0.0093797467
   -3.260143    -37.578015    0.0062273362
   -3.260143    -29.227345    0.0037607416
   -3.260143    -20.876675    0.0019489623
   -3.260143    -12.526005    0.0007643886
   -3.260143     -4.175335    0.0001828544
   -3.260143      4.175335    0.0001836415
   -3.260143     12.526005    0.0007494352
   -3.260143     20.876675    0.0018662325
   -3.260143     29.227345    0.0035232015
   -3.260143     37.578015    0.0057124927
   -3.260143     45.928685    0.0084290022
   -3.260143     54.279355    0.0116700868
   -3.260143     62.630025    0.0154352302

    3.260143    -62.630025    0.0178823213
    3.260143    -54.279355    0.0132522642
    3.260143    -45.928685    0.0093797467
    3.260143    -37.578015    0.0062273362
    3.260143    -29.227345    0.0037607416
    3.260143    -20.876675    0.0019489623
    3.260143    -12.526005    0.0007643886
    3.260143     -4.175335    0.0001828544
    3.260143      4.175335    0.0001836415
    3.260143     12.526005    0.0007494352
    3.260143     20.876675    0.0018662325
    3.260143     29.227345    0.0035232015
    3.260143     37.578015    0.0057124927
    3.260143     45.928685    0.0084290022
    3.260143     54.279355    0.0116700868
    3.260143     62.630025    0.0154352302

    9.780428    -62.630025    0.0187692627
    9.780428    -54.279355    0.0141385639
    9.780428    -45.928685    0.0102654260
    9.780428    -37.578015    0.0071126784
    9.780428    -29.227345    0.0046462822
    9.780428    -20.876675    0.0028354691
    9.780428    -12.526005    0.0016528338
    9.780428     -4.175335    0.0010743793
    9.780428      4.175335    0.0010795162
    9.780428     12.526005    0.0016510145
    9.780428     20.876675    0.0027749096
    9.780428     29.227345    0.0044403609
    9.780428     37.578015    0.0066394644
    9.780428     45.928685    0.0093670179
    9.780428     54.279355    0.0126202405
    9.780428     62.630025    0.0163984443

   16.300714    -62.630025    0.0205455108
   16.300714    -54.279355    0.0159136593
   16.300714    -45.928685    0.0120394071
   16.300714    -37.578015    0.0088861052
   16.300714    -29.227345    0.0064202144
   16.300714    -20.876675    0.0046114252
   16.300714    -12.526005    0.0034327341
   16.300714     -4.175335    0.0028604766
   16.300714      4.175335    0.0028743159
   16.300714     12.526005    0.0034571881
   16.300714     20.876675    0.0045952037
   16.300714     29.227345    0.0062775051
   16.300714     37.578015    0.0084960805
   16.300714     45.928685    0.0112455341
   16.300714     54.279355    0.0145228125
   16.300714     62.630025    0.0183268872

   22.821000    -62.630025    0.0232155513
   22.821000    -54.279355    0.0185822938
   22.821000    -45.928685    0.0147066825
   22.821000    -37.578015    0.0115528450
   22.821000    -29.227345    0.0090879794
   22.821000    -20.876675    0.0072824490
   22.821000    -12.526005    0.0061098378
   22.821000     -4.175335    0.0055469654
   22.821000      4.175335    0.0055738625
   22.821000     12.526005    0.0061737060
   22.821000     20.876675    0.0073327153
   22.821000     29.227345    0.0090400070
   22.821000     37.578015    0.0112874115
   22.821000     45.928685    0.0140692488
   22.821000     54.279355    0.0173820641
   22.821000     62.630025    0.0212243245

   29.341285    -62.630025    0.0267855009
   29.341285    -54.279355    0.0221509609
   29.341285    -45.928685    0.0182741112
   29.341285    -37.578015    0.0151201001
   29.341285    -29.227345    0.0126570858
   29.341285    -20.876675    0.0108563020
   29.341285    -12.526005    0.0096920884
   29.341285     -4.175335    0.0091418851
   29.341285      4.175335    0.0091861922
   29.341285     12.526005    0.0098084935
   29.341285     20.876675    0.0109951457
   29.341285     29.227345    0.0127352309
   29.341285     37.578015    0.0150203746
   29.341285     45.928685    0.0178445281
   29.341285     54.279355    0.0212037157
   29.341285     62.630025    0.0250957456

   35.861571    -62.630025    0.0312623737
   35.861571    -54.279355    0.0266271588
   35.861571    -45.928685    0.0227496620
   35.861571    -37.578015    0.0195962777
   35.861571    -29.227345    0.0171363266
   35.861571    -20.876675    0.0153420894
   35.861571    -12.526005    0.0141888100
   35.861571     -4.175335    0.0136546677
   35.861571      4.175335    0.0137207194
   35.861571     12.526005    0.0143708112
   35.861571     20.876675    0.0155914589
   35.861571     29.227345    0.0173716989
   35.861571     37.578015    0.0197029074
   35.861571     45.928685    0.0225785905
   35.861571     54.279355    0.0259941419
   35.861571     62.630025    0.0299465721

   42.381856    -62.630025    0.0366531020
   42.381856    -54.279355    0.0320183962
   42.381856    -45.928685    0.0281414057
   42.381856    -37.578015    0.0249899656
   42.381856    -29.227345    0.0225347347
   42.381856    -20.876675    0.0207491942
   42.381856    -12.526005    0.0196096208
   42.381856     -4.175335    0.0190950345
   42.381856      4.175335    0.0191871220
   42.381856     12.526005    0.0198701349
   42.381856     20.876675    0.0211307622
   42.381856     29.227345    0.0229579786
   42.381856     37.578015    0.0253428673
   42.381856     45.928685    0.0282784175
   42.381856     54.279355    0.0317592978
   42.381856     62.630025    0.0357816031

   48.902142    -62.630025    0.0429633134
   48.902142    -54.279355    0.0383309492
   48.902142    -45.928685    0.0344562545
   48.902142    -37.578015    0.0313086506
   48.902142    -29.227345    0.0288602769
   48.902142    -20.876675    0.0270859449
   48.902142    -12.526005    0.0259630754
   48.902142     -4.175335    0.0254716173
   48.902142      4.175335    0.0255939480
   48.902142     12.526005    0.0263147566
   48.902142     20.876675    0.0276209088
   48.902142     29.227345    0.0295012939
   48.902142     37.578015    0.0319466537
   48.902142     45.928685    0.0349493938
   48.902142     54.279355    0.0385033766
   48.902142     62.630025    0.0426036967

