  -44.510090   -136.038482    0.0553124610
  -44.510090   -117.900018    0.0525814221
  -44.510090    -99.761554    0.0503690570
  -44.510090    -81.623089    0.0486194290
  -44.510090    -63.484625    0.0472832985
  -44.510090    -45.346161    0.0463193092
  -44.510090    -27.207696    0.0456951832
  -44.510090     -9.069232    0.0453887605
  -44.510090      9.069232    0.0453887605
  -44.510090     27.207696    0.0456951832
  -44.510090     45.346161    0.0463193092
  -44.510090     63.484625    0.0472832985
  -44.510090     81.623089    0.0486194290
  -44.510090     99.761554    0.0503690570
  -44.510090    117.900018    0.0525814221
  -44.510090    136.038482    0.0553124610

  -39.273609   -136.038482    0.0460732120
  -39.273609   -117.900018    0.0433685389
  -39.273609    -99.761554    0.0411841864
  -39.273609    -81.623089    0.0394619097
  -39.273609    -63.484625    0.0381503870
  -39.273609    -45.346161    0.0372064927
  -39.273609    -27.207696    0.0365965612
  -39.273609     -9.069232    0.0362974786
  -39.273609      9.069232    0.0362974786
  -39.273609     27.207696    0.0365965612
  -39.273609     45.346161    0.0372064927
  -39.273609     63.484625    0.0381503870
  -39.273609     81.623089    0.0394619097
  -39.273609     99.761554    0.0411841864
  -39.273609    117.900018    0.0433685389
  -39.273609    136.038482    0.0460732120

  -34.037128   -136.038482    0.0375161094
  -34.037128   -117.900018    0.0348691563
  -34.037128    -99.761554    0.0327408135
  -34.037128    -81.623089    0.0310700458
  -34.037128    -63.484625    0.0298030178
  -34.037128    -45.346161    0.0288944697
  -34.037128    -27.207696    0.0283090633
  -34.037128     -9.069232    0.0280225357
  -34.037128      9.069232    0.0280225357
  -34.037128     27.207696    0.0283090633
  -34.037128     45.346161    0.0288944697
  -34.037128     63.484625    0.0298030178
  -34.037128     81.623089    0.0310700458
  -34.037128     99.761554    0.0327408135
  -34.037128    117.900018    0.0348691563
  -34.037128    136.038482    0.0375161094

  -28.800647   -136.038482    0.0297014061
  -28.800647   -117.900018    0.0271463439
  -28.800647    -99.761554    0.0251045411
  -28.800647    -81.623089    0.0235116396
  -28.800647    -63.484625    0.0223108133
  -28.800647    -45.346161    0.0214542644
  -28.800647    -27.207696    0.0209046665
  -28.800647     -9.069232    0.0206363906
  -28.800647      9.069232    0.0206363906
  -28.800647     27.207696    0.0209046665
  -28.800647     45.346161    0.0214542644
  -28.800647     63.484625    0.0223108133
  -28.800647     81.623089    0.0235116396
  -28.800647     99.761554    0.0251045411
  -28.800647    117.900018    0.0271463439
  -28.800647    136.038482    0.0297014061

  -23.564166   -136.038482    0.0226960196
  -23.564166   -117.900018    0.0202702469
  -23.564166    -99.761554    0.0183484205
  -23.564166    -81.623089    0.0168622688
  -23.564166    -63.484625    0.0157514439
  -23.564166    -45.346161    0.0149651598
  -23.564166    -27.207696    0.0144637497
  -23.564166     -9.069232    0.0142199767
  -23.564166      9.069232    0.0142199767
  -23.564166     27.207696    0.0144637497
  -23.564166     45.346161    0.0149651598
  -23.564166     63.484625    0.0157514439
  -23.564166     81.623089    0.0168622688
  -23.564166     99.761554    0.0183484205
  -23.564166    117.900018    0.0202702469
  -23.564166    136.038482    0.0226960196

  -18.327684   -136.038482    0.0165740745
  -18.327684   -117.900018    0.0143186502
  -18.327684    -99.761554    0.0125535364
  -18.327684    -81.623089    0.0112058889
  -18.327684    -63.484625    0.0102112445
  -18.327684    -45.346161    0.0095153255
  -18.327684    -27.207696    0.0090757300
  -18.327684     -9.069232    0.0088633423
  -18.327684      9.069232    0.0088633423
  -18.327684     27.207696    0.0090757300
  -18.327684     45.346161    0.0095153255
  -18.327684     63.484625    0.0102112445
  -18.327684     81.623089    0.0112058889
  -18.327684     99.761554    0.0125535364
  -18.327684    117.900018    0.0143186502
  -18.327684    136.038482    0.0165740745

  -13.091203   -136.038482    0.0114175312
  -13.091203   -117.900018    0.0093776406
  -13.091203    -99.761554    0.0078096991
  -13.091203    -81.623089    0.0066355523
  -13.091203    -63.484625    0.0057859564
  -13.091203    -45.346161    0.0052025771
  -13.091203    -27.207696    0.0048398339
  -13.091203     -9.069232    0.0046664280
  -13.091203      9.069232    0.0046664280
  -13.091203     27.207696    0.0048398339
  -13.091203     45.346161    0.0052025771
  -13.091203     63.484625    0.0057859564
  -13.091203     81.623089    0.0066355523
  -13.091203     99.761554    0.0078096991
  -13.091203    117.900018    0.0093776406
  -13.091203    136.038482    0.0114175312

   -7.854722   -136.038482    0.0073169010
   -7.854722   -117.900018    0.0055423668
   -7.854722    -99.761554    0.0042162455
   -7.854722    -81.623089    0.0032542453
   -7.854722    -63.484625    0.0025815949
   -7.854722    -45.346161    0.0021352673
   -7.854722    -27.207696    0.0018660050
   -7.854722     -9.069232    0.0017399825
   -7.854722      9.069232    0.0017399825
   -7.854722     27.207696    0.0018660050
   -7.854722     45.346161    0.0021352673
   -7.854722     63.484625    0.0025815949
   -7.854722     81.623089    0.0032542453
   -7.854722     99.761554    0.0042162455
   -7.854722    117.900018    0.0055423668
   -7.854722    136.038482    0.0073169010

   -2.618241   -136.038482    0.0043720475
   -2.618241   -117.900018    0.0029178964
   -2.618241    -99.761554    0.0018829474
   -2.618241    -81.623089    0.0011758424
   -2.618241    -63.484625    0.0007154415
   -2.618241    -45.346161    0.0004333087
   -2.618241    -27.207696    0.0002759467
   -2.618241     -9.069232    0.0002066158
   -2.618241      9.069232    0.0002066158
   -2.618241     27.207696    0.0002759467
   -2.618241     45.346161    0.0004333087
   -2.618241     63.484625    0.0007154415
   -2.618241     81.623089    0.0011758424
   -2.618241     99.761554    0.0018829474
   -2.618241    117.900018    0.0029178964
   -2.618241    136.038482    0.0043720475

    2.618241   -136.038482    0.0026930751
    2.618241   -117.900018    0.0016201706
    2.618241    -99.761554    0.0009310279
    2.618241    -81.623089    0.0005261771
    2.618241    -63.484625    0.0003171615
    2.618241    -45.346161    0.0002293273
    2.618241    -27.207696    0.0002043010
    2.618241     -9.069232    0.0002019912
    2.618241      9.069232    0.0002019912
    2.618241     27.207696    0.0002043010
    2.618241     45.346161    0.0002293273
    2.618241     63.484625    0.0003171615
    2.618241     81.623089    0.0005261771
    2.618241     99.761554    0.0009310279
    2.618241    117.900018    0.0016201706
    2.618241    136.038482    0.0026930751

    7.854722   -136.038482    0.0024013028
    7.854722   -117.900018    0.0017770569
    7.854722    -99.761554    0.0014942862
    7.854722    -81.623089    0.0014442310
    7.854722    -63.484625    0.0015300472
    7.854722    -45.346161    0.0016699479
    7.854722    -27.207696    0.0017999636
    7.854722     -9.069232    0.0018761544
    7.854722      9.069232    0.0018761544
    7.854722     27.207696    0.0017999636
    7.854722     45.346161    0.0016699479
    7.854722     63.484625    0.0015300472
    7.854722     81.623089    0.0014442310
    7.854722     99.761554    0.0014942862
    7.854722    117.900018    0.0017770569
    7.854722    136.038482    0.0024013028

   13.091203   -136.038482    0.0036303253
   13.091203   -117.900018    0.0035294983
   13.091203    -99.761554    0.0037203297
   13.091203    -81.623089    0.0040834399
   13.091203    -63.484625    0.0045123859
   13.091203    -45.346161    0.0049172113
   13.091203    -27.207696    0.0052275334
   13.091203     -9.069232    0.0053950008
   13.091203      9.069232    0.0053950008
   13.091203     27.207696    0.0052275334
   13.091203     45.346161    0.0049172113
   13.091203     63.484625    0.0045123859
   13.091203     81.623089    0.0040834399
   13.091203     99.761554    0.0037203297
   13.091203    117.900018    0.0035294983
   13.091203    136.038482    0.0036303253

   18.327684   -136.038482    0.0065271601
   18.327684   -117.900018    0.0070327614
   18.327684    -99.761554    0.0077719144
   18.327684    -81.623089    0.0086131165
   18.327684    -63.484625    0.0094389531
   18.327684    -45.346161    0.0101501220
   18.327684    -27.207696    0.0106688990
   18.327684     -9.069232    0.0109418807
   18.327684      9.069232    0.0109418807
   18.327684     27.207696    0.0106688990
   18.327684     45.346161    0.0101501220
   18.327684     63.484625    0.0094389531
   18.327684     81.623089    0.0086131165
   18.327684     99.761554    0.0077719144
   18.327684    117.900018    0.0070327614
   18.327684    136.038482    0.0065271601

   23.564166   -136.038482    0.0112534814
   23.564166   -117.900018    0.0124577808
   23.564166    -99.761554    0.0138283932
   23.564166    -81.623089    0.0152199913
   23.564166    -63.484625    0.0165026315
   23.564166    -45.346161    0.0175663285
   23.564166    -27.207696    0.0183249605
   23.564166     -9.069232    0.0187193426
   23.564166      9.069232    0.0187193426
   23.564166     27.207696    0.0183249605
   23.564166     45.346161    0.0175663285
   23.564166     63.484625    0.0165026315
   23.564166     81.623089    0.0152199913
   23.564166     99.761554    0.0138283932
   23.564166    117.900018    0.0124577808
   23.564166    136.038482    0.0112534814

   28.800647   -136.038482    0.0179869395
   28.800647   -117.900018    0.0199926020
   28.800647    -99.761554    0.0220872724
   28.800647    -81.623089    0.0241098704
   28.800647    -63.484625    0.0259161543
   28.800647    -45.346161    0.0273839338
   28.800647    -27.207696    0.0284174866
   28.800647     -9.069232    0.0289510143
   28.800647      9.069232    0.0289510143
   28.800647     27.207696    0.0284174866
   28.800647     45.346161    0.0273839338
   28.800647     63.484625    0.0259161543
   28.800647     81.623089    0.0241098704
   28.800647     99.761554    0.0220872724
   28.800647    117.900018    0.0199926020
   28.800647    136.038482    0.0179869395

   34.037128   -136.038482    0.0269225680
   34.037128   -117.900018    0.0298439209
   34.037128    -99.761554    0.0327658754
   34.037128    -81.623089    0.0355094106
   34.037128    -63.484625    0.0379139746
   34.037128    -45.346161    0.0398434387
   34.037128    -27.207696    0.0411911081
   34.037128     -9.069232    0.0418836217
   34.037128      9.069232    0.0418836217
   34.037128     27.207696    0.0411911081
   34.037128     45.346161    0.0398434387
   34.037128     63.484625    0.0379139746
   34.037128     81.623089    0.0355094106
   34.037128     99.761554    0.0327658754
   34.037128    117.900018    0.0298439209
   34.037128    136.038482    0.0269225680

