  -62.630025    -92.332122    0.0024442378
  -62.630025    -80.021172    0.0018750151
  -62.630025    -67.710222    0.0013673682
  -62.630025    -55.399273    0.0009296590
  -62.630025    -43.088323    0.0005694802
  -62.630025    -30.777374    0.0002933153
  -62.630025    -18.466424    0.0001062655
  -62.630025     -6.155475    0.0000118449
  -62.630025      6.155475    0.0000118449
  -62.630025     18.466424    0.0001062655
  -62.630025     30.777374    0.0002933153
  -62.630025     43.088323    0.0005694802
  -62.630025     55.399273    0.0009296590
  -62.630025     67.710222    0.0013673682
  -62.630025     80.021172    0.0018750151
  -62.630025     92.332122    0.0024442378

  -54.279355    -92.332122    0.0021074415
  -54.279355    -80.021172    0.0016166701
  -54.279355    -67.710222    0.0011789792
  -54.279355    -55.399273    0.0008015816
  -54.279355    -43.088323    0.0004910272
  -54.279355    -30.777374    0.0002529087
  -54.279355    -18.466424    0.0000916268
  -54.279355     -6.155475    0.0000102132
  -54.279355      6.155475    0.0000102132
  -54.279355     18.466424    0.0000916268
  -54.279355     30.777374    0.0002529087
  -54.279355     43.088323    0.0004910272
  -54.279355     55.399273    0.0008015816
  -54.279355     67.710222    0.0011789792
  -54.279355     80.021172    0.0016166701
  -54.279355     92.332122    0.0021074415

  -45.928685    -92.332122    0.0017727425
  -45.928685    -80.021172    0.0013599183
  -45.928685    -67.710222    0.0009917682
  -45.928685    -55.399273    0.0006743261
  -45.928685    -43.088323    0.0004130922
  -45.928685    -30.777374    0.0002127759
  -45.928685    -18.466424    0.0000770893
  -45.928685     -6.155475    0.0000085929
  -45.928685      6.155475    0.0000085929
  -45.928685     18.466424    0.0000770893
  -45.928685     30.777374    0.0002127759
  -45.928685     43.088323    0.0004130922
  -45.928685     55.399273    0.0006743261
  -45.928685     67.710222    0.0009917682
  -45.928685     80.021172    0.0013599183
  -45.928685     92.332122    0.0017727425

  -37.578015    -92.332122    0.0014410002
  -37.578015    -80.021172    0.0011054336
  -37.578015    -67.710222    0.0008062058
  -37.578015    -55.399273    0.0005481871
  -37.578015    -43.088323    0.0003358384
  -37.578015    -30.777374    0.0001729926
  -37.578015    -18.466424    0.0000626780
  -37.578015     -6.155475    0.0000069867
  -37.578015      6.155475    0.0000069867
  -37.578015     18.466424    0.0000626780
  -37.578015     30.777374    0.0001729926
  -37.578015     43.088323    0.0003358384
  -37.578015     55.399273    0.0005481871
  -37.578015     67.710222    0.0008062058
  -37.578015     80.021172    0.0011054336
  -37.578015     92.332122    0.0014410002

  -29.227345    -92.332122    0.0011129098
  -29.227345    -80.021172    0.0008537527
  -29.227345    -67.710222    0.0006226746
  -29.227345    -55.399273    0.0004234143
  -29.227345    -43.088323    0.0002594118
  -29.227345    -30.777374    0.0001336309
  -29.227345    -18.466424    0.0000484182
  -29.227345     -6.155475    0.0000053972
  -29.227345      6.155475    0.0000053972
  -29.227345     18.466424    0.0000484182
  -29.227345     30.777374    0.0001336309
  -29.227345     43.088323    0.0002594118
  -29.227345     55.399273    0.0004234143
  -29.227345     67.710222    0.0006226746
  -29.227345     80.021172    0.0008537527
  -29.227345     92.332122    0.0011129098

  -20.876675    -92.332122    0.0007890157
  -20.876675    -80.021172    0.0006052908
  -20.876675    -67.710222    0.0004414755
  -20.876675    -55.399273    0.0003002117
  -20.876675    -43.088323    0.0001839367
  -20.876675    -30.777374    0.0000947545
  -20.876675    -18.466424    0.0000343330
  -20.876675     -6.155475    0.0000038272
  -20.876675      6.155475    0.0000038272
  -20.876675     18.466424    0.0000343330
  -20.876675     30.777374    0.0000947545
  -20.876675     43.088323    0.0001839367
  -20.876675     55.399273    0.0003002117
  -20.876675     67.710222    0.0004414755
  -20.876675     80.021172    0.0006052908
  -20.876675     92.332122    0.0007890157

  -12.526005    -92.332122    0.0004697242
  -12.526005    -80.021172    0.0003603548
  -12.526005    -67.710222    0.0002628350
  -12.526005    -55.399273    0.0001787370
  -12.526005    -43.088323    0.0001095128
  -12.526005    -30.777374    0.0000564162
  -12.526005    -18.466424    0.0000204419
  -12.526005     -6.155475    0.0000022787
  -12.526005      6.155475    0.0000022787
  -12.526005     18.466424    0.0000204419
  -12.526005     30.777374    0.0000564162
  -12.526005     43.088323    0.0001095128
  -12.526005     55.399273    0.0001787370
  -12.526005     67.710222    0.0002628350
  -12.526005     80.021172    0.0003603548
  -12.526005     92.332122    0.0004697242

   -4.175335    -92.332122    0.0001553161
   -4.175335    -80.021172    0.0001191556
   -4.175335    -67.710222    0.0000869110
   -4.175335    -55.399273    0.0000591032
   -4.175335    -43.088323    0.0000362129
   -4.175335    -30.777374    0.0000186554
   -4.175335    -18.466424    0.0000067596
   -4.175335     -6.155475    0.0000007535
   -4.175335      6.155475    0.0000007535
   -4.175335     18.466424    0.0000067596
   -4.175335     30.777374    0.0000186554
   -4.175335     43.088323    0.0000362129
   -4.175335     55.399273    0.0000591032
   -4.175335     67.710222    0.0000869110
   -4.175335     80.021172    0.0001191556
   -4.175335     92.332122    0.0001553161

    4.175335    -92.332122   -0.0001540403
    4.175335    -80.021172   -0.0001181798
    4.175335    -67.710222   -0.0000862001
    4.175335    -55.399273   -0.0000586199
    4.175335    -43.088323   -0.0000359167
    4.175335    -30.777374   -0.0000185027
    4.175335    -18.466424   -0.0000067043
    4.175335     -6.155475   -0.0000007473
    4.175335      6.155475   -0.0000007473
    4.175335     18.466424   -0.0000067043
    4.175335     30.777374   -0.0000185027
    4.175335     43.088323   -0.0000359167
    4.175335     55.399273   -0.0000586199
    4.175335     67.710222   -0.0000862001
    4.175335     80.021172   -0.0001181798
    4.175335     92.332122   -0.0001540403

   12.526005    -92.332122   -0.0004582775
   12.526005    -80.021172   -0.0003515983
   12.526005    -67.710222   -0.0002564569
   12.526005    -55.399273   -0.0001744015
   12.526005    -43.088323   -0.0001068560
   12.526005    -30.777374   -0.0000550471
   12.526005    -18.466424   -0.0000199457
   12.526005     -6.155475   -0.0000022234
   12.526005      6.155475   -0.0000022234
   12.526005     18.466424   -0.0000199457
   12.526005     30.777374   -0.0000550471
   12.526005     43.088323   -0.0001068560
   12.526005     55.399273   -0.0001744015
   12.526005     67.710222   -0.0002564569
   12.526005     80.021172   -0.0003515983
   12.526005     92.332122   -0.0004582775

   20.876675    -92.332122   -0.0007574157
   20.876675    -80.021172   -0.0005811112
   20.876675    -67.710222   -0.0004238664
   20.876675    -55.399273   -0.0002882467
   20.876675    -43.088323   -0.0001766084
   20.876675    -30.777374   -0.0000909797
   20.876675    -18.466424   -0.0000329653
   20.876675     -6.155475   -0.0000036747
   20.876675      6.155475   -0.0000036747
   20.876675     18.466424   -0.0000329653
   20.876675     30.777374   -0.0000909797
   20.876675     43.088323   -0.0001766084
   20.876675     55.399273   -0.0002882467
   20.876675     67.710222   -0.0004238664
   20.876675     80.021172   -0.0005811112
   20.876675     92.332122   -0.0007574157

   29.227345    -92.332122   -0.0010515514
   29.227345    -80.021172   -0.0008067854
   29.227345    -67.710222   -0.0005884774
   29.227345    -55.399273   -0.0004001903
   29.227345    -43.088323   -0.0002451967
   29.227345    -30.777374   -0.0001263131
   29.227345    -18.466424   -0.0000457679
   29.227345     -6.155475   -0.0000051019
   29.227345      6.155475   -0.0000051019
   29.227345     18.466424   -0.0000457679
   29.227345     30.777374   -0.0001263131
   29.227345     43.088323   -0.0002451967
   29.227345     55.399273   -0.0004001903
   29.227345     67.710222   -0.0005884774
   29.227345     80.021172   -0.0008067854
   29.227345     92.332122   -0.0010515514

   37.578015    -92.332122   -0.0013408449
   37.578015    -80.021172   -0.0010287366
   37.578015    -67.710222   -0.0007503736
   37.578015    -55.399273   -0.0005102910
   37.578015    -43.088323   -0.0003126583
   37.578015    -30.777374   -0.0001610674
   37.578015    -18.466424   -0.0000583611
   37.578015     -6.155475   -0.0000065057
   37.578015      6.155475   -0.0000065057
   37.578015     18.466424   -0.0000583611
   37.578015     30.777374   -0.0001610674
   37.578015     43.088323   -0.0003126583
   37.578015     55.399273   -0.0005102910
   37.578015     67.710222   -0.0007503736
   37.578015     80.021172   -0.0010287366
   37.578015     92.332122   -0.0013408449

   45.928685    -92.332122   -0.0016255089
   45.928685    -80.021172   -0.0012471227
   45.928685    -67.710222   -0.0009096673
   45.928685    -55.399273   -0.0006186233
   45.928685    -43.088323   -0.0003790384
   45.928685    -30.777374   -0.0001952656
   45.928685    -18.466424   -0.0000707530
   45.928685     -6.155475   -0.0000078871
   45.928685      6.155475   -0.0000078871
   45.928685     18.466424   -0.0000707530
   45.928685     30.777374   -0.0001952656
   45.928685     43.088323   -0.0003790384
   45.928685     55.399273   -0.0006186233
   45.928685     67.710222   -0.0009096673
   45.928685     80.021172   -0.0012471227
   45.928685     92.332122   -0.0016255089

   54.279355    -92.332122   -0.0019057965
   54.279355    -80.021172   -0.0014621386
   54.279355    -67.710222   -0.0010664924
   54.279355    -55.399273   -0.0007252698
   54.279355    -43.088323   -0.0004443817
   54.279355    -30.777374   -0.0002289280
   54.279355    -18.466424   -0.0000829504
   54.279355     -6.155475   -0.0000092468
   54.279355      6.155475   -0.0000092468
   54.279355     18.466424   -0.0000829504
   54.279355     30.777374   -0.0002289280
   54.279355     43.088323   -0.0004443817
   54.279355     55.399273   -0.0007252698
   54.279355     67.710222   -0.0010664924
   54.279355     80.021172   -0.0014621386
   54.279355     92.332122   -0.0019057965

   62.630025    -92.332122   -0.0021819900
   62.630025    -80.021172   -0.0016740120
   62.630025    -67.710222   -0.0012209977
   62.630025    -55.399273   -0.0008303111
   62.630025    -43.088323   -0.0005087231
   62.630025    -30.777374   -0.0002620659
   62.630025    -18.466424   -0.0000949556
   62.630025     -6.155475   -0.0000105849
   62.630025      6.155475   -0.0000105849
   62.630025     18.466424   -0.0000949556
   62.630025     30.777374   -0.0002620659
   62.630025     43.088323   -0.0005087231
   62.630025     55.399273   -0.0008303111
   62.630025     67.710222   -0.0012209977
   62.630025     80.021172   -0.0016740120
   62.630025     92.332122   -0.0021819900

