  -47.456659    -61.469935    0.0481239419
  -47.456659    -53.273944    0.0434152644
  -47.456659    -45.077952    0.0393447930
  -47.456659    -36.881961    0.0359171305
  -47.456659    -28.685970    0.0331359195
  -47.456659    -20.489978    0.0310039292
  -47.456659    -12.293987    0.0295231534
  -47.456659     -4.097996    0.0286949218
  -47.456659      4.097996    0.0285200212
  -47.456659     12.293987    0.0289988286
  -47.456659     20.489978    0.0301314522
  -47.456659     28.685970    0.0319178826
  -47.456659     36.881961    0.0343581505
  -47.456659     45.077952    0.0374524910
  -47.456659     53.273944    0.0412015131
  -47.456659     61.469935    0.0456063725

  -41.129105    -61.469935    0.0405599517
  -41.129105    -53.273944    0.0358986622
  -41.129105    -45.077952    0.0318850461
  -41.129105    -36.881961    0.0285183493
  -41.129105    -28.685970    0.0257999371
  -41.129105    -20.489978    0.0237308286
  -41.129105    -12.293987    0.0223110584
  -41.129105     -4.097996    0.0215399547
  -41.129105      4.097996    0.0214166651
  -41.129105     12.293987    0.0219405106
  -41.129105     20.489978    0.0231109919
  -41.129105     28.685970    0.0249275207
  -41.129105     36.881961    0.0273891914
  -41.129105     45.077952    0.0304951580
  -41.129105     53.273944    0.0342464250
  -41.129105     61.469935    0.0386501079

  -34.801550    -61.469935    0.0340499111
  -34.801550    -53.273944    0.0294431515
  -34.801550    -45.077952    0.0254867262
  -34.801550    -36.881961    0.0221794690
  -34.801550    -28.685970    0.0195204769
  -34.801550    -20.489978    0.0175085295
  -34.801550    -12.293987    0.0161420171
  -34.801550     -4.097996    0.0154191212
  -34.801550      4.097996    0.0153380587
  -34.801550     12.293987    0.0158972757
  -34.801550     20.489978    0.0170955399
  -34.801550     28.685970    0.0189319558
  -34.801550     36.881961    0.0214059931
  -34.801550     45.077952    0.0245176897
  -34.801550     53.273944    0.0282682608
  -34.801550     61.469935    0.0326614126

  -28.473996    -61.469935    0.0286111356
  -28.473996    -53.273944    0.0240592772
  -28.473996    -45.077952    0.0201584254
  -28.473996    -36.881961    0.0169063704
  -28.473996    -28.685970    0.0143003893
  -28.473996    -20.489978    0.0123376415
  -28.473996    -12.293987    0.0110153624
  -28.473996     -4.097996    0.0103309609
  -28.473996      4.097996    0.0102820971
  -28.473996     12.293987    0.0108667845
  -28.473996     20.489978    0.0120835350
  -28.473996     28.685970    0.0139315323
  -28.473996     36.881961    0.0164107920
  -28.473996     45.077952    0.0195222344
  -28.473996     53.273944    0.0232675704
  -28.473996     61.469935    0.0276488661

  -22.146441    -61.469935    0.0242533965
  -22.146441    -53.273944    0.0197530518
  -22.146441    -45.077952    0.0159028690
  -22.146441    -36.881961    0.0126990463
  -22.146441    -28.685970    0.0101375940
  -22.146441    -20.489978    0.0082146929
  -22.146441    -12.293987    0.0069268677
  -22.146441     -4.097996    0.0062710725
  -22.146441      4.097996    0.0062447550
  -22.146441     12.293987    0.0068459425
  -22.146441     20.489978    0.0080733637
  -22.146441     28.685970    0.0099265942
  -22.146441     36.881961    0.0124061881
  -22.146441     45.077952    0.0155137285
  -22.146441     53.273944    0.0192517048
  -22.146441     61.469935    0.0236230989

  -15.818886    -61.469935    0.0209794111
  -15.818886    -53.273944    0.0165244839
  -15.818886    -45.077952    0.0127172725
  -15.818886    -36.881961    0.0095527605
  -15.818886    -28.685970    0.0070261958
  -15.818886    -20.489978    0.0051332446
  -15.818886    -12.293987    0.0038701166
  -15.818886     -4.097996    0.0032336660
  -15.818886      4.097996    0.0032214752
  -15.818886     12.293987    0.0038319267
  -15.818886     20.489978    0.0050642688
  -15.818886     28.685970    0.0069186784
  -15.818886     36.881961    0.0093963258
  -15.818886     45.077952    0.0124994446
  -15.818886     53.273944    0.0162314100
  -15.818886     61.469935    0.0205968264

   -9.491332    -61.469935    0.0187857254
   -9.491332    -53.273944    0.0143679481
   -9.491332    -45.077952    0.0105943367
   -9.491332    -36.881961    0.0074592888
   -9.491332    -28.685970    0.0049577071
   -9.491332    -20.489978    0.0030851204
   -9.491332    -12.293987    0.0018377981
   -9.491332     -4.097996    0.0012128459
   -9.491332      4.097996    0.0012082738
   -9.491332     12.293987    0.0018230369
   -9.491332     20.489978    0.0030570559
   -9.491332     28.685970    0.0049112294
   -9.491332     36.881961    0.0073874600
   -9.491332     45.077952    0.0104887189
   -9.491332     53.273944    0.0142191860
   -9.491332     61.469935    0.0185845031

   -3.163777    -61.469935    0.0176638661
   -3.163777    -53.273944    0.0132735105
   -3.163777    -45.077952    0.0095235635
   -3.163777    -36.881961    0.0064081844
   -3.163777    -28.685970    0.0039222818
   -3.163777    -20.489978    0.0020616095
   -3.163777    -12.293987    0.0008228395
   -3.163777     -4.097996    0.0002036095
   -3.163777      4.097996    0.0002025526
   -3.163777     12.293987    0.0008193090
   -3.163777     20.489978    0.0020545291
   -3.163777     28.685970    0.0039098719
   -3.163777     36.881961    0.0063880089
   -3.163777     45.077952    0.0094926416
   -3.163777     53.273944    0.0132285441
   -3.163777     61.469935    0.0176016436

    3.163777    -61.469935    0.0176016436
    3.163777    -53.273944    0.0132285441
    3.163777    -45.077952    0.0094926416
    3.163777    -36.881961    0.0063880089
    3.163777    -28.685970    0.0039098719
    3.163777    -20.489978    0.0020545291
    3.163777    -12.293987    0.0008193090
    3.163777     -4.097996    0.0002025526
    3.163777      4.097996    0.0002036095
    3.163777     12.293987    0.0008228395
    3.163777     20.489978    0.0020616095
    3.163777     28.685970    0.0039222818
    3.163777     36.881961    0.0064081844
    3.163777     45.077952    0.0095235635
    3.163777     53.273944    0.0132735105
    3.163777     61.469935    0.0176638661

    9.491332    -61.469935    0.0185845031
    9.491332    -53.273944    0.0142191860
    9.491332    -45.077952    0.0104887189
    9.491332    -36.881961    0.0073874600
    9.491332    -28.685970    0.0049112294
    9.491332    -20.489978    0.0030570559
    9.491332    -12.293987    0.0018230369
    9.491332     -4.097996    0.0012082738
    9.491332      4.097996    0.0012128459
    9.491332     12.293987    0.0018377981
    9.491332     20.489978    0.0030851204
    9.491332     28.685970    0.0049577071
    9.491332     36.881961    0.0074592888
    9.491332     45.077952    0.0105943367
    9.491332     53.273944    0.0143679481
    9.491332     61.469935    0.0187857254

   15.818886    -61.469935    0.0205968264
   15.818886    -53.273944    0.0162314100
   15.818886    -45.077952    0.0124994446
   15.818886    -36.881961    0.0093963258
   15.818886    -28.685970    0.0069186784
   15.818886    -20.489978    0.0050642688
   15.818886    -12.293987    0.0038319267
   15.818886     -4.097996    0.0032214752
   15.818886      4.097996    0.0032336660
   15.818886     12.293987    0.0038701166
   15.818886     20.489978    0.0051332446
   15.818886     28.685970    0.0070261958
   15.818886     36.881961    0.0095527605
   15.818886     45.077952    0.0127172725
   15.818886     53.273944    0.0165244839
   15.818886     61.469935    0.0209794111

   22.146441    -61.469935    0.0236230989
   22.146441    -53.273944    0.0192517048
   22.146441    -45.077952    0.0155137285
   22.146441    -36.881961    0.0124061881
   22.146441    -28.685970    0.0099265942
   22.146441    -20.489978    0.0080733637
   22.146441    -12.293987    0.0068459425
   22.146441     -4.097996    0.0062447550
   22.146441      4.097996    0.0062710725
   22.146441     12.293987    0.0069268677
   22.146441     20.489978    0.0082146929
   22.146441     28.685970    0.0101375940
   22.146441     36.881961    0.0126990463
   22.146441     45.077952    0.0159028690
   22.146441     53.273944    0.0197530518
   22.146441     61.469935    0.0242533965

   28.473996    -61.469935    0.0276488661
   28.473996    -53.273944    0.0232675704
   28.473996    -45.077952    0.0195222344
   28.473996    -36.881961    0.0164107920
   28.473996    -28.685970    0.0139315323
   28.473996    -20.489978    0.0120835350
   28.473996    -12.293987    0.0108667845
   28.473996     -4.097996    0.0102820971
   28.473996      4.097996    0.0103309609
   28.473996     12.293987    0.0110153624
   28.473996     20.489978    0.0123376415
   28.473996     28.685970    0.0143003893
   28.473996     36.881961    0.0169063704
   28.473996     45.077952    0.0201584254
   28.473996     53.273944    0.0240592772
   28.473996     61.469935    0.0286111356

   34.801550    -61.469935    0.0326614126
   34.801550    -53.273944    0.0282682608
   34.801550    -45.077952    0.0245176897
   34.801550    -36.881961    0.0214059931
   34.801550    -28.685970    0.0189319558
   34.801550    -20.489978    0.0170955399
   34.801550    -12.293987    0.0158972757
   34.801550     -4.097996    0.0153380587
   34.801550      4.097996    0.0154191212
   34.801550     12.293987    0.0161420171
   34.801550     20.489978    0.0175085295
   34.801550     28.685970    0.0195204769
   34.801550     36.881961    0.0221794690
   34.801550     45.077952    0.0254867262
   34.801550     53.273944    0.0294431515
   34.801550     61.469935    0.0340499111

   41.129105    -61.469935    0.0386501079
   41.129105    -53.273944    0.0342464250
   41.129105    -45.077952    0.0304951580
   41.129105    -36.881961    0.0273891914
   41.129105    -28.685970    0.0249275207
   41.129105    -20.489978    0.0231109919
   41.129105    -12.293987    0.0219405106
   41.129105     -4.097996    0.0214166651
   41.129105      4.097996    0.0215399547
   41.129105     12.293987    0.0223110584
   41.129105     20.489978    0.0237308286
   41.129105     28.685970    0.0257999371
   41.129105     36.881961    0.0285183493
   41.129105     45.077952    0.0318850462
   41.129105     53.273944    0.0358986622
   41.129105     61.469935    0.0405599517

   47.456659    -61.469935    0.0456063725
   47.456659    -53.273944    0.0412015131
   47.456659    -45.077952    0.0374524910
   47.456659    -36.881961    0.0343581505
   47.456659    -28.685970    0.0319178826
   47.456659    -20.489978    0.0301314522
   47.456659    -12.293987    0.0289988286
   47.456659     -4.097996    0.0285200212
   47.456659      4.097996    0.0286949218
   47.456659     12.293987    0.0295231534
   47.456659     20.489978    0.0310039292
   47.456659     28.685970    0.0331359195
   47.456659     36.881961    0.0359171305
   47.456659     45.077952    0.0393447930
   47.456659     53.273944    0.0434152644
   47.456659     61.469935    0.0481239419

