  -48.902142    -92.332122   -0.0000974463
  -48.902142    -80.021172   -0.0000391385
  -48.902142    -67.710222   -0.0000071232
  -48.902142    -55.399273    0.0000068902
  -48.902142    -43.088323    0.0000098103
  -48.902142    -30.777374    0.0000071642
  -48.902142    -18.466424    0.0000030973
  -48.902142     -6.155475    0.0000003729
  -48.902142      6.155475    0.0000003729
  -48.902142     18.466424    0.0000030973
  -48.902142     30.777374    0.0000071642
  -48.902142     43.088323    0.0000098103
  -48.902142     55.399273    0.0000068902
  -48.902142     67.710222   -0.0000071232
  -48.902142     80.021172   -0.0000391385
  -48.902142     92.332122   -0.0000974463

  -42.381856    -92.332122   -0.0000405553
  -42.381856    -80.021172   -0.0000035724
  -42.381856    -67.710222    0.0000139439
  -42.381856    -55.399273    0.0000185399
  -42.381856    -43.088323    0.0000156705
  -42.381856    -30.777374    0.0000096999
  -42.381856    -18.466424    0.0000039011
  -42.381856     -6.155475    0.0000004562
  -42.381856      6.155475    0.0000004562
  -42.381856     18.466424    0.0000039011
  -42.381856     30.777374    0.0000096999
  -42.381856     43.088323    0.0000156705
  -42.381856     55.399273    0.0000185399
  -42.381856     67.710222    0.0000139439
  -42.381856     80.021172   -0.0000035724
  -42.381856     92.332122   -0.0000405553

  -35.861571    -92.332122   -0.0000090071
  -35.861571    -80.021172    0.0000132908
  -35.861571    -67.710222    0.0000218243
  -35.861571    -55.399273    0.0000214759
  -35.861571    -43.088323    0.0000163145
  -35.861571    -30.777374    0.0000095952
  -35.861571    -18.466424    0.0000037595
  -35.861571     -6.155475    0.0000004347
  -35.861571      6.155475    0.0000004347
  -35.861571     18.466424    0.0000037595
  -35.861571     30.777374    0.0000095952
  -35.861571     43.088323    0.0000163145
  -35.861571     55.399273    0.0000214759
  -35.861571     67.710222    0.0000218243
  -35.861571     80.021172    0.0000132908
  -35.861571     92.332122   -0.0000090071

  -29.341285    -92.332122    0.0000051440
  -29.341285    -80.021172    0.0000177383
  -29.341285    -67.710222    0.0000212150
  -29.341285    -55.399273    0.0000189518
  -29.341285    -43.088323    0.0000137634
  -29.341285    -30.777374    0.0000079018
  -29.341285    -18.466424    0.0000030558
  -29.341285     -6.155475    0.0000003513
  -29.341285      6.155475    0.0000003513
  -29.341285     18.466424    0.0000030558
  -29.341285     30.777374    0.0000079018
  -29.341285     43.088323    0.0000137634
  -29.341285     55.399273    0.0000189518
  -29.341285     67.710222    0.0000212150
  -29.341285     80.021172    0.0000177383
  -29.341285     92.332122    0.0000051440

  -22.821000    -92.332122    0.0000085192
  -22.821000    -80.021172    0.0000150093
  -22.821000    -67.710222    0.0000160305
  -22.821000    -55.399273    0.0000136789
  -22.821000    -43.088323    0.0000097015
  -22.821000    -30.777374    0.0000054956
  -22.821000    -18.466424    0.0000021094
  -22.821000     -6.155475    0.0000002417
  -22.821000      6.155475    0.0000002417
  -22.821000     18.466424    0.0000021094
  -22.821000     30.777374    0.0000054956
  -22.821000     43.088323    0.0000097015
  -22.821000     55.399273    0.0000136789
  -22.821000     67.710222    0.0000160305
  -22.821000     80.021172    0.0000150093
  -22.821000     92.332122    0.0000085192

  -16.300714    -92.332122    0.0000064157
  -16.300714    -80.021172    0.0000092950
  -16.300714    -67.710222    0.0000094020
  -16.300714    -55.399273    0.0000078263
  -16.300714    -43.088323    0.0000054761
  -16.300714    -30.777374    0.0000030777
  -16.300714    -18.466424    0.0000011761
  -16.300714     -6.155475    0.0000001345
  -16.300714      6.155475    0.0000001345
  -16.300714     18.466424    0.0000011761
  -16.300714     30.777374    0.0000030777
  -16.300714     43.088323    0.0000054761
  -16.300714     55.399273    0.0000078263
  -16.300714     67.710222    0.0000094020
  -16.300714     80.021172    0.0000092950
  -16.300714     92.332122    0.0000064157

   -9.780428    -92.332122    0.0000028063
   -9.780428    -80.021172    0.0000037392
   -9.780428    -67.710222    0.0000036783
   -9.780428    -55.399273    0.0000030208
   -9.780428    -43.088323    0.0000020977
   -9.780428    -30.777374    0.0000011737
   -9.780428    -18.466424    0.0000004473
   -9.780428     -6.155475    0.0000000511
   -9.780428      6.155475    0.0000000511
   -9.780428     18.466424    0.0000004473
   -9.780428     30.777374    0.0000011737
   -9.780428     43.088323    0.0000020977
   -9.780428     55.399273    0.0000030208
   -9.780428     67.710222    0.0000036783
   -9.780428     80.021172    0.0000037392
   -9.780428     92.332122    0.0000028063

   -3.260143    -92.332122    0.0000003394
   -3.260143    -80.021172    0.0000004373
   -3.260143    -67.710222    0.0000004250
   -3.260143    -55.399273    0.0000003469
   -3.260143    -43.088323    0.0000002401
   -3.260143    -30.777374    0.0000001341
   -3.260143    -18.466424    0.0000000510
   -3.260143     -6.155475    0.0000000058
   -3.260143      6.155475    0.0000000058
   -3.260143     18.466424    0.0000000510
   -3.260143     30.777374    0.0000001341
   -3.260143     43.088323    0.0000002401
   -3.260143     55.399273    0.0000003469
   -3.260143     67.710222    0.0000004250
   -3.260143     80.021172    0.0000004373
   -3.260143     92.332122    0.0000003394

    3.260143    -92.332122    0.0000003394
    3.260143    -80.021172    0.0000004373
    3.260143    -67.710222    0.0000004250
    3.260143    -55.399273    0.0000003469
    3.260143    -43.088323    0.0000002401
    3.260143    -30.777374    0.0000001341
    3.260143    -18.466424    0.0000000510
    3.260143     -6.155475    0.0000000058
    3.260143      6.155475    0.0000000058
    3.260143     18.466424    0.0000000510
    3.260143     30.777374    0.0000001341
    3.260143     43.088323    0.0000002401
    3.260143     55.399273    0.0000003469
    3.260143     67.710222    0.0000004250
    3.260143     80.021172    0.0000004373
    3.260143     92.332122    0.0000003394

    9.780428    -92.332122    0.0000028063
    9.780428    -80.021172    0.0000037392
    9.780428    -67.710222    0.0000036783
    9.780428    -55.399273    0.0000030208
    9.780428    -43.088323    0.0000020977
    9.780428    -30.777374    0.0000011737
    9.780428    -18.466424    0.0000004473
    9.780428     -6.155475    0.0000000511
    9.780428      6.155475    0.0000000511
    9.780428     18.466424    0.0000004473
    9.780428     30.777374    0.0000011737
    9.780428     43.088323    0.0000020977
    9.780428     55.399273    0.0000030208
    9.780428     67.710222    0.0000036783
    9.780428     80.021172    0.0000037392
    9.780428     92.332122    0.0000028063

   16.300714    -92.332122    0.0000064157
   16.300714    -80.021172    0.0000092950
   16.300714    -67.710222    0.0000094020
   16.300714    -55.399273    0.0000078263
   16.300714    -43.088323    0.0000054761
   16.300714    -30.777374    0.0000030777
   16.300714    -18.466424    0.0000011761
   16.300714     -6.155475    0.0000001345
   16.300714      6.155475    0.0000001345
   16.300714     18.466424    0.0000011761
   16.300714     30.777374    0.0000030777
   16.300714     43.088323    0.0000054761
   16.300714     55.399273    0.0000078263
   16.300714     67.710222    0.0000094020
   16.300714     80.021172    0.0000092950
   16.300714     92.332122    0.0000064157

   22.821000    -92.332122    0.0000085192
   22.821000    -80.021172    0.0000150093
   22.821000    -67.710222    0.0000160305
   22.821000    -55.399273    0.0000136789
   22.821000    -43.088323    0.0000097015
   22.821000    -30.777374    0.0000054956
   22.821000    -18.466424    0.0000021094
   22.821000     -6.155475    0.0000002417
   22.821000      6.155475    0.0000002417
   22.821000     18.466424    0.0000021094
   22.821000     30.777374    0.0000054956
   22.821000     43.088323    0.0000097015
   22.821000     55.399273    0.0000136789
   22.821000     67.710222    0.0000160305
   22.821000     80.021172    0.0000150093
   22.821000     92.332122    0.0000085192

   29.341285    -92.332122    0.0000051440
   29.341285    -80.021172    0.0000177383
   29.341285    -67.710222    0.0000212150
   29.341285    -55.399273    0.0000189518
   29.341285    -43.088323    0.0000137634
   29.341285    -30.777374    0.0000079018
   29.341285    -18.466424    0.0000030558
   29.341285     -6.155475    0.0000003513
   29.341285      6.155475    0.0000003513
   29.341285     18.466424    0.0000030558
   29.341285     30.777374    0.0000079018
   29.341285     43.088323    0.0000137634
   29.341285     55.399273    0.0000189518
   29.341285     67.710222    0.0000212150
   29.341285     80.021172    0.0000177383
   29.341285     92.332122    0.0000051440

   35.861571    -92.332122   -0.0000090071
   35.861571    -80.021172    0.0000132908
   35.861571    -67.710222    0.0000218243
   35.861571    -55.399273    0.0000214759
   35.861571    -43.088323    0.0000163145
   35.861571    -30.777374    0.0000095952
   35.861571    -18.466424    0.0000037595
   35.861571     -6.155475    0.0000004347
   35.861571      6.155475    0.0000004347
   35.861571     18.466424    0.0000037595
   35.861571     30.777374    0.0000095952
   35.861571     43.088323    0.0000163145
   35.861571     55.399273    0.0000214759
   35.861571     67.710222    0.0000218243
   35.861571     80.021172    0.0000132908
   35.861571     92.332122   -0.0000090071

   42.381856    -92.332122   -0.0000405553
   42.381856    -80.021172   -0.0000035724
   42.381856    -67.710222    0.0000139439
   42.381856    -55.399273    0.0000185399
   42.381856    -43.088323    0.0000156705
   42.381856    -30.777374    0.0000096999
   42.381856    -18.466424    0.0000039011
   42.381856     -6.155475    0.0000004562
   42.381856      6.155475    0.0000004562
   42.381856     18.466424    0.0000039011
   42.381856     30.777374    0.0000096999
   42.381856     43.088323    0.0000156705
   42.381856     55.399273    0.0000185399
   42.381856     67.710222    0.0000139439
   42.381856     80.021172   -0.0000035724
   42.381856     92.332122   -0.0000405553

   48.902142    -92.332122   -0.0000974463
   48.902142    -80.021172   -0.0000391385
   48.902142    -67.710222   -0.0000071232
   48.902142    -55.399273    0.0000068902
   48.902142    -43.088323    0.0000098103
   48.902142    -30.777374    0.0000071642
   48.902142    -18.466424    0.0000030973
   48.902142     -6.155475    0.0000003729
   48.902142      6.155475    0.0000003729
   48.902142     18.466424    0.0000030973
   48.902142     30.777374    0.0000071642
   48.902142     43.088323    0.0000098103
   48.902142     55.399273    0.0000068902
   48.902142     67.710222   -0.0000071232
   48.902142     80.021172   -0.0000391385
   48.902142     92.332122   -0.0000974463

