  -42.952389    -48.827424   -0.0038405893
  -42.952389    -42.317101   -0.0033911146
  -42.952389    -35.806778   -0.0029290358
  -42.952389    -29.296454   -0.0024499565
  -42.952389    -22.786131   -0.0019500963
  -42.952389    -16.275808   -0.0014263985
  -42.952389     -9.765485   -0.0008765971
  -42.952389     -3.255162   -0.0002992425
  -42.952389      3.255162    0.0003063141
  -42.952389      9.765485    0.0009399776
  -42.952389     16.275808    0.0016010065
  -42.952389     22.786131    0.0022881525
  -42.952389     29.296454    0.0029998400
  -42.952389     35.806778    0.0037343883
  -42.952389     42.317101    0.0044902736
  -42.952389     48.827424    0.0052664330

  -37.225404    -48.827424   -0.0028635456
  -37.225404    -42.317101   -0.0025288958
  -37.225404    -35.806778   -0.0021846507
  -37.225404    -29.296454   -0.0018275985
  -37.225404    -22.786131   -0.0014549376
  -37.225404    -16.275808   -0.0010643800
  -37.225404     -9.765485   -0.0006542192
  -37.225404     -3.255162   -0.0002233628
  -37.225404      3.255162    0.0002286713
  -37.225404      9.765485    0.0007017931
  -37.225404     16.275808    0.0011954150
  -37.225404     22.786131    0.0017085621
  -37.225404     29.296454    0.0022400172
  -37.225404     35.806778    0.0027885023
  -37.225404     42.317101    0.0033528952
  -37.225404     48.827424    0.0039324813

  -31.498419    -48.827424   -0.0020373218
  -31.498419    -42.317101   -0.0017994848
  -31.498419    -35.806778   -0.0015547713
  -31.498419    -29.296454   -0.0013008675
  -31.498419    -22.786131   -0.0010357653
  -31.498419    -16.275808   -0.0007578321
  -31.498419     -9.765485   -0.0004658563
  -31.498419     -3.255162   -0.0001590685
  -31.498419      3.255162    0.0001628630
  -31.498419      9.765485    0.0004998617
  -31.498419     16.275808    0.0008514963
  -31.498419     22.786131    0.0012170597
  -31.498419     29.296454    0.0015956731
  -31.498419     35.806778    0.0019864141
  -31.498419     42.317101    0.0023884706
  -31.498419     48.827424    0.0028013190

  -25.771434    -48.827424   -0.0013566629
  -25.771434    -42.317101   -0.0011984106
  -25.771434    -35.806778   -0.0010355854
  -25.771434    -29.296454   -0.0008665978
  -25.771434    -22.786131   -0.0006900900
  -25.771434    -16.275808   -0.0005049724
  -25.771434     -9.765485   -0.0003104462
  -25.771434     -3.255162   -0.0001060105
  -25.771434      3.255162    0.0001085450
  -25.771434      9.765485    0.0003331615
  -25.771434     16.275808    0.0005675483
  -25.771434     22.786131    0.0008112338
  -25.771434     29.296454    0.0010636315
  -25.771434     35.806778    0.0013241212
  -25.771434     42.317101    0.0015921438
  -25.771434     48.827424    0.0018673121

  -20.044448    -48.827424   -0.0008172451
  -20.044448    -42.317101   -0.0007219679
  -20.044448    -35.806778   -0.0006239527
  -20.044448    -29.296454   -0.0005222051
  -20.044448    -22.786131   -0.0004158925
  -20.044448    -16.275808   -0.0003043574
  -20.044448     -9.765485   -0.0001871250
  -20.044448     -3.255162   -0.0000639019
  -20.044448      3.255162    0.0000654315
  -20.044448      9.765485    0.0002008359
  -20.044448     16.275808    0.0003421360
  -20.044448     22.786131    0.0004890497
  -20.044448     29.296454    0.0006412260
  -20.044448     35.806778    0.0007982884
  -20.044448     42.317101    0.0009598874
  -20.044448     48.827424    0.0011257589

  -14.317463    -48.827424   -0.0004156451
  -14.317463    -42.317101   -0.0003672060
  -14.317463    -35.806778   -0.0003173847
  -14.317463    -29.296454   -0.0002656575
  -14.317463    -22.786131   -0.0002115939
  -14.317463    -16.275808   -0.0001548592
  -14.317463     -9.765485   -0.0000952150
  -14.317463     -3.255162   -0.0000325161
  -14.317463      3.255162    0.0000332949
  -14.317463      9.765485    0.0001021967
  -14.317463     16.275808    0.0001741003
  -14.317463     22.786131    0.0002488640
  -14.317463     29.296454    0.0003263106
  -14.317463     35.806778    0.0004062480
  -14.317463     42.317101    0.0004884920
  -14.317463     48.827424    0.0005728931

   -8.590478    -48.827424   -0.0001493170
   -8.590478    -42.317101   -0.0001319196
   -8.590478    -35.806778   -0.0001140289
   -8.590478    -29.296454   -0.0000954518
   -8.590478    -22.786131   -0.0000760315
   -8.590478    -16.275808   -0.0000556479
   -8.590478     -9.765485   -0.0000342160
   -8.590478     -3.255162   -0.0000116850
   -8.590478      3.255162    0.0000119650
   -8.590478      9.765485    0.0000367258
   -8.590478     16.275808    0.0000625657
   -8.590478     22.786131    0.0000894344
   -8.590478     29.296454    0.0001172687
   -8.590478     35.806778    0.0001459992
   -8.590478     42.317101    0.0001755582
   -8.590478     48.827424    0.0002058877

   -2.863493    -48.827424   -0.0000165733
   -2.863493    -42.317101   -0.0000146425
   -2.863493    -35.806778   -0.0000126571
   -2.863493    -29.296454   -0.0000105955
   -2.863493    -22.786131   -0.0000084401
   -2.863493    -16.275808   -0.0000061775
   -2.863493     -9.765485   -0.0000037984
   -2.863493     -3.255162   -0.0000012972
   -2.863493      3.255162    0.0000013283
   -2.863493      9.765485    0.0000040770
   -2.863493     16.275808    0.0000069456
   -2.863493     22.786131    0.0000099284
   -2.863493     29.296454    0.0000130186
   -2.863493     35.806778    0.0000162082
   -2.863493     42.317101    0.0000194899
   -2.863493     48.827424    0.0000228568

    2.863493    -48.827424   -0.0000165733
    2.863493    -42.317101   -0.0000146425
    2.863493    -35.806778   -0.0000126571
    2.863493    -29.296454   -0.0000105955
    2.863493    -22.786131   -0.0000084401
    2.863493    -16.275808   -0.0000061775
    2.863493     -9.765485   -0.0000037984
    2.863493     -3.255162   -0.0000012972
    2.863493      3.255162    0.0000013283
    2.863493      9.765485    0.0000040770
    2.863493     16.275808    0.0000069456
    2.863493     22.786131    0.0000099284
    2.863493     29.296454    0.0000130186
    2.863493     35.806778    0.0000162082
    2.863493     42.317101    0.0000194899
    2.863493     48.827424    0.0000228568

    8.590478    -48.827424   -0.0001493170
    8.590478    -42.317101   -0.0001319196
    8.590478    -35.806778   -0.0001140289
    8.590478    -29.296454   -0.0000954518
    8.590478    -22.786131   -0.0000760315
    8.590478    -16.275808   -0.0000556479
    8.590478     -9.765485   -0.0000342160
    8.590478     -3.255162   -0.0000116850
    8.590478      3.255162    0.0000119650
    8.590478      9.765485    0.0000367258
    8.590478     16.275808    0.0000625657
    8.590478     22.786131    0.0000894344
    8.590478     29.296454    0.0001172687
    8.590478     35.806778    0.0001459992
    8.590478     42.317101    0.0001755582
    8.590478     48.827424    0.0002058877

   14.317463    -48.827424   -0.0004156451
   14.317463    -42.317101   -0.0003672060
   14.317463    -35.806778   -0.0003173847
   14.317463    -29.296454   -0.0002656575
   14.317463    -22.786131   -0.0002115939
   14.317463    -16.275808   -0.0001548592
   14.317463     -9.765485   -0.0000952150
   14.317463     -3.255162   -0.0000325161
   14.317463      3.255162    0.0000332949
   14.317463      9.765485    0.0001021967
   14.317463     16.275808    0.0001741003
   14.317463     22.786131    0.0002488640
   14.317463     29.296454    0.0003263106
   14.317463     35.806778    0.0004062480
   14.317463     42.317101    0.0004884920
   14.317463     48.827424    0.0005728931

   20.044448    -48.827424   -0.0008172451
   20.044448    -42.317101   -0.0007219679
   20.044448    -35.806778   -0.0006239527
   20.044448    -29.296454   -0.0005222051
   20.044448    -22.786131   -0.0004158925
   20.044448    -16.275808   -0.0003043574
   20.044448     -9.765485   -0.0001871250
   20.044448     -3.255162   -0.0000639019
   20.044448      3.255162    0.0000654315
   20.044448      9.765485    0.0002008359
   20.044448     16.275808    0.0003421360
   20.044448     22.786131    0.0004890497
   20.044448     29.296454    0.0006412260
   20.044448     35.806778    0.0007982884
   20.044448     42.317101    0.0009598874
   20.044448     48.827424    0.0011257589

   25.771434    -48.827424   -0.0013566629
   25.771434    -42.317101   -0.0011984106
   25.771434    -35.806778   -0.0010355854
   25.771434    -29.296454   -0.0008665978
   25.771434    -22.786131   -0.0006900900
   25.771434    -16.275808   -0.0005049724
   25.771434     -9.765485   -0.0003104462
   25.771434     -3.255162   -0.0001060105
   25.771434      3.255162    0.0001085450
   25.771434      9.765485    0.0003331615
   25.771434     16.275808    0.0005675483
   25.771434     22.786131    0.0008112338
   25.771434     29.296454    0.0010636315
   25.771434     35.806778    0.0013241212
   25.771434     42.317101    0.0015921438
   25.771434     48.827424    0.0018673121

   31.498419    -48.827424   -0.0020373218
   31.498419    -42.317101   -0.0017994848
   31.498419    -35.806778   -0.0015547713
   31.498419    -29.296454   -0.0013008675
   31.498419    -22.786131   -0.0010357653
   31.498419    -16.275808   -0.0007578321
   31.498419     -9.765485   -0.0004658563
   31.498419     -3.255162   -0.0001590685
   31.498419      3.255162    0.0001628630
   31.498419      9.765485    0.0004998617
   31.498419     16.275808    0.0008514963
   31.498419     22.786131    0.0012170597
   31.498419     29.296454    0.0015956731
   31.498419     35.806778    0.0019864141
   31.498419     42.317101    0.0023884706
   31.498419     48.827424    0.0028013190

   37.225404    -48.827424   -0.0028635456
   37.225404    -42.317101   -0.0025288958
   37.225404    -35.806778   -0.0021846507
   37.225404    -29.296454   -0.0018275985
   37.225404    -22.786131   -0.0014549376
   37.225404    -16.275808   -0.0010643800
   37.225404     -9.765485   -0.0006542192
   37.225404     -3.255162   -0.0002233628
   37.225404      3.255162    0.0002286713
   37.225404      9.765485    0.0007017931
   37.225404     16.275808    0.0011954150
   37.225404     22.786131    0.0017085621
   37.225404     29.296454    0.0022400172
   37.225404     35.806778    0.0027885023
   37.225404     42.317101    0.0033528952
   37.225404     48.827424    0.0039324813

   42.952389    -48.827424   -0.0038405893
   42.952389    -42.317101   -0.0033911146
   42.952389    -35.806778   -0.0029290358
   42.952389    -29.296454   -0.0024499565
   42.952389    -22.786131   -0.0019500963
   42.952389    -16.275808   -0.0014263985
   42.952389     -9.765485   -0.0008765971
   42.952389     -3.255162   -0.0002992425
   42.952389      3.255162    0.0003063141
   42.952389      9.765485    0.0009399776
   42.952389     16.275808    0.0016010065
   42.952389     22.786131    0.0022881525
   42.952389     29.296454    0.0029998400
   42.952389     35.806778    0.0037343883
   42.952389     42.317101    0.0044902736
   42.952389     48.827424    0.0052664330

