  -44.510090    -91.194683    0.0019383719
  -44.510090    -79.035392    0.0014520994
  -44.510090    -66.876101    0.0010378068
  -44.510090    -54.716810    0.0006939228
  -44.510090    -42.557519    0.0004194814
  -44.510090    -30.398228    0.0002139340
  -44.510090    -18.238937    0.0000770000
  -44.510090     -6.079646    0.0000085548
  -44.510090      6.079646    0.0000085548
  -44.510090     18.238937    0.0000770000
  -44.510090     30.398228    0.0002139340
  -44.510090     42.557519    0.0004194814
  -44.510090     54.716810    0.0006939228
  -44.510090     66.876101    0.0010378068
  -44.510090     79.035392    0.0014520994
  -44.510090     91.194683    0.0019383719

  -39.273609    -91.194683    0.0019575481
  -39.273609    -79.035392    0.0014690023
  -39.273609    -66.876101    0.0010512533
  -39.273609    -54.716810    0.0007035848
  -39.273609    -42.557519    0.0004256106
  -39.273609    -30.398228    0.0002171594
  -39.273609    -18.238937    0.0000781829
  -39.273609     -6.079646    0.0000086874
  -39.273609      6.079646    0.0000086874
  -39.273609     18.238937    0.0000781829
  -39.273609     30.398228    0.0002171594
  -39.273609     42.557519    0.0004256106
  -39.273609     54.716810    0.0007035848
  -39.273609     66.876101    0.0010512533
  -39.273609     79.035392    0.0014690023
  -39.273609     91.194683    0.0019575481

  -34.037128    -91.194683    0.0019222384
  -34.037128    -79.035392    0.0014443972
  -34.037128    -66.876101    0.0010347874
  -34.037128    -54.716810    0.0006931922
  -34.037128    -42.557519    0.0004196239
  -34.037128    -30.398228    0.0002142184
  -34.037128    -18.238937    0.0000771511
  -34.037128     -6.079646    0.0000085742
  -34.037128      6.079646    0.0000085742
  -34.037128     18.238937    0.0000771511
  -34.037128     30.398228    0.0002142184
  -34.037128     42.557519    0.0004196239
  -34.037128     54.716810    0.0006931922
  -34.037128     66.876101    0.0010347874
  -34.037128     79.035392    0.0014443972
  -34.037128     91.194683    0.0019222384

  -28.800647    -91.194683    0.0018277975
  -28.800647    -79.035392    0.0013748611
  -28.800647    -66.876101    0.0009858728
  -28.800647    -54.716810    0.0006609400
  -28.800647    -42.557519    0.0004003539
  -28.800647    -30.398228    0.0002044795
  -28.800647    -18.238937    0.0000736675
  -28.800647     -6.079646    0.0000081884
  -28.800647      6.079646    0.0000081884
  -28.800647     18.238937    0.0000736675
  -28.800647     30.398228    0.0002044795
  -28.800647     42.557519    0.0004003539
  -28.800647     54.716810    0.0006609400
  -28.800647     66.876101    0.0009858728
  -28.800647     79.035392    0.0013748611
  -28.800647     91.194683    0.0018277975

  -23.564166    -91.194683    0.0016691929
  -23.564166    -79.035392    0.0012566321
  -23.564166    -66.876101    0.0009017690
  -23.564166    -54.716810    0.0006049398
  -23.564166    -42.557519    0.0003666214
  -23.564166    -30.398228    0.0001873238
  -23.564166    -18.238937    0.0000675045
  -23.564166     -6.079646    0.0000075044
  -23.564166      6.079646    0.0000075044
  -23.564166     18.238937    0.0000675045
  -23.564166     30.398228    0.0001873238
  -23.564166     42.557519    0.0003666214
  -23.564166     54.716810    0.0006049398
  -23.564166     66.876101    0.0009017690
  -23.564166     79.035392    0.0012566321
  -23.564166     91.194683    0.0016691929

  -18.327684    -91.194683    0.0014409295
  -18.327684    -79.035392    0.0010855686
  -18.327684    -66.876101    0.0007794871
  -18.327684    -54.716810    0.0005231708
  -18.327684    -42.557519    0.0003171914
  -18.327684    -30.398228    0.0001621155
  -18.327684    -18.238937    0.0000584318
  -18.327684     -6.079646    0.0000064964
  -18.327684      6.079646    0.0000064964
  -18.327684     18.238937    0.0000584318
  -18.327684     30.398228    0.0001621155
  -18.327684     42.557519    0.0003171914
  -18.327684     54.716810    0.0005231708
  -18.327684     66.876101    0.0007794871
  -18.327684     79.035392    0.0010855686
  -18.327684     91.194683    0.0014409295

  -13.091203    -91.194683    0.0011369625
  -13.091203    -79.035392    0.0008570954
  -13.091203    -66.876101    0.0006157394
  -13.091203    -54.716810    0.0004134297
  -13.091203    -42.557519    0.0002507317
  -13.091203    -30.398228    0.0001281758
  -13.091203    -18.238937    0.0000462053
  -13.091203     -6.079646    0.0000051374
  -13.091203      6.079646    0.0000051374
  -13.091203     18.238937    0.0000462053
  -13.091203     30.398228    0.0001281758
  -13.091203     42.557519    0.0002507317
  -13.091203     54.716810    0.0004134297
  -13.091203     66.876101    0.0006157394
  -13.091203     79.035392    0.0008570954
  -13.091203     91.194683    0.0011369625

   -7.854722    -91.194683    0.0007505968
   -7.854722    -79.035392    0.0005661378
   -7.854722    -66.876101    0.0004068825
   -7.854722    -54.716810    0.0002732806
   -7.854722    -42.557519    0.0001657735
   -7.854722    -30.398228    0.0000847580
   -7.854722    -18.238937    0.0000305569
   -7.854722     -6.079646    0.0000033977
   -7.854722      6.079646    0.0000033977
   -7.854722     18.238937    0.0000305569
   -7.854722     30.398228    0.0000847580
   -7.854722     42.557519    0.0001657735
   -7.854722     54.716810    0.0002732806
   -7.854722     66.876101    0.0004068825
   -7.854722     79.035392    0.0005661378
   -7.854722     91.194683    0.0007505968

   -2.618241    -91.194683    0.0002743755
   -2.618241    -79.035392    0.0002070440
   -2.618241    -66.876101    0.0001488542
   -2.618241    -54.716810    0.0001000028
   -2.618241    -42.557519    0.0000606733
   -2.618241    -30.398228    0.0000310254
   -2.618241    -18.238937    0.0000111861
   -2.618241     -6.079646    0.0000012439
   -2.618241      6.079646    0.0000012439
   -2.618241     18.238937    0.0000111861
   -2.618241     30.398228    0.0000310254
   -2.618241     42.557519    0.0000606733
   -2.618241     54.716810    0.0001000028
   -2.618241     66.876101    0.0001488542
   -2.618241     79.035392    0.0002070440
   -2.618241     91.194683    0.0002743755

    2.618241    -91.194683   -0.0003000448
    2.618241    -79.035392   -0.0002265055
    2.618241    -66.876101   -0.0001628956
    2.618241    -54.716810   -0.0001094605
    2.618241    -42.557519   -0.0000664221
    2.618241    -30.398228   -0.0000339687
    2.618241    -18.238937   -0.0000122481
    2.618241     -6.079646   -0.0000013620
    2.618241      6.079646   -0.0000013620
    2.618241     18.238937   -0.0000122481
    2.618241     30.398228   -0.0000339687
    2.618241     42.557519   -0.0000664221
    2.618241     54.716810   -0.0001094605
    2.618241     66.876101   -0.0001628956
    2.618241     79.035392   -0.0002265055
    2.618241     91.194683   -0.0003000448

    7.854722    -91.194683   -0.0009820310
    7.854722    -79.035392   -0.0007416009
    7.854722    -66.876101   -0.0005334808
    7.854722    -54.716810   -0.0003585559
    7.854722    -42.557519   -0.0002176097
    7.854722    -30.398228   -0.0001112989
    7.854722    -18.238937   -0.0000401339
    7.854722     -6.079646   -0.0000044630
    7.854722      6.079646   -0.0000044630
    7.854722     18.238937   -0.0000401339
    7.854722     30.398228   -0.0001112989
    7.854722     42.557519   -0.0002176097
    7.854722     54.716810   -0.0003585559
    7.854722     66.876101   -0.0005334808
    7.854722     79.035392   -0.0007416009
    7.854722     91.194683   -0.0009820310

   13.091203    -91.194683   -0.0017821221
   13.091203    -79.035392   -0.0013462174
   13.091203    -66.876101   -0.0009686615
   13.091203    -54.716810   -0.0006511731
   13.091203    -42.557519   -0.0003952613
   13.091203    -30.398228   -0.0002021835
   13.091203    -18.238937   -0.0000729118
   13.091203     -6.079646   -0.0000081083
   13.091203      6.079646   -0.0000081083
   13.091203     18.238937   -0.0000729118
   13.091203     30.398228   -0.0002021835
   13.091203     42.557519   -0.0003952613
   13.091203     54.716810   -0.0006511731
   13.091203     66.876101   -0.0009686615
   13.091203     79.035392   -0.0013462174
   13.091203     91.194683   -0.0017821221

   18.327684    -91.194683   -0.0027121908
   18.327684    -79.035392   -0.0020493430
   18.327684    -66.876101   -0.0014749313
   18.327684    -54.716810   -0.0009916995
   18.327684    -42.557519   -0.0006020536
   18.327684    -30.398228   -0.0003079974
   18.327684    -18.238937   -0.0001110792
   18.327684     -6.079646   -0.0000123533
   18.327684      6.079646   -0.0000123533
   18.327684     18.238937   -0.0001110792
   18.327684     30.398228   -0.0003079974
   18.327684     42.557519   -0.0006020536
   18.327684     54.716810   -0.0009916995
   18.327684     66.876101   -0.0014749313
   18.327684     79.035392   -0.0020493430
   18.327684     91.194683   -0.0027121908

   23.564166    -91.194683   -0.0037856174
   23.564166    -79.035392   -0.0028611173
   23.564166    -66.876101   -0.0020596132
   23.564166    -54.716810   -0.0013850757
   23.564166    -42.557519   -0.0008409955
   23.564166    -30.398228   -0.0004302839
   23.564166    -18.238937   -0.0001551938
   23.564166     -6.079646   -0.0000172600
   23.564166      6.079646   -0.0000172600
   23.564166     18.238937   -0.0001551938
   23.564166     30.398228   -0.0004302839
   23.564166     42.557519   -0.0008409955
   23.564166     54.716810   -0.0013850757
   23.564166     66.876101   -0.0020596132
   23.564166     79.035392   -0.0028611173
   23.564166     91.194683   -0.0037856174

   28.800647    -91.194683   -0.0050174750
   28.800647    -79.035392   -0.0037929843
   28.800647    -66.876101   -0.0027309593
   28.800647    -54.716810   -0.0018368514
   28.800647    -42.557519   -0.0011154534
   28.800647    -30.398228   -0.0005707634
   28.800647    -18.238937   -0.0002058753
   28.800647     -6.079646   -0.0000228974
   28.800647      6.079646   -0.0000228974
   28.800647     18.238937   -0.0002058753
   28.800647     30.398228   -0.0005707634
   28.800647     42.557519   -0.0011154534
   28.800647     54.716810   -0.0018368514
   28.800647     66.876101   -0.0027309593
   28.800647     79.035392   -0.0037929843
   28.800647     91.194683   -0.0050174750

   34.037128    -91.194683   -0.0064247285
   34.037128    -79.035392   -0.0048578553
   34.037128    -66.876101   -0.0034982590
   34.037128    -54.716810   -0.0023532424
   34.037128    -42.557519   -0.0014291752
   34.037128    -30.398228   -0.0007313399
   34.037128    -18.238937   -0.0002638068
   34.037128     -6.079646   -0.0000293411
   34.037128      6.079646   -0.0000293411
   34.037128     18.238937   -0.0002638068
   34.037128     30.398228   -0.0007313399
   34.037128     42.557519   -0.0014291752
   34.037128     54.716810   -0.0023532424
   34.037128     66.876101   -0.0034982590
   34.037128     79.035392   -0.0048578553
   34.037128     91.194683   -0.0064247285

