  -44.766107    -96.008735    0.0003767257
  -44.766107    -81.238160    0.0002801837
  -44.766107    -66.467585    0.0001945495
  -44.766107    -51.697011    0.0001229645
  -44.766107    -36.926436    0.0000669488
  -44.766107    -22.155862    0.0000273672
  -44.766107     -7.385287    0.0000047924
  -44.766107      7.385287   -0.0000004303
  -44.766107     22.155862    0.0000117987
  -44.766107     36.926436    0.0000413622
  -44.766107     51.697011    0.0000880419
  -44.766107     66.467585    0.0001516755
  -44.766107     81.238160    0.0002322207
  -44.766107     96.008735    0.0003295036
  -44.766107    110.779309    0.0004423429
  -44.766107    125.549884    0.0005666526

  -40.053885    -96.008735    0.0003777185
  -40.053885    -81.238160    0.0002762763
  -40.053885    -66.467585    0.0001927455
  -40.053885    -51.697011    0.0001220616
  -40.053885    -36.926436    0.0000659632
  -40.053885    -22.155862    0.0000265349
  -40.053885     -7.385287    0.0000045120
  -40.053885      7.385287   -0.0000002097
  -40.053885     22.155862    0.0000123378
  -40.053885     36.926436    0.0000424641
  -40.053885     51.697011    0.0000901604
  -40.053885     66.467585    0.0001539770
  -40.053885     81.238160    0.0002306645
  -40.053885     96.008735    0.0003175601
  -40.053885    110.779309    0.0004204563
  -40.053885    125.549884    0.0005704488

  -35.341663    -96.008735    0.0003732677
  -35.341663    -81.238160    0.0002746802
  -35.341663    -66.467585    0.0001899650
  -35.341663    -51.697011    0.0001194387
  -35.341663    -36.926436    0.0000643872
  -35.341663    -22.155862    0.0000258448
  -35.341663     -7.385287    0.0000043234
  -35.341663      7.385287   -0.0000000256
  -35.341663     22.155862    0.0000128201
  -35.341663     36.926436    0.0000428462
  -35.341663     51.697011    0.0000898956
  -35.341663     66.467585    0.0001534612
  -35.341663     81.238160    0.0002326246
  -35.341663     96.008735    0.0003265429
  -35.341663    110.779309    0.0004360370
  -35.341663    125.549884    0.0005669891

  -30.629441    -96.008735    0.0003614525
  -30.629441    -81.238160    0.0002666321
  -30.629441    -66.467585    0.0001832263
  -30.629441    -51.697011    0.0001145267
  -30.629441    -36.926436    0.0000615020
  -30.629441    -22.155862    0.0000245459
  -30.629441     -7.385287    0.0000040129
  -30.629441      7.385287    0.0000001819
  -30.629441     22.155862    0.0000131007
  -30.629441     36.926436    0.0000425738
  -30.629441     51.697011    0.0000883680
  -30.629441     66.467585    0.0001505200
  -30.629441     81.238160    0.0002294422
  -30.629441     96.008735    0.0003253336
  -30.629441    110.779309    0.0004362126
  -30.629441    125.549884    0.0005537011

  -25.917220    -96.008735    0.0003409516
  -25.917220    -81.238160    0.0002507409
  -25.917220    -66.467585    0.0001717663
  -25.917220    -51.697011    0.0001069437
  -25.917220    -36.926436    0.0000570957
  -25.917220    -22.155862    0.0000225380
  -25.917220     -7.385287    0.0000035636
  -25.917220      7.385287    0.0000004065
  -25.917220     22.155862    0.0000130983
  -25.917220     36.926436    0.0000414544
  -25.917220     51.697011    0.0000852587
  -25.917220     66.467585    0.0001445421
  -25.917220     81.238160    0.0002196775
  -25.917220     96.008735    0.0003108448
  -25.917220    110.779309    0.0004162432
  -25.917220    125.549884    0.0005282619

  -21.204998    -96.008735    0.0003104611
  -21.204998    -81.238160    0.0002272620
  -21.204998    -66.467585    0.0001553091
  -21.204998    -51.697011    0.0000963435
  -21.204998    -36.926436    0.0000510775
  -21.204998    -22.155862    0.0000198810
  -21.204998     -7.385287    0.0000030103
  -21.204998      7.385287    0.0000006176
  -21.204998     22.155862    0.0000127112
  -21.204998     36.926436    0.0000391643
  -21.204998     51.697011    0.0000798022
  -21.204998     66.467585    0.0001345234
  -21.204998     81.238160    0.0002033453
  -21.204998     96.008735    0.0002861881
  -21.204998    110.779309    0.0003821467
  -21.204998    125.549884    0.0004879240

  -16.492776    -96.008735    0.0002684316
  -16.492776    -81.238160    0.0001958104
  -16.492776    -66.467585    0.0001333645
  -16.492776    -51.697011    0.0000823489
  -16.492776    -36.926436    0.0000433262
  -16.492776    -22.155862    0.0000166036
  -16.492776     -7.385287    0.0000023833
  -16.492776      7.385287    0.0000007749
  -16.492776     22.155862    0.0000117766
  -16.492776     36.926436    0.0000352845
  -16.492776     51.697011    0.0000711508
  -16.492776     66.467585    0.0001192628
  -16.492776     81.238160    0.0001795751
  -16.492776     96.008735    0.0002519798
  -16.492776    110.779309    0.0003358610
  -16.492776    125.549884    0.0004291292

  -11.780554    -96.008735    0.0002129829
  -11.780554    -81.238160    0.0001550245
  -11.780554    -66.467585    0.0001051126
  -11.780554    -51.697011    0.0000645327
  -11.780554    -36.926436    0.0000336703
  -11.780554    -22.155862    0.0000126826
  -11.780554     -7.385287    0.0000017032
  -11.780554      7.385287    0.0000008283
  -11.780554     22.155862    0.0000100565
  -11.780554     36.926436    0.0000292835
  -11.780554     51.697011    0.0000583822
  -11.780554     66.467585    0.0000973224
  -11.780554     81.238160    0.0001462162
  -11.780554     96.008735    0.0002050993
  -11.780554    110.779309    0.0002731880
  -11.780554    125.549884    0.0003472785

   -7.068333    -96.008735    0.0001418812
   -7.068333    -81.238160    0.0001030411
   -7.068333    -66.467585    0.0000695308
   -7.068333    -51.697011    0.0000424174
   -7.068333    -36.926436    0.0000219215
   -7.068333    -22.155862    0.0000080904
   -7.068333     -7.385287    0.0000009963
   -7.068333      7.385287    0.0000007101
   -7.068333     22.155862    0.0000072313
   -7.068333     36.926436    0.0000204763
   -7.068333     51.697011    0.0000403541
   -7.068333     66.467585    0.0000668866
   -7.068333     81.238160    0.0001002508
   -7.068333     96.008735    0.0001405520
   -7.068333    110.779309    0.0001870582
   -7.068333    125.549884    0.0002365528

   -2.356111    -96.008735    0.0000524995
   -2.356111    -81.238160    0.0000379877
   -2.356111    -66.467585    0.0000255231
   -2.356111    -51.697011    0.0000154709
   -2.356111    -36.926436    0.0000079064
   -2.356111    -22.155862    0.0000028454
   -2.356111     -7.385287    0.0000003114
   -2.356111      7.385287    0.0000003276
   -2.356111     22.155862    0.0000028927
   -2.356111     36.926436    0.0000079769
   -2.356111     51.697011    0.0000155476
   -2.356111     66.467585    0.0000256106
   -2.356111     81.238160    0.0000382238
   -2.356111     96.008735    0.0000534204
   -2.356111    110.779309    0.0000709469
   -2.356111    125.549884    0.0000897019

    2.356111    -96.008735   -0.0000582921
    2.356111    -81.238160   -0.0000419504
    2.356111    -66.467585   -0.0000280825
    2.356111    -51.697011   -0.0000169147
    2.356111    -36.926436   -0.0000085326
    2.356111    -22.155862   -0.0000029770
    2.356111     -7.385287   -0.0000002753
    2.356111      7.385287   -0.0000004423
    2.356111     22.155862   -0.0000034734
    2.356111     36.926436   -0.0000093451
    2.356111     51.697011   -0.0000180269
    2.356111     66.467585   -0.0000294982
    2.356111     81.238160   -0.0000437547
    2.356111     96.008735   -0.0000607788
    2.356111    110.779309   -0.0000804371
    2.356111    125.549884   -0.0001022602

    7.068333    -96.008735   -0.0001943235
    7.068333    -81.238160   -0.0001389889
    7.068333    -66.467585   -0.0000927047
    7.068333    -51.697011   -0.0000554674
    7.068333    -36.926436   -0.0000275766
    7.068333    -22.155862   -0.0000092754
    7.068333     -7.385287   -0.0000006664
    7.068333      7.385287   -0.0000017550
    7.068333     22.155862   -0.0000125135
    7.068333     36.926436   -0.0000329050
    7.068333     51.697011   -0.0000628499
    7.068333     66.467585   -0.0001021635
    7.068333     81.238160   -0.0001505371
    7.068333     96.008735   -0.0002076786
    7.068333    110.779309   -0.0002737759
    7.068333    125.549884   -0.0003504873

   11.780554    -96.008735   -0.0003603980
   11.780554    -81.238160   -0.0002564755
   11.780554    -66.467585   -0.0001702757
   11.780554    -51.697011   -0.0001010984
   11.780554    -36.926436   -0.0000494885
   11.780554    -22.155862   -0.0000159765
   11.780554     -7.385287   -0.0000007566
   11.780554      7.385287   -0.0000037995
   11.780554     22.155862   -0.0000250421
   11.780554     36.926436   -0.0000644500
   11.780554     51.697011   -0.0001218945
   11.780554     66.467585   -0.0001969353
   11.780554     81.238160   -0.0002887504
   11.780554     96.008735   -0.0003966012
   11.780554    110.779309   -0.0005213728
   11.780554    125.549884   -0.0006688748

   16.492776    -96.008735   -0.0005625998
   16.492776    -81.238160   -0.0003992991
   16.492776    -66.467585   -0.0002634317
   16.492776    -51.697011   -0.0001549763
   16.492776    -36.926436   -0.0000746526
   16.492776    -22.155862   -0.0000230535
   16.492776     -7.385287   -0.0000004340
   16.492776      7.385287   -0.0000068046
   16.492776     22.155862   -0.0000420790
   16.492776     36.926436   -0.0001061328
   16.492776     51.697011   -0.0001987303
   16.492776     66.467585   -0.0003193831
   16.492776     81.238160   -0.0004673051
   16.492776     96.008735   -0.0006417337
   16.492776    110.779309   -0.0008429918
   16.492776    125.549884   -0.0010747651

   21.204998    -96.008735   -0.0008085606
   21.204998    -81.238160   -0.0005730286
   21.204998    -66.467585   -0.0003753527
   21.204998    -51.697011   -0.0002185909
   21.204998    -36.926436   -0.0001035274
   21.204998    -22.155862   -0.0000304274
   21.204998     -7.385287    0.0000004544
   21.204998      7.385287   -0.0000110571
   21.204998     22.155862   -0.0000648767
   21.204998     36.926436   -0.0001606391
   21.204998     51.697011   -0.0002979126
   21.204998     66.467585   -0.0004765230
   21.204998     81.238160   -0.0006966651
   21.204998     96.008735   -0.0009582852
   21.204998    110.779309   -0.0012590156
   21.204998    125.549884   -0.0015897491

   25.917220    -96.008735   -0.0011075810
   25.917220    -81.238160   -0.0007804915
   25.917220    -66.467585   -0.0005088703
   25.917220    -51.697011   -0.0002937811
   25.917220    -36.926436   -0.0001364241
   25.917220    -22.155862   -0.0000376326
   25.917220     -7.385287    0.0000022086
   25.917220      7.385287   -0.0000169435
   25.917220     22.155862   -0.0000949217
   25.917220     36.926436   -0.0002314100
   25.917220     51.697011   -0.0004259096
   25.917220     66.467585   -0.0006776564
   25.917220     81.238160   -0.0009856010
   25.917220     96.008735   -0.0013486388
   25.917220    110.779309   -0.0017663405
   25.917220    125.549884   -0.0022405090

