 -100.911229   -136.038482    0.0238060592
 -100.911229   -117.900018    0.0195036126
 -100.911229    -99.761554    0.0159555633
 -100.911229    -81.623089    0.0130800730
 -100.911229    -63.484625    0.0107950843
 -100.911229    -45.346161    0.0090205874
 -100.911229    -27.207696    0.0076810420
 -100.911229     -9.069232    0.0067078045
 -100.911229      9.069232    0.0060414301
 -100.911229     27.207696    0.0056337386
 -100.911229     45.346161    0.0054495497
 -100.911229     63.484625    0.0054680141
 -100.911229     81.623089    0.0056834845
 -100.911229     99.761554    0.0061058886
 -100.911229    117.900018    0.0067605876
 -100.911229    136.038482    0.0076877179

  -87.456398   -136.038482    0.0184091282
  -87.456398   -117.900018    0.0146882782
  -87.456398    -99.761554    0.0116735120
  -87.456398    -81.623089    0.0092834554
  -87.456398    -63.484625    0.0074317785
  -87.456398    -45.346161    0.0060343239
  -87.456398    -27.207696    0.0050134892
  -87.456398     -9.069232    0.0043009603
  -87.456398      9.069232    0.0038396123
  -87.456398     27.207696    0.0035851097
  -87.456398     45.346161    0.0035074526
  -87.456398     63.484625    0.0035924334
  -87.456398     81.623089    0.0038426843
  -87.456398     99.761554    0.0042777108
  -87.456398    117.900018    0.0049320238
  -87.456398    136.038482    0.0058501991

  -74.001568   -136.038482    0.0140644621
  -74.001568   -117.900018    0.0108764288
  -74.001568    -99.761554    0.0083515929
  -74.001568    -81.623089    0.0063991649
  -74.001568    -63.484625    0.0049291518
  -74.001568    -45.346161    0.0038563139
  -74.001568    -27.207696    0.0031033479
  -74.001568     -9.069232    0.0026034927
  -74.001568      9.069232    0.0023026926
  -74.001568     27.207696    0.0021613886
  -74.001568     45.346161    0.0021559441
  -74.001568     63.484625    0.0022796505
  -74.001568     81.623089    0.0025431924
  -74.001568     99.761554    0.0029743910
  -74.001568    117.900018    0.0036169795
  -74.001568    136.038482    0.0045281026

  -60.546737   -136.038482    0.0106445879
  -60.546737   -117.900018    0.0079386237
  -60.546737    -99.761554    0.0058493275
  -60.546737    -81.623089    0.0042793340
  -60.546737    -63.484625    0.0031363342
  -60.546737    -45.346161    0.0023350287
  -60.546737    -27.207696    0.0017995296
  -60.546737     -9.069232    0.0014658439
  -60.546737      9.069232    0.0012841410
  -60.546737     27.207696    0.0012205893
  -60.546737     45.346161    0.0012586146
  -60.546737     63.484625    0.0013995150
  -60.546737     81.623089    0.0016624373
  -60.546737     99.761554    0.0020837975
  -60.546737    117.900018    0.0027163042
  -60.546737    136.038482    0.0036278152

  -47.091907   -136.038482    0.0080200166
  -47.091907   -117.900018    0.0057401447
  -47.091907    -99.761554    0.0040271484
  -47.091907    -81.623089    0.0027811538
  -47.091907    -63.484625    0.0019090470
  -47.091907    -45.346161    0.0013263594
  -47.091907    -27.207696    0.0009596214
  -47.091907     -9.069232    0.0007487769
  -47.091907      9.069232    0.0006493402
  -47.091907     27.207696    0.0006340618
  -47.091907     45.346161    0.0006939554
  -47.091907     63.484625    0.0008386254
  -47.091907     81.623089    0.0010959194
  -47.091907     99.761554    0.0015110186
  -47.091907    117.900018    0.0021451614
  -47.091907    136.038482    0.0030742854

  -33.637076   -136.038482    0.0060643442
  -33.637076   -117.900018    0.0041500866
  -33.637076    -99.761554    0.0027524548
  -33.637076    -81.623089    0.0017714388
  -33.637076    -63.484625    0.0011145976
  -33.637076    -45.346161    0.0006994998
  -33.637076    -27.207696    0.0004562485
  -33.637076     -9.069232    0.0003298237
  -33.637076      9.069232    0.0002820310
  -33.637076     27.207696    0.0002928988
  -33.637076     45.346161    0.0003614292
  -33.637076     63.484625    0.0005056558
  -33.637076     81.623089    0.0007620268
  -33.637076     99.761554    0.0011841802
  -33.637076    117.900018    0.0018412419
  -33.637076    136.038482    0.0028158266

  -20.182246   -136.038482    0.0046599804
  -20.182246   -117.900018    0.0030487972
  -20.182246    -99.761554    0.0019058999
  -20.182246    -81.623089    0.0011323325
  -20.182246    -63.484625    0.0006377436
  -20.182246    -45.346161    0.0003431213
  -20.182246    -27.207696    0.0001833605
  -20.182246     -9.069232    0.0001094781
  -20.182246      9.069232    0.0000903307
  -20.182246     27.207696    0.0001137319
  -20.182246     45.346161    0.0001869042
  -20.182246     63.484625    0.0003362447
  -20.182246     81.623089    0.0006064214
  -20.182246     99.761554    0.0010588594
  -20.182246    117.900018    0.0017697153
  -20.182246    136.038482    0.0028274818

   -6.727415   -136.038482    0.0037038847
   -6.727415   -117.900018    0.0023339713
   -6.727415    -99.761554    0.0013873268
   -6.727415    -81.623089    0.0007671176
   -6.727415    -63.484625    0.0003864479
   -6.727415    -45.346161    0.0001710566
   -6.727415    -27.207696    0.0000617614
   -6.727415     -9.069232    0.0000164817
   -6.727415      9.069232    0.0000117114
   -6.727415     27.207696    0.0000433541
   -6.727415     45.346161    0.0001268747
   -6.727415     63.484625    0.0002967576
   -6.727415     81.623089    0.0006053089
   -6.727415     99.761554    0.0011208732
   -6.727415    117.900018    0.0019255824
   -6.727415    136.038482    0.0031127890

    6.727415   -136.038482    0.0031127890
    6.727415   -117.900018    0.0019255824
    6.727415    -99.761554    0.0011208732
    6.727415    -81.623089    0.0006053089
    6.727415    -63.484625    0.0002967576
    6.727415    -45.346161    0.0001268747
    6.727415    -27.207696    0.0000433541
    6.727415     -9.069232    0.0000117114
    6.727415      9.069232    0.0000164817
    6.727415     27.207696    0.0000617614
    6.727415     45.346161    0.0001710566
    6.727415     63.484625    0.0003864479
    6.727415     81.623089    0.0007671176
    6.727415     99.761554    0.0013873268
    6.727415    117.900018    0.0023339713
    6.727415    136.038482    0.0037038847

   20.182246   -136.038482    0.0028274818
   20.182246   -117.900018    0.0017697153
   20.182246    -99.761554    0.0010588594
   20.182246    -81.623089    0.0006064214
   20.182246    -63.484625    0.0003362447
   20.182246    -45.346161    0.0001869042
   20.182246    -27.207696    0.0001137319
   20.182246     -9.069232    0.0000903307
   20.182246      9.069232    0.0001094781
   20.182246     27.207696    0.0001833605
   20.182246     45.346161    0.0003431213
   20.182246     63.484625    0.0006377436
   20.182246     81.623089    0.0011323325
   20.182246     99.761554    0.0019058999
   20.182246    117.900018    0.0030487972
   20.182246    136.038482    0.0046599804

   33.637076   -136.038482    0.0028158266
   33.637076   -117.900018    0.0018412419
   33.637076    -99.761554    0.0011841802
   33.637076    -81.623089    0.0007620268
   33.637076    -63.484625    0.0005056558
   33.637076    -45.346161    0.0003614292
   33.637076    -27.207696    0.0002928988
   33.637076     -9.069232    0.0002820310
   33.637076      9.069232    0.0003298237
   33.637076     27.207696    0.0004562485
   33.637076     45.346161    0.0006994998
   33.637076     63.484625    0.0011145976
   33.637076     81.623089    0.0017714388
   33.637076     99.761554    0.0027524548
   33.637076    117.900018    0.0041500866
   33.637076    136.038482    0.0060643442

   47.091907   -136.038482    0.0030742854
   47.091907   -117.900018    0.0021451614
   47.091907    -99.761554    0.0015110186
   47.091907    -81.623089    0.0010959194
   47.091907    -63.484625    0.0008386254
   47.091907    -45.346161    0.0006939554
   47.091907    -27.207696    0.0006340618
   47.091907     -9.069232    0.0006493402
   47.091907      9.069232    0.0007487769
   47.091907     27.207696    0.0009596214
   47.091907     45.346161    0.0013263594
   47.091907     63.484625    0.0019090470
   47.091907     81.623089    0.0027811538
   47.091907     99.761554    0.0040271484
   47.091907    117.900018    0.0057401447
   47.091907    136.038482    0.0080200166

   60.546737   -136.038482    0.0036278152
   60.546737   -117.900018    0.0027163042
   60.546737    -99.761554    0.0020837975
   60.546737    -81.623089    0.0016624373
   60.546737    -63.484625    0.0013995150
   60.546737    -45.346161    0.0012586146
   60.546737    -27.207696    0.0012205893
   60.546737     -9.069232    0.0012841410
   60.546737      9.069232    0.0014658439
   60.546737     27.207696    0.0017995296
   60.546737     45.346161    0.0023350287
   60.546737     63.484625    0.0031363342
   60.546737     81.623089    0.0042793340
   60.546737     99.761554    0.0058493275
   60.546737    117.900018    0.0079386237
   60.546737    136.038482    0.0106445879

   74.001568   -136.038482    0.0045281026
   74.001568   -117.900018    0.0036169795
   74.001568    -99.761554    0.0029743910
   74.001568    -81.623089    0.0025431924
   74.001568    -63.484625    0.0022796505
   74.001568    -45.346161    0.0021559441
   74.001568    -27.207696    0.0021613886
   74.001568     -9.069232    0.0023026926
   74.001568      9.069232    0.0026034927
   74.001568     27.207696    0.0031033479
   74.001568     45.346161    0.0038563139
   74.001568     63.484625    0.0049291518
   74.001568     81.623089    0.0063991649
   74.001568     99.761554    0.0083515929
   74.001568    117.900018    0.0108764288
   74.001568    136.038482    0.0140644621

   87.456398   -136.038482    0.0058501991
   87.456398   -117.900018    0.0049320238
   87.456398    -99.761554    0.0042777108
   87.456398    -81.623089    0.0038426843
   87.456398    -63.484625    0.0035924334
   87.456398    -45.346161    0.0035074526
   87.456398    -27.207696    0.0035851097
   87.456398     -9.069232    0.0038396123
   87.456398      9.069232    0.0043009603
   87.456398     27.207696    0.0050134892
   87.456398     45.346161    0.0060343239
   87.456398     63.484625    0.0074317785
   87.456398     81.623089    0.0092834554
   87.456398     99.761554    0.0116735120
   87.456398    117.900018    0.0146882782
   87.456398    136.038482    0.0184091282

  100.911229   -136.038482    0.0076877179
  100.911229   -117.900018    0.0067605876
  100.911229    -99.761554    0.0061058886
  100.911229    -81.623089    0.0056834845
  100.911229    -63.484625    0.0054680141
  100.911229    -45.346161    0.0054495497
  100.911229    -27.207696    0.0056337386
  100.911229     -9.069232    0.0060414301
  100.911229      9.069232    0.0067078045
  100.911229     27.207696    0.0076810420
  100.911229     45.346161    0.0090205874
  100.911229     63.484625    0.0107950843
  100.911229     81.623089    0.0130800730
  100.911229     99.761554    0.0159555633
  100.911229    117.900018    0.0195036126
  100.911229    136.038482    0.0238060592

