  -34.795266    -91.194683    0.0889850183
  -34.795266    -79.035392    0.0885538462
  -34.795266    -66.876101    0.0883211645
  -34.795266    -54.716810    0.0882395271
  -34.795266    -42.557519    0.0882691249
  -34.795266    -30.398228    0.0883777605
  -34.795266    -18.238937    0.0885409306
  -34.795266     -6.079646    0.0887420144
  -34.795266      6.079646    0.0889725693
  -34.795266     18.238937    0.0892327336
  -34.795266     30.398228    0.0895317351
  -34.795266     42.557519    0.0898885077
  -34.795266     54.716810    0.0903324136
  -34.795266     66.876101    0.0909040735
  -34.795266     79.035392    0.0916563028
  -34.795266     91.194683    0.0926551546

  -30.155897    -91.194683    0.0658112897
  -30.155897    -79.035392    0.0649543340
  -30.155897    -66.876101    0.0643395488
  -30.155897    -54.716810    0.0639216258
  -30.155897    -42.557519    0.0636625993
  -30.155897    -30.398228    0.0635318172
  -30.155897    -18.238937    0.0635059938
  -30.155897     -6.079646    0.0635693435
  -30.155897      6.079646    0.0637137963
  -30.155897     18.238937    0.0639392945
  -30.155897     30.398228    0.0642541707
  -30.155897     42.557519    0.0646756078
  -30.155897     54.716810    0.0652301797
  -30.155897     66.876101    0.0659544739
  -30.155897     79.035392    0.0668957953
  -30.155897     91.194683    0.0681129513

  -25.516528    -91.194683    0.0474390816
  -25.516528    -79.035392    0.0462551492
  -25.516528    -66.876101    0.0453482820
  -25.516528    -54.716810    0.0446746712
  -25.516528    -42.557519    0.0441976761
  -25.516528    -30.398228    0.0438877805
  -25.516528    -18.238937    0.0437226131
  -25.516528     -6.079646    0.0436870317
  -25.516528      6.079646    0.0437732718
  -25.516528     18.238937    0.0439811584
  -25.516528     30.398228    0.0443183821
  -25.516528     42.557519    0.0448008391
  -25.516528     54.716810    0.0454530350
  -25.516528     66.876101    0.0463085523
  -25.516528     79.035392    0.0474105824
  -25.516528     91.194683    0.0488125206

  -20.877160    -91.194683    0.0331337821
  -20.877160    -79.035392    0.0317028282
  -20.877160    -66.876101    0.0305763030
  -20.877160    -54.716810    0.0297114593
  -20.877160    -42.557519    0.0290726044
  -20.877160    -30.398228    0.0286310460
  -20.877160    -18.238937    0.0283650883
  -20.877160     -6.079646    0.0282600781
  -20.877160      6.079646    0.0283085019
  -20.877160     18.238937    0.0285101319
  -20.877160     30.398228    0.0288722234
  -20.877160     42.557519    0.0294097615
  -20.877160     54.716810    0.0301457587
  -20.877160     66.876101    0.0311116020
  -20.877160     79.035392    0.0323474509
  -20.877160     91.194683    0.0339026849

  -16.237791    -91.194683    0.0223209402
  -16.237791    -79.035392    0.0207084518
  -16.237791    -66.876101    0.0194212181
  -16.237791    -54.716810    0.0184172275
  -16.237791    -42.557519    0.0176614475
  -16.237791    -30.398228    0.0171257669
  -16.237791    -18.238937    0.0167889770
  -16.237791     -6.079646    0.0166367911
  -16.237791      6.079646    0.0166619031
  -16.237791     18.238937    0.0168640839
  -16.237791     30.398228    0.0172503177
  -16.237791     42.557519    0.0178349759
  -16.237791     54.716810    0.0186400301
  -16.237791     66.876101    0.0196953039
  -16.237791     79.035392    0.0210387631
  -16.237791     91.194683    0.0227168447

  -11.598422    -91.194683    0.0145665470
  -11.598422    -79.035392    0.0128271005
  -11.598422    -66.876101    0.0114279769
  -11.598422    -54.716810    0.0103276221
  -11.598422    -42.557519    0.0094914241
  -11.598422    -30.398228    0.0088916543
  -11.598422    -18.238937    0.0085074391
  -11.598422     -6.079646    0.0083247600
  -11.598422      6.079646    0.0083364828
  -11.598422     18.238937    0.0085424167
  -11.598422     30.398228    0.0089494015
  -11.598422     42.557519    0.0095714248
  -11.598422     54.716810    0.0104297679
  -11.598422     66.876101    0.0115531813
  -11.598422     79.035392    0.0129780886
  -11.598422     91.194683    0.0147488206

   -6.959053    -91.194683    0.0095617048
   -6.959053    -79.035392    0.0077418016
   -6.959053    -66.876101    0.0062721358
   -6.959053    -54.716810    0.0051113360
   -6.959053    -42.557519    0.0042249864
   -6.959053    -30.398228    0.0035855642
   -6.959053    -18.238937    0.0031724003
   -6.959053     -6.079646    0.0029716616
   -6.959053      6.079646    0.0029763551
   -6.959053     18.238937    0.0031863556
   -6.959053     30.398228    0.0036084537
   -6.959053     42.557519    0.0042564281
   -6.959053     54.716810    0.0051511384
   -6.959053     66.876101    0.0063206409
   -6.959053     79.035392    0.0078003270
   -6.959053     91.194683    0.0096330826

   -2.319684    -91.194683    0.0071116841
   -2.319684    -79.035392    0.0052519668
   -2.319684    -66.876101    0.0037477082
   -2.319684    -54.716810    0.0025574148
   -2.319684    -42.557519    0.0016466323
   -2.319684    -30.398228    0.0009878681
   -2.319684    -18.238937    0.0005605330
   -2.319684     -6.079646    0.0003509016
   -2.319684      6.079646    0.0003520906
   -2.319684     18.238937    0.0005640565
   -2.319684     30.398228    0.0009936110
   -2.319684     42.557519    0.0016544552
   -2.319684     54.716810    0.0025672329
   -2.319684     66.876101    0.0037596014
   -2.319684     79.035392    0.0052663219
   -2.319684     91.194683    0.0071293676

    2.319684    -91.194683    0.0071293676
    2.319684    -79.035392    0.0052663219
    2.319684    -66.876101    0.0037596014
    2.319684    -54.716810    0.0025672329
    2.319684    -42.557519    0.0016544552
    2.319684    -30.398228    0.0009936110
    2.319684    -18.238937    0.0005640565
    2.319684     -6.079646    0.0003520906
    2.319684      6.079646    0.0003509016
    2.319684     18.238937    0.0005605330
    2.319684     30.398228    0.0009878681
    2.319684     42.557519    0.0016466323
    2.319684     54.716810    0.0025574148
    2.319684     66.876101    0.0037477082
    2.319684     79.035392    0.0052519668
    2.319684     91.194683    0.0071116841

    6.959053    -91.194683    0.0096330826
    6.959053    -79.035392    0.0078003270
    6.959053    -66.876101    0.0063206409
    6.959053    -54.716810    0.0051511384
    6.959053    -42.557519    0.0042564281
    6.959053    -30.398228    0.0036084537
    6.959053    -18.238937    0.0031863556
    6.959053     -6.079646    0.0029763551
    6.959053      6.079646    0.0029716616
    6.959053     18.238937    0.0031724003
    6.959053     30.398228    0.0035855642
    6.959053     42.557519    0.0042249864
    6.959053     54.716810    0.0051113360
    6.959053     66.876101    0.0062721358
    6.959053     79.035392    0.0077418016
    6.959053     91.194683    0.0095617048

   11.598422    -91.194683    0.0147488206
   11.598422    -79.035392    0.0129780886
   11.598422    -66.876101    0.0115531813
   11.598422    -54.716810    0.0104297679
   11.598422    -42.557519    0.0095714248
   11.598422    -30.398228    0.0089494015
   11.598422    -18.238937    0.0085424167
   11.598422     -6.079646    0.0083364828
   11.598422      6.079646    0.0083247600
   11.598422     18.238937    0.0085074391
   11.598422     30.398228    0.0088916543
   11.598422     42.557519    0.0094914241
   11.598422     54.716810    0.0103276221
   11.598422     66.876101    0.0114279769
   11.598422     79.035392    0.0128271005
   11.598422     91.194683    0.0145665470

   16.237791    -91.194683    0.0227168447
   16.237791    -79.035392    0.0210387631
   16.237791    -66.876101    0.0196953039
   16.237791    -54.716810    0.0186400301
   16.237791    -42.557519    0.0178349759
   16.237791    -30.398228    0.0172503177
   16.237791    -18.238937    0.0168640839
   16.237791     -6.079646    0.0166619031
   16.237791      6.079646    0.0166367911
   16.237791     18.238937    0.0167889770
   16.237791     30.398228    0.0171257669
   16.237791     42.557519    0.0176614475
   16.237791     54.716810    0.0184172275
   16.237791     66.876101    0.0194212181
   16.237791     79.035392    0.0207084518
   16.237791     91.194683    0.0223209402

   20.877160    -91.194683    0.0339026849
   20.877160    -79.035392    0.0323474509
   20.877160    -66.876101    0.0311116020
   20.877160    -54.716810    0.0301457587
   20.877160    -42.557519    0.0294097615
   20.877160    -30.398228    0.0288722234
   20.877160    -18.238937    0.0285101319
   20.877160     -6.079646    0.0283085019
   20.877160      6.079646    0.0282600781
   20.877160     18.238937    0.0283650883
   20.877160     30.398228    0.0286310460
   20.877160     42.557519    0.0290726044
   20.877160     54.716810    0.0297114593
   20.877160     66.876101    0.0305763030
   20.877160     79.035392    0.0317028282
   20.877160     91.194683    0.0331337821

   25.516528    -91.194683    0.0488125206
   25.516528    -79.035392    0.0474105824
   25.516528    -66.876101    0.0463085523
   25.516528    -54.716810    0.0454530350
   25.516528    -42.557519    0.0448008391
   25.516528    -30.398228    0.0443183821
   25.516528    -18.238937    0.0439811584
   25.516528     -6.079646    0.0437732718
   25.516528      6.079646    0.0436870317
   25.516528     18.238937    0.0437226131
   25.516528     30.398228    0.0438877805
   25.516528     42.557519    0.0441976761
   25.516528     54.716810    0.0446746712
   25.516528     66.876101    0.0453482820
   25.516528     79.035392    0.0462551492
   25.516528     91.194683    0.0474390816

   30.155897    -91.194683    0.0681129513
   30.155897    -79.035392    0.0668957953
   30.155897    -66.876101    0.0659544739
   30.155897    -54.716810    0.0652301797
   30.155897    -42.557519    0.0646756078
   30.155897    -30.398228    0.0642541707
   30.155897    -18.238937    0.0639392945
   30.155897     -6.079646    0.0637137963
   30.155897      6.079646    0.0635693435
   30.155897     18.238937    0.0635059938
   30.155897     30.398228    0.0635318172
   30.155897     42.557519    0.0636625993
   30.155897     54.716810    0.0639216258
   30.155897     66.876101    0.0643395488
   30.155897     79.035392    0.0649543340
   30.155897     91.194683    0.0658112897

   34.795266    -91.194683    0.0926551546
   34.795266    -79.035392    0.0916563028
   34.795266    -66.876101    0.0909040735
   34.795266    -54.716810    0.0903324136
   34.795266    -42.557519    0.0898885077
   34.795266    -30.398228    0.0895317351
   34.795266    -18.238937    0.0892327336
   34.795266     -6.079646    0.0889725693
   34.795266      6.079646    0.0887420144
   34.795266     18.238937    0.0885409306
   34.795266     30.398228    0.0883777605
   34.795266     42.557519    0.0882691249
   34.795266     54.716810    0.0882395271
   34.795266     66.876101    0.0883211645
   34.795266     79.035392    0.0885538462
   34.795266     91.194683    0.0889850183

