  -54.177403    -91.194683    0.0001062591
  -54.177403    -79.035392    0.0000992798
  -54.177403    -66.876101    0.0000830290
  -54.177403    -54.716810    0.0000622460
  -54.177403    -42.557519    0.0000408804
  -54.177403    -30.398228    0.0000220915
  -54.177403    -18.238937    0.0000082492
  -54.177403     -6.079646    0.0000009330
  -54.177403      6.079646    0.0000009330
  -54.177403     18.238937    0.0000082492
  -54.177403     30.398228    0.0000220915
  -54.177403     42.557519    0.0000408804
  -54.177403     54.716810    0.0000622460
  -54.177403     66.876101    0.0000830290
  -54.177403     79.035392    0.0000992798
  -54.177403     91.194683    0.0001062591

  -46.953749    -91.194683    0.0000995115
  -46.953749    -79.035392    0.0000900184
  -46.953749    -66.876101    0.0000738248
  -46.953749    -54.716810    0.0000546490
  -46.953749    -42.557519    0.0000355899
  -46.953749    -30.398228    0.0000191265
  -46.953749    -18.238937    0.0000071179
  -46.953749     -6.079646    0.0000008038
  -46.953749      6.079646    0.0000008038
  -46.953749     18.238937    0.0000071179
  -46.953749     30.398228    0.0000191265
  -46.953749     42.557519    0.0000355899
  -46.953749     54.716810    0.0000546490
  -46.953749     66.876101    0.0000738248
  -46.953749     79.035392    0.0000900184
  -46.953749     91.194683    0.0000995115

  -39.730095    -91.194683    0.0000833371
  -39.730095    -79.035392    0.0000739316
  -39.730095    -66.876101    0.0000598902
  -39.730095    -54.716810    0.0000439727
  -39.730095    -42.557519    0.0000284790
  -39.730095    -30.398228    0.0000152488
  -39.730095    -18.238937    0.0000056620
  -39.730095     -6.079646    0.0000006387
  -39.730095      6.079646    0.0000006387
  -39.730095     18.238937    0.0000056620
  -39.730095     30.398228    0.0000152488
  -39.730095     42.557519    0.0000284790
  -39.730095     54.716810    0.0000439727
  -39.730095     66.876101    0.0000598902
  -39.730095     79.035392    0.0000739316
  -39.730095     91.194683    0.0000833371

  -32.506442    -91.194683    0.0000625316
  -32.506442    -79.035392    0.0000547801
  -32.506442    -66.876101    0.0000440154
  -32.506442    -54.716810    0.0000321393
  -32.506442    -42.557519    0.0000207366
  -32.506442    -30.398228    0.0000110751
  -32.506442    -18.238937    0.0000041059
  -32.506442     -6.079646    0.0000004628
  -32.506442      6.079646    0.0000004628
  -32.506442     18.238937    0.0000041059
  -32.506442     30.398228    0.0000110751
  -32.506442     42.557519    0.0000207366
  -32.506442     54.716810    0.0000321393
  -32.506442     66.876101    0.0000440154
  -32.506442     79.035392    0.0000547801
  -32.506442     91.194683    0.0000625316

  -25.282788    -91.194683    0.0000410915
  -25.282788    -79.035392    0.0000356981
  -25.282788    -66.876101    0.0000285254
  -25.282788    -54.716810    0.0000207504
  -25.282788    -42.557519    0.0000133536
  -25.282788    -30.398228    0.0000071195
  -25.282788    -18.238937    0.0000026366
  -25.282788     -6.079646    0.0000002970
  -25.282788      6.079646    0.0000002970
  -25.282788     18.238937    0.0000026366
  -25.282788     30.398228    0.0000071195
  -25.282788     42.557519    0.0000133536
  -25.282788     54.716810    0.0000207504
  -25.282788     66.876101    0.0000285254
  -25.282788     79.035392    0.0000356981
  -25.282788     91.194683    0.0000410915

  -18.059134    -91.194683    0.0000222139
  -18.059134    -79.035392    0.0000191927
  -18.059134    -66.876101    0.0000152804
  -18.059134    -54.716810    0.0000110875
  -18.059134    -42.557519    0.0000071227
  -18.059134    -30.398228    0.0000037930
  -18.059134    -18.238937    0.0000014036
  -18.059134     -6.079646    0.0000001581
  -18.059134      6.079646    0.0000001581
  -18.059134     18.238937    0.0000014036
  -18.059134     30.398228    0.0000037930
  -18.059134     42.557519    0.0000071227
  -18.059134     54.716810    0.0000110875
  -18.059134     66.876101    0.0000152804
  -18.059134     79.035392    0.0000191927
  -18.059134     91.194683    0.0000222139

  -10.835481    -91.194683    0.0000082967
  -10.835481    -79.035392    0.0000071444
  -10.835481    -66.876101    0.0000056753
  -10.835481    -54.716810    0.0000041116
  -10.835481    -42.557519    0.0000026385
  -10.835481    -30.398228    0.0000014040
  -10.835481    -18.238937    0.0000005193
  -10.835481     -6.079646    0.0000000585
  -10.835481      6.079646    0.0000000585
  -10.835481     18.238937    0.0000005193
  -10.835481     30.398228    0.0000014040
  -10.835481     42.557519    0.0000026385
  -10.835481     54.716810    0.0000041116
  -10.835481     66.876101    0.0000056753
  -10.835481     79.035392    0.0000071444
  -10.835481     91.194683    0.0000082967

   -3.611827    -91.194683    0.0000009385
   -3.611827    -79.035392    0.0000008069
   -3.611827    -66.876101    0.0000006403
   -3.611827    -54.716810    0.0000004635
   -3.611827    -42.557519    0.0000002973
   -3.611827    -30.398228    0.0000001581
   -3.611827    -18.238937    0.0000000585
   -3.611827     -6.079646    0.0000000066
   -3.611827      6.079646    0.0000000066
   -3.611827     18.238937    0.0000000585
   -3.611827     30.398228    0.0000001581
   -3.611827     42.557519    0.0000002973
   -3.611827     54.716810    0.0000004635
   -3.611827     66.876101    0.0000006403
   -3.611827     79.035392    0.0000008069
   -3.611827     91.194683    0.0000009385

    3.611827    -91.194683    0.0000009385
    3.611827    -79.035392    0.0000008069
    3.611827    -66.876101    0.0000006403
    3.611827    -54.716810    0.0000004635
    3.611827    -42.557519    0.0000002973
    3.611827    -30.398228    0.0000001581
    3.611827    -18.238937    0.0000000585
    3.611827     -6.079646    0.0000000066
    3.611827      6.079646    0.0000000066
    3.611827     18.238937    0.0000000585
    3.611827     30.398228    0.0000001581
    3.611827     42.557519    0.0000002973
    3.611827     54.716810    0.0000004635
    3.611827     66.876101    0.0000006403
    3.611827     79.035392    0.0000008069
    3.611827     91.194683    0.0000009385

   10.835481    -91.194683    0.0000082967
   10.835481    -79.035392    0.0000071444
   10.835481    -66.876101    0.0000056753
   10.835481    -54.716810    0.0000041116
   10.835481    -42.557519    0.0000026385
   10.835481    -30.398228    0.0000014040
   10.835481    -18.238937    0.0000005193
   10.835481     -6.079646    0.0000000585
   10.835481      6.079646    0.0000000585
   10.835481     18.238937    0.0000005193
   10.835481     30.398228    0.0000014040
   10.835481     42.557519    0.0000026385
   10.835481     54.716810    0.0000041116
   10.835481     66.876101    0.0000056753
   10.835481     79.035392    0.0000071444
   10.835481     91.194683    0.0000082967

   18.059134    -91.194683    0.0000222139
   18.059134    -79.035392    0.0000191927
   18.059134    -66.876101    0.0000152804
   18.059134    -54.716810    0.0000110875
   18.059134    -42.557519    0.0000071227
   18.059134    -30.398228    0.0000037930
   18.059134    -18.238937    0.0000014036
   18.059134     -6.079646    0.0000001581
   18.059134      6.079646    0.0000001581
   18.059134     18.238937    0.0000014036
   18.059134     30.398228    0.0000037930
   18.059134     42.557519    0.0000071227
   18.059134     54.716810    0.0000110875
   18.059134     66.876101    0.0000152804
   18.059134     79.035392    0.0000191927
   18.059134     91.194683    0.0000222139

   25.282788    -91.194683    0.0000410915
   25.282788    -79.035392    0.0000356981
   25.282788    -66.876101    0.0000285254
   25.282788    -54.716810    0.0000207504
   25.282788    -42.557519    0.0000133536
   25.282788    -30.398228    0.0000071195
   25.282788    -18.238937    0.0000026366
   25.282788     -6.079646    0.0000002970
   25.282788      6.079646    0.0000002970
   25.282788     18.238937    0.0000026366
   25.282788     30.398228    0.0000071195
   25.282788     42.557519    0.0000133536
   25.282788     54.716810    0.0000207504
   25.282788     66.876101    0.0000285254
   25.282788     79.035392    0.0000356981
   25.282788     91.194683    0.0000410915

   32.506442    -91.194683    0.0000625316
   32.506442    -79.035392    0.0000547801
   32.506442    -66.876101    0.0000440154
   32.506442    -54.716810    0.0000321393
   32.506442    -42.557519    0.0000207366
   32.506442    -30.398228    0.0000110751
   32.506442    -18.238937    0.0000041059
   32.506442     -6.079646    0.0000004628
   32.506442      6.079646    0.0000004628
   32.506442     18.238937    0.0000041059
   32.506442     30.398228    0.0000110751
   32.506442     42.557519    0.0000207366
   32.506442     54.716810    0.0000321393
   32.506442     66.876101    0.0000440154
   32.506442     79.035392    0.0000547801
   32.506442     91.194683    0.0000625316

   39.730095    -91.194683    0.0000833371
   39.730095    -79.035392    0.0000739316
   39.730095    -66.876101    0.0000598902
   39.730095    -54.716810    0.0000439727
   39.730095    -42.557519    0.0000284790
   39.730095    -30.398228    0.0000152488
   39.730095    -18.238937    0.0000056620
   39.730095     -6.079646    0.0000006387
   39.730095      6.079646    0.0000006387
   39.730095     18.238937    0.0000056620
   39.730095     30.398228    0.0000152488
   39.730095     42.557519    0.0000284790
   39.730095     54.716810    0.0000439727
   39.730095     66.876101    0.0000598902
   39.730095     79.035392    0.0000739316
   39.730095     91.194683    0.0000833371

   46.953749    -91.194683    0.0000995115
   46.953749    -79.035392    0.0000900184
   46.953749    -66.876101    0.0000738248
   46.953749    -54.716810    0.0000546490
   46.953749    -42.557519    0.0000355899
   46.953749    -30.398228    0.0000191265
   46.953749    -18.238937    0.0000071179
   46.953749     -6.079646    0.0000008038
   46.953749      6.079646    0.0000008038
   46.953749     18.238937    0.0000071179
   46.953749     30.398228    0.0000191265
   46.953749     42.557519    0.0000355899
   46.953749     54.716810    0.0000546490
   46.953749     66.876101    0.0000738248
   46.953749     79.035392    0.0000900184
   46.953749     91.194683    0.0000995115

   54.177403    -91.194683    0.0001062591
   54.177403    -79.035392    0.0000992798
   54.177403    -66.876101    0.0000830290
   54.177403    -54.716810    0.0000622460
   54.177403    -42.557519    0.0000408804
   54.177403    -30.398228    0.0000220915
   54.177403    -18.238937    0.0000082492
   54.177403     -6.079646    0.0000009330
   54.177403      6.079646    0.0000009330
   54.177403     18.238937    0.0000082492
   54.177403     30.398228    0.0000220915
   54.177403     42.557519    0.0000408804
   54.177403     54.716810    0.0000622460
   54.177403     66.876101    0.0000830290
   54.177403     79.035392    0.0000992798
   54.177403     91.194683    0.0001062591

