  -44.766107    -48.902142    0.0907437748
  -44.766107    -42.381856    0.0847505489
  -44.766107    -35.861571    0.0795929077
  -44.766107    -29.341285    0.0752806977
  -44.766107    -22.821000    0.0718218500
  -44.766107    -16.300714    0.0692225153
  -44.766107     -9.780428    0.0674871859
  -44.766107     -3.260143    0.0666187967
  -44.766107      3.260143    0.0666187967
  -44.766107      9.780428    0.0674871859
  -44.766107     16.300714    0.0692225153
  -44.766107     22.821000    0.0718218500
  -44.766107     29.341285    0.0752806977
  -44.766107     35.861571    0.0795929077
  -44.766107     42.381856    0.0847505489
  -44.766107     48.902142    0.0907437748

  -40.053885    -48.902142    0.0807580582
  -40.053885    -42.381856    0.0746135660
  -40.053885    -35.861571    0.0693232204
  -40.053885    -29.341285    0.0649008647
  -40.053885    -22.821000    0.0613545393
  -40.053885    -16.300714    0.0586897263
  -40.053885     -9.780428    0.0569106071
  -40.053885     -3.260143    0.0560202258
  -40.053885      3.260143    0.0560202258
  -40.053885      9.780428    0.0569106071
  -40.053885     16.300714    0.0586897263
  -40.053885     22.821000    0.0613545393
  -40.053885     29.341285    0.0649008647
  -40.053885     35.861571    0.0693232204
  -40.053885     42.381856    0.0746135660
  -40.053885     48.902142    0.0807580582

  -35.341663    -48.902142    0.0711634517
  -35.341663    -42.381856    0.0648764139
  -35.341663    -35.861571    0.0594662864
  -35.341663    -29.341285    0.0549440221
  -35.341663    -22.821000    0.0513175185
  -35.341663    -16.300714    0.0485926336
  -35.341663     -9.780428    0.0467736531
  -35.341663     -3.260143    0.0458634403
  -35.341663      3.260143    0.0458634403
  -35.341663      9.780428    0.0467736531
  -35.341663     16.300714    0.0485926336
  -35.341663     22.821000    0.0513175185
  -35.341663     29.341285    0.0549440221
  -35.341663     35.861571    0.0594662864
  -35.341663     42.381856    0.0648764139
  -35.341663     48.902142    0.0711634517

  -30.629441    -48.902142    0.0620627310
  -30.629441    -42.381856    0.0556493574
  -30.629441    -35.861571    0.0501331454
  -30.629441    -29.341285    0.0455230702
  -30.629441    -22.821000    0.0418266301
  -30.629441    -16.300714    0.0390496104
  -30.629441     -9.780428    0.0371961206
  -30.629441     -3.260143    0.0362687533
  -30.629441      3.260143    0.0362687533
  -30.629441      9.780428    0.0371961206
  -30.629441     16.300714    0.0390496104
  -30.629441     22.821000    0.0418266301
  -30.629441     29.341285    0.0455230702
  -30.629441     35.861571    0.0501331454
  -30.629441     42.381856    0.0556493574
  -30.629441     48.902142    0.0620627310

  -25.917220    -48.902142    0.0535766207
  -25.917220    -42.381856    0.0470581632
  -25.917220    -35.861571    0.0414537457
  -25.917220    -29.341285    0.0367716634
  -25.917220    -22.821000    0.0330186821
  -25.917220    -16.300714    0.0301999113
  -25.917220     -9.780428    0.0283189098
  -25.917220     -3.260143    0.0273778852
  -25.917220      3.260143    0.0273778852
  -25.917220      9.780428    0.0283189098
  -25.917220     16.300714    0.0301999113
  -25.917220     22.821000    0.0330186821
  -25.917220     29.341285    0.0367716634
  -25.917220     35.861571    0.0414537457
  -25.917220     42.381856    0.0470581632
  -25.917220     48.902142    0.0535766207

  -21.204998    -48.902142    0.0458459084
  -21.204998    -42.381856    0.0392489318
  -21.204998    -35.861571    0.0335799445
  -21.204998    -29.341285    0.0288464775
  -21.204998    -22.821000    0.0250541203
  -21.204998    -16.300714    0.0222068481
  -21.204998     -9.780428    0.0203073303
  -21.204998     -3.260143    0.0193571899
  -21.204998      3.260143    0.0193571899
  -21.204998      9.780428    0.0203073303
  -21.204998     16.300714    0.0222068481
  -21.204998     22.821000    0.0250541203
  -21.204998     29.341285    0.0288464775
  -21.204998     35.861571    0.0335799445
  -21.204998     42.381856    0.0392489318
  -21.204998     48.902142    0.0458459084

  -16.492776    -48.902142    0.0390342241
  -16.492776    -42.381856    0.0323921277
  -16.492776    -35.861571    0.0266889567
  -16.492776    -29.341285    0.0219305022
  -16.492776    -22.821000    0.0181205984
  -16.492776    -16.300714    0.0152616522
  -16.492776     -9.780428    0.0133550779
  -16.492776     -3.260143    0.0124016303
  -16.492776      3.260143    0.0124016303
  -16.492776      9.780428    0.0133550779
  -16.492776     16.300714    0.0152616522
  -16.492776     22.821000    0.0181205984
  -16.492776     29.341285    0.0219305022
  -16.492776     35.861571    0.0266889567
  -16.492776     42.381856    0.0323921277
  -16.492776     48.902142    0.0390342241

  -11.780554    -48.902142    0.0333314273
  -11.780554    -42.381856    0.0266863984
  -11.780554    -35.861571    0.0209873375
  -11.780554    -29.341285    0.0162372194
  -11.780554    -22.821000    0.0124373778
  -11.780554    -16.300714    0.0095880587
  -11.780554     -9.780428    0.0076889343
  -11.780554     -3.260143    0.0067395303
  -11.780554      3.260143    0.0067395303
  -11.780554      9.780428    0.0076889343
  -11.780554     16.300714    0.0095880587
  -11.780554     22.821000    0.0124373778
  -11.780554     29.341285    0.0162372194
  -11.780554     35.861571    0.0209873375
  -11.780554     42.381856    0.0266863984
  -11.780554     48.902142    0.0333314273

   -7.068333    -48.902142    0.0289575905
   -7.068333    -42.381856    0.0223626847
   -7.068333    -35.861571    0.0167156135
   -7.068333    -29.341285    0.0120156166
   -7.068333    -22.821000    0.0082605719
   -7.068333    -16.300714    0.0054477153
   -7.068333     -9.780428    0.0035743093
   -7.068333     -3.260143    0.0026381968
   -7.068333      3.260143    0.0026381968
   -7.068333      9.780428    0.0035743093
   -7.068333     16.300714    0.0054477153
   -7.068333     22.821000    0.0082605719
   -7.068333     29.341285    0.0120156166
   -7.068333     35.861571    0.0167156135
   -7.068333     42.381856    0.0223626847
   -7.068333     48.902142    0.0289575905

   -2.356111    -48.902142    0.0261676209
   -2.356111    -42.381856    0.0196890282
   -2.356111    -35.861571    0.0141537097
   -2.356111    -29.341285    0.0095560795
   -2.356111    -22.821000    0.0058893300
   -2.356111    -16.300714    0.0031465762
   -2.356111     -9.780428    0.0013218010
   -2.356111     -3.260143    0.0004105814
   -2.356111      3.260143    0.0004105814
   -2.356111      9.780428    0.0013218010
   -2.356111     16.300714    0.0031465762
   -2.356111     22.821000    0.0058893300
   -2.356111     29.341285    0.0095560795
   -2.356111     35.861571    0.0141537097
   -2.356111     42.381856    0.0196890282
   -2.356111     48.902142    0.0261676209

    2.356111    -48.902142    0.0252566070
    2.356111    -42.381856    0.0189763921
    2.356111    -35.861571    0.0136273553
    2.356111    -29.341285    0.0091972966
    2.356111    -22.821000    0.0056731370
    2.356111    -16.300714    0.0030425074
    2.356111     -9.780428    0.0012950196
    2.356111     -3.260143    0.0004232188
    2.356111      3.260143    0.0004232188
    2.356111      9.780428    0.0012950196
    2.356111     16.300714    0.0030425074
    2.356111     22.821000    0.0056731370
    2.356111     29.341285    0.0091972966
    2.356111     35.861571    0.0136273553
    2.356111     42.381856    0.0189763921
    2.356111     48.902142    0.0252566070

    7.068333    -48.902142    0.0265660313
    7.068333    -42.381856    0.0205857150
    7.068333    -35.861571    0.0155156807
    7.068333    -29.341285    0.0113344044
    7.068333    -22.821000    0.0080204873
    7.068333    -16.300714    0.0055543904
    7.068333     -9.780428    0.0039199761
    7.068333     -3.260143    0.0031057539
    7.068333      3.260143    0.0031057539
    7.068333      9.780428    0.0039199761
    7.068333     16.300714    0.0055543904
    7.068333     22.821000    0.0080204873
    7.068333     29.341285    0.0113344044
    7.068333     35.861571    0.0155156807
    7.068333     42.381856    0.0205857150
    7.068333     48.902142    0.0265660313

   11.780554    -48.902142    0.0304910341
   11.780554    -42.381856    0.0249363279
   11.780554    -35.861571    0.0202602531
   11.780554    -29.341285    0.0164286872
   11.780554    -22.821000    0.0134092709
   11.780554    -16.300714    0.0111730748
   11.780554     -9.780428    0.0096964059
   11.780554     -3.260143    0.0089624399
   11.780554      3.260143    0.0089624399
   11.780554      9.780428    0.0096964059
   11.780554     16.300714    0.0111730748
   11.780554     22.821000    0.0134092709
   11.780554     29.341285    0.0164286872
   11.780554     35.861571    0.0202602531
   11.780554     42.381856    0.0249363279
   11.780554     48.902142    0.0304910341

   16.492776    -48.902142    0.0374889689
   16.492776    -42.381856    0.0325157689
   16.492776    -35.861571    0.0283758314
   16.492776    -29.341285    0.0250192448
   16.492776    -22.821000    0.0223992926
   16.492776    -16.300714    0.0204745908
   16.492776     -9.780428    0.0192114552
   16.492776     -3.260143    0.0185860602
   16.492776      3.260143    0.0185860602
   16.492776      9.780428    0.0192114552
   16.492776     16.300714    0.0204745908
   16.492776     22.821000    0.0223992926
   16.492776     29.341285    0.0250192448
   16.492776     35.861571    0.0283758314
   16.492776     42.381856    0.0325157689
   16.492776     48.902142    0.0374889689

   21.204998    -48.902142    0.0480895339
   21.204998    -42.381856    0.0438909400
   21.204998    -35.861571    0.0404631508
   21.204998    -29.341285    0.0377371262
   21.204998    -22.821000    0.0356474251
   21.204998    -16.300714    0.0341360984
   21.204998     -9.780428    0.0331562235
   21.204998     -3.260143    0.0326748007
   21.204998      3.260143    0.0326748007
   21.204998      9.780428    0.0331562235
   21.204998     16.300714    0.0341360984
   21.204998     22.821000    0.0356474251
   21.204998     29.341285    0.0377371262
   21.204998     35.861571    0.0404631508
   21.204998     42.381856    0.0438909400
   21.204998     48.902142    0.0480895339

   25.917220    -48.902142    0.0629068165
   25.917220    -42.381856    0.0597204540
   25.917220    -35.861571    0.0572240844
   25.917220    -29.341285    0.0553225230
   25.917220    -22.821000    0.0539259787
   25.917220    -16.300714    0.0529551085
   25.917220     -9.780428    0.0523457178
   25.917220     -3.260143    0.0520526691
   25.917220      3.260143    0.0520526691
   25.917220      9.780428    0.0523457178
   25.917220     16.300714    0.0529551085
   25.917220     22.821000    0.0539259787
   25.917220     29.341285    0.0553225230
   25.917220     35.861571    0.0572240844
   25.917220     42.381856    0.0597204540
   25.917220     48.902142    0.0629068165

