  -44.766107    -62.630025    0.0838973743
  -44.766107    -54.279355    0.0794592867
  -44.766107    -45.928685    0.0757387812
  -44.766107    -37.578015    0.0726961160
  -44.766107    -29.227345    0.0702950491
  -44.766107    -20.876675    0.0685030762
  -44.766107    -12.526005    0.0672916055
  -44.766107     -4.175335    0.0666360699
  -44.766107      4.175335    0.0665159757
  -44.766107     12.526005    0.0669148889
  -44.766107     20.876675    0.0678203579
  -44.766107     29.227345    0.0692237740
  -44.766107     37.578015    0.0711201683
  -44.766107     45.928685    0.0735079461
  -44.766107     54.279355    0.0763885580
  -44.766107     62.630025    0.0797661082

  -40.053885    -62.630025    0.0732406008
  -40.053885    -54.279355    0.0687923837
  -40.053885    -45.928685    0.0650664448
  -40.053885    -37.578015    0.0620236816
  -40.053885    -29.227345    0.0596282083
  -40.053885    -20.876675    0.0578476740
  -40.053885    -12.526005    0.0566535040
  -40.053885     -4.175335    0.0560210616
  -40.053885      4.175335    0.0559297315
  -40.053885     12.526005    0.0563629246
  -40.053885     20.876675    0.0573080042
  -40.053885     29.227345    0.0587561340
  -40.053885     37.578015    0.0607020466
  -40.053885     45.928685    0.0631437344
  -40.053885     54.279355    0.0660820616
  -40.053885     62.630025    0.0695202969

  -35.341663    -62.630025    0.0630517087
  -35.341663    -54.279355    0.0585903881
  -35.341663    -45.928685    0.0548562662
  -35.341663    -37.578015    0.0518104609
  -35.341663    -29.227345    0.0494172790
  -35.341663    -20.876675    0.0476445201
  -35.341663    -12.526005    0.0464637049
  -35.341663     -4.175335    0.0458502271
  -35.341663      4.175335    0.0457834301
  -35.341663     12.526005    0.0462466079
  -35.341663     20.876675    0.0472269299
  -35.341663     29.227345    0.0487152901
  -35.341663     37.578015    0.0507060804
  -35.341663     45.928685    0.0531968886
  -35.341663     54.279355    0.0561881198
  -35.341663     62.630025    0.0596825431

  -30.629441    -62.630025    0.0534507806
  -30.629441    -54.279355    0.0489734966
  -30.629441    -45.928685    0.0452282929
  -30.629441    -37.578015    0.0421763607
  -30.629441    -29.227345    0.0397821426
  -30.629441    -20.876675    0.0380135876
  -30.629441    -12.526005    0.0368423405
  -30.629441     -4.175335    0.0362438631
  -30.629441      4.175335    0.0361974901
  -30.629441     12.526005    0.0366864174
  -30.629441     20.876675    0.0376976239
  -30.629441     29.227345    0.0392217269
  -30.629441     37.578015    0.0412527703
  -30.629441     45.928685    0.0437879468
  -30.629441     54.279355    0.0468272526
  -30.629441     62.630025    0.0503730760

  -25.917220    -62.630025    0.0445786883
  -25.917220    -54.279355    0.0400827726
  -25.917220    -45.928685    0.0363236288
  -25.917220    -37.578015    0.0332625231
  -25.917220    -29.227345    0.0308640343
  -25.917220    -20.876675    0.0290962622
  -25.917220    -12.526005    0.0279309774
  -25.917220     -4.175335    0.0273437139
  -25.917220      4.175335    0.0273138035
  -25.917220     12.526005    0.0278243519
  -25.917220     20.876675    0.0288621579
  -25.917220     29.227345    0.0304175730
  -25.917220     37.578015    0.0324843051
  -25.917220     45.928685    0.0350591622
  -25.917220     54.279355    0.0381417400
  -25.917220     62.630025    0.0417340503

  -21.204998    -62.630025    0.0366003687
  -21.204998    -54.279355    0.0320834186
  -21.204998    -45.928685    0.0283076687
  -21.204998    -37.578015    0.0252345240
  -21.204998    -29.227345    0.0228287249
  -21.204998    -20.876675    0.0210585235
  -21.204998    -12.526005    0.0198958076
  -21.204998     -4.175335    0.0193161731
  -21.204998      4.175335    0.0192989437
  -21.204998     12.526005    0.0198271386
  -21.204998     20.876675    0.0208873879
  -21.204998     29.227345    0.0224697963
  -21.204998     37.578015    0.0245677544
  -21.204998     45.928685    0.0271776975
  -21.204998     54.279355    0.0302988129
  -21.204998     62.630025    0.0339326945

  -16.492776    -62.630025    0.0297088246
  -16.492776    -54.279355    0.0251687799
  -16.492776    -45.928685    0.0213740756
  -16.492776    -37.578015    0.0182863260
  -16.492776    -29.227345    0.0158704614
  -16.492776    -20.876675    0.0140948886
  -16.492776    -12.526005    0.0129316034
  -16.492776     -4.175335    0.0123562517
  -16.492776      4.175335    0.0123481422
  -16.492776     12.526005    0.0128902097
  -16.492776     20.876675    0.0139689276
  -16.492776     29.227345    0.0155741722
  -16.492776     37.578015    0.0176990367
  -16.492776     45.928685    0.0203395957
  -16.492776     54.279355    0.0234946200
  -16.492776     62.630025    0.0271652426

  -11.780554    -62.630025    0.0241298711
  -11.780554    -54.279355    0.0195650992
  -11.780554    -45.928685    0.0157495182
  -11.780554    -37.578015    0.0126450003
  -11.780554    -29.227345    0.0102166853
  -11.780554    -20.876675    0.0084331381
  -11.780554    -12.526005    0.0072664564
  -11.780554     -4.175335    0.0066923297
  -11.780554      4.175335    0.0066900490
  -11.780554     12.526005    0.0072424676
  -11.780554     20.876675    0.0083359122
  -11.780554     29.227345    0.0099600460
  -11.780554     37.578015    0.0121076812
  -11.780554     45.928685    0.0147745439
  -11.780554     54.279355    0.0179589887
  -11.780554     62.630025    0.0216616650

   -7.068333    -62.630025    0.0201277162
   -7.068333    -54.279355    0.0155371115
   -7.068333    -45.928685    0.0116992611
   -7.068333    -37.578015    0.0085763116
   -7.068333    -29.227345    0.0061336206
   -7.068333    -20.876675    0.0043399132
   -7.068333    -12.526005    0.0031673899
   -7.068333     -4.175335    0.0025917842
   -7.068333      4.175335    0.0025923716
   -7.068333     12.526005    0.0031519288
   -7.068333     20.876675    0.0042566441
   -7.068333     29.227345    0.0058959778
   -7.068333     37.578015    0.0080624740
   -7.068333     45.928685    0.0107515224
   -7.068333     54.279355    0.0139610714
   -7.068333     62.630025    0.0176912914

   -2.356111    -62.630025    0.0180115425
   -2.356111    -54.279355    0.0133946459
   -2.356111    -45.928685    0.0095337713
   -2.356111    -37.578015    0.0063913298
   -2.356111    -29.227345    0.0039328939
   -2.356111    -20.876675    0.0021273517
   -2.356111    -12.526005    0.0009470114
   -2.356111     -4.175335    0.0003676569
   -2.356111      4.175335    0.0003685548
   -2.356111     12.526005    0.0009324121
   -2.356111     20.876675    0.0020452848
   -2.356111     29.227345    0.0036964378
   -2.356111     37.578015    0.0058781555
   -2.356111     45.928685    0.0085855038
   -2.356111     54.279355    0.0118160428
   -2.356111     62.630025    0.0155694904

    2.356111    -62.630025    0.0181433274
    2.356111    -54.279355    0.0135004716
    2.356111    -45.928685    0.0096165805
    2.356111    -37.578015    0.0064543060
    2.356111    -29.227345    0.0039794280
    2.356111    -20.876675    0.0021609990
    2.356111    -12.526005    0.0009714420
    2.356111     -4.175335    0.0003866006
    2.356111      4.175335    0.0003857414
    2.356111     12.526005    0.0009515088
    2.356111     20.876675    0.0020698324
    2.356111     29.227345    0.0037297871
    2.356111     37.578015    0.0059234049
    2.356111     45.928685    0.0086454399
    2.356111     54.279355    0.0118930853
    2.356111     62.630025    0.0156656431

    7.068333    -62.630025    0.0209472130
    7.068333    -54.279355    0.0162796991
    7.068333    -45.928685    0.0123737127
    7.068333    -37.578015    0.0091921257
    7.068333    -29.227345    0.0067009172
    7.068333    -20.876675    0.0048693054
    7.068333    -12.526005    0.0036698344
    7.068333     -4.175335    0.0030784154
    7.068333      4.175335    0.0030743229
    7.068333     12.526005    0.0036401459
    7.068333     20.876675    0.0047616940
    7.068333     29.227345    0.0064278577
    7.068333     37.578015    0.0086304241
    7.068333     45.928685    0.0113638475
    7.068333     54.279355    0.0146249743
    7.068333     62.630025    0.0184127229

   11.780554    -62.630025    0.0269208099
   11.780554    -54.279355    0.0222311216
   11.780554    -45.928685    0.0183050639
   11.780554    -37.578015    0.0151057216
   11.780554    -29.227345    0.0125992709
   11.780554    -20.876675    0.0107550960
   11.780554    -12.526005    0.0095458642
   11.780554     -4.175335    0.0089475584
   11.780554      4.175335    0.0089394663
   11.780554     12.526005    0.0095041278
   11.780554     20.876675    0.0106272390
   11.780554     29.227345    0.0122975143
   11.780554     37.578015    0.0145065056
   11.780554     45.928685    0.0172483788
   11.780554     54.279355    0.0205196476
   11.780554     62.630025    0.0243188654

   16.492776    -62.630025    0.0366488935
   16.492776    -54.279355    0.0319409543
   16.492776    -45.928685    0.0279981887
   16.492776    -37.578015    0.0247839061
   16.492776    -29.227345    0.0222644827
   16.492776    -20.876675    0.0204094682
   16.492776    -12.526005    0.0191916516
   16.492776     -4.175335    0.0185870864
   16.492776      4.175335    0.0185750752
   16.492776     12.526005    0.0191381130
   16.492776     20.876675    0.0202617910
   16.492776     29.227345    0.0219346578
   16.492776     37.578015    0.0241480420
   16.492776     45.928685    0.0268958322
   16.492776     54.279355    0.0301742175
   16.492776     62.630025    0.0339813866

   21.204998    -62.630025    0.0508200231
   21.204998    -54.279355    0.0460995026
   21.204998    -45.928685    0.0421450286
   21.204998    -37.578015    0.0389201522
   21.204998    -29.227345    0.0363914552
   21.204998    -20.876675    0.0345286510
   21.204998    -12.526005    0.0333046461
   21.204998     -4.175335    0.0326955614
   21.204998      4.175335    0.0326807140
   21.204998     12.526005    0.0332425584
   21.204998     20.876675    0.0343665885
   21.204998     29.227345    0.0360411991
   21.204998     37.578015    0.0382575078
   21.204998     45.928685    0.0410091368
   21.204998     54.279355    0.0442919550
   21.204998     62.630025    0.0481037799

   25.917220    -62.630025    0.0702466891
   25.917220    -54.279355    0.0655213635
   25.917220    -45.928685    0.0615621824
   25.917220    -37.578015    0.0583329296
   25.917220    -29.227345    0.0558003866
   25.917220    -20.876675    0.0539344277
   25.917220    -12.526005    0.0527080764
   25.917220     -4.175335    0.0520975229
   25.917220      4.175335    0.0520821023
   25.917220     12.526005    0.0526442336
   25.917220     20.876675    0.0537693199
   25.917220     29.227345    0.0554456098
   25.917220     37.578015    0.0576640189
   25.917220     45.928685    0.0604179132
   25.917220     54.279355    0.0637028530
   25.917220     62.630025    0.0675162973

