  -48.902142    -62.630025   -0.0002652654
  -48.902142    -54.279355   -0.0002676559
  -48.902142    -45.928685   -0.0002699136
  -48.902142    -37.578015   -0.0002651520
  -48.902142    -29.227345   -0.0002469089
  -48.902142    -20.876675   -0.0002093430
  -48.902142    -12.526005   -0.0001473980
  -48.902142     -4.175335   -0.0000569379
  -48.902142      4.175335    0.0000651493
  -48.902142     12.526005    0.0002208781
  -48.902142     20.876675    0.0004111220
  -48.902142     29.227345    0.0006356011
  -48.902142     37.578015    0.0008928998
  -48.902142     45.928685    0.0011805153
  -48.902142     54.279355    0.0014949359
  -48.902142     62.630025    0.0018317510

  -42.381856    -62.630025   -0.0001846952
  -42.381856    -54.279355   -0.0001894273
  -42.381856    -45.928685   -0.0001939808
  -42.381856    -37.578015   -0.0001930554
  -42.381856    -29.227345   -0.0001816695
  -42.381856    -20.876675   -0.0001553120
  -42.381856    -12.526005   -0.0001100710
  -42.381856     -4.175335   -0.0000427392
  -42.381856      4.175335    0.0000491050
  -42.381856     12.526005    0.0001670380
  -42.381856     20.876675    0.0003117570
  -42.381856     29.227345    0.0004830674
  -42.381856     37.578015    0.0006798950
  -42.381856     45.928685    0.0009003206
  -42.381856     54.279355    0.0011416388
  -42.381856     62.630025    0.0014004391

  -35.861571    -62.630025   -0.0001228795
  -35.861571    -54.279355   -0.0001281206
  -35.861571    -45.928685   -0.0001331805
  -35.861571    -37.578015   -0.0001341993
  -35.861571    -29.227345   -0.0001275336
  -35.861571    -20.876675   -0.0001098728
  -35.861571    -12.526005   -0.0000783378
  -35.861571     -4.175335   -0.0000305619
  -35.861571      4.175335    0.0000352463
  -35.861571     12.526005    0.0001202583
  -35.861571     20.876675    0.0002249977
  -35.861571     29.227345    0.0003493317
  -35.861571     37.578015    0.0004924792
  -35.861571     45.928685    0.0006530376
  -35.861571     54.279355    0.0008290269
  -35.861571     62.630025    0.0010179521

  -29.341285    -62.630025   -0.0000768352
  -29.341285    -54.279355   -0.0000814015
  -29.341285    -45.928685   -0.0000858142
  -29.341285    -37.578015   -0.0000874598
  -29.341285    -29.227345   -0.0000838573
  -29.341285    -20.876675   -0.0000727431
  -29.341285    -12.526005   -0.0000521423
  -29.341285     -4.175335   -0.0000204274
  -29.341285      4.175335    0.0000236362
  -29.341285     12.526005    0.0000808578
  -29.341285     20.876675    0.0001516017
  -29.341285     29.227345    0.0002357808
  -29.341285     37.578015    0.0003328634
  -29.341285     45.928685    0.0004418924
  -29.341285     54.279355    0.0005615178
  -29.341285     62.630025    0.0006900428

  -22.821000    -62.630025   -0.0000437758
  -22.821000    -54.279355   -0.0000470596
  -22.821000    -45.928685   -0.0000502339
  -22.821000    -37.578015   -0.0000517058
  -22.821000    -29.227345   -0.0000499547
  -22.821000    -20.876675   -0.0000435871
  -22.821000    -12.526005   -0.0000313839
  -22.821000     -4.175335   -0.0000123381
  -22.821000      4.175335    0.0000143155
  -22.821000     12.526005    0.0000490793
  -22.821000     20.876675    0.0000921802
  -22.821000     29.227345    0.0001435659
  -22.821000     37.578015    0.0002029094
  -22.821000     45.928685    0.0002696220
  -22.821000     54.279355    0.0003428752
  -22.821000     62.630025    0.0004216307

  -16.300714    -62.630025   -0.0000212757
  -16.300714    -54.279355   -0.0000231535
  -16.300714    -45.928685   -0.0000249688
  -16.300714    -37.578015   -0.0000259051
  -16.300714    -29.227345   -0.0000251791
  -16.300714    -20.876675   -0.0000220704
  -16.300714    -12.526005   -0.0000159471
  -16.300714     -4.175335   -0.0000062864
  -16.300714      4.175335    0.0000073095
  -16.300714     12.526005    0.0000251019
  -16.300714     20.876675    0.0000472092
  -16.300714     29.227345    0.0000736046
  -16.300714     37.578015    0.0001041189
  -16.300714     45.928685    0.0001384479
  -16.300714     54.279355    0.0001761642
  -16.300714     62.630025    0.0002167338

   -9.780428    -62.630025   -0.0000074010
   -9.780428    -54.279355   -0.0000081261
   -9.780428    -45.928685   -0.0000088270
   -9.780428    -37.578015   -0.0000092091
   -9.780428    -29.227345   -0.0000089885
   -9.780428    -20.876675   -0.0000079037
   -9.780428    -12.526005   -0.0000057246
   -9.780428     -4.175335   -0.0000022609
   -9.780428      4.175335    0.0000026326
   -9.780428     12.526005    0.0000090511
   -9.780428     20.876675    0.0000170379
   -9.780428     29.227345    0.0000265832
   -9.780428     37.578015    0.0000376256
   -9.780428     45.928685    0.0000500545
   -9.780428     54.279355    0.0000637149
   -9.780428     62.630025    0.0000784138

   -3.260143    -62.630025   -0.0000008079
   -3.260143    -54.279355   -0.0000008912
   -3.260143    -45.928685   -0.0000009717
   -3.260143    -37.578015   -0.0000010167
   -3.260143    -29.227345   -0.0000009944
   -3.260143    -20.876675   -0.0000008758
   -3.260143    -12.526005   -0.0000006351
   -3.260143     -4.175335   -0.0000002511
   -3.260143      4.175335    0.0000002926
   -3.260143     12.526005    0.0000010065
   -3.260143     20.876675    0.0000018955
   -3.260143     29.227345    0.0000029584
   -3.260143     37.578015    0.0000041886
   -3.260143     45.928685    0.0000055735
   -3.260143     54.279355    0.0000070959
   -3.260143     62.630025    0.0000087343

    3.260143    -62.630025   -0.0000008079
    3.260143    -54.279355   -0.0000008912
    3.260143    -45.928685   -0.0000009717
    3.260143    -37.578015   -0.0000010167
    3.260143    -29.227345   -0.0000009944
    3.260143    -20.876675   -0.0000008758
    3.260143    -12.526005   -0.0000006351
    3.260143     -4.175335   -0.0000002511
    3.260143      4.175335    0.0000002926
    3.260143     12.526005    0.0000010065
    3.260143     20.876675    0.0000018955
    3.260143     29.227345    0.0000029584
    3.260143     37.578015    0.0000041886
    3.260143     45.928685    0.0000055735
    3.260143     54.279355    0.0000070959
    3.260143     62.630025    0.0000087343

    9.780428    -62.630025   -0.0000074010
    9.780428    -54.279355   -0.0000081261
    9.780428    -45.928685   -0.0000088270
    9.780428    -37.578015   -0.0000092091
    9.780428    -29.227345   -0.0000089885
    9.780428    -20.876675   -0.0000079037
    9.780428    -12.526005   -0.0000057246
    9.780428     -4.175335   -0.0000022609
    9.780428      4.175335    0.0000026326
    9.780428     12.526005    0.0000090511
    9.780428     20.876675    0.0000170379
    9.780428     29.227345    0.0000265832
    9.780428     37.578015    0.0000376256
    9.780428     45.928685    0.0000500545
    9.780428     54.279355    0.0000637149
    9.780428     62.630025    0.0000784138

   16.300714    -62.630025   -0.0000212757
   16.300714    -54.279355   -0.0000231535
   16.300714    -45.928685   -0.0000249688
   16.300714    -37.578015   -0.0000259051
   16.300714    -29.227345   -0.0000251791
   16.300714    -20.876675   -0.0000220704
   16.300714    -12.526005   -0.0000159471
   16.300714     -4.175335   -0.0000062864
   16.300714      4.175335    0.0000073095
   16.300714     12.526005    0.0000251019
   16.300714     20.876675    0.0000472092
   16.300714     29.227345    0.0000736046
   16.300714     37.578015    0.0001041189
   16.300714     45.928685    0.0001384479
   16.300714     54.279355    0.0001761642
   16.300714     62.630025    0.0002167338

   22.821000    -62.630025   -0.0000437758
   22.821000    -54.279355   -0.0000470596
   22.821000    -45.928685   -0.0000502339
   22.821000    -37.578015   -0.0000517058
   22.821000    -29.227345   -0.0000499547
   22.821000    -20.876675   -0.0000435871
   22.821000    -12.526005   -0.0000313839
   22.821000     -4.175335   -0.0000123381
   22.821000      4.175335    0.0000143155
   22.821000     12.526005    0.0000490793
   22.821000     20.876675    0.0000921802
   22.821000     29.227345    0.0001435659
   22.821000     37.578015    0.0002029094
   22.821000     45.928685    0.0002696220
   22.821000     54.279355    0.0003428752
   22.821000     62.630025    0.0004216307

   29.341285    -62.630025   -0.0000768352
   29.341285    -54.279355   -0.0000814015
   29.341285    -45.928685   -0.0000858142
   29.341285    -37.578015   -0.0000874598
   29.341285    -29.227345   -0.0000838573
   29.341285    -20.876675   -0.0000727431
   29.341285    -12.526005   -0.0000521423
   29.341285     -4.175335   -0.0000204274
   29.341285      4.175335    0.0000236362
   29.341285     12.526005    0.0000808578
   29.341285     20.876675    0.0001516017
   29.341285     29.227345    0.0002357808
   29.341285     37.578015    0.0003328634
   29.341285     45.928685    0.0004418924
   29.341285     54.279355    0.0005615178
   29.341285     62.630025    0.0006900428

   35.861571    -62.630025   -0.0001228795
   35.861571    -54.279355   -0.0001281206
   35.861571    -45.928685   -0.0001331805
   35.861571    -37.578015   -0.0001341993
   35.861571    -29.227345   -0.0001275336
   35.861571    -20.876675   -0.0001098728
   35.861571    -12.526005   -0.0000783378
   35.861571     -4.175335   -0.0000305619
   35.861571      4.175335    0.0000352463
   35.861571     12.526005    0.0001202583
   35.861571     20.876675    0.0002249977
   35.861571     29.227345    0.0003493317
   35.861571     37.578015    0.0004924792
   35.861571     45.928685    0.0006530376
   35.861571     54.279355    0.0008290269
   35.861571     62.630025    0.0010179521

   42.381856    -62.630025   -0.0001846952
   42.381856    -54.279355   -0.0001894273
   42.381856    -45.928685   -0.0001939808
   42.381856    -37.578015   -0.0001930554
   42.381856    -29.227345   -0.0001816695
   42.381856    -20.876675   -0.0001553120
   42.381856    -12.526005   -0.0001100710
   42.381856     -4.175335   -0.0000427392
   42.381856      4.175335    0.0000491050
   42.381856     12.526005    0.0001670380
   42.381856     20.876675    0.0003117570
   42.381856     29.227345    0.0004830674
   42.381856     37.578015    0.0006798950
   42.381856     45.928685    0.0009003206
   42.381856     54.279355    0.0011416388
   42.381856     62.630025    0.0014004391

   48.902142    -62.630025   -0.0002652654
   48.902142    -54.279355   -0.0002676559
   48.902142    -45.928685   -0.0002699136
   48.902142    -37.578015   -0.0002651520
   48.902142    -29.227345   -0.0002469089
   48.902142    -20.876675   -0.0002093430
   48.902142    -12.526005   -0.0001473980
   48.902142     -4.175335   -0.0000569379
   48.902142      4.175335    0.0000651493
   48.902142     12.526005    0.0002208781
   48.902142     20.876675    0.0004111220
   48.902142     29.227345    0.0006356011
   48.902142     37.578015    0.0008928998
   48.902142     45.928685    0.0011805153
   48.902142     54.279355    0.0014949359
   48.902142     62.630025    0.0018317510

