  -34.795266    -50.619018   -0.0002660104
  -34.795266    -43.869816   -0.0002072571
  -34.795266    -37.120613   -0.0001529654
  -34.795266    -30.371411   -0.0001049501
  -34.795266    -23.622208   -0.0000647233
  -34.795266    -16.873006   -0.0000334946
  -34.795266    -10.123804   -0.0000121715
  -34.795266     -3.374601   -0.0000013587
  -34.795266      3.374601   -0.0000013587
  -34.795266     10.123804   -0.0000121715
  -34.795266     16.873006   -0.0000334946
  -34.795266     23.622208   -0.0000647233
  -34.795266     30.371411   -0.0001049501
  -34.795266     37.120613   -0.0001529654
  -34.795266     43.869816   -0.0002072571
  -34.795266     50.619018   -0.0002660104

  -30.155897    -50.619018   -0.0001979290
  -30.155897    -43.869816   -0.0001541579
  -30.155897    -37.120613   -0.0001137434
  -30.155897    -30.371411   -0.0000780222
  -30.155897    -23.622208   -0.0000481084
  -30.155897    -16.873006   -0.0000248932
  -30.155897    -10.123804   -0.0000090451
  -30.155897     -3.374601   -0.0000010097
  -30.155897      3.374601   -0.0000010097
  -30.155897     10.123804   -0.0000090451
  -30.155897     16.873006   -0.0000248932
  -30.155897     23.622208   -0.0000481084
  -30.155897     30.371411   -0.0000780222
  -30.155897     37.120613   -0.0001137434
  -30.155897     43.869816   -0.0001541579
  -30.155897     50.619018   -0.0001979290

  -25.516528    -50.619018   -0.0001405622
  -25.516528    -43.869816   -0.0001094436
  -25.516528    -37.120613   -0.0000807314
  -25.516528    -30.371411   -0.0000553668
  -25.516528    -23.622208   -0.0000341340
  -25.516528    -16.873006   -0.0000176604
  -25.516528    -10.123804   -0.0000064166
  -25.516528     -3.374601   -0.0000007162
  -25.516528      3.374601   -0.0000007162
  -25.516528     10.123804   -0.0000064166
  -25.516528     16.873006   -0.0000176604
  -25.516528     23.622208   -0.0000341340
  -25.516528     30.371411   -0.0000553668
  -25.516528     37.120613   -0.0000807314
  -25.516528     43.869816   -0.0001094436
  -25.516528     50.619018   -0.0001405622

  -20.877160    -50.619018   -0.0000934536
  -20.877160    -43.869816   -0.0000727452
  -20.877160    -37.120613   -0.0000536494
  -20.877160    -30.371411   -0.0000367874
  -20.877160    -23.622208   -0.0000226768
  -20.877160    -16.873006   -0.0000117315
  -20.877160    -10.123804   -0.0000042622
  -20.877160     -3.374601   -0.0000004757
  -20.877160      3.374601   -0.0000004757
  -20.877160     10.123804   -0.0000042622
  -20.877160     16.873006   -0.0000117315
  -20.877160     23.622208   -0.0000226768
  -20.877160     30.371411   -0.0000367874
  -20.877160     37.120613   -0.0000536494
  -20.877160     43.869816   -0.0000727452
  -20.877160     50.619018   -0.0000934536

  -16.237791    -50.619018   -0.0000562231
  -16.237791    -43.869816   -0.0000437553
  -16.237791    -37.120613   -0.0000322639
  -16.237791    -30.371411   -0.0000221204
  -16.237791    -23.622208   -0.0000136342
  -16.237791    -16.873006   -0.0000070530
  -16.237791    -10.123804   -0.0000025623
  -16.237791     -3.374601   -0.0000002860
  -16.237791      3.374601   -0.0000002860
  -16.237791     10.123804   -0.0000025623
  -16.237791     16.873006   -0.0000070530
  -16.237791     23.622208   -0.0000136342
  -16.237791     30.371411   -0.0000221204
  -16.237791     37.120613   -0.0000322639
  -16.237791     43.869816   -0.0000437553
  -16.237791     50.619018   -0.0000562231

  -11.598422    -50.619018   -0.0000285664
  -11.598422    -43.869816   -0.0000222281
  -11.598422    -37.120613   -0.0000163882
  -11.598422    -30.371411   -0.0000112348
  -11.598422    -23.622208   -0.0000069242
  -11.598422    -16.873006   -0.0000035817
  -11.598422    -10.123804   -0.0000013011
  -11.598422     -3.374601   -0.0000001452
  -11.598422      3.374601   -0.0000001452
  -11.598422     10.123804   -0.0000013011
  -11.598422     16.873006   -0.0000035817
  -11.598422     23.622208   -0.0000069242
  -11.598422     30.371411   -0.0000112348
  -11.598422     37.120613   -0.0000163882
  -11.598422     43.869816   -0.0000222281
  -11.598422     50.619018   -0.0000285664

   -6.959053    -50.619018   -0.0000102554
   -6.959053    -43.869816   -0.0000079791
   -6.959053    -37.120613   -0.0000058823
   -6.959053    -30.371411   -0.0000040322
   -6.959053    -23.622208   -0.0000024850
   -6.959053    -16.873006   -0.0000012854
   -6.959053    -10.123804   -0.0000004669
   -6.959053     -3.374601   -0.0000000521
   -6.959053      3.374601   -0.0000000521
   -6.959053     10.123804   -0.0000004669
   -6.959053     16.873006   -0.0000012854
   -6.959053     23.622208   -0.0000024850
   -6.959053     30.371411   -0.0000040322
   -6.959053     37.120613   -0.0000058823
   -6.959053     43.869816   -0.0000079791
   -6.959053     50.619018   -0.0000102554

   -2.319684    -50.619018   -0.0000011379
   -2.319684    -43.869816   -0.0000008853
   -2.319684    -37.120613   -0.0000006526
   -2.319684    -30.371411   -0.0000004473
   -2.319684    -23.622208   -0.0000002757
   -2.319684    -16.873006   -0.0000001426
   -2.319684    -10.123804   -0.0000000518
   -2.319684     -3.374601   -0.0000000058
   -2.319684      3.374601   -0.0000000058
   -2.319684     10.123804   -0.0000000518
   -2.319684     16.873006   -0.0000001426
   -2.319684     23.622208   -0.0000002757
   -2.319684     30.371411   -0.0000004473
   -2.319684     37.120613   -0.0000006526
   -2.319684     43.869816   -0.0000008853
   -2.319684     50.619018   -0.0000011379

    2.319684    -50.619018   -0.0000011379
    2.319684    -43.869816   -0.0000008853
    2.319684    -37.120613   -0.0000006526
    2.319684    -30.371411   -0.0000004473
    2.319684    -23.622208   -0.0000002757
    2.319684    -16.873006   -0.0000001426
    2.319684    -10.123804   -0.0000000518
    2.319684     -3.374601   -0.0000000058
    2.319684      3.374601   -0.0000000058
    2.319684     10.123804   -0.0000000518
    2.319684     16.873006   -0.0000001426
    2.319684     23.622208   -0.0000002757
    2.319684     30.371411   -0.0000004473
    2.319684     37.120613   -0.0000006526
    2.319684     43.869816   -0.0000008853
    2.319684     50.619018   -0.0000011379

    6.959053    -50.619018   -0.0000102554
    6.959053    -43.869816   -0.0000079791
    6.959053    -37.120613   -0.0000058823
    6.959053    -30.371411   -0.0000040322
    6.959053    -23.622208   -0.0000024850
    6.959053    -16.873006   -0.0000012854
    6.959053    -10.123804   -0.0000004669
    6.959053     -3.374601   -0.0000000521
    6.959053      3.374601   -0.0000000521
    6.959053     10.123804   -0.0000004669
    6.959053     16.873006   -0.0000012854
    6.959053     23.622208   -0.0000024850
    6.959053     30.371411   -0.0000040322
    6.959053     37.120613   -0.0000058823
    6.959053     43.869816   -0.0000079791
    6.959053     50.619018   -0.0000102554

   11.598422    -50.619018   -0.0000285664
   11.598422    -43.869816   -0.0000222281
   11.598422    -37.120613   -0.0000163882
   11.598422    -30.371411   -0.0000112348
   11.598422    -23.622208   -0.0000069242
   11.598422    -16.873006   -0.0000035817
   11.598422    -10.123804   -0.0000013011
   11.598422     -3.374601   -0.0000001452
   11.598422      3.374601   -0.0000001452
   11.598422     10.123804   -0.0000013011
   11.598422     16.873006   -0.0000035817
   11.598422     23.622208   -0.0000069242
   11.598422     30.371411   -0.0000112348
   11.598422     37.120613   -0.0000163882
   11.598422     43.869816   -0.0000222281
   11.598422     50.619018   -0.0000285664

   16.237791    -50.619018   -0.0000562231
   16.237791    -43.869816   -0.0000437553
   16.237791    -37.120613   -0.0000322639
   16.237791    -30.371411   -0.0000221204
   16.237791    -23.622208   -0.0000136342
   16.237791    -16.873006   -0.0000070530
   16.237791    -10.123804   -0.0000025623
   16.237791     -3.374601   -0.0000002860
   16.237791      3.374601   -0.0000002860
   16.237791     10.123804   -0.0000025623
   16.237791     16.873006   -0.0000070530
   16.237791     23.622208   -0.0000136342
   16.237791     30.371411   -0.0000221204
   16.237791     37.120613   -0.0000322639
   16.237791     43.869816   -0.0000437553
   16.237791     50.619018   -0.0000562231

   20.877160    -50.619018   -0.0000934536
   20.877160    -43.869816   -0.0000727452
   20.877160    -37.120613   -0.0000536494
   20.877160    -30.371411   -0.0000367874
   20.877160    -23.622208   -0.0000226768
   20.877160    -16.873006   -0.0000117315
   20.877160    -10.123804   -0.0000042622
   20.877160     -3.374601   -0.0000004757
   20.877160      3.374601   -0.0000004757
   20.877160     10.123804   -0.0000042622
   20.877160     16.873006   -0.0000117315
   20.877160     23.622208   -0.0000226768
   20.877160     30.371411   -0.0000367874
   20.877160     37.120613   -0.0000536494
   20.877160     43.869816   -0.0000727452
   20.877160     50.619018   -0.0000934536

   25.516528    -50.619018   -0.0001405622
   25.516528    -43.869816   -0.0001094436
   25.516528    -37.120613   -0.0000807314
   25.516528    -30.371411   -0.0000553668
   25.516528    -23.622208   -0.0000341340
   25.516528    -16.873006   -0.0000176604
   25.516528    -10.123804   -0.0000064166
   25.516528     -3.374601   -0.0000007162
   25.516528      3.374601   -0.0000007162
   25.516528     10.123804   -0.0000064166
   25.516528     16.873006   -0.0000176604
   25.516528     23.622208   -0.0000341340
   25.516528     30.371411   -0.0000553668
   25.516528     37.120613   -0.0000807314
   25.516528     43.869816   -0.0001094436
   25.516528     50.619018   -0.0001405622

   30.155897    -50.619018   -0.0001979290
   30.155897    -43.869816   -0.0001541579
   30.155897    -37.120613   -0.0001137434
   30.155897    -30.371411   -0.0000780222
   30.155897    -23.622208   -0.0000481084
   30.155897    -16.873006   -0.0000248932
   30.155897    -10.123804   -0.0000090451
   30.155897     -3.374601   -0.0000010097
   30.155897      3.374601   -0.0000010097
   30.155897     10.123804   -0.0000090451
   30.155897     16.873006   -0.0000248932
   30.155897     23.622208   -0.0000481084
   30.155897     30.371411   -0.0000780222
   30.155897     37.120613   -0.0001137434
   30.155897     43.869816   -0.0001541579
   30.155897     50.619018   -0.0001979290

   34.795266    -50.619018   -0.0002660104
   34.795266    -43.869816   -0.0002072571
   34.795266    -37.120613   -0.0001529654
   34.795266    -30.371411   -0.0001049501
   34.795266    -23.622208   -0.0000647233
   34.795266    -16.873006   -0.0000334946
   34.795266    -10.123804   -0.0000121715
   34.795266     -3.374601   -0.0000013587
   34.795266      3.374601   -0.0000013587
   34.795266     10.123804   -0.0000121715
   34.795266     16.873006   -0.0000334946
   34.795266     23.622208   -0.0000647233
   34.795266     30.371411   -0.0001049501
   34.795266     37.120613   -0.0001529654
   34.795266     43.869816   -0.0002072571
   34.795266     50.619018   -0.0002660104

