  -92.332122   -136.038482    0.0159204138
  -92.332122   -117.900018    0.0134294600
  -92.332122    -99.761554    0.0114356340
  -92.332122    -81.623089    0.0098768170
  -92.332122    -63.484625    0.0086988646
  -92.332122    -45.346161    0.0078566590
  -92.332122    -27.207696    0.0073151951
  -92.332122     -9.069232    0.0070505399
  -92.332122      9.069232    0.0070505399
  -92.332122     27.207696    0.0073151951
  -92.332122     45.346161    0.0078566590
  -92.332122     63.484625    0.0086988646
  -92.332122     81.623089    0.0098768170
  -92.332122     99.761554    0.0114356340
  -92.332122    117.900018    0.0134294600
  -92.332122    136.038482    0.0159204138

  -80.021172   -136.038482    0.0124522011
  -80.021172   -117.900018    0.0102316006
  -80.021172    -99.761554    0.0084872429
  -80.021172    -81.623089    0.0071495077
  -80.021172    -63.484625    0.0061574291
  -80.021172    -45.346161    0.0054600579
  -80.021172    -27.207696    0.0050177978
  -80.021172     -9.069232    0.0048035513
  -80.021172      9.069232    0.0048035513
  -80.021172     27.207696    0.0050177978
  -80.021172     45.346161    0.0054600579
  -80.021172     63.484625    0.0061574291
  -80.021172     81.623089    0.0071495077
  -80.021172     99.761554    0.0084872429
  -80.021172    117.900018    0.0102316006
  -80.021172    136.038482    0.0124522011

  -67.710222   -136.038482    0.0096516637
  -67.710222   -117.900018    0.0076793478
  -67.710222    -99.761554    0.0061639410
  -67.710222    -81.623089    0.0050290744
  -67.710222    -63.484625    0.0042075762
  -67.710222    -45.346161    0.0036431512
  -67.710222    -27.207696    0.0032919718
  -67.710222     -9.069232    0.0031240132
  -67.710222      9.069232    0.0031240132
  -67.710222     27.207696    0.0032919718
  -67.710222     45.346161    0.0036431512
  -67.710222     63.484625    0.0042075762
  -67.710222     81.623089    0.0050290744
  -67.710222     99.761554    0.0061639410
  -67.710222    117.900018    0.0076793478
  -67.710222    136.038482    0.0096516637

  -55.399273   -136.038482    0.0074465487
  -55.399273   -117.900018    0.0056935906
  -55.399273    -99.761554    0.0043804194
  -55.399273    -81.623089    0.0034247529
  -55.399273    -63.484625    0.0027539518
  -55.399273    -45.346161    0.0023069945
  -55.399273    -27.207696    0.0020363022
  -55.399273     -9.069232    0.0019092516
  -55.399273      9.069232    0.0019092516
  -55.399273     27.207696    0.0020363022
  -55.399273     45.346161    0.0023069945
  -55.399273     63.484625    0.0027539518
  -55.399273     81.623089    0.0034247529
  -55.399273     99.761554    0.0043804194
  -55.399273    117.900018    0.0056935906
  -55.399273    136.038482    0.0074465487

  -43.088323   -136.038482    0.0057711338
  -43.088323   -117.900018    0.0042022401
  -43.088323    -99.761554    0.0030587734
  -43.088323    -81.623089    0.0022534960
  -43.088323    -63.484625    0.0017091782
  -43.088323    -45.346161    0.0013608243
  -43.088323    -27.207696    0.0011576992
  -43.088323     -9.069232    0.0010649918
  -43.088323      9.069232    0.0010649918
  -43.088323     27.207696    0.0011576992
  -43.088323     45.346161    0.0013608243
  -43.088323     63.484625    0.0017091782
  -43.088323     81.623089    0.0022534960
  -43.088323     99.761554    0.0030587734
  -43.088323    117.900018    0.0042022401
  -43.088323    136.038482    0.0057711338

  -30.777374   -136.038482    0.0045685783
  -30.777374   -117.900018    0.0031429357
  -30.777374    -99.761554    0.0021315641
  -30.777374    -81.623089    0.0014433609
  -30.777374    -63.484625    0.0009975165
  -30.777374    -45.346161    0.0007259358
  -30.777374    -27.207696    0.0005754216
  -30.777374     -9.069232    0.0005094561
  -30.777374      9.069232    0.0005094561
  -30.777374     27.207696    0.0005754216
  -30.777374     45.346161    0.0007259358
  -30.777374     63.484625    0.0009975165
  -30.777374     81.623089    0.0014433609
  -30.777374     99.761554    0.0021315641
  -30.777374    117.900018    0.0031429357
  -30.777374    136.038482    0.0045685783

  -18.466424   -136.038482    0.0037934595
  -18.466424   -117.900018    0.0024658664
  -18.466424    -99.761554    0.0015449226
  -18.466424    -81.623089    0.0009368733
  -18.466424    -63.484625    0.0005584526
  -18.466424    -45.346161    0.0003394400
  -18.466424    -27.207696    0.0002249506
  -18.466424     -9.069232    0.0001772967
  -18.466424      9.069232    0.0001772967
  -18.466424     27.207696    0.0002249506
  -18.466424     45.346161    0.0003394400
  -18.466424     63.484625    0.0005584526
  -18.466424     81.623089    0.0009368733
  -18.466424     99.761554    0.0015449226
  -18.466424    117.900018    0.0024658664
  -18.466424    136.038482    0.0037934595

   -6.155475   -136.038482    0.0034140570
   -6.155475   -117.900018    0.0021362674
   -6.155475    -99.761554    0.0012612612
   -6.155475    -81.623089    0.0006939330
   -6.155475    -63.484625    0.0003497677
   -6.155475    -45.346161    0.0001574636
   -6.155475    -27.207696    0.0000612777
   -6.155475     -9.069232    0.0000229275
   -6.155475      9.069232    0.0000229275
   -6.155475     27.207696    0.0000612777
   -6.155475     45.346161    0.0001574636
   -6.155475     63.484625    0.0003497677
   -6.155475     81.623089    0.0006939330
   -6.155475     99.761554    0.0012612612
   -6.155475    117.900018    0.0021362674
   -6.155475    136.038482    0.0034140570

    6.155475   -136.038482    0.0034140570
    6.155475   -117.900018    0.0021362674
    6.155475    -99.761554    0.0012612612
    6.155475    -81.623089    0.0006939330
    6.155475    -63.484625    0.0003497677
    6.155475    -45.346161    0.0001574636
    6.155475    -27.207696    0.0000612777
    6.155475     -9.069232    0.0000229275
    6.155475      9.069232    0.0000229275
    6.155475     27.207696    0.0000612777
    6.155475     45.346161    0.0001574636
    6.155475     63.484625    0.0003497677
    6.155475     81.623089    0.0006939330
    6.155475     99.761554    0.0012612612
    6.155475    117.900018    0.0021362674
    6.155475    136.038482    0.0034140570

   18.466424   -136.038482    0.0037934595
   18.466424   -117.900018    0.0024658664
   18.466424    -99.761554    0.0015449226
   18.466424    -81.623089    0.0009368733
   18.466424    -63.484625    0.0005584526
   18.466424    -45.346161    0.0003394400
   18.466424    -27.207696    0.0002249506
   18.466424     -9.069232    0.0001772967
   18.466424      9.069232    0.0001772967
   18.466424     27.207696    0.0002249506
   18.466424     45.346161    0.0003394400
   18.466424     63.484625    0.0005584526
   18.466424     81.623089    0.0009368733
   18.466424     99.761554    0.0015449226
   18.466424    117.900018    0.0024658664
   18.466424    136.038482    0.0037934595

   30.777374   -136.038482    0.0045685783
   30.777374   -117.900018    0.0031429357
   30.777374    -99.761554    0.0021315641
   30.777374    -81.623089    0.0014433609
   30.777374    -63.484625    0.0009975165
   30.777374    -45.346161    0.0007259358
   30.777374    -27.207696    0.0005754216
   30.777374     -9.069232    0.0005094561
   30.777374      9.069232    0.0005094561
   30.777374     27.207696    0.0005754216
   30.777374     45.346161    0.0007259358
   30.777374     63.484625    0.0009975165
   30.777374     81.623089    0.0014433609
   30.777374     99.761554    0.0021315641
   30.777374    117.900018    0.0031429357
   30.777374    136.038482    0.0045685783

   43.088323   -136.038482    0.0057711338
   43.088323   -117.900018    0.0042022401
   43.088323    -99.761554    0.0030587734
   43.088323    -81.623089    0.0022534960
   43.088323    -63.484625    0.0017091782
   43.088323    -45.346161    0.0013608243
   43.088323    -27.207696    0.0011576992
   43.088323     -9.069232    0.0010649918
   43.088323      9.069232    0.0010649918
   43.088323     27.207696    0.0011576992
   43.088323     45.346161    0.0013608243
   43.088323     63.484625    0.0017091782
   43.088323     81.623089    0.0022534960
   43.088323     99.761554    0.0030587734
   43.088323    117.900018    0.0042022401
   43.088323    136.038482    0.0057711338

   55.399273   -136.038482    0.0074465487
   55.399273   -117.900018    0.0056935906
   55.399273    -99.761554    0.0043804194
   55.399273    -81.623089    0.0034247529
   55.399273    -63.484625    0.0027539518
   55.399273    -45.346161    0.0023069945
   55.399273    -27.207696    0.0020363022
   55.399273     -9.069232    0.0019092516
   55.399273      9.069232    0.0019092516
   55.399273     27.207696    0.0020363022
   55.399273     45.346161    0.0023069945
   55.399273     63.484625    0.0027539518
   55.399273     81.623089    0.0034247529
   55.399273     99.761554    0.0043804194
   55.399273    117.900018    0.0056935906
   55.399273    136.038482    0.0074465487

   67.710222   -136.038482    0.0096516637
   67.710222   -117.900018    0.0076793478
   67.710222    -99.761554    0.0061639410
   67.710222    -81.623089    0.0050290744
   67.710222    -63.484625    0.0042075762
   67.710222    -45.346161    0.0036431512
   67.710222    -27.207696    0.0032919718
   67.710222     -9.069232    0.0031240132
   67.710222      9.069232    0.0031240132
   67.710222     27.207696    0.0032919718
   67.710222     45.346161    0.0036431512
   67.710222     63.484625    0.0042075762
   67.710222     81.623089    0.0050290744
   67.710222     99.761554    0.0061639410
   67.710222    117.900018    0.0076793478
   67.710222    136.038482    0.0096516637

   80.021172   -136.038482    0.0124522011
   80.021172   -117.900018    0.0102316006
   80.021172    -99.761554    0.0084872429
   80.021172    -81.623089    0.0071495077
   80.021172    -63.484625    0.0061574291
   80.021172    -45.346161    0.0054600579
   80.021172    -27.207696    0.0050177978
   80.021172     -9.069232    0.0048035513
   80.021172      9.069232    0.0048035513
   80.021172     27.207696    0.0050177978
   80.021172     45.346161    0.0054600579
   80.021172     63.484625    0.0061574291
   80.021172     81.623089    0.0071495077
   80.021172     99.761554    0.0084872429
   80.021172    117.900018    0.0102316006
   80.021172    136.038482    0.0124522011

   92.332122   -136.038482    0.0159204138
   92.332122   -117.900018    0.0134294600
   92.332122    -99.761554    0.0114356340
   92.332122    -81.623089    0.0098768170
   92.332122    -63.484625    0.0086988646
   92.332122    -45.346161    0.0078566590
   92.332122    -27.207696    0.0073151951
   92.332122     -9.069232    0.0070505399
   92.332122      9.069232    0.0070505399
   92.332122     27.207696    0.0073151951
   92.332122     45.346161    0.0078566590
   92.332122     63.484625    0.0086988646
   92.332122     81.623089    0.0098768170
   92.332122     99.761554    0.0114356340
   92.332122    117.900018    0.0134294600
   92.332122    136.038482    0.0159204138

