  -38.681015    -55.127356   -0.0002254045
  -38.681015    -47.777042   -0.0001684513
  -38.681015    -40.426728   -0.0001200839
  -38.681015    -33.076414   -0.0000800949
  -38.681015    -25.726100   -0.0000483112
  -38.681015    -18.375785   -0.0000245945
  -38.681015    -11.025471   -0.0000088411
  -38.681015     -3.675157   -0.0000009816
  -38.681015      3.675157   -0.0000009816
  -38.681015     11.025471   -0.0000088411
  -38.681015     18.375785   -0.0000245945
  -38.681015     25.726100   -0.0000483112
  -38.681015     33.076414   -0.0000800949
  -38.681015     40.426728   -0.0001200839
  -38.681015     47.777042   -0.0001684513
  -38.681015     55.127356   -0.0002254045

  -33.523546    -55.127356   -0.0001693519
  -33.523546    -47.777042   -0.0001264893
  -33.523546    -40.426728   -0.0000901259
  -33.523546    -33.076414   -0.0000600882
  -33.523546    -25.726100   -0.0000362315
  -33.523546    -18.375785   -0.0000184403
  -33.523546    -11.025471   -0.0000066277
  -33.523546     -3.675157   -0.0000007358
  -33.523546      3.675157   -0.0000007358
  -33.523546     11.025471   -0.0000066277
  -33.523546     18.375785   -0.0000184403
  -33.523546     25.726100   -0.0000362315
  -33.523546     33.076414   -0.0000600882
  -33.523546     40.426728   -0.0000901259
  -33.523546     47.777042   -0.0001264893
  -33.523546     55.127356   -0.0001693519

  -28.366078    -55.127356   -0.0001212815
  -28.366078    -47.777042   -0.0000905410
  -28.366078    -40.426728   -0.0000644847
  -28.366078    -33.076414   -0.0000429775
  -28.366078    -25.726100   -0.0000259068
  -28.366078    -18.375785   -0.0000131826
  -28.366078    -11.025471   -0.0000047373
  -28.366078     -3.675157   -0.0000005259
  -28.366078      3.675157   -0.0000005259
  -28.366078     11.025471   -0.0000047373
  -28.366078     18.375785   -0.0000131826
  -28.366078     25.726100   -0.0000259068
  -28.366078     33.076414   -0.0000429775
  -28.366078     40.426728   -0.0000644847
  -28.366078     47.777042   -0.0000905410
  -28.366078     55.127356   -0.0001212815

  -23.208609    -55.127356   -0.0000812049
  -23.208609    -47.777042   -0.0000605977
  -23.208609    -40.426728   -0.0000431433
  -23.208609    -33.076414   -0.0000287454
  -23.208609    -25.726100   -0.0000173235
  -23.208609    -18.375785   -0.0000088134
  -23.208609    -11.025471   -0.0000031668
  -23.208609     -3.675157   -0.0000003515
  -23.208609      3.675157   -0.0000003515
  -23.208609     11.025471   -0.0000031668
  -23.208609     18.375785   -0.0000088134
  -23.208609     25.726100   -0.0000173235
  -23.208609     33.076414   -0.0000287454
  -23.208609     40.426728   -0.0000431433
  -23.208609     47.777042   -0.0000605976
  -23.208609     55.127356   -0.0000812049

  -18.051140    -55.127356   -0.0000491319
  -18.051140    -47.777042   -0.0000366518
  -18.051140    -40.426728   -0.0000260874
  -18.051140    -33.076414   -0.0000173773
  -18.051140    -25.726100   -0.0000104705
  -18.051140    -18.375785   -0.0000053261
  -18.051140    -11.025471   -0.0000019136
  -18.051140     -3.675157   -0.0000002124
  -18.051140      3.675157   -0.0000002124
  -18.051140     11.025471   -0.0000019136
  -18.051140     18.375785   -0.0000053261
  -18.051140     25.726100   -0.0000104705
  -18.051140     33.076414   -0.0000173773
  -18.051140     40.426728   -0.0000260874
  -18.051140     47.777042   -0.0000366518
  -18.051140     55.127356   -0.0000491319

  -12.893672    -55.127356   -0.0000250704
  -12.893672    -47.777042   -0.0000186976
  -12.893672    -40.426728   -0.0000133054
  -12.893672    -33.076414   -0.0000088614
  -12.893672    -25.726100   -0.0000053386
  -12.893672    -18.375785   -0.0000027153
  -12.893672    -11.025471   -0.0000009755
  -12.893672     -3.675157   -0.0000001083
  -12.893672      3.675157   -0.0000001083
  -12.893672     11.025471   -0.0000009755
  -12.893672     18.375785   -0.0000027153
  -12.893672     25.726100   -0.0000053386
  -12.893672     33.076414   -0.0000088614
  -12.893672     40.426728   -0.0000133054
  -12.893672     47.777042   -0.0000186976
  -12.893672     55.127356   -0.0000250703

   -7.736203    -55.127356   -0.0000090261
   -7.736203    -47.777042   -0.0000067306
   -7.736203    -40.426728   -0.0000047889
   -7.736203    -33.076414   -0.0000031890
   -7.736203    -25.726100   -0.0000019210
   -7.736203    -18.375785   -0.0000009770
   -7.736203    -11.025471   -0.0000003510
   -7.736203     -3.675157   -0.0000000390
   -7.736203      3.675157   -0.0000000390
   -7.736203     11.025471   -0.0000003510
   -7.736203     18.375785   -0.0000009770
   -7.736203     25.726100   -0.0000019210
   -7.736203     33.076414   -0.0000031890
   -7.736203     40.426728   -0.0000047889
   -7.736203     47.777042   -0.0000067306
   -7.736203     55.127356   -0.0000090261

   -2.578734    -55.127356   -0.0000010029
   -2.578734    -47.777042   -0.0000007478
   -2.578734    -40.426728   -0.0000005320
   -2.578734    -33.076414   -0.0000003543
   -2.578734    -25.726100   -0.0000002134
   -2.578734    -18.375785   -0.0000001085
   -2.578734    -11.025471   -0.0000000390
   -2.578734     -3.675157   -0.0000000043
   -2.578734      3.675157   -0.0000000043
   -2.578734     11.025471   -0.0000000390
   -2.578734     18.375785   -0.0000001085
   -2.578734     25.726100   -0.0000002134
   -2.578734     33.076414   -0.0000003543
   -2.578734     40.426728   -0.0000005320
   -2.578734     47.777042   -0.0000007478
   -2.578734     55.127356   -0.0000010029

    2.578734    -55.127356   -0.0000010029
    2.578734    -47.777042   -0.0000007478
    2.578734    -40.426728   -0.0000005320
    2.578734    -33.076414   -0.0000003543
    2.578734    -25.726100   -0.0000002134
    2.578734    -18.375785   -0.0000001085
    2.578734    -11.025471   -0.0000000390
    2.578734     -3.675157   -0.0000000043
    2.578734      3.675157   -0.0000000043
    2.578734     11.025471   -0.0000000390
    2.578734     18.375785   -0.0000001085
    2.578734     25.726100   -0.0000002134
    2.578734     33.076414   -0.0000003543
    2.578734     40.426728   -0.0000005320
    2.578734     47.777042   -0.0000007478
    2.578734     55.127356   -0.0000010029

    7.736203    -55.127356   -0.0000090261
    7.736203    -47.777042   -0.0000067306
    7.736203    -40.426728   -0.0000047889
    7.736203    -33.076414   -0.0000031890
    7.736203    -25.726100   -0.0000019210
    7.736203    -18.375785   -0.0000009770
    7.736203    -11.025471   -0.0000003510
    7.736203     -3.675157   -0.0000000390
    7.736203      3.675157   -0.0000000390
    7.736203     11.025471   -0.0000003510
    7.736203     18.375785   -0.0000009770
    7.736203     25.726100   -0.0000019210
    7.736203     33.076414   -0.0000031890
    7.736203     40.426728   -0.0000047889
    7.736203     47.777042   -0.0000067306
    7.736203     55.127356   -0.0000090261

   12.893672    -55.127356   -0.0000250704
   12.893672    -47.777042   -0.0000186976
   12.893672    -40.426728   -0.0000133054
   12.893672    -33.076414   -0.0000088614
   12.893672    -25.726100   -0.0000053386
   12.893672    -18.375785   -0.0000027153
   12.893672    -11.025471   -0.0000009755
   12.893672     -3.675157   -0.0000001083
   12.893672      3.675157   -0.0000001083
   12.893672     11.025471   -0.0000009755
   12.893672     18.375785   -0.0000027153
   12.893672     25.726100   -0.0000053386
   12.893672     33.076414   -0.0000088614
   12.893672     40.426728   -0.0000133054
   12.893672     47.777042   -0.0000186976
   12.893672     55.127356   -0.0000250703

   18.051140    -55.127356   -0.0000491319
   18.051140    -47.777042   -0.0000366518
   18.051140    -40.426728   -0.0000260874
   18.051140    -33.076414   -0.0000173773
   18.051140    -25.726100   -0.0000104705
   18.051140    -18.375785   -0.0000053261
   18.051140    -11.025471   -0.0000019136
   18.051140     -3.675157   -0.0000002124
   18.051140      3.675157   -0.0000002124
   18.051140     11.025471   -0.0000019136
   18.051140     18.375785   -0.0000053261
   18.051140     25.726100   -0.0000104705
   18.051140     33.076414   -0.0000173773
   18.051140     40.426728   -0.0000260874
   18.051140     47.777042   -0.0000366518
   18.051140     55.127356   -0.0000491319

   23.208609    -55.127356   -0.0000812049
   23.208609    -47.777042   -0.0000605977
   23.208609    -40.426728   -0.0000431433
   23.208609    -33.076414   -0.0000287454
   23.208609    -25.726100   -0.0000173235
   23.208609    -18.375785   -0.0000088134
   23.208609    -11.025471   -0.0000031668
   23.208609     -3.675157   -0.0000003515
   23.208609      3.675157   -0.0000003515
   23.208609     11.025471   -0.0000031668
   23.208609     18.375785   -0.0000088134
   23.208609     25.726100   -0.0000173235
   23.208609     33.076414   -0.0000287454
   23.208609     40.426728   -0.0000431433
   23.208609     47.777042   -0.0000605976
   23.208609     55.127356   -0.0000812049

   28.366078    -55.127356   -0.0001212815
   28.366078    -47.777042   -0.0000905410
   28.366078    -40.426728   -0.0000644847
   28.366078    -33.076414   -0.0000429775
   28.366078    -25.726100   -0.0000259068
   28.366078    -18.375785   -0.0000131826
   28.366078    -11.025471   -0.0000047373
   28.366078     -3.675157   -0.0000005259
   28.366078      3.675157   -0.0000005259
   28.366078     11.025471   -0.0000047373
   28.366078     18.375785   -0.0000131826
   28.366078     25.726100   -0.0000259068
   28.366078     33.076414   -0.0000429775
   28.366078     40.426728   -0.0000644847
   28.366078     47.777042   -0.0000905410
   28.366078     55.127356   -0.0001212815

   33.523546    -55.127356   -0.0001693519
   33.523546    -47.777042   -0.0001264893
   33.523546    -40.426728   -0.0000901259
   33.523546    -33.076414   -0.0000600882
   33.523546    -25.726100   -0.0000362315
   33.523546    -18.375785   -0.0000184403
   33.523546    -11.025471   -0.0000066277
   33.523546     -3.675157   -0.0000007358
   33.523546      3.675157   -0.0000007358
   33.523546     11.025471   -0.0000066277
   33.523546     18.375785   -0.0000184403
   33.523546     25.726100   -0.0000362315
   33.523546     33.076414   -0.0000600882
   33.523546     40.426728   -0.0000901259
   33.523546     47.777042   -0.0001264893
   33.523546     55.127356   -0.0001693519

   38.681015    -55.127356   -0.0002254045
   38.681015    -47.777042   -0.0001684513
   38.681015    -40.426728   -0.0001200839
   38.681015    -33.076414   -0.0000800949
   38.681015    -25.726100   -0.0000483112
   38.681015    -18.375785   -0.0000245945
   38.681015    -11.025471   -0.0000088411
   38.681015     -3.675157   -0.0000009816
   38.681015      3.675157   -0.0000009816
   38.681015     11.025471   -0.0000088411
   38.681015     18.375785   -0.0000245945
   38.681015     25.726100   -0.0000483112
   38.681015     33.076414   -0.0000800949
   38.681015     40.426728   -0.0001200839
   38.681015     47.777042   -0.0001684513
   38.681015     55.127356   -0.0002254045

