  -61.469935   -136.038482   -0.0003164900
  -61.469935   -117.900018   -0.0002358545
  -61.469935    -99.761554   -0.0001677219
  -61.469935    -81.623089   -0.0001116383
  -61.469935    -63.484625   -0.0000672253
  -61.469935    -45.346161   -0.0000341804
  -61.469935    -27.207696   -0.0000122766
  -61.469935     -9.069232   -0.0000013625
  -61.469935      9.069232   -0.0000013625
  -61.469935     27.207696   -0.0000122766
  -61.469935     45.346161   -0.0000341804
  -61.469935     63.484625   -0.0000672253
  -61.469935     81.623089   -0.0001116383
  -61.469935     99.761554   -0.0001677219
  -61.469935    117.900018   -0.0002358545
  -61.469935    136.038482   -0.0003164900

  -53.273944   -136.038482   -0.0002282488
  -53.273944   -117.900018   -0.0001698796
  -53.273944    -99.761554   -0.0001206720
  -53.273944    -81.623089   -0.0000802462
  -53.273944    -63.484625   -0.0000482854
  -53.273944    -45.346161   -0.0000245365
  -53.273944    -27.207696   -0.0000088094
  -53.273944     -9.069232   -0.0000009775
  -53.273944      9.069232   -0.0000009775
  -53.273944     27.207696   -0.0000088094
  -53.273944     45.346161   -0.0000245365
  -53.273944     63.484625   -0.0000482854
  -53.273944     81.623089   -0.0000802462
  -53.273944     99.761554   -0.0001206720
  -53.273944    117.900018   -0.0001698796
  -53.273944    136.038482   -0.0002282488

  -45.077952   -136.038482   -0.0001576088
  -45.077952   -117.900018   -0.0001171661
  -45.077952    -99.761554   -0.0000831422
  -45.077952    -81.623089   -0.0000552410
  -45.077952    -63.484625   -0.0000332160
  -45.077952    -45.346161   -0.0000168699
  -45.077952    -27.207696   -0.0000060547
  -45.077952     -9.069232   -0.0000006717
  -45.077952      9.069232   -0.0000006717
  -45.077952     27.207696   -0.0000060547
  -45.077952     45.346161   -0.0000168699
  -45.077952     63.484625   -0.0000332160
  -45.077952     81.623089   -0.0000552410
  -45.077952     99.761554   -0.0000831422
  -45.077952    117.900018   -0.0001171661
  -45.077952    136.038482   -0.0001576088

  -36.881961   -136.038482   -0.0001022645
  -36.881961   -117.900018   -0.0000759435
  -36.881961    -99.761554   -0.0000538407
  -36.881961    -81.623089   -0.0000357448
  -36.881961    -63.484625   -0.0000214795
  -36.881961    -45.346161   -0.0000109039
  -36.881961    -27.207696   -0.0000039122
  -36.881961     -9.069232   -0.0000004340
  -36.881961      9.069232   -0.0000004340
  -36.881961     27.207696   -0.0000039122
  -36.881961     45.346161   -0.0000109039
  -36.881961     63.484625   -0.0000214795
  -36.881961     81.623089   -0.0000357448
  -36.881961     99.761554   -0.0000538407
  -36.881961    117.900018   -0.0000759435
  -36.881961    136.038482   -0.0001022645

  -28.685970   -136.038482   -0.0000602947
  -28.685970   -117.900018   -0.0000447361
  -28.685970    -99.761554   -0.0000316913
  -28.685970    -81.623089   -0.0000210259
  -28.685970    -63.484625   -0.0000126279
  -28.685970    -45.346161   -0.0000064078
  -28.685970    -27.207696   -0.0000022984
  -28.685970     -9.069232   -0.0000002549
  -28.685970      9.069232   -0.0000002549
  -28.685970     27.207696   -0.0000022984
  -28.685970     45.346161   -0.0000064078
  -28.685970     63.484625   -0.0000126279
  -28.685970     81.623089   -0.0000210259
  -28.685970     99.761554   -0.0000316913
  -28.685970    117.900018   -0.0000447361
  -28.685970    136.038482   -0.0000602947

  -20.489978   -136.038482   -0.0000301622
  -20.489978   -117.900018   -0.0000223634
  -20.489978    -99.761554   -0.0000158326
  -20.489978    -81.623089   -0.0000104988
  -20.489978    -63.484625   -0.0000063028
  -20.489978    -45.346161   -0.0000031972
  -20.489978    -27.207696   -0.0000011466
  -20.489978     -9.069232   -0.0000001271
  -20.489978      9.069232   -0.0000001271
  -20.489978     27.207696   -0.0000011466
  -20.489978     45.346161   -0.0000031972
  -20.489978     63.484625   -0.0000063028
  -20.489978     81.623089   -0.0000104988
  -20.489978     99.761554   -0.0000158326
  -20.489978    117.900018   -0.0000223634
  -20.489978    136.038482   -0.0000301622

  -12.293987   -136.038482   -0.0000107143
  -12.293987   -117.900018   -0.0000079402
  -12.293987    -99.761554   -0.0000056190
  -12.293987    -81.623089   -0.0000037247
  -12.293987    -63.484625   -0.0000022354
  -12.293987    -45.346161   -0.0000011337
  -12.293987    -27.207696   -0.0000004065
  -12.293987     -9.069232   -0.0000000451
  -12.293987      9.069232   -0.0000000451
  -12.293987     27.207696   -0.0000004065
  -12.293987     45.346161   -0.0000011337
  -12.293987     63.484625   -0.0000022354
  -12.293987     81.623089   -0.0000037247
  -12.293987     99.761554   -0.0000056190
  -12.293987    117.900018   -0.0000079402
  -12.293987    136.038482   -0.0000107143

   -4.097996   -136.038482   -0.0000011825
   -4.097996   -117.900018   -0.0000008761
   -4.097996    -99.761554   -0.0000006199
   -4.097996    -81.623089   -0.0000004108
   -4.097996    -63.484625   -0.0000002465
   -4.097996    -45.346161   -0.0000001250
   -4.097996    -27.207696   -0.0000000448
   -4.097996     -9.069232   -0.0000000050
   -4.097996      9.069232   -0.0000000050
   -4.097996     27.207696   -0.0000000448
   -4.097996     45.346161   -0.0000001250
   -4.097996     63.484625   -0.0000002465
   -4.097996     81.623089   -0.0000004108
   -4.097996     99.761554   -0.0000006199
   -4.097996    117.900018   -0.0000008761
   -4.097996    136.038482   -0.0000011825

    4.097996   -136.038482   -0.0000011825
    4.097996   -117.900018   -0.0000008761
    4.097996    -99.761554   -0.0000006199
    4.097996    -81.623089   -0.0000004108
    4.097996    -63.484625   -0.0000002465
    4.097996    -45.346161   -0.0000001250
    4.097996    -27.207696   -0.0000000448
    4.097996     -9.069232   -0.0000000050
    4.097996      9.069232   -0.0000000050
    4.097996     27.207696   -0.0000000448
    4.097996     45.346161   -0.0000001250
    4.097996     63.484625   -0.0000002465
    4.097996     81.623089   -0.0000004108
    4.097996     99.761554   -0.0000006199
    4.097996    117.900018   -0.0000008761
    4.097996    136.038482   -0.0000011825

   12.293987   -136.038482   -0.0000107143
   12.293987   -117.900018   -0.0000079402
   12.293987    -99.761554   -0.0000056190
   12.293987    -81.623089   -0.0000037247
   12.293987    -63.484625   -0.0000022354
   12.293987    -45.346161   -0.0000011337
   12.293987    -27.207696   -0.0000004065
   12.293987     -9.069232   -0.0000000451
   12.293987      9.069232   -0.0000000451
   12.293987     27.207696   -0.0000004065
   12.293987     45.346161   -0.0000011337
   12.293987     63.484625   -0.0000022354
   12.293987     81.623089   -0.0000037247
   12.293987     99.761554   -0.0000056190
   12.293987    117.900018   -0.0000079402
   12.293987    136.038482   -0.0000107143

   20.489978   -136.038482   -0.0000301622
   20.489978   -117.900018   -0.0000223634
   20.489978    -99.761554   -0.0000158326
   20.489978    -81.623089   -0.0000104988
   20.489978    -63.484625   -0.0000063028
   20.489978    -45.346161   -0.0000031972
   20.489978    -27.207696   -0.0000011466
   20.489978     -9.069232   -0.0000001271
   20.489978      9.069232   -0.0000001271
   20.489978     27.207696   -0.0000011466
   20.489978     45.346161   -0.0000031972
   20.489978     63.484625   -0.0000063028
   20.489978     81.623089   -0.0000104988
   20.489978     99.761554   -0.0000158326
   20.489978    117.900018   -0.0000223634
   20.489978    136.038482   -0.0000301622

   28.685970   -136.038482   -0.0000602947
   28.685970   -117.900018   -0.0000447361
   28.685970    -99.761554   -0.0000316913
   28.685970    -81.623089   -0.0000210259
   28.685970    -63.484625   -0.0000126279
   28.685970    -45.346161   -0.0000064078
   28.685970    -27.207696   -0.0000022984
   28.685970     -9.069232   -0.0000002549
   28.685970      9.069232   -0.0000002549
   28.685970     27.207696   -0.0000022984
   28.685970     45.346161   -0.0000064078
   28.685970     63.484625   -0.0000126279
   28.685970     81.623089   -0.0000210259
   28.685970     99.761554   -0.0000316913
   28.685970    117.900018   -0.0000447361
   28.685970    136.038482   -0.0000602947

   36.881961   -136.038482   -0.0001022645
   36.881961   -117.900018   -0.0000759435
   36.881961    -99.761554   -0.0000538407
   36.881961    -81.623089   -0.0000357448
   36.881961    -63.484625   -0.0000214795
   36.881961    -45.346161   -0.0000109039
   36.881961    -27.207696   -0.0000039122
   36.881961     -9.069232   -0.0000004340
   36.881961      9.069232   -0.0000004340
   36.881961     27.207696   -0.0000039122
   36.881961     45.346161   -0.0000109039
   36.881961     63.484625   -0.0000214795
   36.881961     81.623089   -0.0000357448
   36.881961     99.761554   -0.0000538407
   36.881961    117.900018   -0.0000759435
   36.881961    136.038482   -0.0001022645

   45.077952   -136.038482   -0.0001576088
   45.077952   -117.900018   -0.0001171661
   45.077952    -99.761554   -0.0000831422
   45.077952    -81.623089   -0.0000552410
   45.077952    -63.484625   -0.0000332160
   45.077952    -45.346161   -0.0000168699
   45.077952    -27.207696   -0.0000060547
   45.077952     -9.069232   -0.0000006717
   45.077952      9.069232   -0.0000006717
   45.077952     27.207696   -0.0000060547
   45.077952     45.346161   -0.0000168699
   45.077952     63.484625   -0.0000332160
   45.077952     81.623089   -0.0000552410
   45.077952     99.761554   -0.0000831422
   45.077952    117.900018   -0.0001171661
   45.077952    136.038482   -0.0001576088

   53.273944   -136.038482   -0.0002282488
   53.273944   -117.900018   -0.0001698796
   53.273944    -99.761554   -0.0001206720
   53.273944    -81.623089   -0.0000802462
   53.273944    -63.484625   -0.0000482854
   53.273944    -45.346161   -0.0000245365
   53.273944    -27.207696   -0.0000088094
   53.273944     -9.069232   -0.0000009775
   53.273944      9.069232   -0.0000009775
   53.273944     27.207696   -0.0000088094
   53.273944     45.346161   -0.0000245365
   53.273944     63.484625   -0.0000482854
   53.273944     81.623089   -0.0000802462
   53.273944     99.761554   -0.0001206720
   53.273944    117.900018   -0.0001698796
   53.273944    136.038482   -0.0002282488

   61.469935   -136.038482   -0.0003164900
   61.469935   -117.900018   -0.0002358545
   61.469935    -99.761554   -0.0001677219
   61.469935    -81.623089   -0.0001116383
   61.469935    -63.484625   -0.0000672253
   61.469935    -45.346161   -0.0000341804
   61.469935    -27.207696   -0.0000122766
   61.469935     -9.069232   -0.0000013625
   61.469935      9.069232   -0.0000013625
   61.469935     27.207696   -0.0000122766
   61.469935     45.346161   -0.0000341804
   61.469935     63.484625   -0.0000672253
   61.469935     81.623089   -0.0001116383
   61.469935     99.761554   -0.0001677219
   61.469935    117.900018   -0.0002358545
   61.469935    136.038482   -0.0003164900

