  -44.510090    -61.469935    0.0021833835
  -44.510090    -53.273944    0.0016849337
  -44.510090    -45.077952    0.0012343178
  -44.510090    -36.881961    0.0008420320
  -44.510090    -28.685970    0.0005170661
  -44.510090    -20.489978    0.0002667706
  -44.510090    -12.293987    0.0000967515
  -44.510090     -4.097996    0.0000107899
  -44.510090      4.097996    0.0000107899
  -44.510090     12.293987    0.0000967515
  -44.510090     20.489978    0.0002667706
  -44.510090     28.685970    0.0005170661
  -44.510090     36.881961    0.0008420320
  -44.510090     45.077952    0.0012343178
  -44.510090     53.273944    0.0016849337
  -44.510090     61.469935    0.0021833835

  -39.273609    -61.469935    0.0020708939
  -39.273609    -53.273944    0.0015955260
  -39.273609    -45.077952    0.0011671135
  -39.273609    -36.881961    0.0007951821
  -39.273609    -28.685970    0.0004877911
  -39.273609    -20.489978    0.0002514675
  -39.273609    -12.293987    0.0000911526
  -39.273609     -4.097996    0.0000101628
  -39.273609      4.097996    0.0000101628
  -39.273609     12.293987    0.0000911526
  -39.273609     20.489978    0.0002514675
  -39.273609     28.685970    0.0004877911
  -39.273609     36.881961    0.0007951821
  -39.273609     45.077952    0.0011671135
  -39.273609     53.273944    0.0015955260
  -39.273609     61.469935    0.0020708939

  -34.037128    -61.469935    0.0019283479
  -34.037128    -53.273944    0.0014833909
  -34.037128    -45.077952    0.0010837124
  -34.037128    -36.881961    0.0007376115
  -34.037128    -28.685970    0.0004521214
  -34.037128    -20.489978    0.0002329457
  -34.037128    -12.293987    0.0000844072
  -34.037128     -4.097996    0.0000094090
  -34.037128      4.097996    0.0000094090
  -34.037128     12.293987    0.0000844072
  -34.037128     20.489978    0.0002329457
  -34.037128     28.685970    0.0004521214
  -34.037128     36.881961    0.0007376115
  -34.037128     45.077952    0.0010837124
  -34.037128     53.273944    0.0014833909
  -34.037128     61.469935    0.0019283479

  -28.800647    -61.469935    0.0017524965
  -28.800647    -53.273944    0.0013461640
  -28.800647    -45.077952    0.0009823388
  -28.800647    -36.881961    0.0006680239
  -28.800647    -28.685970    0.0004091962
  -28.800647    -20.489978    0.0002107299
  -28.800647    -12.293987    0.0000763342
  -28.800647     -4.097996    0.0000085078
  -28.800647      4.097996    0.0000085078
  -28.800647     12.293987    0.0000763342
  -28.800647     20.489978    0.0002107299
  -28.800647     28.685970    0.0004091962
  -28.800647     36.881961    0.0006680239
  -28.800647     45.077952    0.0009823388
  -28.800647     53.273944    0.0013461640
  -28.800647     61.469935    0.0017524965

  -23.564166    -61.469935    0.0015396699
  -23.564166    -53.273944    0.0011811137
  -23.564166    -45.077952    0.0008609916
  -23.564166    -36.881961    0.0005850260
  -23.564166    -28.685970    0.0003581356
  -23.564166    -20.489978    0.0001843531
  -23.564166    -12.293987    0.0000667606
  -23.564166     -4.097996    0.0000074398
  -23.564166      4.097996    0.0000074398
  -23.564166     12.293987    0.0000667606
  -23.564166     20.489978    0.0001843531
  -23.564166     28.685970    0.0003581356
  -23.564166     36.881961    0.0005850260
  -23.564166     45.077952    0.0008609916
  -23.564166     53.273944    0.0011811137
  -23.564166     61.469935    0.0015396699

  -18.327684    -61.469935    0.0012857263
  -18.327684    -53.273944    0.0009851192
  -18.327684    -45.077952    0.0007174147
  -18.327684    -36.881961    0.0004870882
  -18.327684    -28.685970    0.0002980018
  -18.327684    -20.489978    0.0001533316
  -18.327684    -12.293987    0.0000555108
  -18.327684     -4.097996    0.0000061852
  -18.327684      4.097996    0.0000061852
  -18.327684     12.293987    0.0000555108
  -18.327684     20.489978    0.0001533316
  -18.327684     28.685970    0.0002980018
  -18.327684     36.881961    0.0004870882
  -18.327684     45.077952    0.0007174147
  -18.327684     53.273944    0.0009851192
  -18.327684     61.469935    0.0012857263

  -13.091203    -61.469935    0.0009859922
  -13.091203    -53.273944    0.0007546389
  -13.091203    -45.077952    0.0005490627
  -13.091203    -36.881961    0.0003725055
  -13.091203    -28.685970    0.0002277646
  -13.091203    -20.489978    0.0001171407
  -13.091203    -12.293987    0.0000423962
  -13.091203     -4.097996    0.0000047233
  -13.091203      4.097996    0.0000047233
  -13.091203     12.293987    0.0000423962
  -13.091203     20.489978    0.0001171407
  -13.091203     28.685970    0.0002277646
  -13.091203     36.881961    0.0003725055
  -13.091203     45.077952    0.0005490627
  -13.091203     53.273944    0.0007546389
  -13.091203     61.469935    0.0009859922

   -7.854722    -61.469935    0.0006351914
   -7.854722    -53.273944    0.0004856683
   -7.854722    -45.077952    0.0003530615
   -7.854722    -36.881961    0.0002393585
   -7.854722    -28.685970    0.0001462687
   -7.854722    -20.489978    0.0000751942
   -7.854722    -12.293987    0.0000272068
   -7.854722     -4.097996    0.0000030306
   -7.854722      4.097996    0.0000030306
   -7.854722     12.293987    0.0000272068
   -7.854722     20.489978    0.0000751942
   -7.854722     28.685970    0.0001462687
   -7.854722     36.881961    0.0002393585
   -7.854722     45.077952    0.0003530615
   -7.854722     53.273944    0.0004856683
   -7.854722     61.469935    0.0006351914

   -2.618241    -61.469935    0.0002273664
   -2.618241    -53.273944    0.0001736877
   -2.618241    -45.077952    0.0001261638
   -2.618241    -36.881961    0.0000854752
   -2.618241    -28.685970    0.0000522041
   -2.618241    -20.489978    0.0000268261
   -2.618241    -12.293987    0.0000097035
   -2.618241     -4.097996    0.0000010807
   -2.618241      4.097996    0.0000010807
   -2.618241     12.293987    0.0000097035
   -2.618241     20.489978    0.0000268261
   -2.618241     28.685970    0.0000522041
   -2.618241     36.881961    0.0000854752
   -2.618241     45.077952    0.0001261638
   -2.618241     53.273944    0.0001736877
   -2.618241     61.469935    0.0002273664

    2.618241    -61.469935   -0.0002442110
    2.618241    -53.273944   -0.0001864008
    2.618241    -45.077952   -0.0001352997
    2.618241    -36.881961   -0.0000916079
    2.618241    -28.685970   -0.0000559215
    2.618241    -20.489978   -0.0000287254
    2.618241    -12.293987   -0.0000103879
    2.618241     -4.097996   -0.0000011568
    2.618241      4.097996   -0.0000011568
    2.618241     12.293987   -0.0000103879
    2.618241     20.489978   -0.0000287254
    2.618241     28.685970   -0.0000559215
    2.618241     36.881961   -0.0000916079
    2.618241     45.077952   -0.0001352997
    2.618241     53.273944   -0.0001864008
    2.618241     61.469935   -0.0002442110

    7.854722    -61.469935   -0.0007871383
    7.854722    -53.273944   -0.0006003459
    7.854722    -45.077952   -0.0004354742
    7.854722    -36.881961   -0.0002946839
    7.854722    -28.685970   -0.0001798072
    7.854722    -20.489978   -0.0000923308
    7.854722    -12.293987   -0.0000333817
    7.854722     -4.097996   -0.0000037170
    7.854722      4.097996   -0.0000037170
    7.854722     12.293987   -0.0000333817
    7.854722     20.489978   -0.0000923308
    7.854722     28.685970   -0.0001798072
    7.854722     36.881961   -0.0002946839
    7.854722     45.077952   -0.0004354742
    7.854722     53.273944   -0.0006003459
    7.854722     61.469935   -0.0007871383

   13.091203    -61.469935   -0.0014099900
   13.091203    -53.273944   -0.0010746304
   13.091203    -45.077952   -0.0007790400
   13.091203    -36.881961   -0.0005269132
   13.091203    -28.685970   -0.0003213805
   13.091203    -20.489978   -0.0001649804
   13.091203    -12.293987   -0.0000596362
   13.091203     -4.097996   -0.0000066398
   13.091203      4.097996   -0.0000066398
   13.091203     12.293987   -0.0000596362
   13.091203     20.489978   -0.0001649804
   13.091203     28.685970   -0.0003213805
   13.091203     36.881961   -0.0005269132
   13.091203     45.077952   -0.0007790400
   13.091203     53.273944   -0.0010746304
   13.091203     61.469935   -0.0014099900

   18.327684    -61.469935   -0.0021224355
   18.327684    -53.273944   -0.0016165648
   18.327684    -45.077952   -0.0011712757
   18.327684    -36.881961   -0.0007918616
   18.327684    -28.685970   -0.0004828169
   18.327684    -20.489978   -0.0002477919
   18.327684    -12.293987   -0.0000895558
   18.327684     -4.097996   -0.0000099702
   18.327684      4.097996   -0.0000099702
   18.327684     12.293987   -0.0000895558
   18.327684     20.489978   -0.0002477919
   18.327684     28.685970   -0.0004828169
   18.327684     36.881961   -0.0007918616
   18.327684     45.077952   -0.0011712757
   18.327684     53.273944   -0.0016165648
   18.327684     61.469935   -0.0021224355

   23.564166    -61.469935   -0.0029353658
   23.564166    -53.273944   -0.0022343912
   23.564166    -45.077952   -0.0016181274
   23.564166    -36.881961   -0.0010935378
   23.564166    -28.685970   -0.0006665564
   23.564166    -20.489978   -0.0003420163
   23.564166    -12.293987   -0.0001235924
   23.564166     -4.097996   -0.0000137585
   23.564166      4.097996   -0.0000137585
   23.564166     12.293987   -0.0001235924
   23.564166     20.489978   -0.0003420163
   23.564166     28.685970   -0.0006665564
   23.564166     36.881961   -0.0010935378
   23.564166     45.077952   -0.0016181274
   23.564166     53.273944   -0.0022343912
   23.564166     61.469935   -0.0029353658

   28.800647    -61.469935   -0.0038610303
   28.800647    -53.273944   -0.0029373971
   28.800647    -45.077952   -0.0021262815
   28.800647    -36.881961   -0.0014364307
   28.800647    -28.685970   -0.0008753176
   28.800647    -20.489978   -0.0004490411
   28.800647    -12.293987   -0.0001622454
   28.800647     -4.097996   -0.0000180602
   28.800647      4.097996   -0.0000180602
   28.800647     12.293987   -0.0001622454
   28.800647     20.489978   -0.0004490411
   28.800647     28.685970   -0.0008753176
   28.800647     36.881961   -0.0014364307
   28.800647     45.077952   -0.0021262815
   28.800647     53.273944   -0.0029373971
   28.800647     61.469935   -0.0038610303

   34.037128    -61.469935   -0.0049131831
   34.037128    -53.273944   -0.0037360401
   34.037128    -45.077952   -0.0027032436
   34.037128    -36.881961   -0.0018255465
   34.037128    -28.685970   -0.0011121090
   34.037128    -20.489978   -0.0005703901
   34.037128    -12.293987   -0.0002060602
   34.037128     -4.097996   -0.0000229357
   34.037128      4.097996   -0.0000229357
   34.037128     12.293987   -0.0002060602
   34.037128     20.489978   -0.0005703901
   34.037128     28.685970   -0.0011121090
   34.037128     36.881961   -0.0018255465
   34.037128     45.077952   -0.0027032436
   34.037128     53.273944   -0.0037360401
   34.037128     61.469935   -0.0049131831

