  -25.746645    -38.681015    0.1060702268
  -25.746645    -33.523546    0.0943931425
  -25.746645    -28.366078    0.0845644405
  -25.746645    -23.208609    0.0764996759
  -25.746645    -18.051140    0.0701295305
  -25.746645    -12.893672    0.0653992385
  -25.746645     -7.736203    0.0622681276
  -25.746645     -2.578734    0.0607092743
  -25.746645      2.578734    0.0607092743
  -25.746645      7.736203    0.0622681276
  -25.746645     12.893672    0.0653992385
  -25.746645     18.051140    0.0701295305
  -25.746645     23.208609    0.0764996759
  -25.746645     28.366078    0.0845644405
  -25.746645     33.523546    0.0943931425
  -25.746645     38.681015    0.1060702268

  -21.065436    -38.681015    0.0834675153
  -21.065436    -33.523546    0.0715886351
  -21.065436    -28.366078    0.0615897190
  -21.065436    -23.208609    0.0533850309
  -21.065436    -18.051140    0.0469041933
  -21.065436    -12.893672    0.0420916043
  -21.065436     -7.736203    0.0389059708
  -21.065436     -2.578734    0.0373199585
  -21.065436      2.578734    0.0373199585
  -21.065436      7.736203    0.0389059708
  -21.065436     12.893672    0.0420916043
  -21.065436     18.051140    0.0469041933
  -21.065436     23.208609    0.0533850309
  -21.065436     28.366078    0.0615897190
  -21.065436     33.523546    0.0715886351
  -21.065436     38.681015    0.0834675153

  -16.384228    -38.681015    0.0677275561
  -16.384228    -33.523546    0.0556495427
  -16.384228    -28.366078    0.0454827190
  -16.384228    -23.208609    0.0371400521
  -16.384228    -18.051140    0.0305500961
  -16.384228    -12.893672    0.0256564025
  -16.384228     -7.736203    0.0224170474
  -16.384228     -2.578734    0.0208042784
  -16.384228      2.578734    0.0208042784
  -16.384228      7.736203    0.0224170474
  -16.384228     12.893672    0.0256564025
  -16.384228     18.051140    0.0305500961
  -16.384228     23.208609    0.0371400521
  -16.384228     28.366078    0.0454827190
  -16.384228     33.523546    0.0556495427
  -16.384228     38.681015    0.0677275561

  -11.703020    -38.681015    0.0575511455
  -11.703020    -33.523546    0.0452754635
  -11.703020    -28.366078    0.0349420122
  -11.703020    -23.208609    0.0264624567
  -11.703020    -18.051140    0.0197642733
  -11.703020    -12.893672    0.0147901554
  -11.703020     -7.736203    0.0114975390
  -11.703020     -2.578734    0.0098582456
  -11.703020      2.578734    0.0098582456
  -11.703020      7.736203    0.0114975390
  -11.703020     12.893672    0.0147901554
  -11.703020     18.051140    0.0197642733
  -11.703020     23.208609    0.0264624567
  -11.703020     28.366078    0.0349420122
  -11.703020     33.523546    0.0452754635
  -11.703020     38.681015    0.0575511455

   -7.021812    -38.681015    0.0518619034
   -7.021812    -33.523546    0.0393890521
   -7.021812    -28.366078    0.0288894375
   -7.021812    -23.208609    0.0202734051
   -7.021812    -18.051140    0.0134673391
   -7.021812    -12.893672    0.0084130647
   -7.021812     -7.736203    0.0050673693
   -7.021812     -2.578734    0.0034016439
   -7.021812      2.578734    0.0034016439
   -7.021812      7.736203    0.0050673693
   -7.021812     12.893672    0.0084130647
   -7.021812     18.051140    0.0134673391
   -7.021812     23.208609    0.0202734051
   -7.021812     28.366078    0.0288894375
   -7.021812     33.523546    0.0393890521
   -7.021812     38.681015    0.0518619034

   -2.340604    -38.681015    0.0497654433
   -2.340604    -33.523546    0.0370951442
   -2.340604    -28.366078    0.0264291772
   -2.340604    -23.208609    0.0176765360
   -2.340604    -18.051140    0.0107624939
   -2.340604    -12.893672    0.0056279975
   -2.340604     -7.736203    0.0022291809
   -2.340604     -2.578734    0.0005370027
   -2.340604      2.578734    0.0005370027
   -2.340604      7.736203    0.0022291809
   -2.340604     12.893672    0.0056279975
   -2.340604     18.051140    0.0107624939
   -2.340604     23.208609    0.0176765360
   -2.340604     28.366078    0.0264291772
   -2.340604     33.523546    0.0370951442
   -2.340604     38.681015    0.0497654433

    2.340604    -38.681015    0.0505162145
    2.340604    -33.523546    0.0376475609
    2.340604    -28.366078    0.0268145198
    2.340604    -23.208609    0.0179246947
    2.340604    -18.051140    0.0109022267
    2.340604    -12.893672    0.0056871735
    2.340604     -7.736203    0.0022350128
    2.340604     -2.578734    0.0005162701
    2.340604      2.578734    0.0005162701
    2.340604      7.736203    0.0022350128
    2.340604     12.893672    0.0056871735
    2.340604     18.051140    0.0109022267
    2.340604     23.208609    0.0179246947
    2.340604     28.366078    0.0268145198
    2.340604     33.523546    0.0376475609
    2.340604     38.681015    0.0505162145

    7.021812    -38.681015    0.0534907049
    7.021812    -33.523546    0.0404222773
    7.021812    -28.366078    0.0294209963
    7.021812    -23.208609    0.0203930419
    7.021812    -18.051140    0.0132614032
    7.021812    -12.893672    0.0079652389
    7.021812     -7.736203    0.0044593656
    7.021812     -2.578734    0.0027138742
    7.021812      2.578734    0.0027138742
    7.021812      7.736203    0.0044593656
    7.021812     12.893672    0.0079652389
    7.021812     18.051140    0.0132614032
    7.021812     23.208609    0.0203930419
    7.021812     28.366078    0.0294209963
    7.021812     33.523546    0.0404222773
    7.021812     38.681015    0.0534907049

   11.703020    -38.681015    0.0581658531
   11.703020    -33.523546    0.0448958063
   11.703020    -28.366078    0.0337247397
   11.703020    -23.208609    0.0245573926
   11.703020    -18.051140    0.0173155886
   11.703020    -12.893672    0.0119375765
   11.703020     -7.736203    0.0083775038
   11.703020     -2.578734    0.0066050217
   11.703020      2.578734    0.0066050217
   11.703020      7.736203    0.0083775038
   11.703020     12.893672    0.0119375765
   11.703020     18.051140    0.0173155886
   11.703020     23.208609    0.0245573926
   11.703020     28.366078    0.0337247397
   11.703020     33.523546    0.0448958063
   11.703020     38.681015    0.0581658531

   16.384228    -38.681015    0.0641016828
   16.384228    -33.523546    0.0506278098
   16.384228    -28.366078    0.0392850789
   16.384228    -23.208609    0.0299767970
   16.384228    -18.051140    0.0226236165
   16.384228    -12.893672    0.0171628650
   16.384228     -7.736203    0.0135480077
   16.384228     -2.578734    0.0117482454
   16.384228      2.578734    0.0117482454
   16.384228      7.736203    0.0135480077
   16.384228     12.893672    0.0171628650
   16.384228     18.051140    0.0226236165
   16.384228     23.208609    0.0299767970
   16.384228     28.366078    0.0392850789
   16.384228     33.523546    0.0506278098
   16.384228     38.681015    0.0641016828

   21.065436    -38.681015    0.0709273345
   21.065436    -33.523546    0.0572471119
   21.065436    -28.366078    0.0457305447
   21.065436    -23.208609    0.0362795390
   21.065436    -18.051140    0.0288135804
   21.065436    -12.893672    0.0232690624
   21.065436     -7.736203    0.0195987500
   21.065436     -2.578734    0.0177713768
   21.065436      2.578734    0.0177713768
   21.065436      7.736203    0.0195987500
   21.065436     12.893672    0.0232690624
   21.065436     18.051140    0.0288135804
   21.065436     23.208609    0.0362795390
   21.065436     28.366078    0.0457305447
   21.065436     33.523546    0.0572471119
   21.065436     38.681015    0.0709273345

   25.746645    -38.681015    0.0783298315
   25.746645    -33.523546    0.0644404528
   25.746645    -28.366078    0.0527476218
   25.746645    -23.208609    0.0431518900
   25.746645    -18.051140    0.0355715840
   25.746645    -12.893672    0.0299421509
   25.746645     -7.736203    0.0262156342
   25.746645     -2.578734    0.0243602813
   25.746645      2.578734    0.0243602813
   25.746645      7.736203    0.0262156342
   25.746645     12.893672    0.0299421509
   25.746645     18.051140    0.0355715840
   25.746645     23.208609    0.0431518900
   25.746645     28.366078    0.0527476218
   25.746645     33.523546    0.0644404528
   25.746645     38.681015    0.0783298315

   30.427853    -38.681015    0.0860450812
   30.427853    -33.523546    0.0719434818
   30.427853    -28.366078    0.0600717510
   30.427853    -23.208609    0.0503291173
   30.427853    -18.051140    0.0426327521
   30.427853    -12.893672    0.0369171437
   30.427853     -7.736203    0.0331335964
   30.427853     -2.578734    0.0312498552
   30.427853      2.578734    0.0312498552
   30.427853      7.736203    0.0331335964
   30.427853     12.893672    0.0369171437
   30.427853     18.051140    0.0426327521
   30.427853     23.208609    0.0503291173
   30.427853     28.366078    0.0600717510
   30.427853     33.523546    0.0719434818
   30.427853     38.681015    0.0860450812

   35.109061    -38.681015    0.0938507750
   35.109061    -33.523546    0.0795336549
   35.109061    -28.366078    0.0674802419
   35.109061    -23.208609    0.0575884121
   35.109061    -18.051140    0.0497741638
   35.109061    -12.893672    0.0439710168
   35.109061     -7.736203    0.0401295316
   35.109061     -2.578734    0.0382169488
   35.109061      2.578734    0.0382169488
   35.109061      7.736203    0.0401295316
   35.109061     12.893672    0.0439710168
   35.109061     18.051140    0.0497741638
   35.109061     23.208609    0.0575884121
   35.109061     28.366078    0.0674802419
   35.109061     33.523546    0.0795336549
   35.109061     38.681015    0.0938507750

   39.790269    -38.681015    0.1015610108
   39.790269    -33.523546    0.0870248605
   39.790269    -28.366078    0.0747869227
   39.790269    -23.208609    0.0647435601
   39.790269    -18.051140    0.0568095344
   39.790269    -12.893672    0.0509173920
   39.790269     -7.736203    0.0470169727
   39.790269     -2.578734    0.0450750412
   39.790269      2.578734    0.0450750412
   39.790269      7.736203    0.0470169727
   39.790269     12.893672    0.0509173920
   39.790269     18.051140    0.0568095344
   39.790269     23.208609    0.0647435601
   39.790269     28.366078    0.0747869227
   39.790269     33.523546    0.0870248605
   39.790269     38.681015    0.1015610108

   44.471477    -38.681015    0.1090226294
   44.471477    -33.523546    0.0942637631
   44.471477    -28.366078    0.0818385161
   44.471477    -23.208609    0.0716413464
   44.471477    -18.051140    0.0635856348
   44.471477    -12.893672    0.0576029582
   44.471477     -7.736203    0.0536425079
   44.471477     -2.578734    0.0516706540
   44.471477      2.578734    0.0516706540
   44.471477      7.736203    0.0536425079
   44.471477     12.893672    0.0576029582
   44.471477     18.051140    0.0635856348
   44.471477     23.208609    0.0716413464
   44.471477     28.366078    0.0818385161
   44.471477     33.523546    0.0942637631
   44.471477     38.681015    0.1090226294

