  -50.619018    -92.332122    0.0294035731
  -50.619018    -80.021172    0.0272286143
  -50.619018    -67.710222    0.0254897617
  -50.619018    -55.399273    0.0241449316
  -50.619018    -43.088323    0.0231659714
  -50.619018    -30.777374    0.0225396357
  -50.619018    -18.466424    0.0222670126
  -50.619018     -6.155475    0.0223619444
  -50.619018      6.155475    0.0228488842
  -50.619018     18.466424    0.0237605310
  -50.619018     30.777374    0.0251354805
  -50.619018     43.088323    0.0270160315
  -50.619018     55.399273    0.0294461859
  -50.619018     67.710222    0.0324697755
  -50.619018     80.021172    0.0361285536
  -50.619018     92.332122    0.0404599821

  -43.869816    -92.332122    0.0236282028
  -43.869816    -80.021172    0.0215644225
  -43.869816    -67.710222    0.0199056560
  -43.869816    -55.399273    0.0186222610
  -43.869816    -43.088323    0.0176769336
  -43.869816    -30.777374    0.0170440259
  -43.869816    -18.466424    0.0167163187
  -43.869816     -6.155475    0.0167045958
  -43.869816      6.155475    0.0170340917
  -43.869816     18.466424    0.0177406012
  -43.869816     30.777374    0.0188677612
  -43.869816     43.088323    0.0204657355
  -43.869816     55.399273    0.0225902529
  -43.869816     67.710222    0.0252996718
  -43.869816     80.021172    0.0286464599
  -43.869816     92.332122    0.0326582048

  -37.120613    -92.332122    0.0186472466
  -37.120613    -80.021172    0.0166544248
  -37.120613    -67.710222    0.0150819939
  -37.120613    -55.399273    0.0138705977
  -37.120613    -43.088323    0.0129704083
  -37.120613    -30.777374    0.0123484034
  -37.120613    -18.466424    0.0119909101
  -37.120613     -6.155475    0.0119031632
  -37.120613      6.155475    0.0121072464
  -37.120613     18.466424    0.0126393936
  -37.120613     30.777374    0.0135472496
  -37.120613     43.088323    0.0148873009
  -37.120613     55.399273    0.0167223031
  -37.120613     67.710222    0.0191181495
  -37.120613     80.021172    0.0221392382
  -37.120613     92.332122    0.0258410110

  -30.371411    -92.332122    0.0144922583
  -30.371411    -80.021172    0.0125457069
  -30.371411    -67.710222    0.0110381290
  -30.371411    -55.399273    0.0098893952
  -30.371411    -43.088323    0.0090376061
  -30.371411    -30.777374    0.0084403002
  -30.371411    -18.466424    0.0080751268
  -30.371411     -6.155475    0.0079397741
  -30.371411      6.155475    0.0080510410
  -30.371411     18.466424    0.0084430398
  -30.371411     30.777374    0.0091646162
  -30.371411     43.088323    0.0102761729
  -30.371411     55.399273    0.0118461792
  -30.371411     67.710222    0.0139477515
  -30.371411     80.021172    0.0166557861
  -30.371411     92.332122    0.0200452239

  -23.622208    -92.332122    0.0111992901
  -23.622208    -80.021172    0.0092672120
  -23.622208    -67.710222    0.0077930239
  -23.622208    -55.399273    0.0066874620
  -23.622208    -43.088323    0.0058779728
  -23.622208    -30.777374    0.0053110542
  -23.622208    -18.466424    0.0049538912
  -23.622208     -6.155475    0.0047950876
  -23.622208      6.155475    0.0048443829
  -23.622208     18.466424    0.0051313407
  -23.622208     30.777374    0.0057030818
  -23.622208     43.088323    0.0066212318
  -23.622208     55.399273    0.0079583406
  -23.622208     67.710222    0.0097941280
  -23.622208     80.021172    0.0122119964
  -23.622208     92.332122    0.0152963486

  -16.873006    -92.332122    0.0088069979
  -16.873006    -80.021172    0.0068472785
  -16.873006    -67.710222    0.0053699657
  -16.873006    -55.399273    0.0042806717
  -16.873006    -43.088323    0.0034978427
  -16.873006    -30.777374    0.0029573751
  -16.873006    -18.466424    0.0026156826
  -16.873006     -6.155475    0.0024513457
  -16.873006      6.155475    0.0024654760
  -16.873006     18.466424    0.0026809340
  -16.873006     30.777374    0.0031405406
  -16.873006     43.088323    0.0039044262
  -16.873006     55.399273    0.0050466657
  -16.873006     67.710222    0.0066513507
  -16.873006     80.021172    0.0088082528
  -16.873006     92.332122    0.0116082378

  -10.123804    -92.332122    0.0073544410
  -10.123804    -80.021172    0.0053189212
  -10.123804    -67.710222    0.0037973532
  -10.123804    -55.399273    0.0026904935
  -10.123804    -43.088323    0.0019097584
  -10.123804    -30.777374    0.0013822350
  -10.123804    -18.466424    0.0010544171
  -10.123804     -6.155475    0.0008946591
  -10.123804      6.155475    0.0008943716
  -10.123804     18.466424    0.0010680058
  -10.123804     30.777374    0.0014519013
  -10.123804     43.088323    0.0021020988
  -10.123804     55.399273    0.0030912443
  -10.123804     67.710222    0.0045047390
  -10.123804     80.021172    0.0064363149
  -10.123804     92.332122    0.0089832417

   -3.374601    -92.332122    0.0068787537
   -3.374601    -80.021172    0.0047183246
   -3.374601    -67.710222    0.0031071843
   -3.374601    -55.399273    0.0019427672
   -3.374601    -43.088323    0.0011318974
   -3.374601    -30.777374    0.0005950886
   -3.374601    -18.466424    0.0002704114
   -3.374601     -6.155475    0.0001165774
   -3.374601      6.155475    0.0001149865
   -3.374601     18.466424    0.0002705823
   -3.374601     30.777374    0.0006114532
   -3.374601     43.088323    0.0011872176
   -3.374601     55.399273    0.0020663260
   -3.374601     67.710222    0.0033325087
   -3.374601     80.021172    0.0050806974
   -3.374601     92.332122    0.0074128424

    3.374601    -92.332122    0.0074128424
    3.374601    -80.021172    0.0050806974
    3.374601    -67.710222    0.0033325087
    3.374601    -55.399273    0.0020663260
    3.374601    -43.088323    0.0011872176
    3.374601    -30.777374    0.0006114532
    3.374601    -18.466424    0.0002705823
    3.374601     -6.155475    0.0001149865
    3.374601      6.155475    0.0001165774
    3.374601     18.466424    0.0002704114
    3.374601     30.777374    0.0005950886
    3.374601     43.088323    0.0011318974
    3.374601     55.399273    0.0019427672
    3.374601     67.710222    0.0031071843
    3.374601     80.021172    0.0047183246
    3.374601     92.332122    0.0068787537

   10.123804    -92.332122    0.0089832417
   10.123804    -80.021172    0.0064363149
   10.123804    -67.710222    0.0045047390
   10.123804    -55.399273    0.0030912443
   10.123804    -43.088323    0.0021020988
   10.123804    -30.777374    0.0014519013
   10.123804    -18.466424    0.0010680058
   10.123804     -6.155475    0.0008943716
   10.123804      6.155475    0.0008946591
   10.123804     18.466424    0.0010544171
   10.123804     30.777374    0.0013822350
   10.123804     43.088323    0.0019097584
   10.123804     55.399273    0.0026904935
   10.123804     67.710222    0.0037973532
   10.123804     80.021172    0.0053189212
   10.123804     92.332122    0.0073544410

   16.873006    -92.332122    0.0116082378
   16.873006    -80.021172    0.0088082528
   16.873006    -67.710222    0.0066513507
   16.873006    -55.399273    0.0050466657
   16.873006    -43.088323    0.0039044262
   16.873006    -30.777374    0.0031405406
   16.873006    -18.466424    0.0026809340
   16.873006     -6.155475    0.0024654760
   16.873006      6.155475    0.0024513457
   16.873006     18.466424    0.0026156826
   16.873006     30.777374    0.0029573751
   16.873006     43.088323    0.0034978427
   16.873006     55.399273    0.0042806717
   16.873006     67.710222    0.0053699657
   16.873006     80.021172    0.0068472785
   16.873006     92.332122    0.0088069979

   23.622208    -92.332122    0.0152963486
   23.622208    -80.021172    0.0122119964
   23.622208    -67.710222    0.0097941280
   23.622208    -55.399273    0.0079583406
   23.622208    -43.088323    0.0066212318
   23.622208    -30.777374    0.0057030818
   23.622208    -18.466424    0.0051313407
   23.622208     -6.155475    0.0048443829
   23.622208      6.155475    0.0047950876
   23.622208     18.466424    0.0049538912
   23.622208     30.777374    0.0053110542
   23.622208     43.088323    0.0058779728
   23.622208     55.399273    0.0066874620
   23.622208     67.710222    0.0077930239
   23.622208     80.021172    0.0092672120
   23.622208     92.332122    0.0111992901

   30.371411    -92.332122    0.0200452239
   30.371411    -80.021172    0.0166557861
   30.371411    -67.710222    0.0139477515
   30.371411    -55.399273    0.0118461792
   30.371411    -43.088323    0.0102761729
   30.371411    -30.777374    0.0091646162
   30.371411    -18.466424    0.0084430398
   30.371411     -6.155475    0.0080510410
   30.371411      6.155475    0.0079397741
   30.371411     18.466424    0.0080751268
   30.371411     30.777374    0.0084403002
   30.371411     43.088323    0.0090376061
   30.371411     55.399273    0.0098893952
   30.371411     67.710222    0.0110381290
   30.371411     80.021172    0.0125457069
   30.371411     92.332122    0.0144922583

   37.120613    -92.332122    0.0258410110
   37.120613    -80.021172    0.0221392382
   37.120613    -67.710222    0.0191181495
   37.120613    -55.399273    0.0167223031
   37.120613    -43.088323    0.0148873009
   37.120613    -30.777374    0.0135472496
   37.120613    -18.466424    0.0126393936
   37.120613     -6.155475    0.0121072464
   37.120613      6.155475    0.0119031632
   37.120613     18.466424    0.0119909101
   37.120613     30.777374    0.0123484034
   37.120613     43.088323    0.0129704083
   37.120613     55.399273    0.0138705977
   37.120613     67.710222    0.0150819939
   37.120613     80.021172    0.0166544248
   37.120613     92.332122    0.0186472466

   43.869816    -92.332122    0.0326582048
   43.869816    -80.021172    0.0286464599
   43.869816    -67.710222    0.0252996718
   43.869816    -55.399273    0.0225902529
   43.869816    -43.088323    0.0204657355
   43.869816    -30.777374    0.0188677612
   43.869816    -18.466424    0.0177406012
   43.869816     -6.155475    0.0170340917
   43.869816      6.155475    0.0167045958
   43.869816     18.466424    0.0167163187
   43.869816     30.777374    0.0170440259
   43.869816     43.088323    0.0176769336
   43.869816     55.399273    0.0186222610
   43.869816     67.710222    0.0199056560
   43.869816     80.021172    0.0215644225
   43.869816     92.332122    0.0236282028

   50.619018    -92.332122    0.0404599821
   50.619018    -80.021172    0.0361285536
   50.619018    -67.710222    0.0324697755
   50.619018    -55.399273    0.0294461859
   50.619018    -43.088323    0.0270160315
   50.619018    -30.777374    0.0251354805
   50.619018    -18.466424    0.0237605310
   50.619018     -6.155475    0.0228488842
   50.619018      6.155475    0.0223619444
   50.619018     18.466424    0.0222670126
   50.619018     30.777374    0.0225396357
   50.619018     43.088323    0.0231659714
   50.619018     55.399273    0.0241449316
   50.619018     67.710222    0.0254897617
   50.619018     80.021172    0.0272286143
   50.619018     92.332122    0.0294035731

