  -34.795266    -47.136383    0.0961859275
  -34.795266    -40.851532    0.0942101338
  -34.795266    -34.566681    0.0927783428
  -34.795266    -28.281830    0.0917374818
  -34.795266    -21.996979    0.0909487773
  -34.795266    -15.712128    0.0902982234
  -34.795266     -9.427277    0.0897059003
  -34.795266     -3.142426    0.0891329401
  -34.795266      3.142426    0.0885853160
  -34.795266      9.427277    0.0881140144
  -34.795266     15.712128    0.0878115246
  -34.795266     21.996979    0.0878049639
  -34.795266     28.281830    0.0882465362
  -34.795266     34.566681    0.0893023982
  -34.795266     40.851532    0.0911413934
  -34.795266     47.136383    0.0939254869

  -30.155897    -47.136383    0.0771746191
  -30.155897    -40.851532    0.0736218351
  -30.155897    -34.566681    0.0708752123
  -30.155897    -28.281830    0.0686736757
  -30.155897    -21.996979    0.0669189057
  -30.155897    -15.712128    0.0655581363
  -30.155897     -9.427277    0.0645476638
  -30.155897     -3.142426    0.0638576800
  -30.155897      3.142426    0.0634892806
  -30.155897      9.427277    0.0634847374
  -30.155897     15.712128    0.0639223595
  -30.155897     21.996979    0.0648975077
  -30.155897     28.281830    0.0665015616
  -30.155897     34.566681    0.0688208789
  -30.155897     40.851532    0.0719880200
  -30.155897     47.136383    0.0763277538

  -25.516528    -47.136383    0.0620716784
  -25.516528    -40.851532    0.0574072848
  -25.516528    -34.566681    0.0535645004
  -25.516528    -28.281830    0.0504284869
  -25.516528    -21.996979    0.0479330857
  -25.516528    -15.712128    0.0460325878
  -25.516528     -9.427277    0.0446947419
  -25.516528     -3.142426    0.0439040791
  -25.516528      3.142426    0.0436674934
  -25.516528      9.427277    0.0440168735
  -25.516528     15.712128    0.0450064394
  -25.516528     21.996979    0.0467052966
  -25.516528     28.281830    0.0491885775
  -25.516528     34.566681    0.0525333988
  -25.516528     40.851532    0.0568287198
  -25.516528     47.136383    0.0622110477

  -20.877160    -47.136383    0.0502961987
  -20.877160    -40.851532    0.0447730162
  -20.877160    -34.566681    0.0401042314
  -20.877160    -28.281830    0.0362617989
  -20.877160    -21.996979    0.0332028583
  -20.877160    -15.712128    0.0308901276
  -20.877160     -9.427277    0.0293008929
  -20.877160     -3.142426    0.0284293300
  -20.877160      3.142426    0.0282856970
  -20.877160      9.427277    0.0288947370
  -20.877160     15.712128    0.0302944332
  -20.877160     21.996979    0.0325350593
  -20.877160     28.281830    0.0356772701
  -20.877160     34.566681    0.0397867794
  -20.877160     40.851532    0.0449219746
  -20.877160     47.136383    0.0511096158

  -16.237791    -47.136383    0.0413899182
  -16.237791    -40.851532    0.0352058903
  -16.237791    -34.566681    0.0299417349
  -16.237791    -28.281830    0.0255842902
  -16.237791    -21.996979    0.0221068415
  -16.237791    -15.712128    0.0194860119
  -16.237791     -9.427277    0.0177089881
  -16.237791     -3.142426    0.0167751540
  -16.237791      3.142426    0.0166951725
  -16.237791      9.427277    0.0174895296
  -16.237791     15.712128    0.0191875181
  -16.237791     21.996979    0.0218266129
  -16.237791     28.281830    0.0254511553
  -16.237791     34.566681    0.0301082341
  -16.237791     40.851532    0.0358376220
  -16.237791     47.136383    0.0426515918

  -11.598422    -47.136383    0.0350026497
  -11.598422    -40.851532    0.0283441547
  -11.598422    -34.566681    0.0226648897
  -11.598422    -28.281830    0.0179466013
  -11.598422    -21.996979    0.0141734198
  -11.598422    -15.712128    0.0113340376
  -11.598422     -9.427277    0.0094234462
  -11.598422     -3.142426    0.0084440698
  -11.598422      3.142426    0.0084061883
  -11.598422      9.427277    0.0093276051
  -11.598422     15.712128    0.0112325676
  -11.598422     21.996979    0.0141500120
  -11.598422     28.281830    0.0181112563
  -11.598422     34.566681    0.0231473287
  -11.598422     40.851532    0.0292861713
  -11.598422     47.136383    0.0365500223

   -6.959053    -47.136383    0.0308811077
   -6.959053    -40.851532    0.0239224587
   -6.959053    -34.566681    0.0179760700
   -6.959053    -28.281830    0.0130265324
   -6.959053    -21.996979    0.0090647512
   -6.959053    -15.712128    0.0060859219
   -6.959053     -9.427277    0.0040895245
   -6.959053     -3.142426    0.0030801069
   -6.959053      3.142426    0.0030679490
   -6.959053      9.427277    0.0040690310
   -6.959053     15.712128    0.0061040490
   -6.959053     21.996979    0.0091965498
   -6.959053     28.281830    0.0133705803
   -6.959053     34.566681    0.0186485738
   -6.959053     40.851532    0.0250505202
   -6.959053     47.136383    0.0325957913

   -2.319684    -47.136383    0.0288608093
   -2.319684    -40.851532    0.0217587139
   -2.319684    -34.566681    0.0156801598
   -2.319684    -28.281830    0.0106170304
   -2.319684    -21.996979    0.0065635224
   -2.319684    -15.712128    0.0035169525
   -2.319684     -9.427277    0.0014785722
   -2.319684     -3.142426    0.0004541639
   -2.319684      3.142426    0.0004542509
   -2.319684      9.427277    0.0014938139
   -2.319684     15.712128    0.0035914647
   -2.319684     21.996979    0.0067680905
   -2.319684     28.281830    0.0110450376
   -2.319684     34.566681    0.0164419659
   -2.319684     40.851532    0.0229745641
   -2.319684     47.136383    0.0306523754

    2.319684    -47.136383    0.0288608093
    2.319684    -40.851532    0.0217587139
    2.319684    -34.566681    0.0156801598
    2.319684    -28.281830    0.0106170304
    2.319684    -21.996979    0.0065635224
    2.319684    -15.712128    0.0035169525
    2.319684     -9.427277    0.0014785722
    2.319684     -3.142426    0.0004541639
    2.319684      3.142426    0.0004542509
    2.319684      9.427277    0.0014938139
    2.319684     15.712128    0.0035914647
    2.319684     21.996979    0.0067680905
    2.319684     28.281830    0.0110450376
    2.319684     34.566681    0.0164419659
    2.319684     40.851532    0.0229745641
    2.319684     47.136383    0.0306523754

    6.959053    -47.136383    0.0308811077
    6.959053    -40.851532    0.0239224587
    6.959053    -34.566681    0.0179760700
    6.959053    -28.281830    0.0130265324
    6.959053    -21.996979    0.0090647512
    6.959053    -15.712128    0.0060859219
    6.959053     -9.427277    0.0040895245
    6.959053     -3.142426    0.0030801069
    6.959053      3.142426    0.0030679490
    6.959053      9.427277    0.0040690310
    6.959053     15.712128    0.0061040490
    6.959053     21.996979    0.0091965498
    6.959053     28.281830    0.0133705803
    6.959053     34.566681    0.0186485738
    6.959053     40.851532    0.0250505202
    6.959053     47.136383    0.0325957913

   11.598422    -47.136383    0.0350026497
   11.598422    -40.851532    0.0283441547
   11.598422    -34.566681    0.0226648897
   11.598422    -28.281830    0.0179466013
   11.598422    -21.996979    0.0141734198
   11.598422    -15.712128    0.0113340376
   11.598422     -9.427277    0.0094234462
   11.598422     -3.142426    0.0084440698
   11.598422      3.142426    0.0084061883
   11.598422      9.427277    0.0093276051
   11.598422     15.712128    0.0112325676
   11.598422     21.996979    0.0141500120
   11.598422     28.281830    0.0181112563
   11.598422     34.566681    0.0231473287
   11.598422     40.851532    0.0292861713
   11.598422     47.136383    0.0365500223

   16.237791    -47.136383    0.0413899182
   16.237791    -40.851532    0.0352058903
   16.237791    -34.566681    0.0299417349
   16.237791    -28.281830    0.0255842902
   16.237791    -21.996979    0.0221068415
   16.237791    -15.712128    0.0194860119
   16.237791     -9.427277    0.0177089881
   16.237791     -3.142426    0.0167751540
   16.237791      3.142426    0.0166951725
   16.237791      9.427277    0.0174895296
   16.237791     15.712128    0.0191875181
   16.237791     21.996979    0.0218266129
   16.237791     28.281830    0.0254511553
   16.237791     34.566681    0.0301082341
   16.237791     40.851532    0.0358376220
   16.237791     47.136383    0.0426515918

   20.877160    -47.136383    0.0502961987
   20.877160    -40.851532    0.0447730162
   20.877160    -34.566681    0.0401042314
   20.877160    -28.281830    0.0362617989
   20.877160    -21.996979    0.0332028583
   20.877160    -15.712128    0.0308901276
   20.877160     -9.427277    0.0293008929
   20.877160     -3.142426    0.0284293300
   20.877160      3.142426    0.0282856970
   20.877160      9.427277    0.0288947370
   20.877160     15.712128    0.0302944332
   20.877160     21.996979    0.0325350593
   20.877160     28.281830    0.0356772701
   20.877160     34.566681    0.0397867794
   20.877160     40.851532    0.0449219746
   20.877160     47.136383    0.0511096158

   25.516528    -47.136383    0.0620716784
   25.516528    -40.851532    0.0574072848
   25.516528    -34.566681    0.0535645004
   25.516528    -28.281830    0.0504284869
   25.516528    -21.996979    0.0479330857
   25.516528    -15.712128    0.0460325878
   25.516528     -9.427277    0.0446947419
   25.516528     -3.142426    0.0439040791
   25.516528      3.142426    0.0436674934
   25.516528      9.427277    0.0440168735
   25.516528     15.712128    0.0450064394
   25.516528     21.996979    0.0467052966
   25.516528     28.281830    0.0491885775
   25.516528     34.566681    0.0525333988
   25.516528     40.851532    0.0568287198
   25.516528     47.136383    0.0622110477

   30.155897    -47.136383    0.0771746191
   30.155897    -40.851532    0.0736218351
   30.155897    -34.566681    0.0708752123
   30.155897    -28.281830    0.0686736757
   30.155897    -21.996979    0.0669189057
   30.155897    -15.712128    0.0655581363
   30.155897     -9.427277    0.0645476638
   30.155897     -3.142426    0.0638576800
   30.155897      3.142426    0.0634892806
   30.155897      9.427277    0.0634847374
   30.155897     15.712128    0.0639223595
   30.155897     21.996979    0.0648975077
   30.155897     28.281830    0.0665015616
   30.155897     34.566681    0.0688208789
   30.155897     40.851532    0.0719880200
   30.155897     47.136383    0.0763277538

   34.795266    -47.136383    0.0961859275
   34.795266    -40.851532    0.0942101338
   34.795266    -34.566681    0.0927783428
   34.795266    -28.281830    0.0917374818
   34.795266    -21.996979    0.0909487773
   34.795266    -15.712128    0.0902982234
   34.795266     -9.427277    0.0897059003
   34.795266     -3.142426    0.0891329401
   34.795266      3.142426    0.0885853160
   34.795266      9.427277    0.0881140144
   34.795266     15.712128    0.0878115246
   34.795266     21.996979    0.0878049639
   34.795266     28.281830    0.0882465362
   34.795266     34.566681    0.0893023982
   34.795266     40.851532    0.0911413934
   34.795266     47.136383    0.0939254869

