  -47.136383    -48.827424   -0.0003417881
  -47.136383    -42.317101   -0.0002929881
  -47.136383    -35.806778   -0.0002667430
  -47.136383    -29.296454   -0.0002478082
  -47.136383    -22.786131   -0.0002238497
  -47.136383    -16.275808   -0.0001859014
  -47.136383     -9.765485   -0.0001283354
  -47.136383     -3.255162   -0.0000484742
  -47.136383      3.255162    0.0000540452
  -47.136383      9.765485    0.0001780637
  -47.136383     16.275808    0.0003217797
  -47.136383     22.786131    0.0004836629
  -47.136383     29.296454    0.0006633723
  -47.136383     35.806778    0.0008626646
  -47.136383     42.317101    0.0010863018
  -47.136383     48.827424    0.0013429841

  -40.851532    -48.827424   -0.0001807021
  -40.851532    -42.317101   -0.0001653519
  -40.851532    -35.806778   -0.0001385415
  -40.851532    -29.296454   -0.0001264436
  -40.851532    -22.786131   -0.0001198469
  -40.851532    -16.275808   -0.0001051861
  -40.851532     -9.765485   -0.0000752261
  -40.851532     -3.255162   -0.0000289083
  -40.851532      3.255162    0.0000325881
  -40.851532      9.765485    0.0001089630
  -40.851532     16.275808    0.0002009344
  -40.851532     22.786131    0.0003076972
  -40.851532     29.296454    0.0004244439
  -40.851532     35.806778    0.0005451451
  -40.851532     42.317101    0.0006782339
  -40.851532     48.827424    0.0008852907

  -34.566681    -48.827424   -0.0000879722
  -34.566681    -42.317101   -0.0000650643
  -34.566681    -35.806778   -0.0000543878
  -34.566681    -29.296454   -0.0000535602
  -34.566681    -22.786131   -0.0000546745
  -34.566681    -16.275808   -0.0000507951
  -34.566681     -9.765485   -0.0000380212
  -34.566681     -3.255162   -0.0000151536
  -34.566681      3.255162    0.0000175206
  -34.566681      9.765485    0.0000593288
  -34.566681     16.275808    0.0001097255
  -34.566681     22.786131    0.0001682604
  -34.566681     29.296454    0.0002345688
  -34.566681     35.806778    0.0003094678
  -34.566681     42.317101    0.0003987659
  -34.566681     48.827424    0.0005219101

  -28.281830    -48.827424   -0.0000479646
  -28.281830    -42.317101   -0.0000221789
  -28.281830    -35.806778   -0.0000151494
  -28.281830    -29.296454   -0.0000159556
  -28.281830    -22.786131   -0.0000184366
  -28.281830    -16.275808   -0.0000189005
  -28.281830     -9.765485   -0.0000151817
  -28.281830     -3.255162   -0.0000063398
  -28.281830      3.255162    0.0000075104
  -28.281830      9.765485    0.0000255507
  -28.281830     16.275808    0.0000469079
  -28.281830     22.786131    0.0000715180
  -28.281830     29.296454    0.0001009284
  -28.281830     35.806778    0.0001385618
  -28.281830     42.317101    0.0001887708
  -28.281830     48.827424    0.0002538123

  -21.996979    -48.827424   -0.0000420838
  -21.996979    -42.317101   -0.0000181921
  -21.996979    -35.806778   -0.0000072663
  -21.996979    -29.296454   -0.0000039500
  -21.996979    -22.786131   -0.0000039758
  -21.996979    -16.275808   -0.0000044337
  -21.996979     -9.765485   -0.0000037701
  -21.996979     -3.255162   -0.0000015752
  -21.996979      3.255162    0.0000017847
  -21.996979      9.765485    0.0000056323
  -21.996979     16.275808    0.0000094829
  -21.996979     22.786131    0.0000135259
  -21.996979     29.296454    0.0000190263
  -21.996979     35.806778    0.0000285811
  -21.996979     42.317101    0.0000461717
  -21.996979     48.827424    0.0000769475

  -15.712128    -48.827424   -0.0000500726
  -15.712128    -42.317101   -0.0000279457
  -15.712128    -35.806778   -0.0000142677
  -15.712128    -29.296454   -0.0000069611
  -15.712128    -22.786131   -0.0000033268
  -15.712128    -16.275808   -0.0000013817
  -15.712128     -9.765485   -0.0000002159
  -15.712128     -3.255162    0.0000002012
  -15.712128      3.255162   -0.0000005623
  -15.712128      9.765485   -0.0000029821
  -15.712128     16.275808   -0.0000072730
  -15.712128     22.786131   -0.0000132105
  -15.712128     29.296454   -0.0000199831
  -15.712128     35.806778   -0.0000258785
  -15.712128     42.317101   -0.0000274978
  -15.712128     48.827424   -0.0000180888

   -9.427277    -48.827424   -0.0000514630
   -9.427277    -42.317101   -0.0000325758
   -9.427277    -35.806778   -0.0000208184
   -9.427277    -29.296454   -0.0000128390
   -9.427277    -22.786131   -0.0000071429
   -9.427277    -16.275808   -0.0000031321
   -9.427277     -9.765485   -0.0000006443
   -9.427277     -3.255162    0.0000002359
   -9.427277      3.255162   -0.0000007386
   -9.427277      9.765485   -0.0000038801
   -9.427277     16.275808   -0.0000093996
   -9.427277     22.786131   -0.0000171677
   -9.427277     29.296454   -0.0000264546
   -9.427277     35.806778   -0.0000357599
   -9.427277     42.317101   -0.0000428950
   -9.427277     48.827424   -0.0000455393

   -3.142426    -48.827424   -0.0000270979
   -3.142426    -42.317101   -0.0000183153
   -3.142426    -35.806778   -0.0000131529
   -3.142426    -29.296454   -0.0000090774
   -3.142426    -22.786131   -0.0000056203
   -3.142426    -16.275808   -0.0000029010
   -3.142426     -9.765485   -0.0000010483
   -3.142426     -3.255162   -0.0000001107
   -3.142426      3.255162   -0.0000001452
   -3.142426      9.765485   -0.0000012818
   -3.142426     16.275808   -0.0000036616
   -3.142426     22.786131   -0.0000072508
   -3.142426     29.296454   -0.0000116361
   -3.142426     35.806778   -0.0000160108
   -3.142426     42.317101   -0.0000196639
   -3.142426     48.827424   -0.0000233873

    3.142426    -48.827424    0.0000393691
    3.142426    -42.317101    0.0000281598
    3.142426    -35.806778    0.0000213471
    3.142426    -29.296454    0.0000154877
    3.142426    -22.786131    0.0000101709
    3.142426    -16.275808    0.0000057552
    3.142426     -9.765485    0.0000025102
    3.142426     -3.255162    0.0000005146
    3.142426      3.255162   -0.0000001721
    3.142426      9.765485    0.0000006165
    3.142426     16.275808    0.0000030796
    3.142426     22.786131    0.0000071815
    3.142426     29.296454    0.0000123662
    3.142426     35.806778    0.0000175881
    3.142426     42.317101    0.0000221618
    3.142426     48.827424    0.0000280942

    9.427277    -48.827424    0.0001600934
    9.427277    -42.317101    0.0001212790
    9.427277    -35.806778    0.0000937662
    9.427277    -29.296454    0.0000693838
    9.427277    -22.786131    0.0000472499
    9.427277    -16.275808    0.0000283678
    9.427277     -9.765485    0.0000135805
    9.427277     -3.255162    0.0000033187
    9.427277      3.255162   -0.0000020224
    9.427277      9.765485   -0.0000018383
    9.427277     16.275808    0.0000044347
    9.427277     22.786131    0.0000166153
    9.427277     29.296454    0.0000330580
    9.427277     35.806778    0.0000507621
    9.427277     42.317101    0.0000675504
    9.427277     48.827424    0.0000879613

   15.712128    -48.827424    0.0003418846
   15.712128    -42.317101    0.0002725789
   15.712128    -35.806778    0.0002118925
   15.712128    -29.296454    0.0001580087
   15.712128    -22.786131    0.0001102999
   15.712128    -16.275808    0.0000689819
   15.712128     -9.765485    0.0000348843
   15.712128     -3.255162    0.0000092326
   15.712128      3.255162   -0.0000066228
   15.712128      9.765485   -0.0000115515
   15.712128     16.275808   -0.0000050469
   15.712128     22.786131    0.0000123725
   15.712128     29.296454    0.0000388610
   15.712128     35.806778    0.0000711842
   15.712128     42.317101    0.0001050773
   15.712128     48.827424    0.0001362461

   21.996979    -48.827424    0.0005853921
   21.996979    -42.317101    0.0004828381
   21.996979    -35.806778    0.0003776034
   21.996979    -29.296454    0.0002838378
   21.996979    -22.786131    0.0002017835
   21.996979    -16.275808    0.0001296651
   21.996979     -9.765485    0.0000678573
   21.996979     -3.255162    0.0000188134
   21.996979      3.255162   -0.0000146213
   21.996979      9.765485   -0.0000307488
   21.996979     16.275808   -0.0000295083
   21.996979     22.786131   -0.0000118739
   21.996979     29.296454    0.0000210227
   21.996979     35.806778    0.0000673648
   21.996979     42.317101    0.0001201807
   21.996979     48.827424    0.0001555331

   28.281830    -48.827424    0.0008847530
   28.281830    -42.317101    0.0007361525
   28.281830    -35.806778    0.0005850228
   28.281830    -29.296454    0.0004467364
   28.281830    -22.786131    0.0003221436
   28.281830    -16.275808    0.0002102152
   28.281830     -9.765485    0.0001123605
   28.281830     -3.255162    0.0000321942
   28.281830      3.255162   -0.0000264077
   28.281830      9.765485   -0.0000610596
   28.281830     16.275808   -0.0000714556
   28.281830     22.786131   -0.0000587627
   28.281830     29.296454   -0.0000247169
   28.281830     35.806778    0.0000277405
   28.281830     42.317101    0.0000895176
   28.281830     48.827424    0.0001324113

   34.566681    -48.827424    0.0012278321
   34.566681    -42.317101    0.0010058766
   34.566681    -35.806778    0.0008221647
   34.566681    -29.296454    0.0006432844
   34.566681    -22.786131    0.0004692461
   34.566681    -16.275808    0.0003082107
   34.566681     -9.765485    0.0001668457
   34.566681     -3.255162    0.0000490924
   34.566681      3.255162   -0.0000420325
   34.566681      9.765485   -0.0001031378
   34.566681     16.275808   -0.0001313600
   34.566681     22.786131   -0.0001273229
   34.566681     29.296454   -0.0000981747
   34.566681     35.806778   -0.0000568802
   34.566681     42.317101   -0.0000121076
   34.566681     48.827424    0.0000587911

   40.851532    -48.827424    0.0015971923
   40.851532    -42.317101    0.0012864815
   40.851532    -35.806778    0.0010798757
   40.851532    -29.296454    0.0008635245
   40.851532    -22.786131    0.0006358349
   40.851532    -16.275808    0.0004195805
   40.851532     -9.765485    0.0002293550
   40.851532     -3.255162    0.0000688830
   40.851532      3.255162   -0.0000608379
   40.851532      9.765485   -0.0001551254
   40.851532     16.275808   -0.0002070333
   40.851532     22.786131   -0.0002162404
   40.851532     29.296454   -0.0001985834
   40.851532     35.806778   -0.0001829469
   40.851532     42.317101   -0.0001757594
   40.851532     48.827424   -0.0000668826

   47.136383    -48.827424    0.0019719404
   47.136383    -42.317101    0.0016695039
   47.136383    -35.806778    0.0013729828
   47.136383    -29.296454    0.0010830505
   47.136383    -22.786131    0.0008033849
   47.136383    -16.275808    0.0005398967
   47.136383     -9.765485    0.0002998263
   47.136383     -3.255162    0.0000907372
   47.136383      3.255162   -0.0000805526
   47.136383      9.765485   -0.0002090447
   47.136383     16.275808   -0.0002925661
   47.136383     22.786131   -0.0003326203
   47.136383     29.296454   -0.0003349795
   47.136383     35.806778   -0.0003099003
   47.136383     42.317101   -0.0002718283
   47.136383     48.827424   -0.0002384431

