  -45.038700    -42.952389    0.0231300864
  -45.038700    -37.225404    0.0172935670
  -45.038700    -31.498419    0.0123327408
  -45.038700    -25.771434    0.0082283793
  -45.038700    -20.044448    0.0049643655
  -45.038700    -14.317463    0.0025277443
  -45.038700     -8.590478    0.0009087638
  -45.038700     -2.863493    0.0001009057
  -45.038700      2.863493    0.0001009057
  -45.038700      8.590478    0.0009087638
  -45.038700     14.317463    0.0025277443
  -45.038700     20.044448    0.0049643655
  -45.038700     25.771434    0.0082283793
  -45.038700     31.498419    0.0123327408
  -45.038700     37.225404    0.0172935670
  -45.038700     42.952389    0.0231300864

  -39.033540    -42.952389    0.0192881873
  -39.033540    -37.225404    0.0144195708
  -39.033540    -31.498419    0.0102823035
  -39.033540    -25.771434    0.0068598776
  -39.033540    -20.044448    0.0041385114
  -39.033540    -14.317463    0.0021071628
  -39.033540     -8.590478    0.0007575408
  -39.033540     -2.863493    0.0000841135
  -39.033540      2.863493    0.0000841135
  -39.033540      8.590478    0.0007575408
  -39.033540     14.317463    0.0021071628
  -39.033540     20.044448    0.0041385114
  -39.033540     25.771434    0.0068598776
  -39.033540     31.498419    0.0102823035
  -39.033540     37.225404    0.0144195708
  -39.033540     42.952389    0.0192881873

  -33.028380    -42.952389    0.0157054682
  -33.028380    -37.225404    0.0117400895
  -33.028380    -31.498419    0.0083709211
  -33.028380    -25.771434    0.0055842884
  -33.028380    -20.044448    0.0033687577
  -33.028380    -14.317463    0.0017151570
  -33.028380     -8.590478    0.0006165927
  -33.028380     -2.863493    0.0000684623
  -33.028380      2.863493    0.0000684623
  -33.028380      8.590478    0.0006165927
  -33.028380     14.317463    0.0017151570
  -33.028380     20.044448    0.0033687577
  -33.028380     25.771434    0.0055842884
  -33.028380     31.498419    0.0083709211
  -33.028380     37.225404    0.0117400895
  -33.028380     42.952389    0.0157054682

  -27.023220    -42.952389    0.0123672631
  -27.023220    -37.225404    0.0092439423
  -27.023220    -31.498419    0.0065905898
  -27.023220    -25.771434    0.0043963031
  -27.023220    -20.044448    0.0026519362
  -27.023220    -14.317463    0.0013501326
  -27.023220     -8.590478    0.0004853518
  -27.023220     -2.863493    0.0000538893
  -27.023220      2.863493    0.0000538893
  -27.023220      8.590478    0.0004853518
  -27.023220     14.317463    0.0013501326
  -27.023220     20.044448    0.0026519362
  -27.023220     25.771434    0.0043963031
  -27.023220     31.498419    0.0065905898
  -27.023220     37.225404    0.0092439423
  -27.023220     42.952389    0.0123672631

  -21.018060    -42.952389    0.0092593208
  -21.018060    -37.225404    0.0069203424
  -21.018060    -31.498419    0.0049335760
  -21.018060    -25.771434    0.0032907578
  -21.018060    -20.044448    0.0019849368
  -21.018060    -14.317463    0.0010105104
  -21.018060     -8.590478    0.0003632519
  -21.018060     -2.863493    0.0000403317
  -21.018060      2.863493    0.0000403317
  -21.018060      8.590478    0.0003632519
  -21.018060     14.317463    0.0010105104
  -21.018060     20.044448    0.0019849368
  -21.018060     25.771434    0.0032907578
  -21.018060     31.498419    0.0049335760
  -21.018060     37.225404    0.0069203424
  -21.018060     42.952389    0.0092593208

  -15.012900    -42.952389    0.0063678408
  -15.012900    -37.225404    0.0047588949
  -15.012900    -31.498419    0.0033924213
  -15.012900    -25.771434    0.0022626517
  -15.012900    -20.044448    0.0013647311
  -15.012900    -14.317463    0.0006947441
  -15.012900     -8.590478    0.0002497359
  -15.012900     -2.863493    0.0000277277
  -15.012900      2.863493    0.0000277277
  -15.012900      8.590478    0.0002497359
  -15.012900     14.317463    0.0006947441
  -15.012900     20.044448    0.0013647311
  -15.012900     25.771434    0.0022626517
  -15.012900     31.498419    0.0033924213
  -15.012900     37.225404    0.0047588949
  -15.012900     42.952389    0.0063678408

   -9.007740    -42.952389    0.0036795032
   -9.007740    -37.225404    0.0027495954
   -9.007740    -31.498419    0.0019599463
   -9.007740    -25.771434    0.0013071618
   -9.007740    -20.044448    0.0007883899
   -9.007740    -14.317463    0.0004013339
   -9.007740     -8.590478    0.0001442625
   -9.007740     -2.863493    0.0000160171
   -9.007740      2.863493    0.0000160171
   -9.007740      8.590478    0.0001442625
   -9.007740     14.317463    0.0004013339
   -9.007740     20.044448    0.0007883899
   -9.007740     25.771434    0.0013071618
   -9.007740     31.498419    0.0019599463
   -9.007740     37.225404    0.0027495954
   -9.007740     42.952389    0.0036795032

   -3.002580    -42.952389    0.0011814935
   -3.002580    -37.225404    0.0008828298
   -3.002580    -31.498419    0.0006292544
   -3.002580    -25.771434    0.0004196544
   -3.002580    -20.044448    0.0002530982
   -3.002580    -14.317463    0.0001288380
   -3.002580     -8.590478    0.0000463111
   -3.002580     -2.863493    0.0000051418
   -3.002580      2.863493    0.0000051418
   -3.002580      8.590478    0.0000463111
   -3.002580     14.317463    0.0001288380
   -3.002580     20.044448    0.0002530982
   -3.002580     25.771434    0.0004196544
   -3.002580     31.498419    0.0006292544
   -3.002580     37.225404    0.0008828298
   -3.002580     42.952389    0.0011814935

    3.002580    -42.952389   -0.0011384788
    3.002580    -37.225404   -0.0008506239
    3.002580    -31.498419   -0.0006062651
    3.002580    -25.771434   -0.0004043065
    3.002580    -20.044448   -0.0002438350
    3.002580    -14.317463   -0.0001241204
    3.002580     -8.590478   -0.0000446149
    3.002580     -2.863493   -0.0000049534
    3.002580      2.863493   -0.0000049534
    3.002580      8.590478   -0.0000446149
    3.002580     14.317463   -0.0001241204
    3.002580     20.044448   -0.0002438350
    3.002580     25.771434   -0.0004043065
    3.002580     31.498419   -0.0006062651
    3.002580     37.225404   -0.0008506239
    3.002580     42.952389   -0.0011384788

    9.007740    -42.952389   -0.0032921674
    9.007740    -37.225404   -0.0024595933
    9.007740    -31.498419   -0.0017529336
    9.007740    -25.771434   -0.0011689540
    9.007740    -20.044448   -0.0007049718
    9.007740    -14.317463   -0.0003588489
    9.007740     -8.590478   -0.0001289864
    9.007740     -2.863493   -0.0000143208
    9.007740      2.863493   -0.0000143208
    9.007740      8.590478   -0.0001289864
    9.007740     14.317463   -0.0003588489
    9.007740     20.044448   -0.0007049718
    9.007740     25.771434   -0.0011689540
    9.007740     31.498419   -0.0017529336
    9.007740     37.225404   -0.0024595933
    9.007740     42.952389   -0.0032921674

   15.012900    -42.952389   -0.0052907815
   15.012900    -37.225404   -0.0039525074
   15.012900    -31.498419   -0.0028167812
   15.012900    -25.771434   -0.0018783171
   15.012900    -20.044448   -0.0011327435
   15.012900    -14.317463   -0.0005765852
   15.012900     -8.590478   -0.0002072483
   15.012900     -2.863493   -0.0000230097
   15.012900      2.863493   -0.0000230097
   15.012900      8.590478   -0.0002072483
   15.012900     14.317463   -0.0005765852
   15.012900     20.044448   -0.0011327435
   15.012900     25.771434   -0.0018783171
   15.012900     31.498419   -0.0028167812
   15.012900     37.225404   -0.0039525074
   15.012900     42.952389   -0.0052907815

   21.018060    -42.952389   -0.0071449846
   21.018060    -37.225404   -0.0053373908
   21.018060    -31.498419   -0.0038035440
   21.018060    -25.771434   -0.0025362213
   21.018060    -20.044448   -0.0015294541
   21.018060    -14.317463   -0.0007784997
   21.018060     -8.590478   -0.0002798204
   21.018060     -2.863493   -0.0000310668
   21.018060      2.863493   -0.0000310668
   21.018060      8.590478   -0.0002798204
   21.018060     14.317463   -0.0007784997
   21.018060     20.044448   -0.0015294541
   21.018060     25.771434   -0.0025362213
   21.018060     31.498419   -0.0038035440
   21.018060     37.225404   -0.0053373908
   21.018060     42.952389   -0.0071449846

   27.023220    -42.952389   -0.0088648983
   27.023220    -37.225404   -0.0066218578
   27.023220    -31.498419   -0.0047186625
   27.023220    -25.771434   -0.0031462942
   27.023220    -20.044448   -0.0018972873
   27.023220    -14.317463   -0.0009657016
   27.023220     -8.590478   -0.0003471007
   27.023220     -2.863493   -0.0000385361
   27.023220      2.863493   -0.0000385361
   27.023220      8.590478   -0.0003471007
   27.023220     14.317463   -0.0009657016
   27.023220     20.044448   -0.0018972873
   27.023220     25.771434   -0.0031462942
   27.023220     31.498419   -0.0047186625
   27.023220     37.225404   -0.0066218578
   27.023220     42.952389   -0.0088648983

   33.028380    -42.952389   -0.0104601123
   33.028380    -37.225404   -0.0078131036
   33.028380    -31.498419   -0.0055672803
   33.028380    -25.771434   -0.0037119727
   33.028380    -20.044448   -0.0022383189
   33.028380    -14.317463   -0.0011392484
   33.028380     -8.590478   -0.0004094696
   33.028380     -2.863493   -0.0000454600
   33.028380      2.863493   -0.0000454600
   33.028380      8.590478   -0.0004094696
   33.028380     14.317463   -0.0011392484
   33.028380     20.044448   -0.0022383189
   33.028380     25.771434   -0.0037119727
   33.028380     31.498419   -0.0055672803
   33.028380     37.225404   -0.0078131036
   33.028380     42.952389   -0.0104601123

   39.033540    -42.952389   -0.0119397000
   39.033540    -37.225404   -0.0089178952
   39.033540    -31.498419   -0.0063542429
   39.033540    -25.771434   -0.0042365150
   39.033540    -20.044448   -0.0025545324
   39.033540    -14.317463   -0.0013001586
   39.033540     -8.590478   -0.0004672954
   39.033540     -2.863493   -0.0000518794
   39.033540      2.863493   -0.0000518794
   39.033540      8.590478   -0.0004672954
   39.033540     14.317463   -0.0013001586
   39.033540     20.044448   -0.0025545324
   39.033540     25.771434   -0.0042365150
   39.033540     31.498419   -0.0063542429
   39.033540     37.225404   -0.0089178952
   39.033540     42.952389   -0.0119397000

   45.038700    -42.952389   -0.0133122398
   45.038700    -37.225404   -0.0099425606
   45.038700    -31.498419   -0.0070840970
   45.038700    -25.771434   -0.0047230147
   45.038700    -20.044448   -0.0028478395
   45.038700    -14.317463   -0.0014494277
   45.038700     -8.590478   -0.0005209423
   45.038700     -2.863493   -0.0000578352
   45.038700      2.863493   -0.0000578352
   45.038700      8.590478   -0.0005209423
   45.038700     14.317463   -0.0014494277
   45.038700     20.044448   -0.0028478395
   45.038700     25.771434   -0.0047230147
   45.038700     31.498419   -0.0070840970
   45.038700     37.225404   -0.0099425606
   45.038700     42.952389   -0.0133122398

