  -42.952389    -48.827424    0.0534334126
  -42.952389    -42.317101    0.0476330645
  -42.952389    -35.806778    0.0427429224
  -42.952389    -29.296454    0.0387653215
  -42.952389    -22.786131    0.0357009362
  -42.952389    -16.275808    0.0335502198
  -42.952389     -9.765485    0.0323145160
  -42.952389     -3.255162    0.0319968423
  -42.952389      3.255162    0.0326023450
  -42.952389      9.765485    0.0341384258
  -42.952389     16.275808    0.0366145409
  -42.952389     22.786131    0.0400416707
  -42.952389     29.296454    0.0444314623
  -42.952389     35.806778    0.0497950433
  -42.952389     42.317101    0.0561415076
  -42.952389     48.827424    0.0634760723

  -37.225404    -48.827424    0.0462703377
  -37.225404    -42.317101    0.0403551648
  -37.225404    -35.806778    0.0353471890
  -37.225404    -29.296454    0.0312475610
  -37.225404    -22.786131    0.0280559764
  -37.225404    -16.275808    0.0257721197
  -37.225404     -9.765485    0.0243967753
  -37.225404     -3.255162    0.0239326035
  -37.225404      3.255162    0.0243845837
  -37.225404      9.765485    0.0257601228
  -37.225404     16.275808    0.0280688308
  -37.225404     22.786131    0.0313219617
  -37.225404     29.296454    0.0355315209
  -37.225404     35.806778    0.0407090389
  -37.225404     42.317101    0.0468640107
  -37.225404     48.827424    0.0540020020

  -31.498419    -48.827424    0.0401880633
  -31.498419    -42.317101    0.0341760776
  -31.498419    -35.806778    0.0290685703
  -31.498419    -29.296454    0.0248657938
  -31.498419    -22.786131    0.0215666505
  -31.498419    -16.275808    0.0191701695
  -31.498419     -9.765485    0.0176766401
  -31.498419     -3.255162    0.0170883996
  -31.498419      3.255162    0.0174102772
  -31.498419      9.765485    0.0186496933
  -31.498419     16.275808    0.0208164140
  -31.498419     22.786131    0.0239219612
  -31.498419     29.296454    0.0279786787
  -31.498419     35.806778    0.0329984525
  -31.498419     42.317101    0.0389910880
  -31.498419     48.827424    0.0459623416

  -25.771434    -48.827424    0.0351599384
  -25.771434    -42.317101    0.0290683680
  -25.771434    -35.806778    0.0238789723
  -25.771434    -29.296454    0.0195912797
  -25.771434    -22.786131    0.0162035420
  -25.771434    -16.275808    0.0137142453
  -25.771434     -9.765485    0.0121232664
  -25.771434     -3.255162    0.0114326739
  -25.771434      3.255162    0.0116471754
  -25.771434      9.765485    0.0127742093
  -25.771434     16.275808    0.0148236822
  -25.771434     22.786131    0.0178073515
  -25.771434     29.296454    0.0217378533
  -25.771434     35.806778    0.0266273757
  -25.771434     42.317101    0.0324859774
  -25.771434     48.827424    0.0393195509

  -20.044448    -48.827424    0.0311638460
  -20.044448    -42.317101    0.0250093004
  -20.044448    -35.806778    0.0197550947
  -20.044448    -29.296454    0.0154001621
  -20.044448    -22.786131    0.0119422292
  -20.044448    -16.275808    0.0093793500
  -20.044448     -9.765485    0.0077110773
  -20.044448     -3.255162    0.0069392722
  -20.044448      3.255162    0.0070685516
  -20.044448      9.765485    0.0081063734
  -20.044448     16.275808    0.0100627595
  -20.044448     22.786131    0.0129496571
  -20.044448     29.296454    0.0167799375
  -20.044448     35.806778    0.0215660327
  -20.044448     42.317101    0.0273182106
  -20.044448     48.827424    0.0340424873

  -14.317463    -48.827424    0.0281821529
  -14.317463    -42.317101    0.0219807693
  -14.317463    -35.806778    0.0166783697
  -14.317463    -29.296454    0.0122734167
  -14.317463    -22.786131    0.0087632348
  -14.317463    -16.275808    0.0061455552
  -14.317463     -9.765485    0.0044196943
  -14.317463     -3.255162    0.0035873649
  -14.317463      3.255162    0.0036531220
  -14.317463      9.765485    0.0046244411
  -14.317463     16.275808    0.0065114308
  -14.317463     22.786131    0.0093261784
  -14.317463     29.296454    0.0130817291
  -14.317463     35.806778    0.0177906993
  -14.317463     42.317101    0.0234635222
  -14.317463     48.827424    0.0301063286

   -8.590478    -48.827424    0.0262016695
   -8.590478    -42.317101    0.0199692441
   -8.590478    -35.806778    0.0146349139
   -8.590478    -29.296454    0.0101968109
   -8.590478    -22.786131    0.0066519856
   -8.590478    -16.275808    0.0039979550
   -8.590478     -9.765485    0.0022338817
   -8.590478     -3.255162    0.0013613845
   -8.590478      3.255162    0.0013849805
   -8.590478      9.765485    0.0023121587
   -8.590478     16.275808    0.0041530847
   -8.590478     22.786131    0.0069199373
   -8.590478     29.296454    0.0106258756
   -8.590478     35.806778    0.0152836389
   -8.590478     42.317101    0.0209037769
   -8.590478     48.827424    0.0274925116

   -2.863493    -48.827424    0.0252136193
   -2.863493    -42.317101    0.0189657274
   -2.863493    -35.806778    0.0136154918
   -2.863493    -29.296454    0.0091608733
   -2.863493    -22.786131    0.0055987832
   -2.863493    -16.275808    0.0029266315
   -2.863493     -9.765485    0.0011435055
   -2.863493     -3.255162    0.0002509784
   -2.863493      3.255162    0.0002535499
   -2.863493      9.765485    0.0011587161
   -2.863493     16.275808    0.0029766707
   -2.863493     22.786131    0.0057196374
   -2.863493     29.296454    0.0094008316
   -2.863493     35.806778    0.0140330541
   -2.863493     42.317101    0.0196269147
   -2.863493     48.827424    0.0261886868

    2.863493    -48.827424    0.0252136193
    2.863493    -42.317101    0.0189657274
    2.863493    -35.806778    0.0136154918
    2.863493    -29.296454    0.0091608733
    2.863493    -22.786131    0.0055987832
    2.863493    -16.275808    0.0029266315
    2.863493     -9.765485    0.0011435055
    2.863493     -3.255162    0.0002509784
    2.863493      3.255162    0.0002535499
    2.863493      9.765485    0.0011587161
    2.863493     16.275808    0.0029766707
    2.863493     22.786131    0.0057196374
    2.863493     29.296454    0.0094008316
    2.863493     35.806778    0.0140330541
    2.863493     42.317101    0.0196269147
    2.863493     48.827424    0.0261886868

    8.590478    -48.827424    0.0262016695
    8.590478    -42.317101    0.0199692441
    8.590478    -35.806778    0.0146349139
    8.590478    -29.296454    0.0101968109
    8.590478    -22.786131    0.0066519856
    8.590478    -16.275808    0.0039979550
    8.590478     -9.765485    0.0022338817
    8.590478     -3.255162    0.0013613845
    8.590478      3.255162    0.0013849805
    8.590478      9.765485    0.0023121587
    8.590478     16.275808    0.0041530847
    8.590478     22.786131    0.0069199373
    8.590478     29.296454    0.0106258756
    8.590478     35.806778    0.0152836389
    8.590478     42.317101    0.0209037769
    8.590478     48.827424    0.0274925116

   14.317463    -48.827424    0.0281821529
   14.317463    -42.317101    0.0219807693
   14.317463    -35.806778    0.0166783697
   14.317463    -29.296454    0.0122734167
   14.317463    -22.786131    0.0087632348
   14.317463    -16.275808    0.0061455552
   14.317463     -9.765485    0.0044196943
   14.317463     -3.255162    0.0035873649
   14.317463      3.255162    0.0036531220
   14.317463      9.765485    0.0046244411
   14.317463     16.275808    0.0065114308
   14.317463     22.786131    0.0093261784
   14.317463     29.296454    0.0130817291
   14.317463     35.806778    0.0177906993
   14.317463     42.317101    0.0234635222
   14.317463     48.827424    0.0301063286

   20.044448    -48.827424    0.0311638460
   20.044448    -42.317101    0.0250093004
   20.044448    -35.806778    0.0197550947
   20.044448    -29.296454    0.0154001621
   20.044448    -22.786131    0.0119422292
   20.044448    -16.275808    0.0093793500
   20.044448     -9.765485    0.0077110773
   20.044448     -3.255162    0.0069392722
   20.044448      3.255162    0.0070685516
   20.044448      9.765485    0.0081063734
   20.044448     16.275808    0.0100627595
   20.044448     22.786131    0.0129496571
   20.044448     29.296454    0.0167799375
   20.044448     35.806778    0.0215660327
   20.044448     42.317101    0.0273182106
   20.044448     48.827424    0.0340424873

   25.771434    -48.827424    0.0351599384
   25.771434    -42.317101    0.0290683680
   25.771434    -35.806778    0.0238789723
   25.771434    -29.296454    0.0195912797
   25.771434    -22.786131    0.0162035420
   25.771434    -16.275808    0.0137142453
   25.771434     -9.765485    0.0121232664
   25.771434     -3.255162    0.0114326739
   25.771434      3.255162    0.0116471754
   25.771434      9.765485    0.0127742093
   25.771434     16.275808    0.0148236822
   25.771434     22.786131    0.0178073515
   25.771434     29.296454    0.0217378533
   25.771434     35.806778    0.0266273757
   25.771434     42.317101    0.0324859774
   25.771434     48.827424    0.0393195509

   31.498419    -48.827424    0.0401880633
   31.498419    -42.317101    0.0341760776
   31.498419    -35.806778    0.0290685703
   31.498419    -29.296454    0.0248657938
   31.498419    -22.786131    0.0215666505
   31.498419    -16.275808    0.0191701695
   31.498419     -9.765485    0.0176766401
   31.498419     -3.255162    0.0170883996
   31.498419      3.255162    0.0174102772
   31.498419      9.765485    0.0186496933
   31.498419     16.275808    0.0208164140
   31.498419     22.786131    0.0239219612
   31.498419     29.296454    0.0279786787
   31.498419     35.806778    0.0329984525
   31.498419     42.317101    0.0389910880
   31.498419     48.827424    0.0459623416

   37.225404    -48.827424    0.0462703377
   37.225404    -42.317101    0.0403551648
   37.225404    -35.806778    0.0353471890
   37.225404    -29.296454    0.0312475610
   37.225404    -22.786131    0.0280559764
   37.225404    -16.275808    0.0257721197
   37.225404     -9.765485    0.0243967753
   37.225404     -3.255162    0.0239326035
   37.225404      3.255162    0.0243845837
   37.225404      9.765485    0.0257601228
   37.225404     16.275808    0.0280688308
   37.225404     22.786131    0.0313219617
   37.225404     29.296454    0.0355315209
   37.225404     35.806778    0.0407090389
   37.225404     42.317101    0.0468640107
   37.225404     48.827424    0.0540020020

   42.952389    -48.827424    0.0534334126
   42.952389    -42.317101    0.0476330645
   42.952389    -35.806778    0.0427429224
   42.952389    -29.296454    0.0387653215
   42.952389    -22.786131    0.0357009362
   42.952389    -16.275808    0.0335502198
   42.952389     -9.765485    0.0323145160
   42.952389     -3.255162    0.0319968423
   42.952389      3.255162    0.0326023450
   42.952389      9.765485    0.0341384258
   42.952389     16.275808    0.0366145409
   42.952389     22.786131    0.0400416707
   42.952389     29.296454    0.0444314623
   42.952389     35.806778    0.0497950433
   42.952389     42.317101    0.0561415076
   42.952389     48.827424    0.0634760723

