  -61.469935    -96.008735    0.0240065436
  -61.469935    -81.238160    0.0220637702
  -61.469935    -66.467585    0.0205402587
  -61.469935    -51.697011    0.0193784945
  -61.469935    -36.926436    0.0185287646
  -61.469935    -22.155862    0.0179480393
  -61.469935     -7.385287    0.0175990414
  -61.469935      7.385287    0.0174494691
  -61.469935     22.155862    0.0174713414
  -61.469935     36.926436    0.0176404426
  -61.469935     51.697011    0.0179358451
  -61.469935     66.467585    0.0183394971
  -61.469935     81.238160    0.0188358654
  -61.469935     96.008735    0.0194116302
  -61.469935    110.779309    0.0200554307
  -61.469935    125.549884    0.0207576713

  -53.273944    -96.008735    0.0194738946
  -53.273944    -81.238160    0.0175380674
  -53.273944    -66.467585    0.0160299522
  -53.273944    -51.697011    0.0148901486
  -53.273944    -36.926436    0.0140673532
  -53.273944    -22.155862    0.0135172075
  -53.273944     -7.385287    0.0132013361
  -53.273944      7.385287    0.0130865393
  -53.273944     22.155862    0.0131441103
  -53.273944     36.926436    0.0133492531
  -53.273944     51.697011    0.0136805808
  -53.273944     66.467585    0.0141196797
  -53.273944     81.238160    0.0146507315
  -53.273944     96.008735    0.0152601873
  -53.273944    110.779309    0.0159364962
  -53.273944    125.549884    0.0166698944

  -45.077952    -96.008735    0.0155974565
  -45.077952    -81.238160    0.0136674299
  -45.077952    -66.467585    0.0121728329
  -45.077952    -51.697011    0.0110524847
  -45.077952    -36.926436    0.0102536123
  -45.077952    -22.155862    0.0097306508
  -45.077952     -7.385287    0.0094442394
  -45.077952      7.385287    0.0093603758
  -45.077952     22.155862    0.0094497024
  -45.077952     36.926436    0.0096868966
  -45.077952     51.697011    0.0100501474
  -45.077952     66.467585    0.0105207041
  -45.077952     81.238160    0.0110824859
  -45.077952     96.008735    0.0117217511
  -45.077952    110.779309    0.0124268244
  -45.077952    125.549884    0.0131878907

  -36.881961    -96.008735    0.0123732685
  -36.881961    -81.238160    0.0104479634
  -36.881961    -66.467585    0.0089648318
  -36.881961    -51.697011    0.0078611250
  -36.881961    -36.926436    0.0070827799
  -36.881961    -22.155862    0.0065831755
  -36.881961     -7.385287    0.0063220897
  -36.881961      7.385287    0.0062648206
  -36.881961     22.155862    0.0063814435
  -36.881961     36.926436    0.0066461776
  -36.881961     51.697011    0.0070368432
  -36.881961     66.467585    0.0075343962
  -36.881961     81.238160    0.0081225289
  -36.881961     96.008735    0.0087873343
  -36.881961    110.779309    0.0095170345
  -36.881961    125.549884    0.0103017798

  -28.685970    -96.008735    0.0097979883
  -28.685970    -81.238160    0.0078763847
  -28.685970    -66.467585    0.0064025418
  -28.685970    -51.697011    0.0053124195
  -28.685970    -36.926436    0.0045508846
  -28.685970    -22.155862    0.0040704357
  -28.685970     -7.385287    0.0038301312
  -28.685970      7.385287    0.0037946849
  -28.685970     22.155862    0.0039337001
  -28.685970     36.926436    0.0042210171
  -28.685970     51.697011    0.0046341543
  -28.685970     66.467585    0.0051538289
  -28.685970     81.238160    0.0057635481
  -28.685970     96.008735    0.0064492664
  -28.685970    110.779309    0.0071991099
  -28.685970    125.549884    0.0080031751

  -20.489978    -96.008735    0.0078689153
  -20.489978    -81.238160    0.0059500424
  -20.489978    -66.467585    0.0044832273
  -20.489978    -51.697011    0.0034034472
  -20.489978    -36.926436    0.0026547469
  -20.489978    -22.155862    0.0021889431
  -20.489978     -7.385287    0.0019645346
  -20.489978      7.385287    0.0019457804
  -20.489978     22.155862    0.0021019182
  -20.489978     36.926436    0.0024064973
  -20.489978     51.697011    0.0028368069
  -20.489978     66.467585    0.0033733847
  -20.489978     81.238160    0.0039995982
  -20.489978     96.008735    0.0047012923
  -20.489978    110.779309    0.0054665067
  -20.489978    125.549884    0.0062852673

  -12.293987    -96.008735    0.0065840078
  -12.293987    -81.238160    0.0046669335
  -12.293987    -66.467585    0.0032048302
  -12.293987    -51.697011    0.0021320168
  -12.293987    -36.926436    0.0013919810
  -12.293987    -22.155862    0.0009360749
  -12.293987     -7.385287    0.0007224135
  -12.293987      7.385287    0.0007149442
  -12.293987     22.155862    0.0008826551
  -12.293987     36.926436    0.0011988982
  -12.293987     51.697011    0.0016408092
  -12.293987     66.467585    0.0021888066
  -12.293987     81.238160    0.0028261645
  -12.293987     96.008735    0.0035386517
  -12.293987    110.779309    0.0043142406
  -12.293987    125.549884    0.0051428911

   -4.097996    -96.008735    0.0059418973
   -4.097996    -81.238160    0.0040257156
   -4.097996    -66.467585    0.0025659758
   -4.097996    -51.697011    0.0014966669
   -4.097996    -36.926436    0.0007609960
   -4.097996    -22.155862    0.0003100792
   -4.097996     -7.385287    0.0001018368
   -4.097996      7.385287    0.0001000575
   -4.097996     22.155862    0.0002736025
   -4.097996     36.926436    0.0005957248
   -4.097996     51.697011    0.0010434826
   -4.097996     66.467585    0.0015972355
   -4.097996     81.238160    0.0022402107
   -4.097996     96.008735    0.0029581380
   -4.097996    110.779309    0.0037389527
   -4.097996    125.549884    0.0045725749

    4.097996    -96.008735    0.0059418973
    4.097996    -81.238160    0.0040257156
    4.097996    -66.467585    0.0025659758
    4.097996    -51.697011    0.0014966669
    4.097996    -36.926436    0.0007609960
    4.097996    -22.155862    0.0003100792
    4.097996     -7.385287    0.0001018368
    4.097996      7.385287    0.0001000575
    4.097996     22.155862    0.0002736025
    4.097996     36.926436    0.0005957248
    4.097996     51.697011    0.0010434826
    4.097996     66.467585    0.0015972355
    4.097996     81.238160    0.0022402107
    4.097996     96.008735    0.0029581380
    4.097996    110.779309    0.0037389527
    4.097996    125.549884    0.0045725749

   12.293987    -96.008735    0.0065840078
   12.293987    -81.238160    0.0046669335
   12.293987    -66.467585    0.0032048302
   12.293987    -51.697011    0.0021320168
   12.293987    -36.926436    0.0013919810
   12.293987    -22.155862    0.0009360749
   12.293987     -7.385287    0.0007224135
   12.293987      7.385287    0.0007149442
   12.293987     22.155862    0.0008826551
   12.293987     36.926436    0.0011988982
   12.293987     51.697011    0.0016408092
   12.293987     66.467585    0.0021888066
   12.293987     81.238160    0.0028261645
   12.293987     96.008735    0.0035386517
   12.293987    110.779309    0.0043142406
   12.293987    125.549884    0.0051428911

   20.489978    -96.008735    0.0078689153
   20.489978    -81.238160    0.0059500424
   20.489978    -66.467585    0.0044832273
   20.489978    -51.697011    0.0034034472
   20.489978    -36.926436    0.0026547469
   20.489978    -22.155862    0.0021889431
   20.489978     -7.385287    0.0019645346
   20.489978      7.385287    0.0019457804
   20.489978     22.155862    0.0021019182
   20.489978     36.926436    0.0024064973
   20.489978     51.697011    0.0028368069
   20.489978     66.467585    0.0033733847
   20.489978     81.238160    0.0039995982
   20.489978     96.008735    0.0047012923
   20.489978    110.779309    0.0054665067
   20.489978    125.549884    0.0062852673

   28.685970    -96.008735    0.0097979883
   28.685970    -81.238160    0.0078763847
   28.685970    -66.467585    0.0064025418
   28.685970    -51.697011    0.0053124195
   28.685970    -36.926436    0.0045508846
   28.685970    -22.155862    0.0040704357
   28.685970     -7.385287    0.0038301312
   28.685970      7.385287    0.0037946849
   28.685970     22.155862    0.0039337001
   28.685970     36.926436    0.0042210171
   28.685970     51.697011    0.0046341543
   28.685970     66.467585    0.0051538289
   28.685970     81.238160    0.0057635481
   28.685970     96.008735    0.0064492664
   28.685970    110.779309    0.0071991099
   28.685970    125.549884    0.0080031751

   36.881961    -96.008735    0.0123732685
   36.881961    -81.238160    0.0104479634
   36.881961    -66.467585    0.0089648318
   36.881961    -51.697011    0.0078611250
   36.881961    -36.926436    0.0070827799
   36.881961    -22.155862    0.0065831755
   36.881961     -7.385287    0.0063220897
   36.881961      7.385287    0.0062648206
   36.881961     22.155862    0.0063814435
   36.881961     36.926436    0.0066461776
   36.881961     51.697011    0.0070368432
   36.881961     66.467585    0.0075343962
   36.881961     81.238160    0.0081225289
   36.881961     96.008735    0.0087873343
   36.881961    110.779309    0.0095170345
   36.881961    125.549884    0.0103017798

   45.077952    -96.008735    0.0155974565
   45.077952    -81.238160    0.0136674299
   45.077952    -66.467585    0.0121728329
   45.077952    -51.697011    0.0110524847
   45.077952    -36.926436    0.0102536123
   45.077952    -22.155862    0.0097306508
   45.077952     -7.385287    0.0094442394
   45.077952      7.385287    0.0093603758
   45.077952     22.155862    0.0094497024
   45.077952     36.926436    0.0096868966
   45.077952     51.697011    0.0100501474
   45.077952     66.467585    0.0105207041
   45.077952     81.238160    0.0110824859
   45.077952     96.008735    0.0117217511
   45.077952    110.779309    0.0124268244
   45.077952    125.549884    0.0131878907

   53.273944    -96.008735    0.0194738946
   53.273944    -81.238160    0.0175380674
   53.273944    -66.467585    0.0160299522
   53.273944    -51.697011    0.0148901486
   53.273944    -36.926436    0.0140673532
   53.273944    -22.155862    0.0135172075
   53.273944     -7.385287    0.0132013361
   53.273944      7.385287    0.0130865393
   53.273944     22.155862    0.0131441103
   53.273944     36.926436    0.0133492531
   53.273944     51.697011    0.0136805808
   53.273944     66.467585    0.0141196797
   53.273944     81.238160    0.0146507315
   53.273944     96.008735    0.0152601873
   53.273944    110.779309    0.0159364962
   53.273944    125.549884    0.0166698944

   61.469935    -96.008735    0.0240065436
   61.469935    -81.238160    0.0220637702
   61.469935    -66.467585    0.0205402587
   61.469935    -51.697011    0.0193784945
   61.469935    -36.926436    0.0185287646
   61.469935    -22.155862    0.0179480393
   61.469935     -7.385287    0.0175990414
   61.469935      7.385287    0.0174494691
   61.469935     22.155862    0.0174713414
   61.469935     36.926436    0.0176404426
   61.469935     51.697011    0.0179358451
   61.469935     66.467585    0.0183394971
   61.469935     81.238160    0.0188358654
   61.469935     96.008735    0.0194116302
   61.469935    110.779309    0.0200554307
   61.469935    125.549884    0.0207576713

