  -62.630025    -92.332122    0.0272334927
  -62.630025    -80.021172    0.0244236206
  -62.630025    -67.710222    0.0222422570
  -62.630025    -55.399273    0.0205949310
  -62.630025    -43.088323    0.0193948119
  -62.630025    -30.777374    0.0185664747
  -62.630025    -18.466424    0.0180495685
  -62.630025     -6.155475    0.0178019489
  -62.630025      6.155475    0.0178019489
  -62.630025     18.466424    0.0180495685
  -62.630025     30.777374    0.0185664747
  -62.630025     43.088323    0.0193948119
  -62.630025     55.399273    0.0205949310
  -62.630025     67.710222    0.0222422570
  -62.630025     80.021172    0.0244236206
  -62.630025     92.332122    0.0272334927

  -54.279355    -92.332122    0.0222667227
  -54.279355    -80.021172    0.0195353018
  -54.279355    -67.710222    0.0174238942
  -54.279355    -55.399273    0.0158368799
  -54.279355    -43.088323    0.0146863851
  -54.279355    -30.777374    0.0138960943
  -54.279355    -18.466424    0.0134049561
  -54.279355     -6.155475    0.0131703434
  -54.279355      6.155475    0.0131703434
  -54.279355     18.466424    0.0134049561
  -54.279355     30.777374    0.0138960943
  -54.279355     43.088323    0.0146863851
  -54.279355     55.399273    0.0158368799
  -54.279355     67.710222    0.0174238942
  -54.279355     80.021172    0.0195353018
  -54.279355     92.332122    0.0222667227

  -45.928685    -92.332122    0.0180595867
  -45.928685    -80.021172    0.0154061131
  -45.928685    -67.710222    0.0133642462
  -45.928685    -55.399273    0.0118371874
  -45.928685    -43.088323    0.0107360132
  -45.928685    -30.777374    0.0099835245
  -45.928685    -18.466424    0.0095179815
  -45.928685     -6.155475    0.0092962862
  -45.928685      6.155475    0.0092962862
  -45.928685     18.466424    0.0095179815
  -45.928685     30.777374    0.0099835245
  -45.928685     43.088323    0.0107360132
  -45.928685     55.399273    0.0118371874
  -45.928685     67.710222    0.0133642462
  -45.928685     80.021172    0.0154061131
  -45.928685     92.332122    0.0180595867

  -37.578015    -92.332122    0.0145754788
  -37.578015    -80.021172    0.0119992628
  -37.578015    -67.710222    0.0100263183
  -37.578015    -55.399273    0.0085586829
  -37.578015    -43.088323    0.0075063938
  -37.578015    -30.777374    0.0067913757
  -37.578015    -18.466424    0.0063512048
  -37.578015     -6.155475    0.0061423144
  -37.578015      6.155475    0.0061423144
  -37.578015     18.466424    0.0063512048
  -37.578015     30.777374    0.0067913757
  -37.578015     43.088323    0.0075063938
  -37.578015     55.399273    0.0085586829
  -37.578015     67.710222    0.0100263183
  -37.578015     80.021172    0.0119992628
  -37.578015     92.332122    0.0145754788

  -29.227345    -92.332122    0.0117807716
  -29.227345    -80.021172    0.0092809651
  -29.227345    -67.710222    0.0073761702
  -29.227345    -55.399273    0.0059672933
  -29.227345    -43.088323    0.0049633504
  -29.227345    -30.777374    0.0042853972
  -29.227345    -18.466424    0.0038703282
  -29.227345     -6.155475    0.0036741082
  -29.227345      6.155475    0.0036741082
  -29.227345     18.466424    0.0038703282
  -29.227345     30.777374    0.0042853972
  -29.227345     43.088323    0.0049633504
  -29.227345     55.399273    0.0059672933
  -29.227345     67.710222    0.0073761702
  -29.227345     80.021172    0.0092809651
  -29.227345     92.332122    0.0117807716

  -20.876675    -92.332122    0.0096449796
  -20.876675    -80.021172    0.0072206053
  -20.876675    -67.710222    0.0053830732
  -20.876675    -55.399273    0.0040321928
  -20.876675    -43.088323    0.0030759774
  -20.876675    -30.777374    0.0024346228
  -20.876675    -18.466424    0.0020443451
  -20.876675     -6.155475    0.0018606402
  -20.876675      6.155475    0.0018606402
  -20.876675     18.466424    0.0020443451
  -20.876675     30.777374    0.0024346228
  -20.876675     43.088323    0.0030759774
  -20.876675     55.399273    0.0040321928
  -20.876675     67.710222    0.0053830732
  -20.876675     80.021172    0.0072206053
  -20.876675     92.332122    0.0096449796

  -12.526005    -92.332122    0.0081408737
  -12.526005    -80.021172    0.0057908548
  -12.526005    -67.710222    0.0040196183
  -12.526005    -55.399273    0.0027259037
  -12.526005    -43.088323    0.0018167390
  -12.526005    -30.777374    0.0012114702
  -12.526005    -18.466424    0.0008456395
  -12.526005     -6.155475    0.0006742773
  -12.526005      6.155475    0.0006742773
  -12.526005     18.466424    0.0008456395
  -12.526005     30.777374    0.0012114702
  -12.526005     43.088323    0.0018167390
  -12.526005     55.399273    0.0027259037
  -12.526005     67.710222    0.0040196183
  -12.526005     80.021172    0.0057908548
  -12.526005     92.332122    0.0081408737

   -4.175335    -92.332122    0.0072445475
   -4.175335    -80.021172    0.0049677375
   -4.175335    -67.710222    0.0032617761
   -4.175335    -55.399273    0.0020243516
   -4.175335    -43.088323    0.0011615210
   -4.175335    -30.777374    0.0005917912
   -4.175335    -18.466424    0.0002500391
   -4.175335     -6.155475    0.0000908339
   -4.175335      6.155475    0.0000908339
   -4.175335     18.466424    0.0002500391
   -4.175335     30.777374    0.0005917912
   -4.175335     43.088323    0.0011615210
   -4.175335     55.399273    0.0020243516
   -4.175335     67.710222    0.0032617761
   -4.175335     80.021172    0.0049677375
   -4.175335     92.332122    0.0072445475

    4.175335    -92.332122    0.0069354344
    4.175335    -80.021172    0.0047306455
    4.175335    -67.710222    0.0030889084
    4.175335    -55.399273    0.0019068720
    4.175335    -43.088323    0.0010896348
    4.175335    -30.777374    0.0005548765
    4.175335    -18.466424    0.0002368186
    4.175335     -6.155475    0.0000895765
    4.175335      6.155475    0.0000895765
    4.175335     18.466424    0.0002368186
    4.175335     30.777374    0.0005548765
    4.175335     43.088323    0.0010896348
    4.175335     55.399273    0.0019068720
    4.175335     67.710222    0.0030889084
    4.175335     80.021172    0.0047306455
    4.175335     92.332122    0.0069354344

   12.526005    -92.332122    0.0071962771
   12.526005    -80.021172    0.0050623068
   12.526005    -67.710222    0.0034837315
   12.526005    -55.399273    0.0023561702
   12.526005    -43.088323    0.0015837753
   12.526005    -30.777374    0.0010834119
   12.526005    -18.466424    0.0007886570
   12.526005     -6.155475    0.0006531803
   12.526005      6.155475    0.0006531803
   12.526005     18.466424    0.0007886570
   12.526005     30.777374    0.0010834119
   12.526005     43.088323    0.0015837753
   12.526005     55.399273    0.0023561702
   12.526005     67.710222    0.0034837315
   12.526005     80.021172    0.0050623068
   12.526005     92.332122    0.0071962771

   20.876675    -92.332122    0.0080130472
   20.876675    -80.021172    0.0059487023
   20.876675    -67.710222    0.0044322303
   20.876675    -55.399273    0.0033582333
   20.876675    -43.088323    0.0026299313
   20.876675    -30.777374    0.0021633877
   20.876675    -18.466424    0.0018915457
   20.876675     -6.155475    0.0017676373
   20.876675      6.155475    0.0017676373
   20.876675     18.466424    0.0018915457
   20.876675     30.777374    0.0021633877
   20.876675     43.088323    0.0026299313
   20.876675     55.399273    0.0033582333
   20.876675     67.710222    0.0044322303
   20.876675     80.021172    0.0059487023
   20.876675     92.332122    0.0080130472

   29.227345    -92.332122    0.0093748175
   29.227345    -80.021172    0.0073789341
   29.227345    -67.710222    0.0059235253
   29.227345    -55.399273    0.0049021957
   29.227345    -43.088323    0.0042172490
   29.227345    -30.777374    0.0037839602
   29.227345    -18.466424    0.0035346491
   29.227345     -6.155475    0.0034221161
   29.227345      6.155475    0.0034221161
   29.227345     18.466424    0.0035346491
   29.227345     30.777374    0.0037839602
   29.227345     43.088323    0.0042172490
   29.227345     55.399273    0.0049021957
   29.227345     67.710222    0.0059235253
   29.227345     80.021172    0.0073789341
   29.227345     92.332122    0.0093748175

   37.578015    -92.332122    0.0112735851
   37.578015    -80.021172    0.0093450440
   37.578015    -67.710222    0.0079496901
   37.578015    -55.399273    0.0069801561
   37.578015    -43.088323    0.0063378484
   37.578015    -30.777374    0.0059372670
   37.578015    -18.466424    0.0057101170
   37.578015     -6.155475    0.0056087734
   37.578015      6.155475    0.0056087734
   37.578015     18.466424    0.0057101170
   37.578015     30.777374    0.0059372670
   37.578015     43.088323    0.0063378484
   37.578015     55.399273    0.0069801561
   37.578015     67.710222    0.0079496901
   37.578015     80.021172    0.0093450440
   37.578015     92.332122    0.0112735851

   45.928685    -92.332122    0.0137040457
   45.928685    -80.021172    0.0118417825
   45.928685    -67.710222    0.0105055211
   45.928685    -55.399273    0.0095869484
   45.928685    -43.088323    0.0089865929
   45.928685    -30.777374    0.0086181935
   45.928685    -18.466424    0.0084128497
   45.928685     -6.155475    0.0083225166
   45.928685      6.155475    0.0083225166
   45.928685     18.466424    0.0084128497
   45.928685     30.777374    0.0086181935
   45.928685     43.088323    0.0089865929
   45.928685     55.399273    0.0095869484
   45.928685     67.710222    0.0105055211
   45.928685     80.021172    0.0118417825
   45.928685     92.332122    0.0137040457

   54.279355    -92.332122    0.0166633202
   54.279355    -80.021172    0.0148663287
   54.279355    -67.710222    0.0135882581
   54.279355    -55.399273    0.0127198640
   54.279355    -43.088323    0.0121608118
   54.279355    -30.777374    0.0118240932
   54.279355    -18.466424    0.0116402144
   54.279355     -6.155475    0.0115607190
   54.279355      6.155475    0.0115607190
   54.279355     18.466424    0.0116402144
   54.279355     30.777374    0.0118240932
   54.279355     43.088323    0.0121608118
   54.279355     55.399273    0.0127198640
   54.279355     67.710222    0.0135882581
   54.279355     80.021172    0.0148663287
   54.279355     92.332122    0.0166633202

   62.630025    -92.332122    0.0201506317
   62.630025    -80.021172    0.0184179602
   62.630025    -67.710222    0.0171972578
   62.630025    -55.399273    0.0163783278
   62.630025    -43.088323    0.0158599753
   62.630025    -30.777374    0.0155544602
   62.630025    -18.466424    0.0153917142
   62.630025     -6.155475    0.0153228859
   62.630025      6.155475    0.0153228859
   62.630025     18.466424    0.0153917142
   62.630025     30.777374    0.0155544602
   62.630025     43.088323    0.0158599753
   62.630025     55.399273    0.0163783278
   62.630025     67.710222    0.0171972578
   62.630025     80.021172    0.0184179602
   62.630025     92.332122    0.0201506317

