  -38.681015    -96.008735   -0.0003541394
  -38.681015    -81.238160   -0.0002944465
  -38.681015    -66.467585   -0.0002363784
  -38.681015    -51.697011   -0.0001801328
  -38.681015    -36.926436   -0.0001258870
  -38.681015    -22.155862   -0.0000737978
  -38.681015     -7.385287   -0.0000240014
  -38.681015      7.385287    0.0000233863
  -38.681015     22.155862    0.0000682697
  -38.681015     36.926436    0.0001105739
  -38.681015     51.697011    0.0001502442
  -38.681015     66.467585    0.0001872467
  -38.681015     81.238160    0.0002215676
  -38.681015     96.008735    0.0002532137
  -38.681015    110.779309    0.0002822122
  -38.681015    125.549884    0.0003086107

  -33.523546    -96.008735   -0.0002462512
  -33.523546    -81.238160   -0.0002044317
  -33.523546    -66.467585   -0.0001638612
  -33.523546    -51.697011   -0.0001246725
  -33.523546    -36.926436   -0.0000869851
  -33.523546    -22.155862   -0.0000509054
  -33.523546     -7.385287   -0.0000165263
  -33.523546      7.385287    0.0000160723
  -33.523546     22.155862    0.0000468241
  -33.523546     36.926436    0.0000756759
  -33.523546     51.697011    0.0001025878
  -33.523546     66.467585    0.0001275332
  -33.523546     81.238160    0.0001504987
  -33.523546     96.008735    0.0001714843
  -33.523546    110.779309    0.0001905031
  -33.523546    125.549884    0.0002075817

  -28.366078    -96.008735   -0.0001641914
  -28.366078    -81.238160   -0.0001361009
  -28.366078    -66.467585   -0.0001089222
  -28.366078    -51.697011   -0.0000827406
  -28.366078    -36.926436   -0.0000576336
  -28.366078    -22.155862   -0.0000336701
  -28.366078     -7.385287   -0.0000109111
  -28.366078      7.385287    0.0000105909
  -28.366078     22.155862    0.0000307916
  -28.366078     36.926436    0.0000496548
  -28.366078     51.697011    0.0000671526
  -28.366078     66.467585    0.0000832653
  -28.366078     81.238160    0.0000979815
  -28.366078     96.008735    0.0001112981
  -28.366078    110.779309    0.0001232200
  -28.366078    125.549884    0.0001337604

  -23.208609    -96.008735   -0.0001031529
  -23.208609    -81.238160   -0.0000853813
  -23.208609    -66.467585   -0.0000682297
  -23.208609    -51.697011   -0.0000517501
  -23.208609    -36.926436   -0.0000359896
  -23.208609    -22.155862   -0.0000209904
  -23.208609     -7.385287   -0.0000067901
  -23.208609      7.385287    0.0000065785
  -23.208609     22.155862    0.0000190877
  -23.208609     36.926436    0.0000307144
  -23.208609     51.697011    0.0000414401
  -23.208609     66.467585    0.0000512514
  -23.208609     81.238160    0.0000601396
  -23.208609     96.008735    0.0000681009
  -23.208609    110.779309    0.0000751360
  -23.208609    125.549884    0.0000812507

  -18.051140    -96.008735   -0.0000591295
  -18.051140    -81.238160   -0.0000488785
  -18.051140    -66.467585   -0.0000390074
  -18.051140    -51.697011   -0.0000295449
  -18.051140    -36.926436   -0.0000205173
  -18.051140    -22.155862   -0.0000119482
  -18.051140     -7.385287   -0.0000038589
  -18.051140      7.385287    0.0000037322
  -18.051140     22.155862    0.0000108090
  -18.051140     36.926436    0.0000173580
  -18.051140     51.697011    0.0000233684
  -18.051140     66.467585    0.0000288319
  -18.051140     81.238160    0.0000337426
  -18.051140     96.008735    0.0000380974
  -18.051140    110.779309    0.0000418955
  -18.051140    125.549884    0.0000451390

  -12.893672    -96.008735   -0.0000289162
  -12.893672    -81.238160   -0.0000238773
  -12.893672    -66.467585   -0.0000190341
  -12.893672    -51.697011   -0.0000144002
  -12.893672    -36.926436   -0.0000099881
  -12.893672    -22.155862   -0.0000058092
  -12.893672     -7.385287   -0.0000018736
  -12.893672      7.385287    0.0000018095
  -12.893672     22.155862    0.0000052324
  -12.893672     36.926436    0.0000083884
  -12.893672     51.697011    0.0000112721
  -12.893672     66.467585    0.0000138790
  -12.893672     81.238160    0.0000162061
  -12.893672     96.008735    0.0000182514
  -12.893672    110.779309    0.0000200141
  -12.893672    125.549884    0.0000214947

   -7.736203    -96.008735   -0.0000101094
   -7.736203    -81.238160   -0.0000083413
   -7.736203    -66.467585   -0.0000066440
   -7.736203    -51.697011   -0.0000050224
   -7.736203    -36.926436   -0.0000034805
   -7.736203    -22.155862   -0.0000020224
   -7.736203     -7.385287   -0.0000006517
   -7.736203      7.385287    0.0000006287
   -7.736203     22.155862    0.0000018159
   -7.736203     36.926436    0.0000029076
   -7.736203     51.697011    0.0000039018
   -7.736203     66.467585    0.0000047970
   -7.736203     81.238160    0.0000055919
   -7.736203     96.008735    0.0000062859
   -7.736203    110.779309    0.0000068784
   -7.736203    125.549884    0.0000073696

   -2.578734    -96.008735   -0.0000011066
   -2.578734    -81.238160   -0.0000009127
   -2.578734    -66.467585   -0.0000007267
   -2.578734    -51.697011   -0.0000005491
   -2.578734    -36.926436   -0.0000003803
   -2.578734    -22.155862   -0.0000002209
   -2.578734     -7.385287   -0.0000000711
   -2.578734      7.385287    0.0000000686
   -2.578734     22.155862    0.0000001980
   -2.578734     36.926436    0.0000003168
   -2.578734     51.697011    0.0000004249
   -2.578734     66.467585    0.0000005219
   -2.578734     81.238160    0.0000006079
   -2.578734     96.008735    0.0000006826
   -2.578734    110.779309    0.0000007461
   -2.578734    125.549884    0.0000007984

    2.578734    -96.008735   -0.0000011066
    2.578734    -81.238160   -0.0000009127
    2.578734    -66.467585   -0.0000007267
    2.578734    -51.697011   -0.0000005491
    2.578734    -36.926436   -0.0000003803
    2.578734    -22.155862   -0.0000002209
    2.578734     -7.385287   -0.0000000711
    2.578734      7.385287    0.0000000686
    2.578734     22.155862    0.0000001980
    2.578734     36.926436    0.0000003168
    2.578734     51.697011    0.0000004249
    2.578734     66.467585    0.0000005219
    2.578734     81.238160    0.0000006079
    2.578734     96.008735    0.0000006826
    2.578734    110.779309    0.0000007461
    2.578734    125.549884    0.0000007984

    7.736203    -96.008735   -0.0000101094
    7.736203    -81.238160   -0.0000083413
    7.736203    -66.467585   -0.0000066440
    7.736203    -51.697011   -0.0000050224
    7.736203    -36.926436   -0.0000034805
    7.736203    -22.155862   -0.0000020224
    7.736203     -7.385287   -0.0000006517
    7.736203      7.385287    0.0000006287
    7.736203     22.155862    0.0000018159
    7.736203     36.926436    0.0000029076
    7.736203     51.697011    0.0000039018
    7.736203     66.467585    0.0000047970
    7.736203     81.238160    0.0000055919
    7.736203     96.008735    0.0000062859
    7.736203    110.779309    0.0000068784
    7.736203    125.549884    0.0000073696

   12.893672    -96.008735   -0.0000289162
   12.893672    -81.238160   -0.0000238773
   12.893672    -66.467585   -0.0000190341
   12.893672    -51.697011   -0.0000144002
   12.893672    -36.926436   -0.0000099881
   12.893672    -22.155862   -0.0000058092
   12.893672     -7.385287   -0.0000018736
   12.893672      7.385287    0.0000018095
   12.893672     22.155862    0.0000052324
   12.893672     36.926436    0.0000083884
   12.893672     51.697011    0.0000112721
   12.893672     66.467585    0.0000138790
   12.893672     81.238160    0.0000162061
   12.893672     96.008735    0.0000182514
   12.893672    110.779309    0.0000200141
   12.893672    125.549884    0.0000214947

   18.051140    -96.008735   -0.0000591295
   18.051140    -81.238160   -0.0000488785
   18.051140    -66.467585   -0.0000390074
   18.051140    -51.697011   -0.0000295449
   18.051140    -36.926436   -0.0000205173
   18.051140    -22.155862   -0.0000119482
   18.051140     -7.385287   -0.0000038589
   18.051140      7.385287    0.0000037322
   18.051140     22.155862    0.0000108090
   18.051140     36.926436    0.0000173580
   18.051140     51.697011    0.0000233684
   18.051140     66.467585    0.0000288319
   18.051140     81.238160    0.0000337426
   18.051140     96.008735    0.0000380974
   18.051140    110.779309    0.0000418955
   18.051140    125.549884    0.0000451390

   23.208609    -96.008735   -0.0001031529
   23.208609    -81.238160   -0.0000853813
   23.208609    -66.467585   -0.0000682297
   23.208609    -51.697011   -0.0000517501
   23.208609    -36.926436   -0.0000359896
   23.208609    -22.155862   -0.0000209904
   23.208609     -7.385287   -0.0000067901
   23.208609      7.385287    0.0000065785
   23.208609     22.155862    0.0000190877
   23.208609     36.926436    0.0000307144
   23.208609     51.697011    0.0000414401
   23.208609     66.467585    0.0000512514
   23.208609     81.238160    0.0000601396
   23.208609     96.008735    0.0000681009
   23.208609    110.779309    0.0000751360
   23.208609    125.549884    0.0000812507

   28.366078    -96.008735   -0.0001641914
   28.366078    -81.238160   -0.0001361009
   28.366078    -66.467585   -0.0001089222
   28.366078    -51.697011   -0.0000827406
   28.366078    -36.926436   -0.0000576336
   28.366078    -22.155862   -0.0000336701
   28.366078     -7.385287   -0.0000109111
   28.366078      7.385287    0.0000105909
   28.366078     22.155862    0.0000307916
   28.366078     36.926436    0.0000496548
   28.366078     51.697011    0.0000671526
   28.366078     66.467585    0.0000832653
   28.366078     81.238160    0.0000979815
   28.366078     96.008735    0.0001112981
   28.366078    110.779309    0.0001232200
   28.366078    125.549884    0.0001337604

   33.523546    -96.008735   -0.0002462512
   33.523546    -81.238160   -0.0002044317
   33.523546    -66.467585   -0.0001638612
   33.523546    -51.697011   -0.0001246725
   33.523546    -36.926436   -0.0000869851
   33.523546    -22.155862   -0.0000509054
   33.523546     -7.385287   -0.0000165263
   33.523546      7.385287    0.0000160723
   33.523546     22.155862    0.0000468241
   33.523546     36.926436    0.0000756759
   33.523546     51.697011    0.0001025878
   33.523546     66.467585    0.0001275332
   33.523546     81.238160    0.0001504987
   33.523546     96.008735    0.0001714843
   33.523546    110.779309    0.0001905031
   33.523546    125.549884    0.0002075817

   38.681015    -96.008735   -0.0003541394
   38.681015    -81.238160   -0.0002944465
   38.681015    -66.467585   -0.0002363784
   38.681015    -51.697011   -0.0001801328
   38.681015    -36.926436   -0.0001258870
   38.681015    -22.155862   -0.0000737978
   38.681015     -7.385287   -0.0000240014
   38.681015      7.385287    0.0000233863
   38.681015     22.155862    0.0000682697
   38.681015     36.926436    0.0001105739
   38.681015     51.697011    0.0001502442
   38.681015     66.467585    0.0001872467
   38.681015     81.238160    0.0002215676
   38.681015     96.008735    0.0002532137
   38.681015    110.779309    0.0002822122
   38.681015    125.549884    0.0003086107

