  -55.127356    -91.194683    0.0264419440
  -55.127356    -79.035392    0.0245874313
  -55.127356    -66.876101    0.0230770574
  -55.127356    -54.716810    0.0218740661
  -55.127356    -42.557519    0.0209479923
  -55.127356    -30.398228    0.0202745727
  -55.127356    -18.238937    0.0198356729
  -55.127356     -6.079646    0.0196192333
  -55.127356      6.079646    0.0196192333
  -55.127356     18.238937    0.0198356729
  -55.127356     30.398228    0.0202745727
  -55.127356     42.557519    0.0209479923
  -55.127356     54.716810    0.0218740661
  -55.127356     66.876101    0.0230770574
  -55.127356     79.035392    0.0245874313
  -55.127356     91.194683    0.0264419440

  -47.777042    -91.194683    0.0209488493
  -47.777042    -79.035392    0.0190862606
  -47.777042    -66.876101    0.0175711881
  -47.777042    -54.716810    0.0163658492
  -47.777042    -42.557519    0.0154389237
  -47.777042    -30.398228    0.0147654640
  -47.777042    -18.238937    0.0143268224
  -47.777042     -6.079646    0.0141105976
  -47.777042      6.079646    0.0141105976
  -47.777042     18.238937    0.0143268224
  -47.777042     30.398228    0.0147654640
  -47.777042     42.557519    0.0154389237
  -47.777042     54.716810    0.0163658492
  -47.777042     66.876101    0.0175711881
  -47.777042     79.035392    0.0190862606
  -47.777042     91.194683    0.0209488493

  -40.426728    -91.194683    0.0165155618
  -40.426728    -79.035392    0.0146488372
  -40.426728    -66.876101    0.0131323544
  -40.426728    -54.716810    0.0119273455
  -40.426728    -42.557519    0.0110016692
  -40.426728    -30.398228    0.0103297212
  -40.426728    -18.238937    0.0098923612
  -40.426728     -6.079646    0.0096768591
  -40.426728      6.079646    0.0096768591
  -40.426728     18.238937    0.0098923612
  -40.426728     30.398228    0.0103297212
  -40.426728     42.557519    0.0110016692
  -40.426728     54.716810    0.0119273455
  -40.426728     66.876101    0.0131323544
  -40.426728     79.035392    0.0146488372
  -40.426728     91.194683    0.0165155618

  -33.076414    -91.194683    0.0130500919
  -33.076414    -79.035392    0.0111818853
  -33.076414    -66.876101    0.0096660726
  -33.076414    -54.716810    0.0084629902
  -33.076414    -42.557519    0.0075397508
  -33.076414    -30.398228    0.0068701527
  -33.076414    -18.238937    0.0064346080
  -33.076414     -6.079646    0.0062200883
  -33.076414      6.079646    0.0062200883
  -33.076414     18.238937    0.0064346080
  -33.076414     30.398228    0.0068701527
  -33.076414     42.557519    0.0075397508
  -33.076414     54.716810    0.0084629902
  -33.076414     66.876101    0.0096660726
  -33.076414     79.035392    0.0111818853
  -33.076414     91.194683    0.0130500919

  -25.726100    -91.194683    0.0104504469
  -25.726100    -79.035392    0.0085823408
  -25.726100    -66.876101    0.0070682721
  -25.726100    -54.716810    0.0058678120
  -25.726100    -42.557519    0.0049474355
  -25.726100    -30.398228    0.0042804310
  -25.726100    -18.238937    0.0038468279
  -25.726100     -6.079646    0.0036333427
  -25.726100      6.079646    0.0036333427
  -25.726100     18.238937    0.0038468279
  -25.726100     30.398228    0.0042804310
  -25.726100     42.557519    0.0049474355
  -25.726100     54.716810    0.0058678120
  -25.726100     66.876101    0.0070682721
  -25.726100     79.035392    0.0085823408
  -25.726100     91.194683    0.0104504469

  -18.375785    -91.194683    0.0086136049
  -18.375785    -79.035392    0.0067463244
  -18.375785    -66.876101    0.0052342682
  -18.375785    -54.716810    0.0040364054
  -18.375785    -42.557519    0.0031187090
  -18.375785    -30.398228    0.0024540659
  -18.375785    -18.238937    0.0020222044
  -18.375785     -6.079646    0.0018096402
  -18.375785      6.079646    0.0018096402
  -18.375785     18.238937    0.0020222044
  -18.375785     30.398228    0.0024540659
  -18.375785     42.557519    0.0031187090
  -18.375785     54.716810    0.0040364054
  -18.375785     66.876101    0.0052342682
  -18.375785     79.035392    0.0067463244
  -18.375785     91.194683    0.0086136049

  -11.025471    -91.194683    0.0074475382
  -11.025471    -79.035392    0.0055811652
  -11.025471    -66.876101    0.0040707863
  -11.025471    -54.716810    0.0028749553
  -11.025471    -42.557519    0.0019592994
  -11.025471    -30.398228    0.0012964288
  -11.025471    -18.238937    0.0008658643
  -11.025471     -6.079646    0.0006539832
  -11.025471      6.079646    0.0006539832
  -11.025471     18.238937    0.0008658643
  -11.025471     30.398228    0.0012964288
  -11.025471     42.557519    0.0019592994
  -11.025471     54.716810    0.0028749553
  -11.025471     66.876101    0.0040707863
  -11.025471     79.035392    0.0055811652
  -11.025471     91.194683    0.0074475382

   -3.675157    -91.194683    0.0068830582
   -3.675157    -79.035392    0.0050172462
   -3.675157    -66.876101    0.0035078065
   -3.675157    -54.716810    0.0023130815
   -3.675157    -42.557519    0.0013985220
   -3.675157    -30.398228    0.0007365971
   -3.675157    -18.238937    0.0003067219
   -3.675157     -6.079646    0.0000952030
   -3.675157      6.079646    0.0000952030
   -3.675157     18.238937    0.0003067219
   -3.675157     30.398228    0.0007365971
   -3.675157     42.557519    0.0013985220
   -3.675157     54.716810    0.0023130815
   -3.675157     66.876101    0.0035078065
   -3.675157     79.035392    0.0050172462
   -3.675157     91.194683    0.0068830582

    3.675157    -91.194683    0.0068830582
    3.675157    -79.035392    0.0050172462
    3.675157    -66.876101    0.0035078065
    3.675157    -54.716810    0.0023130815
    3.675157    -42.557519    0.0013985220
    3.675157    -30.398228    0.0007365971
    3.675157    -18.238937    0.0003067219
    3.675157     -6.079646    0.0000952030
    3.675157      6.079646    0.0000952030
    3.675157     18.238937    0.0003067219
    3.675157     30.398228    0.0007365971
    3.675157     42.557519    0.0013985220
    3.675157     54.716810    0.0023130815
    3.675157     66.876101    0.0035078065
    3.675157     79.035392    0.0050172462
    3.675157     91.194683    0.0068830582

   11.025471    -91.194683    0.0074475382
   11.025471    -79.035392    0.0055811652
   11.025471    -66.876101    0.0040707863
   11.025471    -54.716810    0.0028749553
   11.025471    -42.557519    0.0019592994
   11.025471    -30.398228    0.0012964288
   11.025471    -18.238937    0.0008658643
   11.025471     -6.079646    0.0006539832
   11.025471      6.079646    0.0006539832
   11.025471     18.238937    0.0008658643
   11.025471     30.398228    0.0012964288
   11.025471     42.557519    0.0019592994
   11.025471     54.716810    0.0028749553
   11.025471     66.876101    0.0040707863
   11.025471     79.035392    0.0055811652
   11.025471     91.194683    0.0074475382

   18.375785    -91.194683    0.0086136049
   18.375785    -79.035392    0.0067463244
   18.375785    -66.876101    0.0052342682
   18.375785    -54.716810    0.0040364054
   18.375785    -42.557519    0.0031187090
   18.375785    -30.398228    0.0024540659
   18.375785    -18.238937    0.0020222044
   18.375785     -6.079646    0.0018096402
   18.375785      6.079646    0.0018096402
   18.375785     18.238937    0.0020222044
   18.375785     30.398228    0.0024540659
   18.375785     42.557519    0.0031187090
   18.375785     54.716810    0.0040364054
   18.375785     66.876101    0.0052342682
   18.375785     79.035392    0.0067463244
   18.375785     91.194683    0.0086136049

   25.726100    -91.194683    0.0104504469
   25.726100    -79.035392    0.0085823408
   25.726100    -66.876101    0.0070682721
   25.726100    -54.716810    0.0058678120
   25.726100    -42.557519    0.0049474355
   25.726100    -30.398228    0.0042804310
   25.726100    -18.238937    0.0038468279
   25.726100     -6.079646    0.0036333427
   25.726100      6.079646    0.0036333427
   25.726100     18.238937    0.0038468279
   25.726100     30.398228    0.0042804310
   25.726100     42.557519    0.0049474355
   25.726100     54.716810    0.0058678120
   25.726100     66.876101    0.0070682721
   25.726100     79.035392    0.0085823408
   25.726100     91.194683    0.0104504469

   33.076414    -91.194683    0.0130500919
   33.076414    -79.035392    0.0111818853
   33.076414    -66.876101    0.0096660726
   33.076414    -54.716810    0.0084629902
   33.076414    -42.557519    0.0075397508
   33.076414    -30.398228    0.0068701527
   33.076414    -18.238937    0.0064346080
   33.076414     -6.079646    0.0062200883
   33.076414      6.079646    0.0062200883
   33.076414     18.238937    0.0064346080
   33.076414     30.398228    0.0068701527
   33.076414     42.557519    0.0075397508
   33.076414     54.716810    0.0084629902
   33.076414     66.876101    0.0096660726
   33.076414     79.035392    0.0111818853
   33.076414     91.194683    0.0130500919

   40.426728    -91.194683    0.0165155618
   40.426728    -79.035392    0.0146488372
   40.426728    -66.876101    0.0131323544
   40.426728    -54.716810    0.0119273455
   40.426728    -42.557519    0.0110016692
   40.426728    -30.398228    0.0103297212
   40.426728    -18.238937    0.0098923612
   40.426728     -6.079646    0.0096768591
   40.426728      6.079646    0.0096768591
   40.426728     18.238937    0.0098923612
   40.426728     30.398228    0.0103297212
   40.426728     42.557519    0.0110016692
   40.426728     54.716810    0.0119273455
   40.426728     66.876101    0.0131323544
   40.426728     79.035392    0.0146488372
   40.426728     91.194683    0.0165155618

   47.777042    -91.194683    0.0209488493
   47.777042    -79.035392    0.0190862606
   47.777042    -66.876101    0.0175711881
   47.777042    -54.716810    0.0163658492
   47.777042    -42.557519    0.0154389237
   47.777042    -30.398228    0.0147654640
   47.777042    -18.238937    0.0143268224
   47.777042     -6.079646    0.0141105976
   47.777042      6.079646    0.0141105976
   47.777042     18.238937    0.0143268224
   47.777042     30.398228    0.0147654640
   47.777042     42.557519    0.0154389237
   47.777042     54.716810    0.0163658492
   47.777042     66.876101    0.0175711881
   47.777042     79.035392    0.0190862606
   47.777042     91.194683    0.0209488493

   55.127356    -91.194683    0.0264419440
   55.127356    -79.035392    0.0245874313
   55.127356    -66.876101    0.0230770574
   55.127356    -54.716810    0.0218740661
   55.127356    -42.557519    0.0209479923
   55.127356    -30.398228    0.0202745727
   55.127356    -18.238937    0.0198356729
   55.127356     -6.079646    0.0196192333
   55.127356      6.079646    0.0196192333
   55.127356     18.238937    0.0198356729
   55.127356     30.398228    0.0202745727
   55.127356     42.557519    0.0209479923
   55.127356     54.716810    0.0218740661
   55.127356     66.876101    0.0230770574
   55.127356     79.035392    0.0245874313
   55.127356     91.194683    0.0264419440

