  -45.038700    -50.619018    0.0630566382
  -45.038700    -43.869816    0.0577659192
  -45.038700    -37.120613    0.0532917816
  -45.038700    -30.371411    0.0496127624
  -45.038700    -23.622208    0.0467059210
  -45.038700    -16.873006    0.0445490488
  -45.038700    -10.123804    0.0431229841
  -45.038700     -3.374601    0.0424136682
  -45.038700      3.374601    0.0424136682
  -45.038700     10.123804    0.0431229841
  -45.038700     16.873006    0.0445490488
  -45.038700     23.622208    0.0467059210
  -45.038700     30.371411    0.0496127624
  -45.038700     37.120613    0.0532917816
  -45.038700     43.869816    0.0577659192
  -45.038700     50.619018    0.0630566382

  -39.033540    -50.619018    0.0520924674
  -39.033540    -43.869816    0.0466812517
  -39.033540    -37.120613    0.0421357929
  -39.033540    -30.371411    0.0383922405
  -39.033540    -23.622208    0.0354262424
  -39.033540    -16.873006    0.0332228081
  -39.033540    -10.123804    0.0317665962
  -39.033540     -3.374601    0.0310430275
  -39.033540      3.374601    0.0310430275
  -39.033540     10.123804    0.0317665962
  -39.033540     16.873006    0.0332228081
  -39.033540     23.622208    0.0354262424
  -39.033540     30.371411    0.0383922405
  -39.033540     37.120613    0.0421357929
  -39.033540     43.869816    0.0466812517
  -39.033540     50.619018    0.0520924674

  -33.028380    -50.619018    0.0430704877
  -33.028380    -43.869816    0.0375898134
  -33.028380    -37.120613    0.0329597675
  -33.028380    -30.371411    0.0291484038
  -33.028380    -23.622208    0.0261329077
  -33.028380    -16.873006    0.0238934285
  -33.028380    -10.123804    0.0224122368
  -33.028380     -3.374601    0.0216754780
  -33.028380      3.374601    0.0216754780
  -33.028380     10.123804    0.0224122368
  -33.028380     16.873006    0.0238934285
  -33.028380     23.622208    0.0261329077
  -33.028380     30.371411    0.0291484038
  -33.028380     37.120613    0.0329597675
  -33.028380     43.869816    0.0375898134
  -33.028380     50.619018    0.0430704877

  -27.023220    -50.619018    0.0358552271
  -27.023220    -43.869816    0.0303110471
  -27.023220    -37.120613    0.0256138115
  -27.023220    -30.371411    0.0217474012
  -27.023220    -23.622208    0.0186899431
  -27.023220    -16.873006    0.0164193690
  -27.023220    -10.123804    0.0149169085
  -27.023220     -3.374601    0.0141691498
  -27.023220      3.374601    0.0141691498
  -27.023220     10.123804    0.0149169085
  -27.023220     16.873006    0.0164193690
  -27.023220     23.622208    0.0186899431
  -27.023220     30.371411    0.0217474012
  -27.023220     37.120613    0.0256138115
  -27.023220     43.869816    0.0303110471
  -27.023220     50.619018    0.0358552271

  -21.018060    -50.619018    0.0303203866
  -21.018060    -43.869816    0.0247165711
  -21.018060    -37.120613    0.0199688609
  -21.018060    -30.371411    0.0160594876
  -21.018060    -23.622208    0.0129668223
  -21.018060    -16.873006    0.0106694271
  -21.018060    -10.123804    0.0091489657
  -21.018060     -3.374601    0.0083921936
  -21.018060      3.374601    0.0083921936
  -21.018060     10.123804    0.0091489657
  -21.018060     16.873006    0.0106694271
  -21.018060     23.622208    0.0129668223
  -21.018060     30.371411    0.0160594876
  -21.018060     37.120613    0.0199688609
  -21.018060     43.869816    0.0247165711
  -21.018060     50.619018    0.0303203866

  -15.012900    -50.619018    0.0263482861
  -15.012900    -43.869816    0.0206948609
  -15.012900    -37.120613    0.0159068878
  -15.012900    -30.371411    0.0119628374
  -15.012900    -23.622208    0.0088412213
  -15.012900    -16.873006    0.0065215725
  -15.012900    -10.123804    0.0049861839
  -15.012900     -3.374601    0.0042219692
  -15.012900      3.374601    0.0042219692
  -15.012900     10.123804    0.0049861839
  -15.012900     16.873006    0.0065215725
  -15.012900     23.622208    0.0088412213
  -15.012900     30.371411    0.0119628374
  -15.012900     37.120613    0.0159068878
  -15.012900     43.869816    0.0206948609
  -15.012900     50.619018    0.0263482861

   -9.007740    -50.619018    0.0238293471
   -9.007740    -43.869816    0.0181384118
   -9.007740    -37.120613    0.0133170881
   -9.007740    -30.371411    0.0093445679
   -9.007740    -23.622208    0.0061996849
   -9.007740    -16.873006    0.0038622238
   -9.007740    -10.123804    0.0023147461
   -9.007740     -3.374601    0.0015444123
   -9.007740      3.374601    0.0015444123
   -9.007740     10.123804    0.0023147461
   -9.007740     16.873006    0.0038622238
   -9.007740     23.622208    0.0061996849
   -9.007740     30.371411    0.0093445679
   -9.007740     37.120613    0.0133170881
   -9.007740     43.869816    0.0181384118
   -9.007740     50.619018    0.0238293471

   -3.002580    -50.619018    0.0226616046
   -3.002580    -43.869816    0.0169429222
   -3.002580    -37.120613    0.0120952798
   -3.002580    -30.371411    0.0081002775
   -3.002580    -23.622208    0.0049371728
   -3.002580    -16.873006    0.0025857554
   -3.002580    -10.123804    0.0010287226
   -3.002580     -3.374601    0.0002535049
   -3.002580      3.374601    0.0002535049
   -3.002580     10.123804    0.0010287226
   -3.002580     16.873006    0.0025857554
   -3.002580     23.622208    0.0049371728
   -3.002580     30.371411    0.0081002775
   -3.002580     37.120613    0.0120952798
   -3.002580     43.869816    0.0169429222
   -3.002580     50.619018    0.0226616046

    3.002580    -50.619018    0.0227502415
    3.002580    -43.869816    0.0170107049
    3.002580    -37.120613    0.0121444447
    3.002580    -30.371411    0.0081330701
    3.002580    -23.622208    0.0049562110
    3.002580    -16.873006    0.0025940833
    3.002580    -10.123804    0.0010297273
    3.002580     -3.374601    0.0002507955
    3.002580      3.374601    0.0002507955
    3.002580     10.123804    0.0010297273
    3.002580     16.873006    0.0025940833
    3.002580     23.622208    0.0049562110
    3.002580     30.371411    0.0081330701
    3.002580     37.120613    0.0121444447
    3.002580     43.869816    0.0170107049
    3.002580     50.619018    0.0227502415

    9.007740    -50.619018    0.0240071422
    9.007740    -43.869816    0.0182532049
    9.007740    -37.120613    0.0133750531
    9.007740    -30.371411    0.0093527078
    9.007740    -23.622208    0.0061661268
    9.007740    -16.873006    0.0037962306
    9.007740    -10.123804    0.0022265484
    9.007740     -3.374601    0.0014449328
    9.007740      3.374601    0.0014449328
    9.007740     10.123804    0.0022265484
    9.007740     16.873006    0.0037962306
    9.007740     23.622208    0.0061661268
    9.007740     30.371411    0.0093527078
    9.007740     37.120613    0.0133750531
    9.007740     43.869816    0.0182532049
    9.007740     50.619018    0.0240071422

   15.012900    -50.619018    0.0263504626
   15.012900    -43.869816    0.0205901706
   15.012900    -37.120613    0.0157045213
   15.012900    -30.371411    0.0116751992
   15.012900    -23.622208    0.0084826047
   15.012900    -16.873006    0.0061078356
   15.012900    -10.123804    0.0045346557
   15.012900     -3.374601    0.0037511960
   15.012900      3.374601    0.0037511960
   15.012900     10.123804    0.0045346557
   15.012900     16.873006    0.0061078356
   15.012900     23.622208    0.0084826047
   15.012900     30.371411    0.0116751992
   15.012900     37.120613    0.0157045213
   15.012900     43.869816    0.0205901706
   15.012900     50.619018    0.0263504626

   21.018060    -50.619018    0.0297042173
   21.018060    -43.869816    0.0239456969
   21.018060    -37.120613    0.0190558545
   21.018060    -30.371411    0.0150228017
   21.018060    -23.622208    0.0118275561
   21.018060    -16.873006    0.0094506174
   21.018060    -10.123804    0.0078756031
   21.018060     -3.374601    0.0070910257
   21.018060      3.374601    0.0070910257
   21.018060     10.123804    0.0078756031
   21.018060     16.873006    0.0094506174
   21.018060     23.622208    0.0118275561
   21.018060     30.371411    0.0150228017
   21.018060     37.120613    0.0190558545
   21.018060     43.869816    0.0239456969
   21.018060     50.619018    0.0297042173

   27.023220    -50.619018    0.0339978852
   27.023220    -43.869816    0.0282440257
   27.023220    -37.120613    0.0233562368
   27.023220    -30.371411    0.0193240841
   27.023220    -23.622208    0.0161290494
   27.023220    -16.873006    0.0137518743
   27.023220    -10.123804    0.0121764498
   27.023220     -3.374601    0.0113915742
   27.023220      3.374601    0.0113915742
   27.023220     10.123804    0.0121764498
   27.023220     16.873006    0.0137518743
   27.023220     23.622208    0.0161290494
   27.023220     30.371411    0.0193240841
   27.023220     37.120613    0.0233562368
   27.023220     43.869816    0.0282440257
   27.023220     50.619018    0.0339978852

   33.028380    -50.619018    0.0391660391
   33.028380    -43.869816    0.0334106605
   33.028380    -37.120613    0.0285370380
   33.028380    -30.371411    0.0245133619
   33.028380    -23.622208    0.0213208066
   33.028380    -16.873006    0.0189441453
   33.028380    -10.123804    0.0173694365
   33.028380     -3.374601    0.0165853189
   33.028380      3.374601    0.0165853189
   33.028380     10.123804    0.0173694365
   33.028380     16.873006    0.0189441453
   33.028380     23.622208    0.0213208066
   33.028380     30.371411    0.0245133619
   33.028380     37.120613    0.0285370380
   33.028380     43.869816    0.0334106605
   33.028380     50.619018    0.0391660391

   39.033540    -50.619018    0.0451480043
   39.033540    -43.869816    0.0393870219
   39.033540    -37.120613    0.0345374099
   39.033540    -30.371411    0.0305284896
   39.033540    -23.622208    0.0273405259
   39.033540    -16.873006    0.0249652229
   39.033540    -10.123804    0.0233922634
   39.033540     -3.374601    0.0226097951
   39.033540      3.374601    0.0226097951
   39.033540     10.123804    0.0233922634
   39.033540     16.873006    0.0249652229
   39.033540     23.622208    0.0273405259
   39.033540     30.371411    0.0305284896
   39.033540     37.120613    0.0345374099
   39.033540     43.869816    0.0393870219
   39.033540     50.619018    0.0451480043

   45.038700    -50.619018    0.0518875562
   45.038700    -43.869816    0.0461695393
   45.038700    -37.120613    0.0413143565
   45.038700    -30.371411    0.0373056606
   45.038700    -23.622208    0.0341260466
   45.038700    -16.873006    0.0317587615
   45.038700    -10.123804    0.0301894256
   45.038700     -3.374601    0.0294075295
   45.038700      3.374601    0.0294075295
   45.038700     10.123804    0.0301894256
   45.038700     16.873006    0.0317587615
   45.038700     23.622208    0.0341260466
   45.038700     30.371411    0.0373056606
   45.038700     37.120613    0.0413143565
   45.038700     43.869816    0.0461695393
   45.038700     50.619018    0.0518875562

