  -25.746645    -55.127356   -0.0491609232
  -25.746645    -47.777042   -0.0398635807
  -25.746645    -40.426728   -0.0305394815
  -25.746645    -33.076414   -0.0216661747
  -25.746645    -25.726100   -0.0137461331
  -25.746645    -18.375785   -0.0072734956
  -25.746645    -11.025471   -0.0026837102
  -25.746645     -3.675157   -0.0003019124
  -25.746645      3.675157   -0.0003019124
  -25.746645     11.025471   -0.0026837102
  -25.746645     18.375785   -0.0072734956
  -25.746645     25.726100   -0.0137461331
  -25.746645     33.076414   -0.0216661747
  -25.746645     40.426728   -0.0305394815
  -25.746645     47.777042   -0.0398635807
  -25.746645     55.127356   -0.0491609232

  -21.065436    -55.127356   -0.0344168842
  -21.065436    -47.777042   -0.0278843364
  -21.065436    -40.426728   -0.0213463670
  -21.065436    -33.076414   -0.0151328991
  -21.065436    -25.726100   -0.0095941664
  -21.065436    -18.375785   -0.0050733649
  -21.065436    -11.025471   -0.0018710517
  -21.065436     -3.675157   -0.0002104376
  -21.065436      3.675157   -0.0002104376
  -21.065436     11.025471   -0.0018710517
  -21.065436     18.375785   -0.0050733649
  -21.065436     25.726100   -0.0095941664
  -21.065436     33.076414   -0.0151328991
  -21.065436     40.426728   -0.0213463670
  -21.065436     47.777042   -0.0278843364
  -21.065436     55.127356   -0.0344168842

  -16.384228    -55.127356   -0.0229518550
  -16.384228    -47.777042   -0.0185891400
  -16.384228    -40.426728   -0.0142218209
  -16.384228    -33.076414   -0.0100756472
  -16.384228    -25.726100   -0.0063843355
  -16.384228    -18.375785   -0.0033745822
  -16.384228    -11.025471   -0.0012441930
  -16.384228     -3.675157   -0.0001399153
  -16.384228      3.675157   -0.0001399153
  -16.384228     11.025471   -0.0012441930
  -16.384228     18.375785   -0.0033745822
  -16.384228     25.726100   -0.0063843355
  -16.384228     33.076414   -0.0100756472
  -16.384228     40.426728   -0.0142218209
  -16.384228     47.777042   -0.0185891400
  -16.384228     55.127356   -0.0229518550

  -11.703020    -55.127356   -0.0140841561
  -11.703020    -47.777042   -0.0114057786
  -11.703020    -40.426728   -0.0087232978
  -11.703020    -33.076414   -0.0061777703
  -11.703020    -25.726100   -0.0039130750
  -11.703020    -18.375785   -0.0020677397
  -11.703020    -11.025471   -0.0007622125
  -11.703020     -3.675157   -0.0000857056
  -11.703020      3.675157   -0.0000857056
  -11.703020     11.025471   -0.0007622125
  -11.703020     18.375785   -0.0020677397
  -11.703020     25.726100   -0.0039130750
  -11.703020     33.076414   -0.0061777703
  -11.703020     40.426728   -0.0087232978
  -11.703020     47.777042   -0.0114057786
  -11.703020     55.127356   -0.0140841561

   -7.021812    -55.127356   -0.0072734167
   -7.021812    -47.777042   -0.0058904663
   -7.021812    -40.426728   -0.0045051730
   -7.021812    -33.076414   -0.0031902704
   -7.021812    -25.726100   -0.0020204393
   -7.021812    -18.375785   -0.0010674418
   -7.021812    -11.025471   -0.0003934203
   -7.021812     -3.675157   -0.0000442335
   -7.021812      3.675157   -0.0000442335
   -7.021812     11.025471   -0.0003934203
   -7.021812     18.375785   -0.0010674418
   -7.021812     25.726100   -0.0020204393
   -7.021812     33.076414   -0.0031902704
   -7.021812     40.426728   -0.0045051730
   -7.021812     47.777042   -0.0058904663
   -7.021812     55.127356   -0.0072734167

   -2.340604    -55.127356   -0.0020905625
   -2.340604    -47.777042   -0.0016934719
   -2.340604    -40.426728   -0.0012956091
   -2.340604    -33.076414   -0.0009176320
   -2.340604    -25.726100   -0.0005811663
   -2.340604    -18.375785   -0.0003070225
   -2.340604    -11.025471   -0.0001131468
   -2.340604     -3.675157   -0.0000127207
   -2.340604      3.675157   -0.0000127207
   -2.340604     11.025471   -0.0001131468
   -2.340604     18.375785   -0.0003070225
   -2.340604     25.726100   -0.0005811663
   -2.340604     33.076414   -0.0009176320
   -2.340604     40.426728   -0.0012956091
   -2.340604     47.777042   -0.0016934719
   -2.340604     55.127356   -0.0020905625

    2.340604    -55.127356    0.0018058708
    2.340604    -47.777042    0.0014636429
    2.340604    -40.426728    0.0011203718
    2.340604    -33.076414    0.0007938117
    2.340604    -25.726100    0.0005028456
    2.340604    -18.375785    0.0002656654
    2.340604    -11.025471    0.0000979060
    2.340604     -3.675157    0.0000110071
    2.340604      3.675157    0.0000110071
    2.340604     11.025471    0.0000979060
    2.340604     18.375785    0.0002656654
    2.340604     25.726100    0.0005028456
    2.340604     33.076414    0.0007938117
    2.340604     40.426728    0.0011203718
    2.340604     47.777042    0.0014636429
    2.340604     55.127356    0.0018058708

    7.021812    -55.127356    0.0046882826
    7.021812    -47.777042    0.0038032570
    7.021812    -40.426728    0.0029133199
    7.021812    -33.076414    0.0020652086
    7.021812    -25.726100    0.0013086709
    7.021812    -18.375785    0.0006915530
    7.021812    -11.025471    0.0002548909
    7.021812     -3.675157    0.0000286577
    7.021812      3.675157    0.0000286577
    7.021812     11.025471    0.0002548909
    7.021812     18.375785    0.0006915530
    7.021812     25.726100    0.0013086709
    7.021812     33.076414    0.0020652086
    7.021812     40.426728    0.0029133199
    7.021812     47.777042    0.0038032570
    7.021812     55.127356    0.0046882826

   11.703020    -55.127356    0.0067744469
   11.703020    -47.777042    0.0055025273
   11.703020    -40.426728    0.0042186667
   11.703020    -33.076414    0.0029924778
   11.703020    -25.726100    0.0018971780
   11.703020    -18.375785    0.0010028997
   11.703020    -11.025471    0.0003697334
   11.703020     -3.675157    0.0000415745
   11.703020      3.675157    0.0000415745
   11.703020     11.025471    0.0003697334
   11.703020     18.375785    0.0010028997
   11.703020     25.726100    0.0018971780
   11.703020     33.076414    0.0029924778
   11.703020     40.426728    0.0042186667
   11.703020     47.777042    0.0055025273
   11.703020     55.127356    0.0067744469

   16.384228    -55.127356    0.0082387306
   16.384228    -47.777042    0.0067020196
   16.384228    -40.426728    0.0051439476
   16.384228    -33.076414    0.0036518513
   16.384228    -25.726100    0.0023166708
   16.384228    -18.375785    0.0012252214
   16.384228    -11.025471    0.0004518337
   16.384228     -3.675157    0.0000508140
   16.384228      3.675157    0.0000508140
   16.384228     11.025471    0.0004518337
   16.384228     18.375785    0.0012252214
   16.384228     25.726100    0.0023166708
   16.384228     33.076414    0.0036518513
   16.384228     40.426728    0.0051439476
   16.384228     47.777042    0.0067020196
   16.384228     55.127356    0.0082387306

   21.065436    -55.127356    0.0092208281
   21.065436    -47.777042    0.0075133703
   21.065436    -40.426728    0.0057746370
   21.065436    -33.076414    0.0041039870
   21.065436    -25.726100    0.0026055374
   21.065436    -18.375785    0.0013787352
   21.065436    -11.025471    0.0005086149
   21.065436     -3.675157    0.0000572088
   21.065436      3.675157    0.0000572088
   21.065436     11.025471    0.0005086149
   21.065436     18.375785    0.0013787352
   21.065436     25.726100    0.0026055374
   21.065436     33.076414    0.0041039870
   21.065436     40.426728    0.0057746370
   21.065436     47.777042    0.0075133703
   21.065436     55.127356    0.0092208281

   25.746645    -55.127356    0.0098325958
   25.746645    -47.777042    0.0080262752
   25.746645    -40.426728    0.0061789594
   25.746645    -33.076414    0.0043970062
   25.746645    -25.726100    0.0027941499
   25.746645    -18.375785    0.0014794401
   25.746645    -11.025471    0.0005459608
   25.746645     -3.675157    0.0000614195
   25.746645      3.675157    0.0000614195
   25.746645     11.025471    0.0005459608
   25.746645     18.375785    0.0014794401
   25.746645     25.726100    0.0027941499
   25.746645     33.076414    0.0043970062
   25.746645     40.426728    0.0061789594
   25.746645     47.777042    0.0080262752
   25.746645     55.127356    0.0098325958

   30.427853    -55.127356    0.0101634234
   30.427853    -47.777042    0.0083141486
   30.427853    -40.426728    0.0064117023
   30.427853    -33.076414    0.0045688326
   30.427853    -25.726100    0.0029063122
   30.427853    -18.375785    0.0015399486
   30.427853    -11.025471    0.0005685555
   30.427853     -3.675157    0.0000639759
   30.427853      3.675157    0.0000639759
   30.427853     11.025471    0.0005685555
   30.427853     18.375785    0.0015399486
   30.427853     25.726100    0.0029063122
   30.427853     33.076414    0.0045688326
   30.427853     40.426728    0.0064117023
   30.427853     47.777042    0.0083141486
   30.427853     55.127356    0.0101634234

   35.109061    -55.127356    0.0102844277
   35.109061    -47.777042    0.0084368540
   35.109061    -40.426728    0.0065167187
   35.109061    -33.076414    0.0046492444
   35.109061    -25.726100    0.0029606083
   35.109061    -18.375785    0.0015701690
   35.109061    -11.025471    0.0005801170
   35.109061     -3.675157    0.0000653014
   35.109061      3.675157    0.0000653014
   35.109061     11.025471    0.0005801170
   35.109061     18.375785    0.0015701690
   35.109061     25.726100    0.0029606083
   35.109061     33.076414    0.0046492444
   35.109061     40.426728    0.0065167187
   35.109061     47.777042    0.0084368540
   35.109061     55.127356    0.0102844277

   39.790269    -55.127356    0.0102516048
   39.790269    -47.777042    0.0084379584
   39.790269    -40.426728    0.0065274735
   39.790269    -33.076414    0.0046620759
   39.790269    -25.726100    0.0029720597
   39.790269    -18.375785    0.0015779325
   39.790269    -11.025471    0.0005834887
   39.790269     -3.675157    0.0000657126
   39.790269      3.675157    0.0000657126
   39.790269     11.025471    0.0005834887
   39.790269     18.375785    0.0015779325
   39.790269     25.726100    0.0029720597
   39.790269     33.076414    0.0046620759
   39.790269     40.426728    0.0065274735
   39.790269     47.777042    0.0084379584
   39.790269     55.127356    0.0102516048

   44.471477    -55.127356    0.0101079271
   44.471477    -47.777042    0.0083330136
   44.471477    -40.426728    0.0064646470
   44.471477    -33.076414    0.0046280389
   44.471477    -25.726100    0.0029545540
   44.471477    -18.375785    0.0015696459
   44.471477    -11.025471    0.0005805302
   44.471477     -3.675157    0.0000653800
   44.471477      3.675157    0.0000653800
   44.471477     11.025471    0.0005805302
   44.471477     18.375785    0.0015696459
   44.471477     25.726100    0.0029545540
   44.471477     33.076414    0.0046280389
   44.471477     40.426728    0.0064646470
   44.471477     47.777042    0.0083330136
   44.471477     55.127356    0.0101079271

