  -48.827424    -91.194683    0.0333797835
  -48.827424    -79.035392    0.0311767429
  -48.827424    -66.876101    0.0293624572
  -48.827424    -54.716810    0.0279025358
  -48.827424    -42.557519    0.0267685040
  -48.827424    -30.398228    0.0259377020
  -48.827424    -18.238937    0.0253932053
  -48.827424     -6.079646    0.0251237643
  -48.827424      6.079646    0.0251237643
  -48.827424     18.238937    0.0253932053
  -48.827424     30.398228    0.0259377020
  -48.827424     42.557519    0.0267685040
  -48.827424     54.716810    0.0279025358
  -48.827424     66.876101    0.0293624572
  -48.827424     79.035392    0.0311767429
  -48.827424     91.194683    0.0333797835

  -42.317101    -91.194683    0.0268967295
  -42.317101    -79.035392    0.0247470297
  -42.317101    -66.876101    0.0229809146
  -42.317101    -54.716810    0.0215628909
  -42.317101    -42.557519    0.0204635415
  -42.317101    -30.398228    0.0196594376
  -42.317101    -18.238937    0.0191330691
  -42.317101     -6.079646    0.0188727915
  -42.317101      6.079646    0.0188727915
  -42.317101     18.238937    0.0191330691
  -42.317101     30.398228    0.0196594376
  -42.317101     42.557519    0.0204635415
  -42.317101     54.716810    0.0215628909
  -42.317101     66.876101    0.0229809146
  -42.317101     79.035392    0.0247470297
  -42.317101     91.194683    0.0268967295

  -35.806778    -91.194683    0.0213092716
  -35.806778    -79.035392    0.0192134041
  -35.806778    -66.876101    0.0174959324
  -35.806778    -54.716810    0.0161201969
  -35.806778    -42.557519    0.0150558183
  -35.806778    -30.398228    0.0142786048
  -35.806778    -18.238937    0.0137704774
  -35.806778     -6.079646    0.0135194144
  -35.806778      6.079646    0.0135194144
  -35.806778     18.238937    0.0137704774
  -35.806778     30.398228    0.0142786048
  -35.806778     42.557519    0.0150558183
  -35.806778     54.716810    0.0161201969
  -35.806778     66.876101    0.0174959324
  -35.806778     79.035392    0.0192134041
  -35.806778     91.194683    0.0213092716

  -29.296454    -91.194683    0.0166233654
  -29.296454    -79.035392    0.0145799682
  -29.296454    -66.876101    0.0129099027
  -29.296454    -54.716810    0.0115753745
  -29.296454    -42.557519    0.0105450689
  -29.296454    -30.398228    0.0097940526
  -29.296454    -18.238937    0.0093036949
  -29.296454     -6.079646    0.0090616080
  -29.296454      6.079646    0.0090616080
  -29.296454     18.238937    0.0093036949
  -29.296454     30.398228    0.0097940526
  -29.296454     42.557519    0.0105450689
  -29.296454     54.716810    0.0115753745
  -29.296454     66.876101    0.0129099027
  -29.296454     79.035392    0.0145799682
  -29.296454     91.194683    0.0166233654

  -22.786131    -91.194683    0.0128436469
  -22.786131    -79.035392    0.0108495578
  -22.786131    -66.876101    0.0092240361
  -22.786131    -54.716810    0.0079282346
  -22.786131    -42.557519    0.0069299619
  -22.786131    -30.398228    0.0062035836
  -22.786131    -18.238937    0.0057299432
  -22.786131     -6.079646    0.0054963025
  -22.786131      6.079646    0.0054963025
  -22.786131     18.238937    0.0057299432
  -22.786131     30.398228    0.0062035836
  -22.786131     42.557519    0.0069299619
  -22.786131     54.716810    0.0079282346
  -22.786131     66.876101    0.0092240361
  -22.786131     79.035392    0.0108495578
  -22.786131     91.194683    0.0128436469

  -16.275808    -91.194683    0.0099742752
  -16.275808    -79.035392    0.0080247550
  -16.275808    -66.876101    0.0064395095
  -16.275808    -54.716810    0.0051787434
  -16.275808    -42.557519    0.0042094679
  -16.275808    -30.398228    0.0035054050
  -16.275808    -18.238937    0.0030469126
  -16.275808     -6.079646    0.0028209275
  -16.275808      6.079646    0.0028209275
  -16.275808     18.238937    0.0030469126
  -16.275808     30.398228    0.0035054050
  -16.275808     42.557519    0.0042094679
  -16.275808     54.716810    0.0051787434
  -16.275808     66.876101    0.0064395095
  -16.275808     79.035392    0.0080247550
  -16.275808     91.194683    0.0099742752

   -9.765485    -91.194683    0.0080195639
   -9.765485    -79.035392    0.0061086512
   -9.765485    -66.876101    0.0045583343
   -9.765485    -54.716810    0.0033279813
   -9.765485    -42.557519    0.0023838967
   -9.765485    -30.398228    0.0016992316
   -9.765485    -18.238937    0.0012539125
   -9.765485     -6.079646    0.0010345865
   -9.765485      6.079646    0.0010345865
   -9.765485     18.238937    0.0012539125
   -9.765485     30.398228    0.0016992316
   -9.765485     42.557519    0.0023838967
   -9.765485     54.716810    0.0033279813
   -9.765485     66.876101    0.0045583343
   -9.765485     79.035392    0.0061086512
   -9.765485     91.194683    0.0080195639

   -3.255162    -91.194683    0.0069844022
   -3.255162    -79.035392    0.0051053607
   -3.255162    -66.876101    0.0035839450
   -3.255162    -54.716810    0.0023787947
   -3.255162    -42.557519    0.0014556059
   -3.255162    -30.398228    0.0007870412
   -3.255162    -18.238937    0.0003526598
   -3.255162     -6.079646    0.0001388641
   -3.255162      6.079646    0.0001388641
   -3.255162     18.238937    0.0003526598
   -3.255162     30.398228    0.0007870412
   -3.255162     42.557519    0.0014556059
   -3.255162     54.716810    0.0023787947
   -3.255162     66.876101    0.0035839450
   -3.255162     79.035392    0.0051053607
   -3.255162     91.194683    0.0069844022

    3.255162    -91.194683    0.0068744636
    3.255162    -79.035392    0.0050202865
    3.255162    -66.876101    0.0035215071
    3.255162    -54.716810    0.0023361430
    3.255162    -42.557519    0.0014293805
    3.255162    -30.398228    0.0007734812
    3.255162    -18.238937    0.0003477071
    3.255162     -6.079646    0.0001382638
    3.255162      6.079646    0.0001382638
    3.255162     18.238937    0.0003477071
    3.255162     30.398228    0.0007734812
    3.255162     42.557519    0.0014293805
    3.255162     54.716810    0.0023361430
    3.255162     66.876101    0.0035215071
    3.255162     79.035392    0.0050202865
    3.255162     91.194683    0.0068744636

    9.765485    -91.194683    0.0076962048
    9.765485    -79.035392    0.0058601356
    9.765485    -66.876101    0.0043779470
    9.765485    -54.716810    0.0032071378
    9.765485    -42.557519    0.0023124829
    9.765485    -30.398228    0.0016659285
    9.765485    -18.238937    0.0012465078
    9.765485     -6.079646    0.0010402779
    9.765485      6.079646    0.0010402779
    9.765485     18.238937    0.0012465078
    9.765485     30.398228    0.0016659285
    9.765485     42.557519    0.0023124829
    9.765485     54.716810    0.0032071378
    9.765485     66.876101    0.0043779470
    9.765485     79.035392    0.0058601356
    9.765485     91.194683    0.0076962048

   16.275808    -91.194683    0.0094566524
   16.275808    -79.035392    0.0076326866
   16.275808    -66.876101    0.0061617002
   16.275808    -54.716810    0.0050007771
   16.275808    -42.557519    0.0041143739
   16.275808    -30.398228    0.0034742000
   16.275808    -18.238937    0.0030591212
   16.275808     -6.079646    0.0028550881
   16.275808      6.079646    0.0028550881
   16.275808     18.238937    0.0030591212
   16.275808     30.398228    0.0034742000
   16.275808     42.557519    0.0041143739
   16.275808     54.716810    0.0050007771
   16.275808     66.876101    0.0061617002
   16.275808     79.035392    0.0076326866
   16.275808     91.194683    0.0094566524

   22.786131    -91.194683    0.0121629794
   22.786131    -79.035392    0.0103463078
   22.786131    -66.876101    0.0088821811
   22.786131    -54.716810    0.0077273722
   22.786131    -42.557519    0.0068461041
   22.786131    -30.398228    0.0062099157
   22.786131    -18.238937    0.0057975552
   22.786131     -6.079646    0.0055948990
   22.786131      6.079646    0.0055948990
   22.786131     18.238937    0.0057975552
   22.786131     30.398228    0.0062099157
   22.786131     42.557519    0.0068461041
   22.786131     54.716810    0.0077273722
   22.786131     66.876101    0.0088821811
   22.786131     79.035392    0.0103463078
   22.786131     91.194683    0.0121629794

   29.296454    -91.194683    0.0158218695
   29.296454    -79.035392    0.0140092256
   29.296454    -66.876101    0.0125489726
   29.296454    -54.716810    0.0113976693
   29.296454    -42.557519    0.0105193765
   29.296454    -30.398228    0.0098855143
   29.296454    -18.238937    0.0094747478
   29.296454     -6.079646    0.0092729013
   29.296454      6.079646    0.0092729013
   29.296454     18.238937    0.0094747478
   29.296454     30.398228    0.0098855143
   29.296454     42.557519    0.0105193765
   29.296454     54.716810    0.0113976693
   29.296454     66.876101    0.0125489726
   29.296454     79.035392    0.0140092256
   29.296454     91.194683    0.0158218695

   35.806778    -91.194683    0.0204386712
   35.806778    -79.035392    0.0186285453
   35.806778    -66.876101    0.0171707362
   35.806778    -54.716810    0.0160216641
   35.806778    -42.557519    0.0151452799
   35.806778    -30.398228    0.0145129197
   35.806778    -18.238937    0.0141031874
   35.806778     -6.079646    0.0139018678
   35.806778      6.079646    0.0139018678
   35.806778     18.238937    0.0141031874
   35.806778     30.398228    0.0145129197
   35.806778     42.557519    0.0151452799
   35.806778     54.716810    0.0160216641
   35.806778     66.876101    0.0171707362
   35.806778     79.035392    0.0186285453
   35.806778     91.194683    0.0204386712

   42.317101    -91.194683    0.0260163405
   42.317101    -79.035392    0.0242090216
   42.317101    -66.876101    0.0227538417
   42.317101    -54.716810    0.0216071103
   42.317101    -42.557519    0.0207326928
   42.317101    -30.398228    0.0201018604
   42.317101    -18.238937    0.0196931712
   42.317101     -6.079646    0.0194923803
   42.317101      6.079646    0.0194923803
   42.317101     18.238937    0.0196931712
   42.317101     30.398228    0.0201018604
   42.317101     42.557519    0.0207326928
   42.317101     54.716810    0.0216071103
   42.317101     66.876101    0.0227538417
   42.317101     79.035392    0.0242090216
   42.317101     91.194683    0.0260163405

   48.827424    -91.194683    0.0325541721
   48.827424    -79.035392    0.0307515807
   48.827424    -66.876101    0.0293007177
   48.827424    -54.716810    0.0281577224
   48.827424    -42.557519    0.0272863579
   48.827424    -30.398228    0.0266578406
   48.827424    -18.238937    0.0262507024
   48.827424     -6.079646    0.0260506884
   48.827424      6.079646    0.0260506884
   48.827424     18.238937    0.0262507024
   48.827424     30.398228    0.0266578406
   48.827424     42.557519    0.0272863579
   48.827424     54.716810    0.0281577224
   48.827424     66.876101    0.0293007177
   48.827424     79.035392    0.0307515807
   48.827424     91.194683    0.0325541721

