  -47.136383    -50.614883   -0.0008311797
  -47.136383    -43.866232   -0.0006140657
  -47.136383    -37.117581   -0.0004333707
  -47.136383    -30.368930   -0.0002866011
  -47.136383    -23.620279   -0.0001716790
  -47.136383    -16.871628   -0.0000869420
  -47.136383    -10.122977   -0.0000311433
  -47.136383     -3.374326   -0.0000034517
  -47.136383      3.374326   -0.0000034517
  -47.136383     10.122977   -0.0000311433
  -47.136383     16.871628   -0.0000869420
  -47.136383     23.620279   -0.0001716790
  -47.136383     30.368930   -0.0002866011
  -47.136383     37.117581   -0.0004333707
  -47.136383     43.866232   -0.0006140657
  -47.136383     50.614883   -0.0008311797

  -40.851532    -50.614883   -0.0006958740
  -40.851532    -43.866232   -0.0005147113
  -40.851532    -37.117581   -0.0003636316
  -40.851532    -30.368930   -0.0002406952
  -40.851532    -23.620279   -0.0001442857
  -40.851532    -16.871628   -0.0000731100
  -40.851532    -10.122977   -0.0000261984
  -40.851532     -3.374326   -0.0000029042
  -40.851532      3.374326   -0.0000029042
  -40.851532     10.122977   -0.0000261984
  -40.851532     16.871628   -0.0000731100
  -40.851532     23.620279   -0.0001442857
  -40.851532     30.368930   -0.0002406952
  -40.851532     37.117581   -0.0003636316
  -40.851532     43.866232   -0.0005147113
  -40.851532     50.614883   -0.0006958740

  -34.566681    -50.614883   -0.0005669009
  -34.566681    -43.866232   -0.0004197900
  -34.566681    -37.117581   -0.0002968680
  -34.566681    -30.368930   -0.0001966704
  -34.566681    -23.620279   -0.0001179768
  -34.566681    -16.871628   -0.0000598109
  -34.566681    -10.122977   -0.0000214404
  -34.566681     -3.374326   -0.0000023772
  -34.566681      3.374326   -0.0000023772
  -34.566681     10.122977   -0.0000214404
  -34.566681     16.871628   -0.0000598109
  -34.566681     23.620279   -0.0001179768
  -34.566681     30.368930   -0.0001966704
  -34.566681     37.117581   -0.0002968680
  -34.566681     43.866232   -0.0004197900
  -34.566681     50.614883   -0.0005669009

  -28.281830    -50.614883   -0.0004449806
  -28.281830    -43.866232   -0.0003298717
  -28.281830    -37.117581   -0.0002335058
  -28.281830    -30.368930   -0.0001548218
  -28.281830    -23.620279   -0.0000929355
  -28.281830    -16.871628   -0.0000471398
  -28.281830    -10.122977   -0.0000169040
  -28.281830     -3.374326   -0.0000018745
  -28.281830      3.374326   -0.0000018745
  -28.281830     10.122977   -0.0000169040
  -28.281830     16.871628   -0.0000471398
  -28.281830     23.620279   -0.0000929355
  -28.281830     30.368930   -0.0001548218
  -28.281830     37.117581   -0.0002335058
  -28.281830     43.866232   -0.0003298717
  -28.281830     50.614883   -0.0004449806

  -21.996979    -50.614883   -0.0003307752
  -21.996979    -43.866232   -0.0002454780
  -21.996979    -37.117581   -0.0001739332
  -21.996979    -30.368930   -0.0001154176
  -21.996979    -23.620279   -0.0000693283
  -21.996979    -16.871628   -0.0000351832
  -21.996979    -10.122977   -0.0000126208
  -21.996979     -3.374326   -0.0000013998
  -21.996979      3.374326   -0.0000013998
  -21.996979     10.122977   -0.0000126208
  -21.996979     16.871628   -0.0000351832
  -21.996979     23.620279   -0.0000693283
  -21.996979     30.368930   -0.0001154176
  -21.996979     37.117581   -0.0001739332
  -21.996979     43.866232   -0.0002454780
  -21.996979     50.614883   -0.0003307752

  -15.712128    -50.614883   -0.0002248883
  -15.712128    -43.866232   -0.0001670821
  -15.712128    -37.117581   -0.0001185013
  -15.712128    -30.368930   -0.0000786994
  -15.712128    -23.620279   -0.0000473044
  -15.712128    -16.871628   -0.0000240186
  -15.712128    -10.122977   -0.0000086188
  -15.712128     -3.374326   -0.0000009561
  -15.712128      3.374326   -0.0000009561
  -15.712128     10.122977   -0.0000086188
  -15.712128     16.871628   -0.0000240186
  -15.712128     23.620279   -0.0000473044
  -15.712128     30.368930   -0.0000786994
  -15.712128     37.117581   -0.0001185013
  -15.712128     43.866232   -0.0001670821
  -15.712128     50.614883   -0.0002248883

   -9.427277    -50.614883   -0.0001278652
   -9.427277    -43.866232   -0.0000951085
   -9.427277    -37.117581   -0.0000675232
   -9.427277    -30.368930   -0.0000448822
   -9.427277    -23.620279   -0.0000269965
   -9.427277    -16.871628   -0.0000137146
   -9.427277    -10.122977   -0.0000049231
   -9.427277     -3.374326   -0.0000005462
   -9.427277      3.374326   -0.0000005462
   -9.427277     10.122977   -0.0000049231
   -9.427277     16.871628   -0.0000137146
   -9.427277     23.620279   -0.0000269965
   -9.427277     30.368930   -0.0000448822
   -9.427277     37.117581   -0.0000675232
   -9.427277     43.866232   -0.0000951085
   -9.427277     50.614883   -0.0001278652

   -3.142426    -50.614883   -0.0000401932
   -3.142426    -43.866232   -0.0000299336
   -3.142426    -37.117581   -0.0000212747
   -3.142426    -30.368930   -0.0000141541
   -3.142426    -23.620279   -0.0000085200
   -3.142426    -16.871628   -0.0000043307
   -3.142426    -10.122977   -0.0000015552
   -3.142426     -3.374326   -0.0000001726
   -3.142426      3.374326   -0.0000001726
   -3.142426     10.122977   -0.0000015552
   -3.142426     16.871628   -0.0000043307
   -3.142426     23.620279   -0.0000085200
   -3.142426     30.368930   -0.0000141541
   -3.142426     37.117581   -0.0000212747
   -3.142426     43.866232   -0.0000299336
   -3.142426     50.614883   -0.0000401932

    3.142426    -50.614883    0.0000376992
    3.142426    -43.866232    0.0000281148
    3.142426    -37.117581    0.0000200059
    3.142426    -30.368930    0.0000133234
    3.142426    -23.620279    0.0000080264
    3.142426    -16.871628    0.0000040823
    3.142426    -10.122977    0.0000014666
    3.142426     -3.374326    0.0000001628
    3.142426      3.374326    0.0000001628
    3.142426     10.122977    0.0000014666
    3.142426     16.871628    0.0000040823
    3.142426     23.620279    0.0000080264
    3.142426     30.368930    0.0000133234
    3.142426     37.117581    0.0000200059
    3.142426     43.866232    0.0000281148
    3.142426     50.614883    0.0000376992

    9.427277    -50.614883    0.0001054412
    9.427277    -43.866232    0.0000787572
    9.427277    -37.117581    0.0000561177
    9.427277    -30.368930    0.0000374155
    9.427277    -23.620279    0.0000225610
    9.427277    -16.871628    0.0000114828
    9.427277    -10.122977    0.0000041271
    9.427277     -3.374326    0.0000004582
    9.427277      3.374326    0.0000004582
    9.427277     10.122977    0.0000041271
    9.427277     16.871628    0.0000114828
    9.427277     23.620279    0.0000225610
    9.427277     30.368930    0.0000374155
    9.427277     37.117581    0.0000561177
    9.427277     43.866232    0.0000787572
    9.427277     50.614883    0.0001054412

   15.712128    -50.614883    0.0001627207
   15.712128    -43.866232    0.0001217627
   15.712128    -37.117581    0.0000868978
   15.712128    -30.368930    0.0000580142
   15.712128    -23.620279    0.0000350190
   15.712128    -16.871628    0.0000178378
   15.712128    -10.122977    0.0000064146
   15.712128     -3.374326    0.0000007123
   15.712128      3.374326    0.0000007123
   15.712128     10.122977    0.0000064146
   15.712128     16.871628    0.0000178378
   15.712128     23.620279    0.0000350190
   15.712128     30.368930    0.0000580142
   15.712128     37.117581    0.0000868978
   15.712128     43.866232    0.0001217627
   15.712128     50.614883    0.0001627207

   21.996979    -50.614883    0.0002092836
   21.996979    -43.866232    0.0001569486
   21.996979    -37.117581    0.0001122202
   21.996979    -30.368930    0.0000750382
   21.996979    -23.620279    0.0000453526
   21.996979    -16.871628    0.0000231234
   21.996979    -10.122977    0.0000083207
   21.996979     -3.374326    0.0000009243
   21.996979      3.374326    0.0000009243
   21.996979     10.122977    0.0000083207
   21.996979     16.871628    0.0000231234
   21.996979     23.620279    0.0000453526
   21.996979     30.368930    0.0000750382
   21.996979     37.117581    0.0001122202
   21.996979     43.866232    0.0001569486
   21.996979     50.614883    0.0002092836

   28.281830    -50.614883    0.0002449345
   28.281830    -43.866232    0.0001841810
   28.281830    -37.117581    0.0001319968
   28.281830    -30.368930    0.0000884327
   28.281830    -23.620279    0.0000535308
   28.281830    -16.871628    0.0000273248
   28.281830    -10.122977    0.0000098401
   28.281830     -3.374326    0.0000010935
   28.281830      3.374326    0.0000010935
   28.281830     10.122977    0.0000098401
   28.281830     16.871628    0.0000273248
   28.281830     23.620279    0.0000535308
   28.281830     30.368930    0.0000884327
   28.281830     37.117581    0.0001319968
   28.281830     43.866232    0.0001841810
   28.281830     50.614883    0.0002449345

   34.566681    -50.614883    0.0002695357
   34.566681    -43.866232    0.0002033739
   34.566681    -37.117581    0.0001461771
   34.566681    -30.368930    0.0000981699
   34.566681    -23.620279    0.0000595396
   34.566681    -16.871628    0.0000304358
   34.566681    -10.122977    0.0000109709
   34.566681     -3.374326    0.0000012198
   34.566681      3.374326    0.0000012198
   34.566681     10.122977    0.0000109709
   34.566681     16.871628    0.0000304358
   34.566681     23.620279    0.0000595396
   34.566681     30.368930    0.0000981699
   34.566681     37.117581    0.0001461771
   34.566681     43.866232    0.0002033739
   34.566681     50.614883    0.0002695357

   40.851532    -50.614883    0.0002830083
   40.851532    -43.866232    0.0002144901
   40.851532    -37.117581    0.0001547477
   40.851532    -30.368930    0.0001042486
   40.851532    -23.620279    0.0000633820
   40.851532    -16.871628    0.0000324594
   40.851532    -10.122977    0.0000117146
   40.851532     -3.374326    0.0000013032
   40.851532      3.374326    0.0000013032
   40.851532     10.122977    0.0000117146
   40.851532     16.871628    0.0000324594
   40.851532     23.620279    0.0000633820
   40.851532     30.368930    0.0001042486
   40.851532     37.117581    0.0001547477
   40.851532     43.866232    0.0002144901
   40.851532     50.614883    0.0002830083

   47.136383    -50.614883    0.0002853315
   47.136383    -43.866232    0.0002175408
   47.136383    -37.117581    0.0001577333
   47.136383    -30.368930    0.0001066941
   47.136383    -23.620279    0.0000650777
   47.136383    -16.871628    0.0000334074
   47.136383    -10.122977    0.0000120757
   47.136383     -3.374326    0.0000013445
   47.136383      3.374326    0.0000013445
   47.136383     10.122977    0.0000120757
   47.136383     16.871628    0.0000334074
   47.136383     23.620279    0.0000650777
   47.136383     30.368930    0.0001066941
   47.136383     37.117581    0.0001577333
   47.136383     43.866232    0.0002175408
   47.136383     50.614883    0.0002853315

