  -25.746645   -100.911229    0.0552580976
  -25.746645    -87.456398    0.0556905036
  -25.746645    -74.001568    0.0564993964
  -25.746645    -60.546737    0.0575015707
  -25.746645    -47.091907    0.0585294971
  -25.746645    -33.637076    0.0594381135
  -25.746645    -20.182246    0.0601115712
  -25.746645     -6.727415    0.0604690608
  -25.746645      6.727415    0.0604690608
  -25.746645     20.182246    0.0601115712
  -25.746645     33.637076    0.0594381135
  -25.746645     47.091907    0.0585294971
  -25.746645     60.546737    0.0575015707
  -25.746645     74.001568    0.0564993964
  -25.746645     87.456398    0.0556905036
  -25.746645    100.911229    0.0552580976

  -21.065436   -100.911229    0.0352550592
  -21.065436    -87.456398    0.0348890265
  -21.065436    -74.001568    0.0349887206
  -21.065436    -60.546737    0.0353838747
  -21.065436    -47.091907    0.0359157196
  -21.065436    -33.637076    0.0364458795
  -21.065436    -20.182246    0.0368638004
  -21.065436     -6.727415    0.0370925024
  -21.065436      6.727415    0.0370925024
  -21.065436     20.182246    0.0368638004
  -21.065436     33.637076    0.0364458795
  -21.065436     47.091907    0.0359157196
  -21.065436     60.546737    0.0353838747
  -21.065436     74.001568    0.0349887206
  -21.065436     87.456398    0.0348890265
  -21.065436    100.911229    0.0352550592

  -16.384228   -100.911229    0.0213954393
  -16.384228    -87.456398    0.0204002790
  -16.384228    -74.001568    0.0199459757
  -16.384228    -60.546737    0.0198662396
  -16.384228    -47.091907    0.0200088001
  -16.384228    -33.637076    0.0202415115
  -16.384228    -20.182246    0.0204586025
  -16.384228     -6.727415    0.0205861592
  -16.384228      6.727415    0.0205861592
  -16.384228     20.182246    0.0204586025
  -16.384228     33.637076    0.0202415115
  -16.384228     47.091907    0.0200088001
  -16.384228     60.546737    0.0198662396
  -16.384228     74.001568    0.0199459757
  -16.384228     87.456398    0.0204002790
  -16.384228    100.911229    0.0213954393

  -11.703020   -100.911229    0.0125333763
  -11.703020    -87.456398    0.0110462320
  -11.703020    -74.001568    0.0101565714
  -11.703020    -60.546737    0.0097035817
  -11.703020    -47.091907    0.0095403709
  -11.703020    -33.637076    0.0095394690
  -11.703020    -20.182246    0.0095987539
  -11.703020     -6.727415    0.0096467856
  -11.703020      6.727415    0.0096467856
  -11.703020     20.182246    0.0095987539
  -11.703020     33.637076    0.0095394690
  -11.703020     47.091907    0.0095403709
  -11.703020     60.546737    0.0097035817
  -11.703020     74.001568    0.0101565714
  -11.703020     87.456398    0.0110462320
  -11.703020    100.911229    0.0125333763

   -7.021812   -100.911229    0.0077119744
   -7.021812    -87.456398    0.0058403505
   -7.021812    -74.001568    0.0046086572
   -7.021812    -60.546737    0.0038622395
   -7.021812    -47.091907    0.0034587075
   -7.021812    -33.637076    0.0032741595
   -7.021812    -20.182246    0.0032093067
   -7.021812     -6.727415    0.0031947359
   -7.021812      6.727415    0.0031947359
   -7.021812     20.182246    0.0032093067
   -7.021812     33.637076    0.0032741595
   -7.021812     47.091907    0.0034587075
   -7.021812     60.546737    0.0038622395
   -7.021812     74.001568    0.0046086572
   -7.021812     87.456398    0.0058403505
   -7.021812    100.911229    0.0077119744

   -2.340604   -100.911229    0.0061301552
   -2.340604    -87.456398    0.0039575923
   -2.340604    -74.001568    0.0024578970
   -2.340604    -60.546737    0.0014811522
   -2.340604    -47.091907    0.0008886663
   -2.340604    -33.637076    0.0005595471
   -2.340604    -20.182246    0.0003968936
   -2.340604     -6.727415    0.0003329818
   -2.340604      6.727415    0.0003329818
   -2.340604     20.182246    0.0003968936
   -2.340604     33.637076    0.0005595471
   -2.340604     47.091907    0.0008886663
   -2.340604     60.546737    0.0014811522
   -2.340604     74.001568    0.0024578970
   -2.340604     87.456398    0.0039575923
   -2.340604    100.911229    0.0061301552

    2.340604   -100.911229    0.0071154493
    2.340604    -87.456398    0.0047073101
    2.340604    -74.001568    0.0029980073
    2.340604    -60.546737    0.0018406323
    2.340604    -47.091907    0.0010995269
    2.340604    -33.637076    0.0006564714
    2.340604    -20.182246    0.0004166659
    2.340604     -6.727415    0.0003138176
    2.340604      6.727415    0.0003138176
    2.340604     20.182246    0.0004166659
    2.340604     33.637076    0.0006564714
    2.340604     47.091907    0.0010995269
    2.340604     60.546737    0.0018406323
    2.340604     74.001568    0.0029980073
    2.340604     87.456398    0.0047073101
    2.340604    100.911229    0.0071154493

    7.021812   -100.911229    0.0101017564
    7.021812    -87.456398    0.0075096927
    7.021812    -74.001568    0.0056363986
    7.021812    -60.546737    0.0043372679
    7.021812    -47.091907    0.0034792011
    7.021812    -33.637076    0.0029462923
    7.021812    -20.182246    0.0026455615
    7.021812     -6.727415    0.0025119437
    7.021812      6.727415    0.0025119437
    7.021812     20.182246    0.0026455615
    7.021812     33.637076    0.0029462923
    7.021812     47.091907    0.0034792011
    7.021812     60.546737    0.0043372679
    7.021812     74.001568    0.0056363986
    7.021812     87.456398    0.0075096927
    7.021812    100.911229    0.0101017564

   11.703020   -100.911229    0.0146112188
   11.703020    -87.456398    0.0118760698
   11.703020    -74.001568    0.0098742789
   11.703020    -60.546737    0.0084637117
   11.703020    -47.091907    0.0075135027
   11.703020    -33.637076    0.0069096687
   11.703020    -20.182246    0.0065607609
   11.703020     -6.727415    0.0064027808
   11.703020      6.727415    0.0064027808
   11.703020     20.182246    0.0065607609
   11.703020     33.637076    0.0069096687
   11.703020     47.091907    0.0075135027
   11.703020     60.546737    0.0084637117
   11.703020     74.001568    0.0098742789
   11.703020     87.456398    0.0118760698
   11.703020    100.911229    0.0146112188

   16.384228   -100.911229    0.0202394758
   16.384228    -87.456398    0.0173930784
   16.384228    -74.001568    0.0152905917
   16.384228    -60.546737    0.0137923359
   16.384228    -47.091907    0.0127694092
   16.384228    -33.637076    0.0121094605
   16.384228    -20.182246    0.0117223543
   16.384228     -6.727415    0.0115450294
   16.384228      6.727415    0.0115450294
   16.384228     20.182246    0.0117223543
   16.384228     33.637076    0.0121094605
   16.384228     47.091907    0.0127694092
   16.384228     60.546737    0.0137923359
   16.384228     74.001568    0.0152905917
   16.384228     87.456398    0.0173930784
   16.384228    100.911229    0.0202394758

   21.065436   -100.911229    0.0266436853
   21.065436    -87.456398    0.0237103788
   21.065436    -74.001568    0.0215291779
   21.065436    -60.546737    0.0199619511
   21.065436    -47.091907    0.0188814777
   21.065436    -33.637076    0.0181769338
   21.065436    -20.182246    0.0177594013
   21.065436     -6.727415    0.0175666529
   21.065436      6.727415    0.0175666529
   21.065436     20.182246    0.0177594013
   21.065436     33.637076    0.0181769338
   21.065436     47.091907    0.0188814777
   21.065436     60.546737    0.0199619511
   21.065436     74.001568    0.0215291779
   21.065436     87.456398    0.0237103788
   21.065436    100.911229    0.0266436853

   25.746645   -100.911229    0.0335328170
   25.746645    -87.456398    0.0305312796
   25.746645    -74.001568    0.0282885688
   25.746645    -60.546737    0.0266670119
   25.746645    -47.091907    0.0255408119
   25.746645    -33.637076    0.0248006346
   25.746645    -20.182246    0.0243587302
   25.746645     -6.727415    0.0241536190
   25.746645      6.727415    0.0241536190
   25.746645     20.182246    0.0243587302
   25.746645     33.637076    0.0248006346
   25.746645     47.091907    0.0255408119
   25.746645     60.546737    0.0266670119
   25.746645     74.001568    0.0282885688
   25.746645     87.456398    0.0305312796
   25.746645    100.911229    0.0335328170

   30.427853   -100.911229    0.0406598453
   30.427853    -87.456398    0.0376053221
   30.427853    -74.001568    0.0353138304
   30.427853    -60.546737    0.0336489514
   30.427853    -47.091907    0.0324862126
   30.427853    -33.637076    0.0317174839
   30.427853    -20.182246    0.0312559841
   30.427853     -6.727415    0.0310409045
   30.427853      6.727415    0.0310409045
   30.427853     20.182246    0.0312559841
   30.427853     33.637076    0.0317174839
   30.427853     47.091907    0.0324862126
   30.427853     60.546737    0.0336489514
   30.427853     74.001568    0.0353138304
   30.427853     87.456398    0.0376053221
   30.427853    100.911229    0.0406598453

   35.109061   -100.911229    0.0478155849
   35.109061    -87.456398    0.0447215470
   35.109061    -74.001568    0.0423898985
   35.109061    -60.546737    0.0406895086
   35.109061    -47.091907    0.0394973760
   35.109061    -33.637076    0.0387058315
   35.109061    -20.182246    0.0382285838
   35.109061     -6.727415    0.0380054206
   35.109061      6.727415    0.0380054206
   35.109061     20.182246    0.0382285838
   35.109061     33.637076    0.0387058315
   35.109061     47.091907    0.0394973760
   35.109061     60.546737    0.0406895086
   35.109061     74.001568    0.0423898985
   35.109061     87.456398    0.0447215470
   35.109061    100.911229    0.0478155849

   39.790269   -100.911229    0.0548240364
   39.790269    -87.456398    0.0517008542
   39.790269    -74.001568    0.0493358571
   39.790269    -60.546737    0.0476061345
   39.790269    -47.091907    0.0463902392
   39.790269    -33.637076    0.0455803972
   39.790269    -20.182246    0.0450904403
   39.790269     -6.727415    0.0448606871
   39.790269      6.727415    0.0448606871
   39.790269     20.182246    0.0450904403
   39.790269     33.637076    0.0455803972
   39.790269     47.091907    0.0463902392
   39.790269     60.546737    0.0476061345
   39.790269     74.001568    0.0493358571
   39.790269     87.456398    0.0517008542
   39.790269    100.911229    0.0548240364

   44.471477   -100.911229    0.0615392250
   44.471477    -87.456398    0.0583855431
   44.471477    -74.001568    0.0559996330
   44.471477    -60.546737    0.0542497844
   44.471477    -47.091907    0.0530148061
   44.471477    -33.637076    0.0521892100
   44.471477    -20.182246    0.0516884107
   44.471477     -6.727415    0.0514532381
   44.471477      6.727415    0.0514532381
   44.471477     20.182246    0.0516884107
   44.471477     33.637076    0.0521892100
   44.471477     47.091907    0.0530148061
   44.471477     60.546737    0.0542497844
   44.471477     74.001568    0.0559996330
   44.471477     87.456398    0.0583855431
   44.471477    100.911229    0.0615392250

