  -25.746645    -61.469935    0.0666560734
  -25.746645    -53.273944    0.0649770068
  -25.746645    -45.077952    0.0636157482
  -25.746645    -36.881961    0.0625375681
  -25.746645    -28.685970    0.0617124796
  -25.746645    -20.489978    0.0611158207
  -25.746645    -12.293987    0.0607287083
  -25.746645     -4.097996    0.0605383719
  -25.746645      4.097996    0.0605383719
  -25.746645     12.293987    0.0607287083
  -25.746645     20.489978    0.0611158207
  -25.746645     28.685970    0.0617124796
  -25.746645     36.881961    0.0625375681
  -25.746645     45.077952    0.0636157482
  -25.746645     53.273944    0.0649770068
  -25.746645     61.469935    0.0666560734

  -21.065436    -61.469935    0.0465413280
  -21.065436    -53.273944    0.0440822093
  -21.065436    -45.077952    0.0420348724
  -21.065436    -36.881961    0.0403710369
  -21.065436    -28.685970    0.0390679294
  -21.065436    -20.489978    0.0381072295
  -21.065436    -12.293987    0.0374748484
  -21.065436     -4.097996    0.0371611242
  -21.065436      4.097996    0.0371611242
  -21.065436     12.293987    0.0374748484
  -21.065436     20.489978    0.0381072295
  -21.065436     28.685970    0.0390679294
  -21.065436     36.881961    0.0403710369
  -21.065436     45.077952    0.0420348724
  -21.065436     53.273944    0.0440822093
  -21.065436     61.469935    0.0465413280

  -16.384228    -61.469935    0.0325988230
  -16.384228    -53.273944    0.0295278630
  -16.384228    -45.077952    0.0269398044
  -16.384228    -36.881961    0.0248149973
  -16.384228    -28.685970    0.0231363735
  -16.384228    -20.489978    0.0218899152
  -16.384228    -12.293987    0.0210649389
  -16.384228     -4.097996    0.0206542561
  -16.384228      4.097996    0.0206542561
  -16.384228     12.293987    0.0210649389
  -16.384228     20.489978    0.0218899152
  -16.384228     28.685970    0.0231363735
  -16.384228     36.881961    0.0248149973
  -16.384228     45.077952    0.0269398044
  -16.384228     53.273944    0.0295278630
  -16.384228     61.469935    0.0325988230

  -11.703020    -61.469935    0.0236839480
  -11.703020    -53.273944    0.0201292533
  -11.703020    -45.077952    0.0171144636
  -11.703020    -36.881961    0.0146258222
  -11.703020    -28.685970    0.0126507183
  -11.703020    -20.489978    0.0111786538
  -11.703020    -12.293987    0.0102016750
  -11.703020     -4.097996    0.0097144980
  -11.703020      4.097996    0.0097144980
  -11.703020     12.293987    0.0102016750
  -11.703020     20.489978    0.0111786538
  -11.703020     28.685970    0.0126507183
  -11.703020     36.881961    0.0146258222
  -11.703020     45.077952    0.0171144636
  -11.703020     53.273944    0.0201292533
  -11.703020     61.469935    0.0236839480

   -7.021812    -61.469935    0.0188414408
   -7.021812    -53.273944    0.0149017421
   -7.021812    -45.077952    0.0115480854
   -7.021812    -36.881961    0.0087703788
   -7.021812    -28.685970    0.0065595358
   -7.021812    -20.489978    0.0049080384
   -7.021812    -12.293987    0.0038101942
   -7.021812     -4.097996    0.0032622149
   -7.021812      4.097996    0.0032622149
   -7.021812     12.293987    0.0038101942
   -7.021812     20.489978    0.0049080384
   -7.021812     28.685970    0.0065595358
   -7.021812     36.881961    0.0087703788
   -7.021812     45.077952    0.0115480854
   -7.021812     53.273944    0.0149017421
   -7.021812     61.469935    0.0188414408

   -2.340604    -61.469935    0.0172721777
   -2.340604    -53.273944    0.0130235083
   -2.340604    -45.077952    0.0093979069
   -2.340604    -36.881961    0.0063881139
   -2.340604    -28.685970    0.0039879072
   -2.340604    -20.489978    0.0021922270
   -2.340604    -12.293987    0.0009972441
   -2.340604     -4.097996    0.0004003948
   -2.340604      4.097996    0.0004003948
   -2.340604     12.293987    0.0009972441
   -2.340604     20.489978    0.0021922270
   -2.340604     28.685970    0.0039879072
   -2.340604     36.881961    0.0063881139
   -2.340604     45.077952    0.0093979069
   -2.340604     53.273944    0.0130235083
   -2.340604     61.469935    0.0172721777

    2.340604    -61.469935    0.0183059297
    2.340604    -53.273944    0.0138061098
    2.340604    -45.077952    0.0099590280
    2.340604    -36.881961    0.0067601144
    2.340604    -28.685970    0.0042055576
    2.340604    -20.489978    0.0022923079
    2.340604    -12.293987    0.0010180783
    2.340604     -4.097996    0.0003813444
    2.340604      4.097996    0.0003813444
    2.340604     12.293987    0.0010180783
    2.340604     20.489978    0.0022923079
    2.340604     28.685970    0.0042055576
    2.340604     36.881961    0.0067601144
    2.340604     45.077952    0.0099590280
    2.340604     53.273944    0.0138061098
    2.340604     61.469935    0.0183059297

    7.021812    -61.469935    0.0213790933
    7.021812    -53.273944    0.0166711262
    7.021812    -45.077952    0.0126401011
    7.021812    -36.881961    0.0092839751
    7.021812    -28.685970    0.0066010353
    7.021812    -20.489978    0.0045899426
    7.021812    -12.293987    0.0032497292
    7.021812     -4.097996    0.0025797736
    7.021812      4.097996    0.0025797736
    7.021812     12.293987    0.0032497292
    7.021812     20.489978    0.0045899426
    7.021812     28.685970    0.0066010353
    7.021812     36.881961    0.0092839751
    7.021812     45.077952    0.0126401011
    7.021812     53.273944    0.0166711262
    7.021812     61.469935    0.0213790933

   11.703020    -61.469935    0.0260165312
   11.703020    -53.273944    0.0211314427
   11.703020    -45.077952    0.0169437006
   11.703020    -36.881961    0.0134534450
   11.703020    -28.685970    0.0106608483
   11.703020    -20.489978    0.0085661218
   11.703020    -12.293987    0.0071694836
   11.703020     -4.097996    0.0064711137
   11.703020      4.097996    0.0064711137
   11.703020     12.293987    0.0071694836
   11.703020     20.489978    0.0085661218
   11.703020     28.685970    0.0106608483
   11.703020     36.881961    0.0134534450
   11.703020     45.077952    0.0169437006
   11.703020     53.273944    0.0211314427
   11.703020     61.469935    0.0260165312

   16.384228    -61.469935    0.0318167774
   16.384228    -53.273944    0.0267760426
   16.384228    -45.077952    0.0224504188
   16.384228    -36.881961    0.0188419731
   16.384228    -28.685970    0.0159526273
   16.384228    -20.489978    0.0137840477
   16.384228    -12.293987    0.0123375590
   16.384228     -4.097996    0.0116140798
   16.384228      4.097996    0.0116140798
   16.384228     12.293987    0.0123375590
   16.384228     20.489978    0.0137840477
   16.384228     28.685970    0.0159526273
   16.384228     36.881961    0.0188419731
   16.384228     45.077952    0.0224504188
   16.384228     53.273944    0.0267760426
   16.384228     61.469935    0.0318167774

   21.065436    -61.469935    0.0384399841
   21.065436    -53.273944    0.0332574770
   21.065436    -45.077952    0.0288059266
   21.065436    -36.881961    0.0250894150
   21.065436    -28.685970    0.0221115391
   21.065436    -20.489978    0.0198753284
   21.065436    -12.293987    0.0183831550
   21.065436     -4.097996    0.0176366519
   21.065436      4.097996    0.0176366519
   21.065436     12.293987    0.0183831550
   21.065436     20.489978    0.0198753284
   21.065436     28.685970    0.0221115391
   21.065436     36.881961    0.0250894150
   21.065436     45.077952    0.0288059266
   21.065436     53.273944    0.0332574770
   21.065436     61.469935    0.0384399841

   25.746645    -61.469935    0.0455981108
   25.746645    -53.273944    0.0402814880
   25.746645    -45.077952    0.0357104387
   25.746645    -36.881961    0.0318913068
   25.746645    -28.685970    0.0288293379
   25.746645    -20.489978    0.0265288512
   25.746645    -12.293987    0.0249932274
   25.746645     -4.097996    0.0242248126
   25.746645      4.097996    0.0242248126
   25.746645     12.293987    0.0249932274
   25.746645     20.489978    0.0265288512
   25.746645     28.685970    0.0288293379
   25.746645     36.881961    0.0318913068
   25.746645     45.077952    0.0357104387
   25.746645     53.273944    0.0402814880
   25.746645     61.469935    0.0455981108

   30.427853    -61.469935    0.0530469773
   30.427853    -53.273944    0.0475985601
   30.427853    -45.077952    0.0429102120
   30.427853    -36.881961    0.0389902586
   30.427853    -28.685970    0.0358455929
   30.427853    -20.489978    0.0334818734
   30.427853    -12.293987    0.0319035088
   30.427853     -4.097996    0.0311135458
   30.427853      4.097996    0.0311135458
   30.427853     12.293987    0.0319035088
   30.427853     20.489978    0.0334818734
   30.427853     28.685970    0.0358455929
   30.427853     36.881961    0.0389902586
   30.427853     45.077952    0.0429102120
   30.427853     53.273944    0.0475985601
   30.427853     61.469935    0.0530469773

   35.109061    -61.469935    0.0605799242
   35.109061    -53.273944    0.0549974853
   35.109061    -45.077952    0.0501909060
   35.109061    -36.881961    0.0461691609
   35.109061    -28.685970    0.0429407930
   35.109061    -20.489978    0.0405130494
   35.109061    -12.293987    0.0388914734
   35.109061     -4.097996    0.0380797645
   35.109061      4.097996    0.0380797645
   35.109061     12.293987    0.0388914734
   35.109061     20.489978    0.0405130494
   35.109061     28.685970    0.0429407930
   35.109061     36.881961    0.0461691609
   35.109061     45.077952    0.0501909060
   35.109061     53.273944    0.0549974853
   35.109061     61.469935    0.0605799242

   39.790269    -61.469935    0.0680229485
   39.790269    -53.273944    0.0623013250
   39.790269    -45.077952    0.0573728263
   39.790269    -36.881961    0.0532460444
   39.790269    -28.685970    0.0499311843
   39.790269    -20.489978    0.0474372854
   39.790269    -12.293987    0.0457711166
   39.790269     -4.097996    0.0449369992
   39.790269      4.097996    0.0449369992
   39.790269     12.293987    0.0457711166
   39.790269     20.489978    0.0474372854
   39.790269     28.685970    0.0499311843
   39.790269     36.881961    0.0532460444
   39.790269     45.077952    0.0573728263
   39.790269     53.273944    0.0623013250
   39.790269     61.469935    0.0680229485

   44.471477    -61.469935    0.0752313006
   44.471477    -53.273944    0.0693664612
   44.471477    -45.077952    0.0643082701
   44.471477    -36.881961    0.0600705764
   44.471477    -28.685970    0.0566653539
   44.471477    -20.489978    0.0541024914
   44.471477    -12.293987    0.0523895985
   44.471477     -4.097996    0.0515318447
   44.471477      4.097996    0.0515318447
   44.471477     12.293987    0.0523895985
   44.471477     20.489978    0.0541024914
   44.471477     28.685970    0.0566653539
   44.471477     36.881961    0.0600705764
   44.471477     45.077952    0.0643082701
   44.471477     53.273944    0.0693664612
   44.471477     61.469935    0.0752313006

