  -44.766107    -55.127356   -0.0044891199
  -44.766107    -47.777042   -0.0035865898
  -44.766107    -40.426728   -0.0027105954
  -44.766107    -33.076414   -0.0019005731
  -44.766107    -25.726100   -0.0011943545
  -44.766107    -18.375785   -0.0006274317
  -44.766107    -11.025471   -0.0002303947
  -44.766107     -3.675157   -0.0000258569
  -44.766107      3.675157   -0.0000258569
  -44.766107     11.025471   -0.0002303947
  -44.766107     18.375785   -0.0006274317
  -44.766107     25.726100   -0.0011943545
  -44.766107     33.076414   -0.0019005731
  -44.766107     40.426728   -0.0027105954
  -44.766107     47.777042   -0.0035865898
  -44.766107     55.127356   -0.0044891199

  -40.053885    -55.127356   -0.0039328938
  -40.053885    -47.777042   -0.0031391728
  -40.053885    -40.426728   -0.0023754946
  -40.053885    -33.076414   -0.0016676200
  -40.053885    -25.726100   -0.0010484361
  -40.053885    -18.375785   -0.0005506698
  -40.053885    -11.025471   -0.0002021159
  -40.053885     -3.675157   -0.0000226756
  -40.053885      3.675157   -0.0000226756
  -40.053885     11.025471   -0.0002021159
  -40.053885     18.375785   -0.0005506698
  -40.053885     25.726100   -0.0010484361
  -40.053885     33.076414   -0.0016676200
  -40.053885     40.426728   -0.0023754946
  -40.053885     47.777042   -0.0031391728
  -40.053885     55.127356   -0.0039328938

  -35.341663    -55.127356   -0.0033942224
  -35.341663    -47.777042   -0.0027134500
  -35.341663    -40.426728   -0.0020527177
  -35.341663    -33.076414   -0.0014404724
  -35.341663    -25.726100   -0.0009056848
  -35.341663    -18.375785   -0.0004759024
  -35.341663    -11.025471   -0.0001747671
  -35.341663     -3.675157   -0.0000196141
  -35.341663      3.675157   -0.0000196141
  -35.341663     11.025471   -0.0001747671
  -35.341663     18.375785   -0.0004759024
  -35.341663     25.726100   -0.0009056848
  -35.341663     33.076414   -0.0014404724
  -35.341663     40.426728   -0.0020527177
  -35.341663     47.777042   -0.0027134500
  -35.341663     55.127356   -0.0033942224

  -30.629441    -55.127356   -0.0028742339
  -30.629441    -47.777042   -0.0023005726
  -30.629441    -40.426728   -0.0017403927
  -30.629441    -33.076414   -0.0012212114
  -30.629441    -25.726100   -0.0007679639
  -30.629441    -18.375785   -0.0004036912
  -30.629441    -11.025471   -0.0001483097
  -30.629441     -3.675157   -0.0000166491
  -30.629441      3.675157   -0.0000166491
  -30.629441     11.025471   -0.0001483097
  -30.629441     18.375785   -0.0004036912
  -30.629441     25.726100   -0.0007679639
  -30.629441     33.076414   -0.0012212114
  -30.629441     40.426728   -0.0017403927
  -30.629441     47.777042   -0.0023005726
  -30.629441     55.127356   -0.0028742339

  -25.917220    -55.127356   -0.0023736086
  -25.917220    -47.777042   -0.0019008790
  -25.917220    -40.426728   -0.0014388467
  -25.917220    -33.076414   -0.0010101088
  -25.917220    -25.726100   -0.0006354375
  -25.917220    -18.375785   -0.0003341055
  -25.917220    -11.025471   -0.0001227620
  -25.917220     -3.675157   -0.0000137820
  -25.917220      3.675157   -0.0000137820
  -25.917220     11.025471   -0.0001227620
  -25.917220     18.375785   -0.0003341055
  -25.917220     25.726100   -0.0006354375
  -25.917220     33.076414   -0.0010101088
  -25.917220     40.426728   -0.0014388467
  -25.917220     47.777042   -0.0019008790
  -25.917220     55.127356   -0.0023736086

  -21.204998    -55.127356   -0.0018929591
  -21.204998    -47.777042   -0.0015165637
  -21.204998    -40.426728   -0.0011488481
  -21.204998    -33.076414   -0.0008070729
  -21.204998    -25.726100   -0.0005079332
  -21.204998    -18.375785   -0.0002671219
  -21.204998    -11.025471   -0.0000981569
  -21.204998     -3.675157   -0.0000110198
  -21.204998      3.675157   -0.0000110198
  -21.204998     11.025471   -0.0000981569
  -21.204998     18.375785   -0.0002671219
  -21.204998     25.726100   -0.0005079332
  -21.204998     33.076414   -0.0008070729
  -21.204998     40.426728   -0.0011488481
  -21.204998     47.777042   -0.0015165637
  -21.204998     55.127356   -0.0018929591

  -16.492776    -55.127356   -0.0014330000
  -16.492776    -47.777042   -0.0011489809
  -16.492776    -40.426728   -0.0008709753
  -16.492776    -33.076414   -0.0006122002
  -16.492776    -25.726100   -0.0003854547
  -16.492776    -18.375785   -0.0002027745
  -16.492776    -11.025471   -0.0000745272
  -16.492776     -3.675157   -0.0000083678
  -16.492776      3.675157   -0.0000083678
  -16.492776     11.025471   -0.0000745272
  -16.492776     18.375785   -0.0002027745
  -16.492776     25.726100   -0.0003854547
  -16.492776     33.076414   -0.0006122002
  -16.492776     40.426728   -0.0008709753
  -16.492776     47.777042   -0.0011489809
  -16.492776     55.127356   -0.0014330000

  -11.780554    -55.127356   -0.0009945973
  -11.780554    -47.777042   -0.0007984974
  -11.780554    -40.426728   -0.0006056046
  -11.780554    -33.076414   -0.0004258319
  -11.780554    -25.726100   -0.0002682258
  -11.780554    -18.375785   -0.0001411676
  -11.780554    -11.025471   -0.0000519041
  -11.780554     -3.675157   -0.0000058290
  -11.780554      3.675157   -0.0000058290
  -11.780554     11.025471   -0.0000519041
  -11.780554     18.375785   -0.0001411676
  -11.780554     25.726100   -0.0002682258
  -11.780554     33.076414   -0.0004258319
  -11.780554     40.426728   -0.0006056046
  -11.780554     47.777042   -0.0007984974
  -11.780554     55.127356   -0.0009945973

   -7.068333    -55.127356   -0.0005787707
   -7.068333    -47.777042   -0.0004653253
   -7.068333    -40.426728   -0.0003531300
   -7.068333    -33.076414   -0.0002484153
   -7.068333    -25.726100   -0.0001565505
   -7.068333    -18.375785   -0.0000824349
   -7.068333    -11.025471   -0.0000303224
   -7.068333     -3.675157   -0.0000034061
   -7.068333      3.675157   -0.0000034061
   -7.068333     11.025471   -0.0000303224
   -7.068333     18.375785   -0.0000824349
   -7.068333     25.726100   -0.0001565505
   -7.068333     33.076414   -0.0002484153
   -7.068333     40.426728   -0.0003531300
   -7.068333     47.777042   -0.0004653253
   -7.068333     55.127356   -0.0005787707

   -2.356111    -55.127356   -0.0001867019
   -2.356111    -47.777042   -0.0001502725
   -2.356111    -40.426728   -0.0001141593
   -2.356111    -33.076414   -0.0000803776
   -2.356111    -25.726100   -0.0000506877
   -2.356111    -18.375785   -0.0000267033
   -2.356111    -11.025471   -0.0000098253
   -2.356111     -3.675157   -0.0000011038
   -2.356111      3.675157   -0.0000011038
   -2.356111     11.025471   -0.0000098253
   -2.356111     18.375785   -0.0000267033
   -2.356111     25.726100   -0.0000506877
   -2.356111     33.076414   -0.0000803776
   -2.356111     40.426728   -0.0001141593
   -2.356111     47.777042   -0.0001502725
   -2.356111     55.127356   -0.0001867019

    2.356111    -55.127356    0.0001802216
    2.356111    -47.777042    0.0001451409
    2.356111    -40.426728    0.0001104449
    2.356111    -33.076414    0.0000778772
    2.356111    -25.726100    0.0000491558
    2.356111    -18.375785    0.0000259067
    2.356111    -11.025471    0.0000095331
    2.356111     -3.675157    0.0000010710
    2.356111      3.675157    0.0000010710
    2.356111     11.025471    0.0000095331
    2.356111     18.375785    0.0000259067
    2.356111     25.726100    0.0000491558
    2.356111     33.076414    0.0000778772
    2.356111     40.426728    0.0001104449
    2.356111     47.777042    0.0001451409
    2.356111     55.127356    0.0001802216

    7.068333    -55.127356    0.0005203127
    7.068333    -47.777042    0.0004192383
    7.068333    -40.426728    0.0003196825
    7.068333    -33.076414    0.0002258330
    7.068333    -25.726100    0.0001427018
    7.068333    -18.375785    0.0000752410
    7.068333    -11.025471    0.0000276885
    7.068333     -3.675157    0.0000031105
    7.068333      3.675157    0.0000031105
    7.068333     11.025471    0.0000276885
    7.068333     18.375785    0.0000752410
    7.068333     25.726100    0.0001427018
    7.068333     33.076414    0.0002258330
    7.068333     40.426728    0.0003196825
    7.068333     47.777042    0.0004192383
    7.068333     55.127356    0.0005203127

   11.780554    -55.127356    0.0008314518
   11.780554    -47.777042    0.0006709457
   11.780554    -40.426728    0.0005125691
   11.780554    -33.076414    0.0003626667
   11.780554    -25.726100    0.0002294244
   11.780554    -18.375785    0.0001210518
   11.780554    -11.025471    0.0000445640
   11.780554     -3.675157    0.0000050071
   11.780554      3.675157    0.0000050071
   11.780554     11.025471    0.0000445640
   11.780554     18.375785    0.0001210518
   11.780554     25.726100    0.0002294244
   11.780554     33.076414    0.0003626667
   11.780554     40.426728    0.0005125691
   11.780554     47.777042    0.0006709457
   11.780554     55.127356    0.0008314518

   16.492776    -55.127356    0.0011109427
   16.492776    -47.777042    0.0008997719
   16.492776    -40.426728    0.0006880761
   16.492776    -33.076414    0.0004871702
   16.492776    -25.726100    0.0003084903
   16.492776    -18.375785    0.0001629681
   16.492776    -11.025471    0.0000600613
   16.492776     -3.675157    0.0000067528
   16.492776      3.675157    0.0000067528
   16.492776     11.025471    0.0000600613
   16.492776     18.375785    0.0001629681
   16.492776     25.726100    0.0003084903
   16.492776     33.076414    0.0004871702
   16.492776     40.426728    0.0006880761
   16.492776     47.777042    0.0008997719
   16.492776     55.127356    0.0011109427

   21.204998    -55.127356    0.0013554058
   21.204998    -47.777042    0.0011035182
   21.204998    -40.426728    0.0008444803
   21.204998    -33.076414    0.0005980587
   21.204998    -25.726100    0.0003790793
   21.204998    -18.375785    0.0002005708
   21.204998    -11.025471    0.0000740333
   21.204998     -3.675157    0.0000083314
   21.204998      3.675157    0.0000083314
   21.204998     11.025471    0.0000740333
   21.204998     18.375785    0.0002005708
   21.204998     25.726100    0.0003790793
   21.204998     33.076414    0.0005980587
   21.204998     40.426728    0.0008444803
   21.204998     47.777042    0.0011035182
   21.204998     55.127356    0.0013554058

   25.917220    -55.127356    0.0015607799
   25.917220    -47.777042    0.0012717154
   25.917220    -40.426728    0.0009776202
   25.917220    -33.076414    0.0006950306
   25.917220    -25.726100    0.0004414361
   25.917220    -18.375785    0.0002336737
   25.917220    -11.025471    0.0000862258
   25.917220     -3.675157    0.0000097001
   25.917220      3.675157    0.0000097001
   25.917220     11.025471    0.0000862258
   25.917220     18.375785    0.0002336737
   25.917220     25.726100    0.0004414361
   25.917220     33.076414    0.0006950306
   25.917220     40.426728    0.0009776202
   25.917220     47.777042    0.0012717154
   25.917220     55.127356    0.0015607799

