  -25.746645    -96.008735    0.0591296828
  -25.746645    -81.238160    0.0582303396
  -25.746645    -66.467585    0.0578191236
  -25.746645    -51.697011    0.0578342801
  -25.746645    -36.926436    0.0582211141
  -25.746645    -22.155862    0.0589317023
  -25.746645     -7.385287    0.0599242665
  -25.746645      7.385287    0.0611624316
  -25.746645     22.155862    0.0626145235
  -25.746645     36.926436    0.0642529933
  -25.746645     51.697011    0.0660539895
  -25.746645     66.467585    0.0679970284
  -25.746645     81.238160    0.0700646494
  -25.746645     96.008735    0.0722418711
  -25.746645    110.779309    0.0745151986
  -25.746645    125.549884    0.0768708634

  -21.065436    -96.008735    0.0385321899
  -21.065436    -81.238160    0.0372072623
  -21.065436    -66.467585    0.0363715257
  -21.065436    -51.697011    0.0359595842
  -21.065436    -36.926436    0.0359164115
  -21.065436    -22.155862    0.0361941729
  -21.065436     -7.385287    0.0367508202
  -21.065436      7.385287    0.0375495366
  -21.065436     22.155862    0.0385583883
  -21.065436     36.926436    0.0397498095
  -21.065436     51.697011    0.0410998263
  -21.065436     66.467585    0.0425871980
  -21.065436     81.238160    0.0441929308
  -21.065436     96.008735    0.0459008915
  -21.065436    110.779309    0.0477005265
  -21.065436    125.549884    0.0495929648

  -16.384228    -96.008735    0.0240671828
  -16.384228    -81.238160    0.0224384843
  -16.384228    -66.467585    0.0212931356
  -16.384228    -51.697011    0.0205684297
  -16.384228    -36.926436    0.0202087810
  -16.384228    -22.155862    0.0201655575
  -16.384228     -7.385287    0.0203964518
  -16.384228      7.385287    0.0208646863
  -16.384228     22.155862    0.0215382599
  -16.384228     36.926436    0.0223893485
  -16.384228     51.697011    0.0233938863
  -16.384228     66.467585    0.0245312596
  -16.384228     81.238160    0.0257839572
  -16.384228     96.008735    0.0271369305
  -16.384228    110.779309    0.0285763237
  -16.384228    125.549884    0.0300871469

  -11.703020    -96.008735    0.0145135093
  -11.703020    -81.238160    0.0126867112
  -11.703020    -66.467585    0.0113373221
  -11.703020    -51.697011    0.0104027918
  -11.703020    -36.926436    0.0098272048
  -11.703020    -22.155862    0.0095616797
  -11.703020     -7.385287    0.0095638557
  -11.703020      7.385287    0.0097970171
  -11.703020     22.155862    0.0102292363
  -11.703020     36.926436    0.0108327482
  -11.703020     51.697011    0.0115836024
  -11.703020     66.467585    0.0124614666
  -11.703020     81.238160    0.0134492920
  -11.703020     96.008735    0.0145323778
  -11.703020    110.779309    0.0156962071
  -11.703020    125.549884    0.0169222565

   -7.021812    -96.008735    0.0088558528
   -7.021812    -81.238160    0.0069272936
   -7.021812    -66.467585    0.0054694244
   -7.021812    -51.697011    0.0044181243
   -7.021812    -36.926436    0.0037172445
   -7.021812    -22.155862    0.0033179897
   -7.021812     -7.385287    0.0031780906
   -7.021812      7.385287    0.0032609434
   -7.021812     22.155862    0.0035348365
   -7.021812     36.926436    0.0039723255
   -7.021812     51.697011    0.0045497591
   -7.021812     66.467585    0.0052469026
   -7.021812     81.238160    0.0060465436
   -7.021812     96.008735    0.0069339112
   -7.021812    110.779309    0.0078956777
   -7.021812    125.549884    0.0089182573

   -2.340604    -96.008735    0.0062478013
   -2.340604    -81.238160    0.0043066853
   -2.340604    -66.467585    0.0028274213
   -2.340604    -51.697011    0.0017444658
   -2.340604    -36.926436    0.0010012945
   -2.340604    -22.155862    0.0005491055
   -2.340604     -7.385287    0.0003457532
   -2.340604      7.385287    0.0003548596
   -2.340604     22.155862    0.0005450603
   -2.340604     36.926436    0.0008893521
   -2.340604     51.697011    0.0013645209
   -2.340604     66.467585    0.0019506411
   -2.340604     81.238160    0.0026306440
   -2.340604     96.008735    0.0033899691
   -2.340604    110.779309    0.0042163198
   -2.340604    125.549884    0.0050995554

    2.340604    -96.008735    0.0059822740
    2.340604    -81.238160    0.0041109756
    2.340604    -66.467585    0.0026907272
    2.340604    -51.697011    0.0016549777
    2.340604    -36.926436    0.0009464890
    2.340604    -22.155862    0.0005161521
    2.340604     -7.385287    0.0003218735
    2.340604      7.385287    0.0003275724
    2.340604     22.155862    0.0005023170
    2.340604     36.926436    0.0008196044
    2.340604     51.697011    0.0012567739
    2.340604     66.467585    0.0017945224
    2.340604     81.238160    0.0024164721
    2.340604     96.008735    0.0031087258
    2.340604    110.779309    0.0038593195
    2.340604    125.549884    0.0046574711

    7.021812    -96.008735    0.0074680997
    7.021812    -81.238160    0.0057419617
    7.021812    -66.467585    0.0044555329
    7.021812    -51.697011    0.0035406794
    7.021812    -36.926436    0.0029389275
    7.021812    -22.155862    0.0026005092
    7.021812     -7.385287    0.0024831984
    7.021812      7.385287    0.0025511476
    7.021812     22.155862    0.0027738639
    7.021812     36.926436    0.0031253979
    7.021812     51.697011    0.0035837451
    7.021812     66.467585    0.0041303960
    7.021812     81.238160    0.0047498990
    7.021812     96.008735    0.0054292318
    7.021812    110.779309    0.0061567084
    7.021812    125.549884    0.0069200815

   11.703020    -96.008735    0.0102116797
   11.703020    -81.238160    0.0086987191
   11.703020    -66.467585    0.0076153535
   11.703020    -51.697011    0.0068902928
   11.703020    -36.926436    0.0064630615
   11.703020    -22.155862    0.0062827639
   11.703020     -7.385287    0.0063066979
   11.703020      7.385287    0.0064990160
   11.703020     22.155862    0.0068295650
   11.703020     36.926436    0.0072729673
   11.703020     51.697011    0.0078079401
   11.703020     66.467585    0.0084167826
   11.703020     81.238160    0.0090848919
   11.703020     96.008735    0.0098001027
   11.703020    110.779309    0.0105515783
   11.703020    125.549884    0.0113279121

   16.384228    -96.008735    0.0138028080
   16.384228    -81.238160    0.0125631265
   16.384228    -66.467585    0.0117456916
   16.384228    -51.697011    0.0112742699
   16.384228    -36.926436    0.0110852611
   16.384228    -22.155862    0.0111258563
   16.384228     -7.385287    0.0113523010
   16.384228      7.385287    0.0117283474
   16.384228     22.155862    0.0122239469
   16.384228     36.926436    0.0128141965
   16.384228     51.697011    0.0134785173
   16.384228     66.467585    0.0142000086
   16.384228     81.238160    0.0149648843
   16.384228     96.008735    0.0157618641
   16.384228    110.779309    0.0165813540
   16.384228    125.549884    0.0174142185

   21.065436    -96.008735    0.0179038669
   21.065436    -81.238160    0.0169882959
   21.065436    -66.467585    0.0164919668
   21.065436    -51.697011    0.0163322225
   21.065436    -36.926436    0.0164407595
   21.065436    -22.155862    0.0167615939
   21.065436     -7.385287    0.0172490390
   21.065436      7.385287    0.0178658591
   21.065436     22.155862    0.0185817019
   21.065436     36.926436    0.0193718532
   21.065436     51.697011    0.0202162929
   21.065436     66.467585    0.0210989741
   21.065436     81.238160    0.0220071832
   21.065436     96.008735    0.0229307794
   21.065436    110.779309    0.0238610497
   21.065436    125.549884    0.0247888572

   25.746645    -96.008735    0.0222417518
   25.746645    -81.238160    0.0216893535
   25.746645    -66.467585    0.0215601117
   25.746645    -51.697011    0.0217631317
   25.746645    -36.926436    0.0222233467
   25.746645    -22.155862    0.0228798976
   25.746645     -7.385287    0.0236839399
   25.746645      7.385287    0.0245963897
   25.746645     22.155862    0.0255859541
   25.746645     36.926436    0.0266276252
   25.746645     51.697011    0.0277016489
   25.746645     66.467585    0.0287928153
   25.746645     81.238160    0.0298897493
   25.746645     96.008735    0.0309837144
   25.746645    110.779309    0.0320662759
   25.746645    125.549884    0.0331250031

   30.427853    -96.008735    0.0266020250
   30.427853    -81.238160    0.0264365133
   30.427853    -66.467585    0.0267094739
   30.427853    -51.697011    0.0273178642
   30.427853    -36.926436    0.0281773632
   30.427853    -22.155862    0.0292203352
   30.427853     -7.385287    0.0303931942
   30.427853      7.385287    0.0316537300
   30.427853     22.155862    0.0329687750
   30.427853     36.926436    0.0343124061
   30.427853     51.697011    0.0356646941
   30.427853     66.467585    0.0370108272
   30.427853     81.238160    0.0383402550
   30.427853     96.008735    0.0396453125
   30.427853    110.779309    0.0409186024
   30.427853    125.549884    0.0421482296

   35.109061    -96.008735    0.0308249356
   35.109061    -81.238160    0.0310508804
   35.109061    -66.467585    0.0317479136
   35.109061    -51.697011    0.0327936788
   35.109061    -36.926436    0.0340917208
   35.109061    -22.155862    0.0355656819
   35.109061     -7.385287    0.0371552770
   35.109061      7.385287    0.0388133628
   35.109061     22.155862    0.0405036038
   35.109061     36.926436    0.0421984219
   35.109061     51.697011    0.0438771024
   35.109061     66.467585    0.0455241141
   35.109061     81.238160    0.0471278868
   35.109061     96.008735    0.0486804756
   35.109061    110.779309    0.0501787244
   35.109061    125.549884    0.0516277298

   39.790269    -96.008735    0.0348030870
   39.790269    -81.238160    0.0354039164
   39.790269    -66.467585    0.0365292285
   39.790269    -51.697011    0.0380305562
   39.790269    -36.926436    0.0397958534
   39.790269    -22.155862    0.0417374408
   39.790269     -7.385287    0.0437858855
   39.790269      7.385287    0.0458869263
   39.790269     22.155862    0.0479993966
   39.790269     36.926436    0.0500929379
   39.790269     51.697011    0.0521451340
   39.790269     66.467585    0.0541385418
   39.790269     81.238160    0.0560589290
   39.790269     96.008735    0.0578968735
   39.790269    110.779309    0.0596557175
   39.790269    125.549884    0.0613697106

   44.471477    -96.008735    0.0384806716
   44.471477    -81.238160    0.0394219945
   44.471477    -66.467585    0.0409532829
   44.471477    -51.697011    0.0429093411
   44.471477    -36.926436    0.0451576793
   44.471477    -22.155862    0.0475934422
   44.471477     -7.385287    0.0501347187
   44.471477      7.385287    0.0527183767
   44.471477     22.155862    0.0552964982
   44.471477     36.926436    0.0578334322
   44.471477     51.697011    0.0603034172
   44.471477     66.467585    0.0626886640
   44.471477     81.238160    0.0649777259
   44.471477     96.008735    0.0671639208
   44.471477    110.779309    0.0692435076
   44.471477    125.549884    0.0712132560

