  -44.510090   -136.038482    0.0065947184
  -44.510090   -117.900018    0.0051352069
  -44.510090    -99.761554    0.0037920715
  -44.510090    -81.623089    0.0026046510
  -44.510090    -63.484625    0.0016083782
  -44.510090    -45.346161    0.0008333343
  -44.510090    -27.207696    0.0003030925
  -44.510090     -9.069232    0.0000338499
  -44.510090      9.069232    0.0000338499
  -44.510090     27.207696    0.0003030925
  -44.510090     45.346161    0.0008333343
  -44.510090     63.484625    0.0016083782
  -44.510090     81.623089    0.0026046510
  -44.510090     99.761554    0.0037920715
  -44.510090    117.900018    0.0051352069
  -44.510090    136.038482    0.0065947184

  -39.273609   -136.038482    0.0064458223
  -39.273609   -117.900018    0.0050126766
  -39.273609    -99.761554    0.0036975538
  -39.273609    -81.623089    0.0025374846
  -39.273609    -63.484625    0.0015658196
  -39.273609    -45.346161    0.0008108708
  -39.273609    -27.207696    0.0002948234
  -39.273609     -9.069232    0.0000329210
  -39.273609      9.069232    0.0000329210
  -39.273609     27.207696    0.0002948234
  -39.273609     45.346161    0.0008108708
  -39.273609     63.484625    0.0015658196
  -39.273609     81.623089    0.0025374846
  -39.273609     99.761554    0.0036975538
  -39.273609    117.900018    0.0050126766
  -39.273609    136.038482    0.0064458223

  -34.037128   -136.038482    0.0061620794
  -34.037128   -117.900018    0.0047866536
  -34.037128    -99.761554    0.0035275405
  -34.037128    -81.623089    0.0024189803
  -34.037128    -63.484625    0.0014918100
  -34.037128    -45.346161    0.0007722073
  -34.037128    -27.207696    0.0002806852
  -34.037128     -9.069232    0.0000313378
  -34.037128      9.069232    0.0000313378
  -34.037128     27.207696    0.0002806852
  -34.037128     45.346161    0.0007722073
  -34.037128     63.484625    0.0014918100
  -34.037128     81.623089    0.0024189803
  -34.037128     99.761554    0.0035275405
  -34.037128    117.900018    0.0047866536
  -34.037128    136.038482    0.0061620794

  -28.800647   -136.038482    0.0057312233
  -28.800647   -117.900018    0.0044476885
  -28.800647    -99.761554    0.0032751154
  -28.800647    -81.623089    0.0022444214
  -28.800647    -63.484625    0.0013834528
  -28.800647    -45.346161    0.0007158493
  -28.800647    -27.207696    0.0002601356
  -28.800647     -9.069232    0.0000290399
  -28.800647      9.069232    0.0000290399
  -28.800647     27.207696    0.0002601356
  -28.800647     45.346161    0.0007158493
  -28.800647     63.484625    0.0013834528
  -28.800647     81.623089    0.0022444214
  -28.800647     99.761554    0.0032751154
  -28.800647    117.900018    0.0044476885
  -28.800647    136.038482    0.0057312233

  -23.564166   -136.038482    0.0051391685
  -23.564166   -117.900018    0.0039849232
  -23.564166    -99.761554    0.0029323265
  -23.564166    -81.623089    0.0020083823
  -23.564166    -63.484625    0.0012374151
  -23.564166    -45.346161    0.0006400765
  -23.564166    -27.207696    0.0002325505
  -23.564166     -9.069232    0.0000259577
  -23.564166      9.069232    0.0000259577
  -23.564166     27.207696    0.0002325505
  -23.564166     45.346161    0.0006400765
  -23.564166     63.484625    0.0012374151
  -23.564166     81.623089    0.0020083823
  -23.564166     99.761554    0.0029323265
  -23.564166    117.900018    0.0039849232
  -23.564166    136.038482    0.0051391685

  -18.327684   -136.038482    0.0043699121
  -18.327684   -117.900018    0.0033860151
  -18.327684    -99.761554    0.0024901310
  -18.327684    -81.623089    0.0017046910
  -18.327684    -63.484625    0.0010499043
  -18.327684    -45.346161    0.0005429308
  -18.327684    -27.207696    0.0001972194
  -18.327684     -9.069232    0.0000220120
  -18.327684      9.069232    0.0000220120
  -18.327684     27.207696    0.0001972194
  -18.327684     45.346161    0.0005429308
  -18.327684     63.484625    0.0010499043
  -18.327684     81.623089    0.0017046910
  -18.327684     99.761554    0.0024901310
  -18.327684    117.900018    0.0033860151
  -18.327684    136.038482    0.0043699121

  -13.091203   -136.038482    0.0034053841
  -13.091203   -117.900018    0.0026370209
  -13.091203    -99.761554    0.0019383091
  -13.091203    -81.623089    0.0013263698
  -13.091203    -63.484625    0.0008166316
  -13.091203    -45.346161    0.0004221977
  -13.091203    -27.207696    0.0001533387
  -13.091203     -9.069232    0.0000171130
  -13.091203      9.069232    0.0000171130
  -13.091203     27.207696    0.0001533387
  -13.091203     45.346161    0.0004221977
  -13.091203     63.484625    0.0008166316
  -13.091203     81.623089    0.0013263698
  -13.091203     99.761554    0.0019383091
  -13.091203    117.900018    0.0026370209
  -13.091203    136.038482    0.0034053841

   -7.854722   -136.038482    0.0022252462
   -7.854722   -117.900018    0.0017222394
   -7.854722    -99.761554    0.0012653478
   -7.854722    -81.623089    0.0008655551
   -7.854722    -63.484625    0.0005327624
   -7.854722    -45.346161    0.0002753802
   -7.854722    -27.207696    0.0001000021
   -7.854722     -9.069232    0.0000111598
   -7.854722      9.069232    0.0000111598
   -7.854722     27.207696    0.0001000021
   -7.854722     45.346161    0.0002753802
   -7.854722     63.484625    0.0005327624
   -7.854722     81.623089    0.0008655551
   -7.854722     99.761554    0.0012653478
   -7.854722    117.900018    0.0017222394
   -7.854722    136.038482    0.0022252462

   -2.618241   -136.038482    0.0008066379
   -2.618241   -117.900018    0.0006240141
   -2.618241    -99.761554    0.0004582948
   -2.618241    -81.623089    0.0003133973
   -2.618241    -63.484625    0.0001928541
   -2.618241    -45.346161    0.0000996668
   -2.618241    -27.207696    0.0000361890
   -2.618241     -9.069232    0.0000040383
   -2.618241      9.069232    0.0000040383
   -2.618241     27.207696    0.0000361890
   -2.618241     45.346161    0.0000996668
   -2.618241     63.484625    0.0001928541
   -2.618241     81.623089    0.0003133973
   -2.618241     99.761554    0.0004582948
   -2.618241    117.900018    0.0006240141
   -2.618241    136.038482    0.0008066379

    2.618241   -136.038482   -0.0008761279
    2.618241   -117.900018   -0.0006775050
    2.618241    -99.761554   -0.0004974180
    2.618241    -81.623089   -0.0003400613
    2.618241    -63.484625   -0.0002092192
    2.618241    -45.346161   -0.0001081079
    2.618241    -27.207696   -0.0000392500
    2.618241     -9.069232   -0.0000043796
    2.618241      9.069232   -0.0000043796
    2.618241     27.207696   -0.0000392500
    2.618241     45.346161   -0.0001081079
    2.618241     63.484625   -0.0002092192
    2.618241     81.623089   -0.0003400613
    2.618241     99.761554   -0.0004974180
    2.618241    117.900018   -0.0006775050
    2.618241    136.038482   -0.0008761279

    7.854722   -136.038482   -0.0028519222
    7.854722   -117.900018   -0.0022046408
    7.854722    -99.761554   -0.0016181817
    7.854722    -81.623089   -0.0011060294
    7.854722    -63.484625   -0.0006803556
    7.854722    -45.346161   -0.0003515093
    7.854722    -27.207696   -0.0001276095
    7.854722     -9.069232   -0.0000142385
    7.854722      9.069232   -0.0000142385
    7.854722     27.207696   -0.0001276095
    7.854722     45.346161   -0.0003515093
    7.854722     63.484625   -0.0006803556
    7.854722     81.623089   -0.0011060294
    7.854722     99.761554   -0.0016181817
    7.854722    117.900018   -0.0022046408
    7.854722    136.038482   -0.0028519222

   13.091203   -136.038482   -0.0051532087
   13.091203   -117.900018   -0.0039825084
   13.091203    -99.761554   -0.0029224472
   13.091203    -81.623089   -0.0019971295
   13.091203    -63.484625   -0.0012283258
   13.091203    -45.346161   -0.0006345549
   13.091203    -27.207696   -0.0002303487
   13.091203     -9.069232   -0.0000257011
   13.091203      9.069232   -0.0000257011
   13.091203     27.207696   -0.0002303487
   13.091203     45.346161   -0.0006345549
   13.091203     63.484625   -0.0012283258
   13.091203     81.623089   -0.0019971295
   13.091203     99.761554   -0.0029224472
   13.091203    117.900018   -0.0039825084
   13.091203    136.038482   -0.0051532087

   18.327684   -136.038482   -0.0078165038
   18.327684   -117.900018   -0.0060393752
   18.327684    -99.761554   -0.0044309925
   18.327684    -81.623089   -0.0030275828
   18.327684    -63.484625   -0.0018618885
   18.327684    -45.346161   -0.0009617742
   18.327684    -27.207696   -0.0003491130
   18.327684     -9.069232   -0.0000389512
   18.327684      9.069232   -0.0000389512
   18.327684     27.207696   -0.0003491130
   18.327684     45.346161   -0.0009617742
   18.327684     63.484625   -0.0018618885
   18.327684     81.623089   -0.0030275828
   18.327684     99.761554   -0.0044309925
   18.327684    117.900018   -0.0060393752
   18.327684    136.038482   -0.0078165038

   23.564166   -136.038482   -0.0108828891
   23.564166   -117.900018   -0.0084070623
   23.564166    -99.761554   -0.0061672202
   23.564166    -81.623089   -0.0042134146
   23.564166    -63.484625   -0.0025909167
   23.564166    -45.346161   -0.0013382743
   23.564166    -27.207696   -0.0004857580
   23.564166     -9.069232   -0.0000541958
   23.564166      9.069232   -0.0000541958
   23.564166     27.207696   -0.0004857580
   23.564166     45.346161   -0.0013382743
   23.564166     63.484625   -0.0025909167
   23.564166     81.623089   -0.0042134146
   23.564166     99.761554   -0.0061672202
   23.564166    117.900018   -0.0084070623
   23.564166    136.038482   -0.0108828891

   28.800647   -136.038482   -0.0143985755
   28.800647   -117.900018   -0.0111213857
   28.800647    -99.761554   -0.0081574855
   28.800647    -81.623089   -0.0055726800
   28.800647    -63.484625   -0.0034265384
   28.800647    -45.346161   -0.0017698135
   28.800647    -27.207696   -0.0006423765
   28.800647     -9.069232   -0.0000716686
   28.800647      9.069232   -0.0000716686
   28.800647     27.207696   -0.0006423765
   28.800647     45.346161   -0.0017698135
   28.800647     63.484625   -0.0034265384
   28.800647     81.623089   -0.0055726800
   28.800647     99.761554   -0.0081574855
   28.800647    117.900018   -0.0111213857
   28.800647    136.038482   -0.0143985755

   34.037128   -136.038482   -0.0184155188
   34.037128   -117.900018   -0.0142226385
   34.037128    -99.761554   -0.0104314542
   34.037128    -81.623089   -0.0071257115
   34.037128    -63.484625   -0.0043812899
   34.037128    -45.346161   -0.0022628803
   34.037128    -27.207696   -0.0008213268
   34.037128     -9.069232   -0.0000916330
   34.037128      9.069232   -0.0000916330
   34.037128     27.207696   -0.0008213268
   34.037128     45.346161   -0.0022628803
   34.037128     63.484625   -0.0043812899
   34.037128     81.623089   -0.0071257115
   34.037128     99.761554   -0.0104314542
   34.037128    117.900018   -0.0142226385
   34.037128    136.038482   -0.0184155188

