  -48.827424    -48.902142    0.0502756365
  -48.827424    -42.381856    0.0440639103
  -48.827424    -35.861571    0.0387103255
  -48.827424    -29.341285    0.0342278829
  -48.827424    -22.821000    0.0306277950
  -48.827424    -16.300714    0.0279193264
  -48.827424     -9.780428    0.0261096191
  -48.827424     -3.260143    0.0252035343
  -48.827424      3.260143    0.0252035343
  -48.827424      9.780428    0.0261096191
  -48.827424     16.300714    0.0279193264
  -48.827424     22.821000    0.0306277950
  -48.827424     29.341285    0.0342278829
  -48.827424     35.861571    0.0387103255
  -48.827424     42.381856    0.0440639103
  -48.827424     48.902142    0.0502756365

  -42.317101    -48.902142    0.0440855107
  -42.317101    -42.381856    0.0377949690
  -42.317101    -35.861571    0.0324492767
  -42.317101    -29.341285    0.0279740770
  -42.317101    -22.821000    0.0243723418
  -42.317101    -16.300714    0.0216625538
  -42.317101     -9.780428    0.0198556512
  -42.317101     -3.260143    0.0189531336
  -42.317101      3.260143    0.0189531336
  -42.317101      9.780428    0.0198556512
  -42.317101     16.300714    0.0216625538
  -42.317101     22.821000    0.0243723418
  -42.317101     29.341285    0.0279740770
  -42.317101     35.861571    0.0324492767
  -42.317101     42.381856    0.0377949690
  -42.317101     48.902142    0.0440855107

  -35.806778    -48.902142    0.0387446437
  -35.806778    -42.381856    0.0324569818
  -35.806778    -35.861571    0.0270787701
  -35.806778    -29.341285    0.0225914759
  -35.806778    -22.821000    0.0189963088
  -35.806778    -16.300714    0.0162981089
  -35.806778     -9.780428    0.0144994849
  -35.806778     -3.260143    0.0136005183
  -35.806778      3.260143    0.0136005183
  -35.806778      9.780428    0.0144994849
  -35.806778     16.300714    0.0162981089
  -35.806778     22.821000    0.0189963088
  -35.806778     29.341285    0.0225914759
  -35.806778     35.861571    0.0270787701
  -35.806778     42.381856    0.0324569818
  -35.806778     48.902142    0.0387446437

  -29.296454    -48.902142    0.0342767767
  -29.296454    -42.381856    0.0279857926
  -29.296454    -35.861571    0.0225903466
  -29.296454    -29.341285    0.0181002135
  -29.296454    -22.821000    0.0145139683
  -29.296454    -16.300714    0.0118275739
  -29.296454     -9.780428    0.0100378837
  -29.296454     -3.260143    0.0091433050
  -29.296454      3.260143    0.0091433050
  -29.296454      9.780428    0.0100378837
  -29.296454     16.300714    0.0118275739
  -29.296454     22.821000    0.0145139683
  -29.296454     29.341285    0.0181002135
  -29.296454     35.861571    0.0225903466
  -29.296454     42.381856    0.0279857926
  -29.296454     48.902142    0.0342767767

  -22.786131    -48.902142    0.0307028916
  -22.786131    -42.381856    0.0243947279
  -22.786131    -35.861571    0.0189950781
  -22.786131    -29.341285    0.0145082984
  -22.786131    -22.821000    0.0109293906
  -22.786131    -16.300714    0.0082514727
  -22.786131     -9.780428    0.0064689921
  -22.786131     -3.260143    0.0055785214
  -22.786131      3.260143    0.0055785214
  -22.786131      9.780428    0.0064689921
  -22.786131     16.300714    0.0082514727
  -22.786131     22.821000    0.0109293906
  -22.786131     29.341285    0.0145082984
  -22.786131     35.861571    0.0189950781
  -22.786131     42.381856    0.0243947279
  -22.786131     48.902142    0.0307028916

  -16.275808    -48.902142    0.0280407566
  -16.275808    -42.381856    0.0217111785
  -16.275808    -35.861571    0.0163067766
  -16.275808    -29.341285    0.0118204943
  -16.275808    -22.821000    0.0082442883
  -16.275808    -16.300714    0.0055702894
  -16.275808     -9.780428    0.0037917507
  -16.275808     -3.260143    0.0029037684
  -16.275808      3.260143    0.0029037684
  -16.275808      9.780428    0.0037917507
  -16.275808     16.300714    0.0055702894
  -16.275808     22.821000    0.0082442883
  -16.275808     29.341285    0.0118204943
  -16.275808     35.861571    0.0163067766
  -16.275808     42.381856    0.0217111785
  -16.275808     48.902142    0.0280407566

   -9.765485    -48.902142    0.0263044950
   -9.765485    -42.381856    0.0199532657
   -9.765485    -35.861571    0.0145358818
   -9.765485    -29.341285    0.0100417973
   -9.765485    -22.821000    0.0064612923
   -9.765485    -16.300714    0.0037853667
   -9.765485     -9.780428    0.0020062697
   -9.765485     -3.260143    0.0011182549
   -9.765485      3.260143    0.0011182549
   -9.765485      9.780428    0.0020062697
   -9.765485     16.300714    0.0037853667
   -9.765485     22.821000    0.0064612923
   -9.765485     29.341285    0.0100417973
   -9.765485     35.861571    0.0145358818
   -9.765485     42.381856    0.0199532657
   -9.765485     48.902142    0.0263044950

   -3.255162    -48.902142    0.0255042180
   -3.255162    -42.381856    0.0191281943
   -3.255162    -35.861571    0.0136890986
   -3.255162    -29.341285    0.0091779123
   -3.255162    -22.821000    0.0055846260
   -3.255162    -16.300714    0.0028995788
   -3.255162     -9.780428    0.0011145506
   -3.255162     -3.260143    0.0002235939
   -3.255162      3.260143    0.0002235939
   -3.255162      9.780428    0.0011145506
   -3.255162     16.300714    0.0028995788
   -3.255162     22.821000    0.0055846260
   -3.255162     29.341285    0.0091779123
   -3.255162     35.861571    0.0136890986
   -3.255162     42.381856    0.0191281943
   -3.255162     48.902142    0.0255042180

    3.255162    -48.902142    0.0256457586
    3.255162    -42.381856    0.0192385451
    3.255162    -35.861571    0.0137711017
    3.255162    -29.341285    0.0092345275
    3.255162    -22.821000    0.0056196562
    3.255162    -16.300714    0.0029177060
    3.255162     -9.780428    0.0011211030
    3.255162     -3.260143    0.0002242771
    3.255162      3.260143    0.0002242771
    3.255162      9.780428    0.0011211030
    3.255162     16.300714    0.0029177060
    3.255162     22.821000    0.0056196562
    3.255162     29.341285    0.0092345275
    3.255162     35.861571    0.0137711017
    3.255162     42.381856    0.0192385451
    3.255162     48.902142    0.0256457586

    9.765485    -48.902142    0.0267305230
    9.765485    -42.381856    0.0202874110
    9.765485    -35.861571    0.0147858697
    9.765485    -29.341285    0.0102165808
    9.765485    -22.821000    0.0065723064
    9.765485    -16.300714    0.0038464718
    9.765485     -9.780428    0.0020331613
    9.765485     -3.260143    0.0011277737
    9.765485      3.260143    0.0011277737
    9.765485      9.780428    0.0020331613
    9.765485     16.300714    0.0038464718
    9.765485     22.821000    0.0065723064
    9.765485     29.341285    0.0102165808
    9.765485     35.861571    0.0147858697
    9.765485     42.381856    0.0202874110
    9.765485     48.902142    0.0267305230

   16.275808    -48.902142    0.0287554717
   16.275808    -42.381856    0.0222779313
   16.275808    -35.861571    0.0167364561
   16.275808    -29.341285    0.0121281085
   16.275808    -22.821000    0.0084488264
   16.275808    -16.300714    0.0056942349
   16.275808     -9.780428    0.0038603638
   16.275808     -3.260143    0.0029442269
   16.275808      3.260143    0.0029442269
   16.275808      9.780428    0.0038603638
   16.275808     16.300714    0.0056942349
   16.275808     22.821000    0.0084488264
   16.275808     29.341285    0.0121281085
   16.275808     35.861571    0.0167364561
   16.275808     42.381856    0.0222779313
   16.275808     48.902142    0.0287554717

   22.786131    -48.902142    0.0317132247
   22.786131    -42.381856    0.0252074310
   22.786131    -35.861571    0.0196232497
   22.786131    -29.341285    0.0149726611
   22.786131    -22.821000    0.0112559241
   22.786131    -16.300714    0.0084703626
   22.786131     -9.780428    0.0066139128
   22.786131     -3.260143    0.0056857525
   22.786131      3.260143    0.0056857525
   22.786131      9.780428    0.0066139128
   22.786131     16.300714    0.0084703626
   22.786131     22.821000    0.0112559241
   22.786131     29.341285    0.0149726611
   22.786131     35.861571    0.0196232497
   22.786131     42.381856    0.0252074310
   22.786131     48.902142    0.0317132247

   29.296454    -48.902142    0.0355922777
   29.296454    -42.381856    0.0290610204
   29.296454    -35.861571    0.0234420228
   29.296454    -29.341285    0.0187536684
   29.296454    -22.821000    0.0150007696
   29.296454    -16.300714    0.0121843447
   29.296454     -9.780428    0.0103053936
   29.296454     -3.260143    0.0093653693
   29.296454      3.260143    0.0093653693
   29.296454      9.780428    0.0103053936
   29.296454     16.300714    0.0121843447
   29.296454     22.821000    0.0150007696
   29.296454     29.341285    0.0187536684
   29.296454     35.861571    0.0234420228
   29.296454     42.381856    0.0290610204
   29.296454     48.902142    0.0355922777

   35.806778    -48.902142    0.0403772996
   35.806778    -42.381856    0.0338141644
   35.806778    -35.861571    0.0281843121
   35.806778    -29.341285    0.0234735290
   35.806778    -22.821000    0.0196898946
   35.806778    -16.300714    0.0168447396
   35.806778     -9.780428    0.0149455864
   35.806778     -3.260143    0.0139956230
   35.806778      3.260143    0.0139956230
   35.806778      9.780428    0.0149455864
   35.806778     16.300714    0.0168447396
   35.806778     22.821000    0.0196898946
   35.806778     29.341285    0.0234735290
   35.806778     35.861571    0.0281843121
   35.806778     42.381856    0.0338141644
   35.806778     48.902142    0.0403772996

   42.317101    -48.902142    0.0460494752
   42.317101    -42.381856    0.0394583789
   42.317101    -35.861571    0.0338439188
   42.317101    -29.341285    0.0291295993
   42.317101    -22.821000    0.0253255175
   42.317101    -16.300714    0.0224580766
   42.317101     -9.780428    0.0205437641
   42.317101     -3.260143    0.0195869920
   42.317101      3.260143    0.0195869920
   42.317101      9.780428    0.0205437641
   42.317101     16.300714    0.0224580766
   42.317101     22.821000    0.0253255175
   42.317101     29.341285    0.0291295993
   42.317101     35.861571    0.0338439188
   42.317101     42.381856    0.0394583789
   42.317101     48.902142    0.0460494752

   48.827424    -48.902142    0.0525868393
   48.827424    -42.381856    0.0460688651
   48.827424    -35.861571    0.0404345642
   48.827424    -29.341285    0.0357046462
   48.827424    -22.821000    0.0318973322
   48.827424    -16.300714    0.0290278739
   48.827424     -9.780428    0.0271081247
   48.827424     -3.260143    0.0261461919
   48.827424      3.260143    0.0261461919
   48.827424      9.780428    0.0271081247
   48.827424     16.300714    0.0290278739
   48.827424     22.821000    0.0318973322
   48.827424     29.341285    0.0357046462
   48.827424     35.861571    0.0404345642
   48.827424     42.381856    0.0460688651
   48.827424     48.902142    0.0525868393

