  -48.902142    -61.469935    0.0446947912
  -48.902142    -53.273944    0.0399783320
  -48.902142    -45.077952    0.0359304702
  -48.902142    -36.881961    0.0325479804
  -48.902142    -28.685970    0.0298272160
  -48.902142    -20.489978    0.0277642110
  -48.902142    -12.293987    0.0263548112
  -48.902142     -4.097996    0.0255948207
  -48.902142      4.097996    0.0254801535
  -48.902142     12.293987    0.0260069817
  -48.902142     20.489978    0.0271718791
  -48.902142     28.685970    0.0289719618
  -48.902142     36.881961    0.0314050317
  -48.902142     45.077952    0.0344697340
  -48.902142     53.273944    0.0381657428
  -48.902142     61.469935    0.0424939951

  -42.381856    -61.469935    0.0378954174
  -42.381856    -53.273944    0.0332285831
  -42.381856    -45.077952    0.0292601743
  -42.381856    -36.881961    0.0259469974
  -42.381856    -28.685970    0.0232827865
  -42.381856    -20.489978    0.0212692585
  -42.381856    -12.293987    0.0199052811
  -42.381856     -4.097996    0.0191859935
  -42.381856      4.097996    0.0191057444
  -42.381856     12.293987    0.0196607345
  -42.381856     20.489978    0.0208492741
  -42.381856     28.685970    0.0226695893
  -42.381856     36.881961    0.0251171340
  -42.381856     45.077952    0.0281853883
  -42.381856     53.273944    0.0318761461
  -42.381856     61.469935    0.0362273201

  -35.861571    -61.469935    0.0320922944
  -35.861571    -53.273944    0.0275010962
  -35.861571    -45.077952    0.0235808391
  -35.861571    -36.881961    0.0203159273
  -35.861571    -28.685970    0.0177008499
  -35.861571    -20.489978    0.0157323879
  -35.861571    -12.293987    0.0144067521
  -35.861571     -4.097996    0.0137194294
  -35.861571      4.097996    0.0136660661
  -35.861571     12.293987    0.0142432691
  -35.861571     20.489978    0.0154487557
  -35.861571     28.685970    0.0172808344
  -35.861571     36.881961    0.0197377514
  -35.861571     45.077952    0.0228179855
  -35.861571     53.273944    0.0265231291
  -35.861571     61.469935    0.0308655416

  -29.341285    -61.469935    0.0272770863
  -29.341285    -53.273944    0.0227483131
  -29.341285    -45.077952    0.0188726134
  -29.341285    -36.881961    0.0156501807
  -29.341285    -28.685970    0.0130759116
  -29.341285    -20.489978    0.0111437653
  -29.341285    -12.293987    0.0098484962
  -29.341285     -4.097996    0.0091859291
  -29.341285      4.097996    0.0091526661
  -29.341285     12.293987    0.0097458177
  -29.341285     20.489978    0.0109630675
  -29.341285     28.685970    0.0128030875
  -29.341285     36.881961    0.0152660332
  -29.341285     45.077952    0.0183535590
  -29.341285     53.273944    0.0220675059
  -29.341285     61.469935    0.0264061222

  -22.821000    -61.469935    0.0234384913
  -22.821000    -53.273944    0.0189563075
  -22.821000    -45.077952    0.0151230411
  -22.821000    -36.881961    0.0119382434
  -22.821000    -28.685970    0.0093966034
  -22.821000    -20.489978    0.0074920998
  -22.821000    -12.293987    0.0062196486
  -22.821000     -4.097996    0.0055753597
  -22.821000      4.097996    0.0055562473
  -22.821000     12.293987    0.0061599595
  -22.821000     20.489978    0.0073848220
  -22.821000     28.685970    0.0092302122
  -22.821000     36.881961    0.0116970116
  -22.821000     45.077952    0.0147876019
  -22.821000     53.273944    0.0185046043
  -22.821000     61.469935    0.0228472805

  -16.300714    -61.469935    0.0205633572
  -16.300714    -53.273944    0.0161178500
  -16.300714    -45.077952    0.0123206617
  -16.300714    -36.881961    0.0091665631
  -16.300714    -28.685970    0.0066499830
  -16.300714    -20.489978    0.0047657754
  -16.300714    -12.293987    0.0035095597
  -16.300714     -4.097996    0.0028778235
  -16.300714      4.097996    0.0028679272
  -16.300714     12.293987    0.0034781081
  -16.300714     20.489978    0.0047075311
  -16.300714     28.685970    0.0065563908
  -16.300714     36.881961    0.0090260198
  -16.300714     45.077952    0.0121189167
  -16.300714     53.273944    0.0158385558
  -16.300714     61.469935    0.0201887989

   -9.780428    -61.469935    0.0186378505
   -9.780428    -53.273944    0.0142228347
   -9.780428    -45.077952    0.0104532689
   -9.780428    -36.881961    0.0073221244
   -9.780428    -28.685970    0.0048238700
   -9.780428    -20.489978    0.0029539373
   -9.780428    -12.293987    0.0017085397
   -9.780428     -4.097996    0.0010846897
   -9.780428      4.097996    0.0010802956
   -9.780428     12.293987    0.0016942561
   -9.780428     20.489978    0.0029265085
   -9.780428     28.685970    0.0047780230
   -9.780428     36.881961    0.0072507728
   -9.780428     45.077952    0.0103477475
   -9.780428     53.273944    0.0140731137
   -9.780428     61.469935    0.0184326640

   -3.260143    -61.469935    0.0176485643
   -3.260143    -53.273944    0.0132581847
   -3.260143    -45.077952    0.0095086409
   -3.260143    -36.881961    0.0063936391
   -3.260143    -28.685970    0.0039079812
   -3.260143    -20.489978    0.0020474371
   -3.260143    -12.293987    0.0008087069
   -3.260143     -4.097996    0.0001894320
   -3.260143      4.097996    0.0001882289
   -3.260143     12.293987    0.0008047221
   -3.260143     20.489978    0.0020395639
   -3.260143     28.685970    0.0038944373
   -3.260143     36.881961    0.0063720446
   -3.260143     45.077952    0.0094760943
   -3.260143     53.273944    0.0132113078
   -3.260143     61.469935    0.0175834730

    3.260143    -61.469935    0.0175834730
    3.260143    -53.273944    0.0132113078
    3.260143    -45.077952    0.0094760943
    3.260143    -36.881961    0.0063720446
    3.260143    -28.685970    0.0038944373
    3.260143    -20.489978    0.0020395639
    3.260143    -12.293987    0.0008047221
    3.260143     -4.097996    0.0001882289
    3.260143      4.097996    0.0001894320
    3.260143     12.293987    0.0008087069
    3.260143     20.489978    0.0020474371
    3.260143     28.685970    0.0039079812
    3.260143     36.881961    0.0063936391
    3.260143     45.077952    0.0095086409
    3.260143     53.273944    0.0132581847
    3.260143     61.469935    0.0176485643

    9.780428    -61.469935    0.0184326640
    9.780428    -53.273944    0.0140731137
    9.780428    -45.077952    0.0103477475
    9.780428    -36.881961    0.0072507728
    9.780428    -28.685970    0.0047780230
    9.780428    -20.489978    0.0029265085
    9.780428    -12.293987    0.0016942561
    9.780428     -4.097996    0.0010802956
    9.780428      4.097996    0.0010846897
    9.780428     12.293987    0.0017085397
    9.780428     20.489978    0.0029539373
    9.780428     28.685970    0.0048238700
    9.780428     36.881961    0.0073221244
    9.780428     45.077952    0.0104532689
    9.780428     53.273944    0.0142228347
    9.780428     61.469935    0.0186378505

   16.300714    -61.469935    0.0201887989
   16.300714    -53.273944    0.0158385558
   16.300714    -45.077952    0.0121189167
   16.300714    -36.881961    0.0090260198
   16.300714    -28.685970    0.0065563908
   16.300714    -20.489978    0.0047075311
   16.300714    -12.293987    0.0034781081
   16.300714     -4.097996    0.0028679272
   16.300714      4.097996    0.0028778235
   16.300714     12.293987    0.0035095597
   16.300714     20.489978    0.0047657754
   16.300714     28.685970    0.0066499830
   16.300714     36.881961    0.0091665631
   16.300714     45.077952    0.0123206617
   16.300714     53.273944    0.0161178500
   16.300714     61.469935    0.0205633572

   22.821000    -61.469935    0.0228472805
   22.821000    -53.273944    0.0185046043
   22.821000    -45.077952    0.0147876019
   22.821000    -36.881961    0.0116970116
   22.821000    -28.685970    0.0092302122
   22.821000    -20.489978    0.0073848220
   22.821000    -12.293987    0.0061599595
   22.821000     -4.097996    0.0055562473
   22.821000      4.097996    0.0055753597
   22.821000     12.293987    0.0062196486
   22.821000     20.489978    0.0074920998
   22.821000     28.685970    0.0093966034
   22.821000     36.881961    0.0119382434
   22.821000     45.077952    0.0151230411
   22.821000     53.273944    0.0189563075
   22.821000     61.469935    0.0234384913

   29.341285    -61.469935    0.0264061222
   29.341285    -53.273944    0.0220675059
   29.341285    -45.077952    0.0183535590
   29.341285    -36.881961    0.0152660332
   29.341285    -28.685970    0.0128030875
   29.341285    -20.489978    0.0109630675
   29.341285    -12.293987    0.0097458177
   29.341285     -4.097996    0.0091526661
   29.341285      4.097996    0.0091859291
   29.341285     12.293987    0.0098484962
   29.341285     20.489978    0.0111437653
   29.341285     28.685970    0.0130759116
   29.341285     36.881961    0.0156501807
   29.341285     45.077952    0.0188726134
   29.341285     53.273944    0.0227483131
   29.341285     61.469935    0.0272770863

   35.861571    -61.469935    0.0308655416
   35.861571    -53.273944    0.0265231291
   35.861571    -45.077952    0.0228179855
   35.861571    -36.881961    0.0197377514
   35.861571    -28.685970    0.0172808344
   35.861571    -20.489978    0.0154487557
   35.861571    -12.293987    0.0142432691
   35.861571     -4.097996    0.0136660661
   35.861571      4.097996    0.0137194294
   35.861571     12.293987    0.0144067521
   35.861571     20.489978    0.0157323879
   35.861571     28.685970    0.0177008499
   35.861571     36.881961    0.0203159273
   35.861571     45.077952    0.0235808391
   35.861571     53.273944    0.0275010962
   35.861571     61.469935    0.0320922944

   42.381856    -61.469935    0.0362273201
   42.381856    -53.273944    0.0318761461
   42.381856    -45.077952    0.0281853883
   42.381856    -36.881961    0.0251171340
   42.381856    -28.685970    0.0226695893
   42.381856    -20.489978    0.0208492741
   42.381856    -12.293987    0.0196607345
   42.381856     -4.097996    0.0191057444
   42.381856      4.097996    0.0191859935
   42.381856     12.293987    0.0199052811
   42.381856     20.489978    0.0212692585
   42.381856     28.685970    0.0232827865
   42.381856     36.881961    0.0259469974
   42.381856     45.077952    0.0292601743
   42.381856     53.273944    0.0332285831
   42.381856     61.469935    0.0378954174

   48.902142    -61.469935    0.0424939951
   48.902142    -53.273944    0.0381657428
   48.902142    -45.077952    0.0344697340
   48.902142    -36.881961    0.0314050317
   48.902142    -28.685970    0.0289719618
   48.902142    -20.489978    0.0271718791
   48.902142    -12.293987    0.0260069817
   48.902142     -4.097996    0.0254801535
   48.902142      4.097996    0.0255948207
   48.902142     12.293987    0.0263548112
   48.902142     20.489978    0.0277642110
   48.902142     28.685970    0.0298272160
   48.902142     36.881961    0.0325479804
   48.902142     45.077952    0.0359304702
   48.902142     53.273944    0.0399783320
   48.902142     61.469935    0.0446947912

