  -48.902142    -54.177403    0.0008425814
  -48.902142    -46.953749    0.0007045736
  -48.902142    -39.730095    0.0005484607
  -48.902142    -32.506442    0.0003916983
  -48.902142    -25.282788    0.0002488328
  -48.902142    -18.059134    0.0001315013
  -48.902142    -10.835481    0.0000484314
  -48.902142     -3.611827    0.0000054419
  -48.902142      3.611827    0.0000054419
  -48.902142     10.835481    0.0000484314
  -48.902142     18.059134    0.0001315013
  -48.902142     25.282788    0.0002488328
  -48.902142     32.506442    0.0003916983
  -48.902142     39.730095    0.0005484607
  -48.902142     46.953749    0.0007045736
  -48.902142     54.177403    0.0008425814

  -42.381856    -54.177403    0.0006497376
  -42.381856    -46.953749    0.0005427124
  -42.381856    -39.730095    0.0004221304
  -42.381856    -32.506442    0.0003013054
  -42.381856    -25.282788    0.0001913317
  -42.381856    -18.059134    0.0001010853
  -42.381856    -10.835481    0.0000372228
  -42.381856     -3.611827    0.0000041821
  -42.381856      3.611827    0.0000041821
  -42.381856     10.835481    0.0000372228
  -42.381856     18.059134    0.0001010853
  -42.381856     25.282788    0.0001913317
  -42.381856     32.506442    0.0003013054
  -42.381856     39.730095    0.0004221304
  -42.381856     46.953749    0.0005427124
  -42.381856     54.177403    0.0006497376

  -35.861571    -54.177403    0.0004755469
  -35.861571    -46.953749    0.0003968537
  -35.861571    -39.730095    0.0003084801
  -35.861571    -32.506442    0.0002200825
  -35.861571    -25.282788    0.0001397081
  -35.861571    -18.059134    0.0000737943
  -35.861571    -10.835481    0.0000271695
  -35.861571     -3.611827    0.0000030524
  -35.861571      3.611827    0.0000030524
  -35.861571     10.835481    0.0000271695
  -35.861571     18.059134    0.0000737943
  -35.861571     25.282788    0.0001397081
  -35.861571     32.506442    0.0002200825
  -35.861571     39.730095    0.0003084801
  -35.861571     46.953749    0.0003968537
  -35.861571     54.177403    0.0004755469

  -29.341285    -54.177403    0.0003241152
  -29.341285    -46.953749    0.0002702839
  -29.341285    -39.730095    0.0002099868
  -29.341285    -32.506442    0.0001497574
  -29.341285    -25.282788    0.0000950404
  -29.341285    -18.059134    0.0000501914
  -29.341285    -10.835481    0.0000184773
  -29.341285     -3.611827    0.0000020757
  -29.341285      3.611827    0.0000020757
  -29.341285     10.835481    0.0000184773
  -29.341285     18.059134    0.0000501914
  -29.341285     25.282788    0.0000950404
  -29.341285     32.506442    0.0001497574
  -29.341285     39.730095    0.0002099868
  -29.341285     46.953749    0.0002702839
  -29.341285     54.177403    0.0003241152

  -22.821000    -54.177403    0.0001988640
  -22.821000    -46.953749    0.0001657416
  -22.821000    -39.730095    0.0001287149
  -22.821000    -32.506442    0.0000917697
  -22.821000    -25.282788    0.0000582277
  -22.821000    -18.059134    0.0000307460
  -22.821000    -10.835481    0.0000113177
  -22.821000     -3.611827    0.0000012714
  -22.821000      3.611827    0.0000012714
  -22.821000     10.835481    0.0000113177
  -22.821000     18.059134    0.0000307460
  -22.821000     25.282788    0.0000582277
  -22.821000     32.506442    0.0000917697
  -22.821000     39.730095    0.0001287149
  -22.821000     46.953749    0.0001657416
  -22.821000     54.177403    0.0001988640

  -16.300714    -54.177403    0.0001025304
  -16.300714    -46.953749    0.0000854179
  -16.300714    -39.730095    0.0000663160
  -16.300714    -32.506442    0.0000472712
  -16.300714    -25.282788    0.0000299889
  -16.300714    -18.059134    0.0000158334
  -16.300714    -10.835481    0.0000058279
  -16.300714     -3.611827    0.0000006547
  -16.300714      3.611827    0.0000006547
  -16.300714     10.835481    0.0000058279
  -16.300714     18.059134    0.0000158334
  -16.300714     25.282788    0.0000299889
  -16.300714     32.506442    0.0000472712
  -16.300714     39.730095    0.0000663160
  -16.300714     46.953749    0.0000854179
  -16.300714     54.177403    0.0001025304

   -9.780428    -54.177403    0.0000371676
   -9.780428    -46.953749    0.0000309558
   -9.780428    -39.730095    0.0000240286
   -9.780428    -32.506442    0.0000171256
   -9.780428    -25.282788    0.0000108634
   -9.780428    -18.059134    0.0000057352
   -9.780428    -10.835481    0.0000021109
   -9.780428     -3.611827    0.0000002371
   -9.780428      3.611827    0.0000002371
   -9.780428     10.835481    0.0000021109
   -9.780428     18.059134    0.0000057352
   -9.780428     25.282788    0.0000108634
   -9.780428     32.506442    0.0000171256
   -9.780428     39.730095    0.0000240286
   -9.780428     46.953749    0.0000309558
   -9.780428     54.177403    0.0000371676

   -3.260143    -54.177403    0.0000041440
   -3.260143    -46.953749    0.0000034509
   -3.260143    -39.730095    0.0000026784
   -3.260143    -32.506442    0.0000019088
   -3.260143    -25.282788    0.0000012108
   -3.260143    -18.059134    0.0000006392
   -3.260143    -10.835481    0.0000002353
   -3.260143     -3.611827    0.0000000264
   -3.260143      3.611827    0.0000000264
   -3.260143     10.835481    0.0000002353
   -3.260143     18.059134    0.0000006392
   -3.260143     25.282788    0.0000012108
   -3.260143     32.506442    0.0000019088
   -3.260143     39.730095    0.0000026784
   -3.260143     46.953749    0.0000034509
   -3.260143     54.177403    0.0000041440

    3.260143    -54.177403    0.0000041440
    3.260143    -46.953749    0.0000034509
    3.260143    -39.730095    0.0000026784
    3.260143    -32.506442    0.0000019088
    3.260143    -25.282788    0.0000012108
    3.260143    -18.059134    0.0000006392
    3.260143    -10.835481    0.0000002353
    3.260143     -3.611827    0.0000000264
    3.260143      3.611827    0.0000000264
    3.260143     10.835481    0.0000002353
    3.260143     18.059134    0.0000006392
    3.260143     25.282788    0.0000012108
    3.260143     32.506442    0.0000019088
    3.260143     39.730095    0.0000026784
    3.260143     46.953749    0.0000034509
    3.260143     54.177403    0.0000041440

    9.780428    -54.177403    0.0000371676
    9.780428    -46.953749    0.0000309558
    9.780428    -39.730095    0.0000240286
    9.780428    -32.506442    0.0000171256
    9.780428    -25.282788    0.0000108634
    9.780428    -18.059134    0.0000057352
    9.780428    -10.835481    0.0000021109
    9.780428     -3.611827    0.0000002371
    9.780428      3.611827    0.0000002371
    9.780428     10.835481    0.0000021109
    9.780428     18.059134    0.0000057352
    9.780428     25.282788    0.0000108634
    9.780428     32.506442    0.0000171256
    9.780428     39.730095    0.0000240286
    9.780428     46.953749    0.0000309558
    9.780428     54.177403    0.0000371676

   16.300714    -54.177403    0.0001025304
   16.300714    -46.953749    0.0000854179
   16.300714    -39.730095    0.0000663160
   16.300714    -32.506442    0.0000472712
   16.300714    -25.282788    0.0000299889
   16.300714    -18.059134    0.0000158334
   16.300714    -10.835481    0.0000058279
   16.300714     -3.611827    0.0000006547
   16.300714      3.611827    0.0000006547
   16.300714     10.835481    0.0000058279
   16.300714     18.059134    0.0000158334
   16.300714     25.282788    0.0000299889
   16.300714     32.506442    0.0000472712
   16.300714     39.730095    0.0000663160
   16.300714     46.953749    0.0000854179
   16.300714     54.177403    0.0001025304

   22.821000    -54.177403    0.0001988640
   22.821000    -46.953749    0.0001657416
   22.821000    -39.730095    0.0001287149
   22.821000    -32.506442    0.0000917697
   22.821000    -25.282788    0.0000582277
   22.821000    -18.059134    0.0000307460
   22.821000    -10.835481    0.0000113177
   22.821000     -3.611827    0.0000012714
   22.821000      3.611827    0.0000012714
   22.821000     10.835481    0.0000113177
   22.821000     18.059134    0.0000307460
   22.821000     25.282788    0.0000582277
   22.821000     32.506442    0.0000917697
   22.821000     39.730095    0.0001287149
   22.821000     46.953749    0.0001657416
   22.821000     54.177403    0.0001988640

   29.341285    -54.177403    0.0003241152
   29.341285    -46.953749    0.0002702839
   29.341285    -39.730095    0.0002099868
   29.341285    -32.506442    0.0001497574
   29.341285    -25.282788    0.0000950404
   29.341285    -18.059134    0.0000501914
   29.341285    -10.835481    0.0000184773
   29.341285     -3.611827    0.0000020757
   29.341285      3.611827    0.0000020757
   29.341285     10.835481    0.0000184773
   29.341285     18.059134    0.0000501914
   29.341285     25.282788    0.0000950404
   29.341285     32.506442    0.0001497574
   29.341285     39.730095    0.0002099868
   29.341285     46.953749    0.0002702839
   29.341285     54.177403    0.0003241152

   35.861571    -54.177403    0.0004755469
   35.861571    -46.953749    0.0003968537
   35.861571    -39.730095    0.0003084801
   35.861571    -32.506442    0.0002200825
   35.861571    -25.282788    0.0001397081
   35.861571    -18.059134    0.0000737943
   35.861571    -10.835481    0.0000271695
   35.861571     -3.611827    0.0000030524
   35.861571      3.611827    0.0000030524
   35.861571     10.835481    0.0000271695
   35.861571     18.059134    0.0000737943
   35.861571     25.282788    0.0001397081
   35.861571     32.506442    0.0002200825
   35.861571     39.730095    0.0003084801
   35.861571     46.953749    0.0003968537
   35.861571     54.177403    0.0004755469

   42.381856    -54.177403    0.0006497376
   42.381856    -46.953749    0.0005427124
   42.381856    -39.730095    0.0004221304
   42.381856    -32.506442    0.0003013054
   42.381856    -25.282788    0.0001913317
   42.381856    -18.059134    0.0001010853
   42.381856    -10.835481    0.0000372228
   42.381856     -3.611827    0.0000041821
   42.381856      3.611827    0.0000041821
   42.381856     10.835481    0.0000372228
   42.381856     18.059134    0.0001010853
   42.381856     25.282788    0.0001913317
   42.381856     32.506442    0.0003013054
   42.381856     39.730095    0.0004221304
   42.381856     46.953749    0.0005427124
   42.381856     54.177403    0.0006497376

   48.902142    -54.177403    0.0008425814
   48.902142    -46.953749    0.0007045736
   48.902142    -39.730095    0.0005484607
   48.902142    -32.506442    0.0003916983
   48.902142    -25.282788    0.0002488328
   48.902142    -18.059134    0.0001315013
   48.902142    -10.835481    0.0000484314
   48.902142     -3.611827    0.0000054419
   48.902142      3.611827    0.0000054419
   48.902142     10.835481    0.0000484314
   48.902142     18.059134    0.0001315013
   48.902142     25.282788    0.0002488328
   48.902142     32.506442    0.0003916983
   48.902142     39.730095    0.0005484607
   48.902142     46.953749    0.0007045736
   48.902142     54.177403    0.0008425814

