  -42.952389    -48.902142    0.0575725470
  -42.952389    -42.381856    0.0511335956
  -42.952389    -35.861571    0.0456442668
  -42.952389    -29.341285    0.0410998970
  -42.952389    -22.821000    0.0374942307
  -42.952389    -16.300714    0.0348208083
  -42.952389     -9.780428    0.0330740753
  -42.952389     -3.260143    0.0322502147
  -42.952389      3.260143    0.0323477021
  -42.952389      9.780428    0.0333675829
  -42.952389     16.300714    0.0353134726
  -42.952389     22.821000    0.0381912788
  -42.952389     29.341285    0.0420086472
  -42.952389     35.861571    0.0467741283
  -42.952389     42.381856    0.0524960683
  -42.952389     48.902142    0.0591812219

  -37.225404    -48.902142    0.0495691257
  -37.225404    -42.381856    0.0431266157
  -37.225404    -35.861571    0.0376307675
  -37.225404    -29.341285    0.0330759312
  -37.225404    -22.821000    0.0294549891
  -37.225404    -16.300714    0.0267607433
  -37.225404     -9.780428    0.0249870252
  -37.225404     -3.260143    0.0241295279
  -37.225404      3.260143    0.0241863613
  -37.225404      9.780428    0.0251583290
  -37.225404     16.300714    0.0270489287
  -37.225404     22.821000    0.0298640747
  -37.225404     29.341285    0.0336115430
  -37.225404     35.861571    0.0383001391
  -37.225404     42.381856    0.0439385879
  -37.225404     48.902142    0.0505341469

  -31.498419    -48.902142    0.0427328315
  -31.498419    -42.381856    0.0362933384
  -31.498419    -35.861571    0.0307979126
  -31.498419    -29.341285    0.0262400797
  -31.498419    -22.821000    0.0226120022
  -31.498419    -16.300714    0.0199058666
  -31.498419     -9.780428    0.0181149934
  -31.498419     -3.260143    0.0172346690
  -31.498419      3.260143    0.0172627008
  -31.498419      9.780428    0.0181996946
  -31.498419     16.300714    0.0200490548
  -31.498419     22.821000    0.0228167065
  -31.498419     29.341285    0.0265105410
  -31.498419     35.861571    0.0311395836
  -31.498419     42.381856    0.0367128834
  -31.498419     48.902142    0.0432381263

  -25.771434    -48.902142    0.0370454344
  -25.771434    -42.381856    0.0306136402
  -25.771434    -35.861571    0.0251237269
  -25.771434    -29.341285    0.0205685456
  -25.771434    -22.821000    0.0169396700
  -25.771434    -16.300714    0.0142287836
  -25.771434     -9.780428    0.0124287890
  -25.771434     -3.260143    0.0115346408
  -25.771434      3.260143    0.0115439000
  -25.771434      9.780428    0.0124570117
  -25.771434     16.300714    0.0142773050
  -25.771434     22.821000    0.0170107155
  -25.771434     29.341285    0.0206652308
  -25.771434     35.861571    0.0252500575
  -25.771434     42.381856    0.0307745121
  -25.771434     48.902142    0.0372466336

  -20.044448    -48.902142    0.0324942481
  -20.044448    -42.381856    0.0260729253
  -20.044448    -35.861571    0.0205917474
  -20.044448    -29.341285    0.0160430299
  -20.044448    -22.821000    0.0124178783
  -20.044448    -16.300714    0.0097075752
  -20.044448     -9.780428    0.0079046901
  -20.044448     -3.260143    0.0070039121
  -20.044448      3.260143    0.0070026043
  -20.044448      9.780428    0.0079010813
  -20.044448     16.300714    0.0097026093
  -20.044448     22.821000    0.0124131289
  -20.044448     29.341285    0.0160406998
  -20.044448     35.861571    0.0205946686
  -20.044448     42.381856    0.0260845594
  -20.044448     48.902142    0.0325186860

  -14.317463    -48.902142    0.0290720499
  -14.317463    -42.381856    0.0226620453
  -14.317463    -35.861571    0.0171909433
  -14.317463    -29.341285    0.0126506515
  -14.317463    -22.821000    0.0090319179
  -14.317463    -16.300714    0.0063257177
  -14.317463     -9.780428    0.0045243634
  -14.317463     -3.260143    0.0036223367
  -14.317463      3.260143    0.0036168439
  -14.317463      9.780428    0.0045080929
  -14.317463     16.300714    0.0062992932
  -14.317463     22.821000    0.0089963789
  -14.317463     29.341285    0.0126074534
  -14.317463     35.861571    0.0171419571
  -14.317463     42.381856    0.0226095581
  -14.317463     48.902142    0.0290187643

   -8.590478    -48.902142    0.0267770160
   -8.590478    -42.381856    0.0203772355
   -8.590478    -35.861571    0.0149156514
   -8.590478    -29.341285    0.0103838824
   -8.590478    -22.821000    0.0067724207
   -8.590478    -16.300714    0.0040720188
   -8.590478     -9.780428    0.0022747998
   -8.590478     -3.260143    0.0013750891
   -8.590478      3.260143    0.0013699700
   -8.590478      9.780428    0.0022595603
   -8.590478     16.300714    0.0040470131
   -8.590478     22.821000    0.0067382386
   -8.590478     29.341285    0.0103413500
   -8.590478     35.861571    0.0148658306
   -8.590478     42.381856    0.0203214242
   -8.590478     48.902142    0.0267167481

   -2.863493    -48.902142    0.0256126735
   -2.863493    -42.381856    0.0192200657
   -2.863493    -35.861571    0.0137655278
   -2.863493    -29.341285    0.0092404997
   -2.863493    -22.821000    0.0056353110
   -2.863493    -16.300714    0.0029405687
   -2.863493     -9.780428    0.0011482662
   -2.863493     -3.260143    0.0002526165
   -2.863493      3.260143    0.0002506062
   -2.863493      9.780428    0.0011422736
   -2.863493     16.300714    0.0029307082
   -2.863493     22.821000    0.0056217739
   -2.863493     29.341285    0.0092235533
   -2.863493     35.861571    0.0137455160
   -2.863493     42.381856    0.0191974088
   -2.863493     48.902142    0.0255878682

    2.863493    -48.902142    0.0255878682
    2.863493    -42.381856    0.0191974088
    2.863493    -35.861571    0.0137455160
    2.863493    -29.341285    0.0092235533
    2.863493    -22.821000    0.0056217739
    2.863493    -16.300714    0.0029307082
    2.863493     -9.780428    0.0011422736
    2.863493     -3.260143    0.0002506062
    2.863493      3.260143    0.0002526165
    2.863493      9.780428    0.0011482662
    2.863493     16.300714    0.0029405687
    2.863493     22.821000    0.0056353110
    2.863493     29.341285    0.0092404997
    2.863493     35.861571    0.0137655278
    2.863493     42.381856    0.0192200657
    2.863493     48.902142    0.0256126735

    8.590478    -48.902142    0.0267167481
    8.590478    -42.381856    0.0203214242
    8.590478    -35.861571    0.0148658306
    8.590478    -29.341285    0.0103413500
    8.590478    -22.821000    0.0067382386
    8.590478    -16.300714    0.0040470131
    8.590478     -9.780428    0.0022595603
    8.590478     -3.260143    0.0013699700
    8.590478      3.260143    0.0013750891
    8.590478      9.780428    0.0022747998
    8.590478     16.300714    0.0040720188
    8.590478     22.821000    0.0067724207
    8.590478     29.341285    0.0103838824
    8.590478     35.861571    0.0149156514
    8.590478     42.381856    0.0203772355
    8.590478     48.902142    0.0267770160

   14.317463    -48.902142    0.0290187643
   14.317463    -42.381856    0.0226095581
   14.317463    -35.861571    0.0171419571
   14.317463    -29.341285    0.0126074534
   14.317463    -22.821000    0.0089963789
   14.317463    -16.300714    0.0062992932
   14.317463     -9.780428    0.0045080929
   14.317463     -3.260143    0.0036168439
   14.317463      3.260143    0.0036223367
   14.317463      9.780428    0.0045243634
   14.317463     16.300714    0.0063257177
   14.317463     22.821000    0.0090319179
   14.317463     29.341285    0.0126506515
   14.317463     35.861571    0.0171909433
   14.317463     42.381856    0.0226620453
   14.317463     48.902142    0.0290720499

   20.044448    -48.902142    0.0325186860
   20.044448    -42.381856    0.0260845594
   20.044448    -35.861571    0.0205946686
   20.044448    -29.341285    0.0160406998
   20.044448    -22.821000    0.0124131289
   20.044448    -16.300714    0.0097026093
   20.044448     -9.780428    0.0079010813
   20.044448     -3.260143    0.0070026043
   20.044448      3.260143    0.0070039121
   20.044448      9.780428    0.0079046901
   20.044448     16.300714    0.0097075752
   20.044448     22.821000    0.0124178783
   20.044448     29.341285    0.0160430299
   20.044448     35.861571    0.0205917474
   20.044448     42.381856    0.0260729253
   20.044448     48.902142    0.0324942481

   25.771434    -48.902142    0.0372466336
   25.771434    -42.381856    0.0307745121
   25.771434    -35.861571    0.0252500575
   25.771434    -29.341285    0.0206652308
   25.771434    -22.821000    0.0170107155
   25.771434    -16.300714    0.0142773050
   25.771434     -9.780428    0.0124570117
   25.771434     -3.260143    0.0115439000
   25.771434      3.260143    0.0115346408
   25.771434      9.780428    0.0124287890
   25.771434     16.300714    0.0142287836
   25.771434     22.821000    0.0169396700
   25.771434     29.341285    0.0205685456
   25.771434     35.861571    0.0251237269
   25.771434     42.381856    0.0306136402
   25.771434     48.902142    0.0370454344

   31.498419    -48.902142    0.0432381263
   31.498419    -42.381856    0.0367128834
   31.498419    -35.861571    0.0311395836
   31.498419    -29.341285    0.0265105410
   31.498419    -22.821000    0.0228167065
   31.498419    -16.300714    0.0200490548
   31.498419     -9.780428    0.0181996946
   31.498419     -3.260143    0.0172627008
   31.498419      3.260143    0.0172346690
   31.498419      9.780428    0.0181149934
   31.498419     16.300714    0.0199058666
   31.498419     22.821000    0.0226120022
   31.498419     29.341285    0.0262400797
   31.498419     35.861571    0.0307979126
   31.498419     42.381856    0.0362933384
   31.498419     48.902142    0.0427328315

   37.225404    -48.902142    0.0505341469
   37.225404    -42.381856    0.0439385879
   37.225404    -35.861571    0.0383001391
   37.225404    -29.341285    0.0336115430
   37.225404    -22.821000    0.0298640747
   37.225404    -16.300714    0.0270489287
   37.225404     -9.780428    0.0251583290
   37.225404     -3.260143    0.0241863613
   37.225404      3.260143    0.0241295279
   37.225404      9.780428    0.0249870252
   37.225404     16.300714    0.0267607433
   37.225404     22.821000    0.0294549891
   37.225404     29.341285    0.0330759312
   37.225404     35.861571    0.0376307675
   37.225404     42.381856    0.0431266157
   37.225404     48.902142    0.0495691257

   42.952389    -48.902142    0.0591812219
   42.952389    -42.381856    0.0524960683
   42.952389    -35.861571    0.0467741283
   42.952389    -29.341285    0.0420086472
   42.952389    -22.821000    0.0381912788
   42.952389    -16.300714    0.0353134726
   42.952389     -9.780428    0.0333675829
   42.952389     -3.260143    0.0323477021
   42.952389      3.260143    0.0322502147
   42.952389      9.780428    0.0330740753
   42.952389     16.300714    0.0348208083
   42.952389     22.821000    0.0374942307
   42.952389     29.341285    0.0410998970
   42.952389     35.861571    0.0456442668
   42.952389     42.381856    0.0511335956
   42.952389     48.902142    0.0575725470

