  -96.008735   -119.276109    0.0098094786
  -96.008735   -103.372628    0.0085030511
  -96.008735    -87.469147    0.0074741301
  -96.008735    -71.565666    0.0066977493
  -96.008735    -55.662184    0.0061528232
  -96.008735    -39.758703    0.0058223494
  -96.008735    -23.855222    0.0056935848
  -96.008735     -7.951741    0.0057581957
  -96.008735      7.951741    0.0060123823
  -96.008735     23.855222    0.0064569767
  -96.008735     39.758703    0.0070975149
  -96.008735     55.662184    0.0079442835
  -96.008735     71.565666    0.0090123396
  -96.008735     87.469147    0.0103215049
  -96.008735    103.372628    0.0118963338
  -96.008735    119.276109    0.0137660558

  -81.238160   -119.276109    0.0081395358
  -81.238160   -103.372628    0.0068597362
  -81.238160    -87.469147    0.0058356637
  -81.238160    -71.565666    0.0050444421
  -81.238160    -55.662184    0.0044669095
  -81.238160    -39.758703    0.0040878208
  -81.238160    -23.855222    0.0038960240
  -81.238160     -7.951741    0.0038846102
  -81.238160      7.951741    0.0040510377
  -81.238160     23.855222    0.0043972308
  -81.238160     39.758703    0.0049296512
  -81.238160     55.662184    0.0056593448
  -81.238160     71.565666    0.0066019618
  -81.238160     87.469147    0.0077777504
  -81.238160    103.372628    0.0092115256
  -81.238160    119.276109    0.0109326110

  -66.467585   -119.276109    0.0068093997
  -66.467585   -103.372628    0.0055649883
  -66.467585    -87.469147    0.0045568462
  -66.467585    -71.565666    0.0037640516
  -66.467585    -55.662184    0.0031692424
  -66.467585    -39.758703    0.0027588188
  -66.467585    -23.855222    0.0025231191
  -66.467585     -7.951741    0.0024565704
  -66.467585      7.951741    0.0025578126
  -66.467585     23.855222    0.0028297966
  -66.467585     39.758703    0.0032798565
  -66.467585     55.662184    0.0039197559
  -66.467585     71.565666    0.0047657078
  -66.467585     87.469147    0.0058383691
  -66.467585    103.372628    0.0071628087
  -66.467585    119.276109    0.0087684493

  -51.697011   -119.276109    0.0057730242
  -51.697011   -103.372628    0.0045709530
  -51.697011    -87.469147    0.0035877255
  -51.697011    -71.565666    0.0028042529
  -51.697011    -55.662184    0.0022048625
  -51.697011    -39.758703    0.0017775009
  -51.697011    -23.855222    0.0015139094
  -51.697011     -7.951741    0.0014097745
  -51.697011      7.951741    0.0014648525
  -51.697011     23.855222    0.0016830669
  -51.697011     39.758703    0.0020725815
  -51.697011     55.662184    0.0026458460
  -51.697011     71.565666    0.0034196161
  -51.697011     87.469147    0.0044149483
  -51.697011    103.372628    0.0056571673
  -51.697011    119.276109    0.0071758089

  -36.926436   -119.276109    0.0049916760
  -36.926436   -103.372628    0.0038372589
  -36.926436    -87.469147    0.0028860300
  -36.926436    -71.565666    0.0021206255
  -36.926436    -55.662184    0.0015269655
  -36.926436    -39.758703    0.0010944561
  -36.926436    -23.855222    0.0008161657
  -36.926436     -7.951741    0.0006889753
  -36.926436      7.951741    0.0007137026
  -36.926436     23.855222    0.0008952004
  -36.926436     39.758703    0.0012424283
  -36.926436     55.662184    0.0017684998
  -36.926436     71.565666    0.0024907013
  -36.926436     87.469147    0.0034304874
  -36.926436    103.372628    0.0046134484
  -36.926436    119.276109    0.0060692524

  -22.155862   -119.276109    0.0044326251
  -22.155862   -103.372628    0.0033297072
  -22.155862    -87.469147    0.0024158580
  -22.155862    -71.565666    0.0016753440
  -22.155862    -55.662184    0.0010955926
  -22.155862    -39.758703    0.0006673945
  -22.155862    -23.855222    0.0003850802
  -22.155862     -7.951741    0.0002466700
  -22.155862      7.951741    0.0002539982
  -22.155862     23.855222    0.0004128113
  -22.155862     39.758703    0.0007328404
  -22.155862     55.662184    0.0012278471
  -22.155862     71.565666    0.0019156439
  -22.155862     87.469147    0.0028180883
  -22.155862    103.372628    0.0039610509
  -22.155862    119.276109    0.0053743575

   -7.385287   -119.276109    0.0040680387
   -7.385287   -103.372628    0.0030191663
   -7.385287    -87.469147    0.0021465731
   -7.385287    -71.565666    0.0014360723
   -7.385287    -55.662184    0.0008765251
   -7.385287    -39.758703    0.0004600423
   -7.385287    -23.855222    0.0001821611
   -7.385287     -7.951741    0.0000419951
   -7.385287      7.951741    0.0000423586
   -7.385287     23.855222    0.0001898647
   -7.385287     39.758703    0.0004949973
   -7.385287     55.662184    0.0009721579
   -7.385287     71.565666    0.0016396853
   -7.385287     87.469147    0.0025198496
   -7.385287    103.372628    0.0036388211
   -7.385287    119.276109    0.0050266115

    7.385287   -119.276109    0.0038740458
    7.385287   -103.372628    0.0028806362
    7.385287    -87.469147    0.0020518674
    7.385287    -71.565666    0.0013750278
    7.385287    -55.662184    0.0008403484
    7.385287    -39.758703    0.0004412055
    7.385287    -23.855222    0.0001742965
    7.385287     -7.951741    0.0000397904
    7.385287      7.951741    0.0000414519
    7.385287     23.855222    0.0001867397
    7.385287     39.758703    0.0004868787
    7.385287     55.662184    0.0009569061
    7.385287     71.565666    0.0016156913
    7.385287     87.469147    0.0024859309
    7.385287    103.372628    0.0035941161
    7.385287    119.276109    0.0049704749

   22.155862   -119.276109    0.0038299403
   22.155862   -103.372628    0.0028924513
   22.155862    -87.469147    0.0021089655
   22.155862    -71.565666    0.0014681845
   22.155862    -55.662184    0.0009616555
   22.155862    -39.758703    0.0005839736
   22.155862    -23.855222    0.0003329580
   22.155862     -7.951741    0.0002098020
   22.155862      7.951741    0.0002191977
   22.155862     23.855222    0.0003694338
   22.155862     39.758703    0.0006724678
   22.155862     55.662184    0.0011439726
   22.155862     71.565666    0.0018033562
   22.155862     87.469147    0.0026737562
   22.155862    103.372628    0.0037820075
   22.155862    119.276109    0.0051585853

   36.926436   -119.276109    0.0039174996
   36.926436   -103.372628    0.0030355993
   36.926436    -87.469147    0.0022979425
   36.926436    -71.565666    0.0016945918
   36.926436    -55.662184    0.0012183651
   36.926436    -39.758703    0.0008650379
   36.926436    -23.855222    0.0006335190
   36.926436     -7.951741    0.0005260015
   36.926436      7.951741    0.0005480861
   36.926436     23.855222    0.0007088802
   36.926436     39.758703    0.0010210696
   36.926436     55.662184    0.0015009646
   36.926436     71.565666    0.0021685206
   36.926436     87.469147    0.0030473318
   36.926436    103.372628    0.0041645999
   36.926436    119.276109    0.0055510756

   51.697011   -119.276109    0.0041203978
   51.697011   -103.372628    0.0032931348
   51.697011    -87.469147    0.0026011380
   51.697011    -71.565666    0.0020357879
   51.697011    -55.662184    0.0015911356
   51.697011    -39.758703    0.0012641048
   51.697011    -23.855222    0.0010546685
   51.697011     -7.951741    0.0009659987
   51.697011      7.951741    0.0010045909
   51.697011     23.855222    0.0011803625
   51.697011     39.758703    0.0015067246
   51.697011     55.662184    0.0020006283
   51.697011     71.565666    0.0026825851
   51.697011     87.469147    0.0035766609
   51.697011    103.372628    0.0047104440
   51.697011    119.276109    0.0061149876

   66.467585   -119.276109    0.0044237010
   66.467585   -103.372628    0.0036496734
   66.467585    -87.469147    0.0030026503
   66.467585    -71.565666    0.0024752945
   66.467585    -55.662184    0.0020628593
   66.467585    -39.758703    0.0017633910
   66.467585    -23.855222    0.0015779052
   66.467585     -7.951741    0.0015105368
   66.467585      7.951741    0.0015686644
   66.467585     23.855222    0.0017630085
   66.467585     39.758703    0.0021077034
   66.467585     55.662184    0.0026203440
   66.467585     71.565666    0.0033220053
   66.467585     87.469147    0.0042372371
   66.467585    103.372628    0.0053940317
   66.467585    119.276109    0.0068237665

   81.238160   -119.276109    0.0048134329
   81.238160   -103.372628    0.0040909585
   81.238160    -87.469147    0.0034879030
   81.238160    -71.565666    0.0029981828
   81.238160    -55.662184    0.0026182289
   81.238160    -39.758703    0.0023471891
   81.238160    -23.855222    0.0021871043
   81.238160     -7.951741    0.0021430585
   81.238160      7.951741    0.0022233035
   81.238160     23.855222    0.0024393566
   81.238160     39.758703    0.0028060731
   81.238160     55.662184    0.0033416922
   81.238160     71.565666    0.0040678577
   81.238160     87.469147    0.0050096115
   81.238160    103.372628    0.0061953623
   81.238160    119.276109    0.0076568275

   96.008735   -119.276109    0.0052762089
   96.008735   -103.372628    0.0046034950
   96.008735    -87.469147    0.0040432786
   96.008735    -71.565666    0.0035907078
   96.008735    -55.662184    0.0032433716
   96.008735    -39.758703    0.0030015021
   96.008735    -23.855222    0.0028681511
   96.008735     -7.951741    0.0028493400
   96.008735      7.951741    0.0029541839
   96.008735     23.855222    0.0031949903
   96.008735     39.758703    0.0035873308
   96.008735     55.662184    0.0041500876
   96.008735     71.565666    0.0049054734
   96.008735     87.469147    0.0058790261
   96.008735    103.372628    0.0070995761
   96.008735    119.276109    0.0085991894

  110.779309   -119.276109    0.0057989391
  110.779309   -103.372628    0.0051742520
  110.779309    -87.469147    0.0046558215
  110.779309    -71.565666    0.0042400107
  110.779309    -55.662184    0.0039255512
  110.779309    -39.758703    0.0037137457
  110.779309    -23.855222    0.0036086440
  110.779309     -7.951741    0.0036171933
  110.779309      7.951741    0.0037493625
  110.779309     23.855222    0.0040182401
  110.779309     39.758703    0.0044401068
  110.779309     55.662184    0.0050344816
  110.779309     71.565666    0.0058241416
  110.779309     87.469147    0.0068351167
  110.779309    103.372628    0.0080966575
  110.779309    119.276109    0.0096411772

  125.549884   -119.276109    0.0063686055
  125.549884   -103.372628    0.0057904405
  125.549884    -87.469147    0.0053130155
  125.549884    -71.565666    0.0049338967
  125.549884    -55.662184    0.0046529466
  125.549884    -39.758703    0.0044725262
  125.549884    -23.855222    0.0043976718
  125.549884     -7.951741    0.0044362446
  125.549884      7.951741    0.0045990551
  125.549884     23.855222    0.0048999616
  125.549884     39.758703    0.0053559420
  125.549884     55.662184    0.0059871403
  125.549884     71.565666    0.0068168864
  125.549884     87.469147    0.0078716908
  125.549884    103.372628    0.0091812123
  125.549884    119.276109    0.0107782003

