  -50.614883    -61.469935   -0.0000573029
  -50.614883    -53.273944   -0.0000424952
  -50.614883    -45.077952   -0.0000300907
  -50.614883    -36.881961   -0.0000199565
  -50.614883    -28.685970   -0.0000119821
  -50.614883    -20.489978   -0.0000060787
  -50.614883    -12.293987   -0.0000021800
  -50.614883     -4.097996   -0.0000002418
  -50.614883      4.097996   -0.0000002418
  -50.614883     12.293987   -0.0000021800
  -50.614883     20.489978   -0.0000060787
  -50.614883     28.685970   -0.0000119821
  -50.614883     36.881961   -0.0000199565
  -50.614883     45.077952   -0.0000300907
  -50.614883     53.273944   -0.0000424952
  -50.614883     61.469935   -0.0000573029

  -43.866232    -61.469935   -0.0000428690
  -43.866232    -53.273944   -0.0000317459
  -43.866232    -45.077952   -0.0000224510
  -43.866232    -36.881961   -0.0000148739
  -43.866232    -28.685970   -0.0000089226
  -43.866232    -20.489978   -0.0000045236
  -43.866232    -12.293987   -0.0000016216
  -43.866232     -4.097996   -0.0000001798
  -43.866232      4.097996   -0.0000001798
  -43.866232     12.293987   -0.0000016216
  -43.866232     20.489978   -0.0000045236
  -43.866232     28.685970   -0.0000089226
  -43.866232     36.881961   -0.0000148739
  -43.866232     45.077952   -0.0000224510
  -43.866232     53.273944   -0.0000317459
  -43.866232     61.469935   -0.0000428690

  -37.117581    -61.469935   -0.0000305878
  -37.117581    -53.273944   -0.0000226233
  -37.117581    -45.077952   -0.0000159820
  -37.117581    -36.881961   -0.0000105784
  -37.117581    -28.685970   -0.0000063410
  -37.117581    -20.489978   -0.0000032129
  -37.117581    -12.293987   -0.0000011513
  -37.117581     -4.097996   -0.0000001276
  -37.117581      4.097996   -0.0000001276
  -37.117581     12.293987   -0.0000011513
  -37.117581     20.489978   -0.0000032129
  -37.117581     28.685970   -0.0000063410
  -37.117581     36.881961   -0.0000105784
  -37.117581     45.077952   -0.0000159820
  -37.117581     53.273944   -0.0000226233
  -37.117581     61.469935   -0.0000305878

  -30.368930    -61.469935   -0.0000204173
  -30.368930    -53.273944   -0.0000150854
  -30.368930    -45.077952   -0.0000106472
  -30.368930    -36.881961   -0.0000070418
  -30.368930    -28.685970   -0.0000042184
  -30.368930    -20.489978   -0.0000021364
  -30.368930    -12.293987   -0.0000007653
  -30.368930     -4.097996   -0.0000000848
  -30.368930      4.097996   -0.0000000848
  -30.368930     12.293987   -0.0000007653
  -30.368930     20.489978   -0.0000021364
  -30.368930     28.685970   -0.0000042184
  -30.368930     36.881961   -0.0000070418
  -30.368930     45.077952   -0.0000106472
  -30.368930     53.273944   -0.0000150854
  -30.368930     61.469935   -0.0000204173

  -23.620279    -61.469935   -0.0000123227
  -23.620279    -53.273944   -0.0000090971
  -23.620279    -45.077952   -0.0000064160
  -23.620279    -36.881961   -0.0000042407
  -23.620279    -28.685970   -0.0000025391
  -23.620279    -20.489978   -0.0000012854
  -23.620279    -12.293987   -0.0000004603
  -23.620279     -4.097996   -0.0000000510
  -23.620279      4.097996   -0.0000000510
  -23.620279     12.293987   -0.0000004603
  -23.620279     20.489978   -0.0000012854
  -23.620279     28.685970   -0.0000025391
  -23.620279     36.881961   -0.0000042407
  -23.620279     45.077952   -0.0000064160
  -23.620279     53.273944   -0.0000090971
  -23.620279     61.469935   -0.0000123227

  -16.871628    -61.469935   -0.0000062762
  -16.871628    -53.273944   -0.0000046304
  -16.871628    -45.077952   -0.0000032639
  -16.871628    -36.881961   -0.0000021563
  -16.871628    -28.685970   -0.0000012905
  -16.871628    -20.489978   -0.0000006531
  -16.871628    -12.293987   -0.0000002339
  -16.871628     -4.097996   -0.0000000259
  -16.871628      4.097996   -0.0000000259
  -16.871628     12.293987   -0.0000002339
  -16.871628     20.489978   -0.0000006531
  -16.871628     28.685970   -0.0000012905
  -16.871628     36.881961   -0.0000021563
  -16.871628     45.077952   -0.0000032639
  -16.871628     53.273944   -0.0000046304
  -16.871628     61.469935   -0.0000062762

  -10.122977    -61.469935   -0.0000022568
  -10.122977    -53.273944   -0.0000016643
  -10.122977    -45.077952   -0.0000011727
  -10.122977    -36.881961   -0.0000007745
  -10.122977    -28.685970   -0.0000004634
  -10.122977    -20.489978   -0.0000002345
  -10.122977    -12.293987   -0.0000000839
  -10.122977     -4.097996   -0.0000000093
  -10.122977      4.097996   -0.0000000093
  -10.122977     12.293987   -0.0000000839
  -10.122977     20.489978   -0.0000002345
  -10.122977     28.685970   -0.0000004634
  -10.122977     36.881961   -0.0000007745
  -10.122977     45.077952   -0.0000011727
  -10.122977     53.273944   -0.0000016643
  -10.122977     61.469935   -0.0000022568

   -3.374326    -61.469935   -0.0000002506
   -3.374326    -53.273944   -0.0000001848
   -3.374326    -45.077952   -0.0000001302
   -3.374326    -36.881961   -0.0000000860
   -3.374326    -28.685970   -0.0000000514
   -3.374326    -20.489978   -0.0000000260
   -3.374326    -12.293987   -0.0000000093
   -3.374326     -4.097996   -0.0000000010
   -3.374326      4.097996   -0.0000000010
   -3.374326     12.293987   -0.0000000093
   -3.374326     20.489978   -0.0000000260
   -3.374326     28.685970   -0.0000000514
   -3.374326     36.881961   -0.0000000860
   -3.374326     45.077952   -0.0000001302
   -3.374326     53.273944   -0.0000001848
   -3.374326     61.469935   -0.0000002506

    3.374326    -61.469935   -0.0000002506
    3.374326    -53.273944   -0.0000001848
    3.374326    -45.077952   -0.0000001302
    3.374326    -36.881961   -0.0000000860
    3.374326    -28.685970   -0.0000000514
    3.374326    -20.489978   -0.0000000260
    3.374326    -12.293987   -0.0000000093
    3.374326     -4.097996   -0.0000000010
    3.374326      4.097996   -0.0000000010
    3.374326     12.293987   -0.0000000093
    3.374326     20.489978   -0.0000000260
    3.374326     28.685970   -0.0000000514
    3.374326     36.881961   -0.0000000860
    3.374326     45.077952   -0.0000001302
    3.374326     53.273944   -0.0000001848
    3.374326     61.469935   -0.0000002506

   10.122977    -61.469935   -0.0000022568
   10.122977    -53.273944   -0.0000016643
   10.122977    -45.077952   -0.0000011727
   10.122977    -36.881961   -0.0000007745
   10.122977    -28.685970   -0.0000004634
   10.122977    -20.489978   -0.0000002345
   10.122977    -12.293987   -0.0000000839
   10.122977     -4.097996   -0.0000000093
   10.122977      4.097996   -0.0000000093
   10.122977     12.293987   -0.0000000839
   10.122977     20.489978   -0.0000002345
   10.122977     28.685970   -0.0000004634
   10.122977     36.881961   -0.0000007745
   10.122977     45.077952   -0.0000011727
   10.122977     53.273944   -0.0000016643
   10.122977     61.469935   -0.0000022568

   16.871628    -61.469935   -0.0000062762
   16.871628    -53.273944   -0.0000046304
   16.871628    -45.077952   -0.0000032639
   16.871628    -36.881961   -0.0000021563
   16.871628    -28.685970   -0.0000012905
   16.871628    -20.489978   -0.0000006531
   16.871628    -12.293987   -0.0000002339
   16.871628     -4.097996   -0.0000000259
   16.871628      4.097996   -0.0000000259
   16.871628     12.293987   -0.0000002339
   16.871628     20.489978   -0.0000006531
   16.871628     28.685970   -0.0000012905
   16.871628     36.881961   -0.0000021563
   16.871628     45.077952   -0.0000032639
   16.871628     53.273944   -0.0000046304
   16.871628     61.469935   -0.0000062762

   23.620279    -61.469935   -0.0000123227
   23.620279    -53.273944   -0.0000090971
   23.620279    -45.077952   -0.0000064160
   23.620279    -36.881961   -0.0000042407
   23.620279    -28.685970   -0.0000025391
   23.620279    -20.489978   -0.0000012854
   23.620279    -12.293987   -0.0000004603
   23.620279     -4.097996   -0.0000000510
   23.620279      4.097996   -0.0000000510
   23.620279     12.293987   -0.0000004603
   23.620279     20.489978   -0.0000012854
   23.620279     28.685970   -0.0000025391
   23.620279     36.881961   -0.0000042407
   23.620279     45.077952   -0.0000064160
   23.620279     53.273944   -0.0000090971
   23.620279     61.469935   -0.0000123227

   30.368930    -61.469935   -0.0000204173
   30.368930    -53.273944   -0.0000150854
   30.368930    -45.077952   -0.0000106472
   30.368930    -36.881961   -0.0000070418
   30.368930    -28.685970   -0.0000042184
   30.368930    -20.489978   -0.0000021364
   30.368930    -12.293987   -0.0000007653
   30.368930     -4.097996   -0.0000000848
   30.368930      4.097996   -0.0000000848
   30.368930     12.293987   -0.0000007653
   30.368930     20.489978   -0.0000021364
   30.368930     28.685970   -0.0000042184
   30.368930     36.881961   -0.0000070418
   30.368930     45.077952   -0.0000106472
   30.368930     53.273944   -0.0000150854
   30.368930     61.469935   -0.0000204173

   37.117581    -61.469935   -0.0000305878
   37.117581    -53.273944   -0.0000226233
   37.117581    -45.077952   -0.0000159820
   37.117581    -36.881961   -0.0000105784
   37.117581    -28.685970   -0.0000063410
   37.117581    -20.489978   -0.0000032129
   37.117581    -12.293987   -0.0000011513
   37.117581     -4.097996   -0.0000001276
   37.117581      4.097996   -0.0000001276
   37.117581     12.293987   -0.0000011513
   37.117581     20.489978   -0.0000032129
   37.117581     28.685970   -0.0000063410
   37.117581     36.881961   -0.0000105784
   37.117581     45.077952   -0.0000159820
   37.117581     53.273944   -0.0000226233
   37.117581     61.469935   -0.0000305878

   43.866232    -61.469935   -0.0000428690
   43.866232    -53.273944   -0.0000317459
   43.866232    -45.077952   -0.0000224510
   43.866232    -36.881961   -0.0000148739
   43.866232    -28.685970   -0.0000089226
   43.866232    -20.489978   -0.0000045236
   43.866232    -12.293987   -0.0000016216
   43.866232     -4.097996   -0.0000001798
   43.866232      4.097996   -0.0000001798
   43.866232     12.293987   -0.0000016216
   43.866232     20.489978   -0.0000045236
   43.866232     28.685970   -0.0000089226
   43.866232     36.881961   -0.0000148739
   43.866232     45.077952   -0.0000224510
   43.866232     53.273944   -0.0000317459
   43.866232     61.469935   -0.0000428690

   50.614883    -61.469935   -0.0000573029
   50.614883    -53.273944   -0.0000424952
   50.614883    -45.077952   -0.0000300907
   50.614883    -36.881961   -0.0000199565
   50.614883    -28.685970   -0.0000119821
   50.614883    -20.489978   -0.0000060787
   50.614883    -12.293987   -0.0000021800
   50.614883     -4.097996   -0.0000002418
   50.614883      4.097996   -0.0000002418
   50.614883     12.293987   -0.0000021800
   50.614883     20.489978   -0.0000060787
   50.614883     28.685970   -0.0000119821
   50.614883     36.881961   -0.0000199565
   50.614883     45.077952   -0.0000300907
   50.614883     53.273944   -0.0000424952
   50.614883     61.469935   -0.0000573029

