  -25.746645    -50.619018   -0.0006212387
  -25.746645    -43.869816   -0.0004949346
  -25.746645    -37.120613   -0.0003717383
  -25.746645    -30.371411   -0.0002585434
  -25.746645    -23.622208   -0.0001610941
  -25.746645    -16.873006   -0.0000839860
  -25.746645    -10.123804   -0.0000306658
  -25.746645     -3.374601   -0.0000034312
  -25.746645      3.374601   -0.0000034312
  -25.746645     10.123804   -0.0000306658
  -25.746645     16.873006   -0.0000839860
  -25.746645     23.622208   -0.0001610941
  -25.746645     30.371411   -0.0002585434
  -25.746645     37.120613   -0.0003717383
  -25.746645     43.869816   -0.0004949346
  -25.746645     50.619018   -0.0006212387

  -21.065436    -50.619018   -0.0004862622
  -21.065436    -43.869816   -0.0003883054
  -21.065436    -37.120613   -0.0002921744
  -21.065436    -30.371411   -0.0002034853
  -21.065436    -23.622208   -0.0001269180
  -21.065436    -16.873006   -0.0000662166
  -21.065436    -10.123804   -0.0000241890
  -21.065436     -3.374601   -0.0000027072
  -21.065436      3.374601   -0.0000027072
  -21.065436     10.123804   -0.0000241890
  -21.065436     16.873006   -0.0000662166
  -21.065436     23.622208   -0.0001269180
  -21.065436     30.371411   -0.0002034853
  -21.065436     37.120613   -0.0002921744
  -21.065436     43.869816   -0.0003883054
  -21.065436     50.619018   -0.0004862622

  -16.384228    -50.619018   -0.0003615945
  -16.384228    -43.869816   -0.0002893778
  -16.384228    -37.120613   -0.0002180992
  -16.384228    -30.371411   -0.0001520873
  -16.384228    -23.622208   -0.0000949493
  -16.384228    -16.873006   -0.0000495707
  -16.384228    -10.123804   -0.0000181160
  -16.384228     -3.374601   -0.0000020279
  -16.384228      3.374601   -0.0000020279
  -16.384228     10.123804   -0.0000181160
  -16.384228     16.873006   -0.0000495707
  -16.384228     23.622208   -0.0000949493
  -16.384228     30.371411   -0.0001520873
  -16.384228     37.120613   -0.0002180992
  -16.384228     43.869816   -0.0002893778
  -16.384228     50.619018   -0.0003615945

  -11.703020    -50.619018   -0.0002467090
  -11.703020    -43.869816   -0.0001978399
  -11.703020    -37.120613   -0.0001493407
  -11.703020    -30.371411   -0.0001042629
  -11.703020    -23.622208   -0.0000651493
  -11.703020    -16.873006   -0.0000340340
  -11.703020    -10.123804   -0.0000124430
  -11.703020     -3.374601   -0.0000013931
  -11.703020      3.374601   -0.0000013931
  -11.703020     10.123804   -0.0000124430
  -11.703020     16.873006   -0.0000340340
  -11.703020     23.622208   -0.0000651493
  -11.703020     30.371411   -0.0001042629
  -11.703020     37.120613   -0.0001493407
  -11.703020     43.869816   -0.0001978399
  -11.703020     50.619018   -0.0002467090

   -7.021812    -50.619018   -0.0001412080
   -7.021812    -43.869816   -0.0001134597
   -7.021812    -37.120613   -0.0000857738
   -7.021812    -30.371411   -0.0000599511
   -7.021812    -23.622208   -0.0000374922
   -7.021812    -16.873006   -0.0000195976
   -7.021812    -10.123804   -0.0000071677
   -7.021812     -3.374601   -0.0000008027
   -7.021812      3.374601   -0.0000008027
   -7.021812     10.123804   -0.0000071677
   -7.021812     16.873006   -0.0000195976
   -7.021812     23.622208   -0.0000374922
   -7.021812     30.371411   -0.0000599511
   -7.021812     37.120613   -0.0000857738
   -7.021812     43.869816   -0.0001134597
   -7.021812     50.619018   -0.0001412080

   -2.340604    -50.619018   -0.0000448229
   -2.340604    -43.869816   -0.0000360854
   -2.340604    -37.120613   -0.0000273205
   -2.340604    -30.371411   -0.0000191169
   -2.340604    -23.622208   -0.0000119653
   -2.340604    -16.873006   -0.0000062581
   -2.340604    -10.123804   -0.0000022897
   -2.340604     -3.374601   -0.0000002565
   -2.340604      3.374601   -0.0000002565
   -2.340604     10.123804   -0.0000022897
   -2.340604     16.873006   -0.0000062581
   -2.340604     23.622208   -0.0000119653
   -2.340604     30.371411   -0.0000191169
   -2.340604     37.120613   -0.0000273205
   -2.340604     43.869816   -0.0000360854
   -2.340604     50.619018   -0.0000448229

    2.340604    -50.619018    0.0000425862
    2.340604    -43.869816    0.0000343546
    2.340604    -37.120613    0.0000260501
    2.340604    -30.371411    0.0000182490
    2.340604    -23.622208    0.0000114318
    2.340604    -16.873006    0.0000059827
    2.340604    -10.123804    0.0000021898
    2.340604     -3.374601    0.0000002453
    2.340604      3.374601    0.0000002453
    2.340604     10.123804    0.0000021898
    2.340604     16.873006    0.0000059827
    2.340604     23.622208    0.0000114318
    2.340604     30.371411    0.0000182490
    2.340604     37.120613    0.0000260501
    2.340604     43.869816    0.0000343546
    2.340604     50.619018    0.0000425862

    7.021812    -50.619018    0.0001210298
    7.021812    -43.869816    0.0000978520
    7.021812    -37.120613    0.0000743219
    7.021812    -30.371411    0.0000521303
    7.021812    -23.622208    0.0000326863
    7.021812    -16.873006    0.0000171170
    7.021812    -10.123804    0.0000062678
    7.021812     -3.374601    0.0000007023
    7.021812      3.374601    0.0000007023
    7.021812     10.123804    0.0000062678
    7.021812     16.873006    0.0000171170
    7.021812     23.622208    0.0000326863
    7.021812     30.371411    0.0000521303
    7.021812     37.120613    0.0000743219
    7.021812     43.869816    0.0000978520
    7.021812     50.619018    0.0001210298

   11.703020    -50.619018    0.0001903895
   11.703020    -43.869816    0.0001543181
   11.703020    -37.120613    0.0001174317
   11.703020    -30.371411    0.0000824848
   11.703020    -23.622208    0.0000517728
   11.703020    -16.873006    0.0000271320
   11.703020    -10.123804    0.0000099397
   11.703020     -3.374601    0.0000011140
   11.703020      3.374601    0.0000011140
   11.703020     10.123804    0.0000099397
   11.703020     16.873006    0.0000271320
   11.703020     23.622208    0.0000517728
   11.703020     30.371411    0.0000824848
   11.703020     37.120613    0.0001174317
   11.703020     43.869816    0.0001543181
   11.703020     50.619018    0.0001903895

   16.384228    -50.619018    0.0002504181
   16.384228    -43.869816    0.0002035845
   16.384228    -37.120613    0.0001552694
   16.384228    -30.371411    0.0001092446
   16.384228    -23.622208    0.0000686531
   16.384228    -16.873006    0.0000360093
   16.384228    -10.123804    0.0000131991
   16.384228     -3.374601    0.0000014797
   16.384228      3.374601    0.0000014797
   16.384228     10.123804    0.0000131991
   16.384228     16.873006    0.0000360093
   16.384228     23.622208    0.0000686531
   16.384228     30.371411    0.0001092446
   16.384228     37.120613    0.0001552694
   16.384228     43.869816    0.0002035845
   16.384228     50.619018    0.0002504181

   21.065436    -50.619018    0.0003007391
   21.065436    -43.869816    0.0002454022
   21.065436    -37.120613    0.0001876776
   21.065436    -30.371411    0.0001323159
   21.065436    -23.622208    0.0000832760
   21.065436    -16.873006    0.0000437249
   21.065436    -10.123804    0.0000160379
   21.065436     -3.374601    0.0000017985
   21.065436      3.374601    0.0000017985
   21.065436     10.123804    0.0000160379
   21.065436     16.873006    0.0000437249
   21.065436     23.622208    0.0000832760
   21.065436     30.371411    0.0001323159
   21.065436     37.120613    0.0001876776
   21.065436     43.869816    0.0002454022
   21.065436     50.619018    0.0003007391

   25.746645    -50.619018    0.0003408471
   25.746645    -43.869816    0.0002794424
   25.746645    -37.120613    0.0002144519
   25.746645    -30.371411    0.0001515794
   25.746645    -23.622208    0.0000955778
   25.746645    -16.873006    0.0000502495
   25.746645    -10.123804    0.0000184463
   25.746645     -3.374601    0.0000020694
   25.746645      3.374601    0.0000020694
   25.746645     10.123804    0.0000184463
   25.746645     16.873006    0.0000502495
   25.746645     23.622208    0.0000955778
   25.746645     30.371411    0.0001515794
   25.746645     37.120613    0.0002144519
   25.746645     43.869816    0.0002794424
   25.746645     50.619018    0.0003408471

   30.427853    -50.619018    0.0003701079
   30.427853    -43.869816    0.0003052961
   30.427853    -37.120613    0.0002353410
   30.427853    -30.371411    0.0001668898
   30.427853    -23.622208    0.0001054818
   30.427853    -16.873006    0.0000555482
   30.427853    -10.123804    0.0000204128
   30.427853     -3.374601    0.0000022912
   30.427853      3.374601    0.0000022912
   30.427853     10.123804    0.0000204128
   30.427853     16.873006    0.0000555482
   30.427853     23.622208    0.0001054818
   30.427853     30.371411    0.0001668898
   30.427853     37.120613    0.0002353410
   30.427853     43.869816    0.0003052961
   30.427853     50.619018    0.0003701079

   35.109061    -50.619018    0.0003877580
   35.109061    -43.869816    0.0003224742
   35.109061    -37.120613    0.0002500464
   35.109061    -30.371411    0.0001780762
   35.109061    -23.622208    0.0001128985
   35.109061    -16.873006    0.0000595809
   35.109061    -10.123804    0.0000219242
   35.109061     -3.374601    0.0000024624
   35.109061      3.374601    0.0000024624
   35.109061     10.123804    0.0000219242
   35.109061     16.873006    0.0000595809
   35.109061     23.622208    0.0001128985
   35.109061     30.371411    0.0001780762
   35.109061     37.120613    0.0002500464
   35.109061     43.869816    0.0003224742
   35.109061     50.619018    0.0003877580

   39.790269    -50.619018    0.0003929049
   39.790269    -43.869816    0.0003304074
   39.790269    -37.120613    0.0002582225
   39.790269    -30.371411    0.0001849420
   39.790269    -23.622208    0.0001177257
   39.790269    -16.873006    0.0000623016
   39.790269    -10.123804    0.0000229656
   39.790269     -3.374601    0.0000025816
   39.790269      3.374601    0.0000025816
   39.790269     10.123804    0.0000229656
   39.790269     16.873006    0.0000623016
   39.790269     23.622208    0.0001177257
   39.790269     30.371411    0.0001849420
   39.790269     37.120613    0.0002582225
   39.790269     43.869816    0.0003304074
   39.790269     50.619018    0.0003929049

   44.471477    -50.619018    0.0003845274
   44.471477    -43.869816    0.0003284465
   44.471477    -37.120613    0.0002594768
   44.471477    -30.371411    0.0001872646
   44.471477    -23.622208    0.0001198484
   44.471477    -16.873006    0.0000636592
   44.471477    -10.123804    0.0000235202
   44.471477     -3.374601    0.0000026469
   44.471477      3.374601    0.0000026469
   44.471477     10.123804    0.0000235202
   44.471477     16.873006    0.0000636592
   44.471477     23.622208    0.0001198484
   44.471477     30.371411    0.0001872646
   44.471477     37.120613    0.0002594768
   44.471477     43.869816    0.0003284465
   44.471477     50.619018    0.0003845274

