  -62.630025   -119.276109    0.0006470519
  -62.630025   -103.372628    0.0003252914
  -62.630025    -87.469147    0.0000778829
  -62.630025    -71.565666   -0.0000956572
  -62.630025    -55.662184   -0.0001962756
  -62.630025    -39.758703   -0.0002254282
  -62.630025    -23.855222   -0.0001851036
  -62.630025     -7.951741   -0.0000778221
  -62.630025      7.951741    0.0000933884
  -62.630025     23.855222    0.0003250394
  -62.630025     39.758703    0.0006132538
  -62.630025     55.662184    0.0009538603
  -62.630025     71.565666    0.0013425114
  -62.630025     87.469147    0.0017748257
  -62.630025    103.372628    0.0022465529
  -62.630025    119.276109    0.0027537630

  -54.279355   -119.276109    0.0006705113
  -54.279355   -103.372628    0.0003856849
  -54.279355    -87.469147    0.0001634102
  -54.279355    -71.565666    0.0000028368
  -54.279355    -55.662184   -0.0000973010
  -54.279355    -39.758703   -0.0001386943
  -54.279355    -23.855222   -0.0001234543
  -54.279355     -7.951741   -0.0000540918
  -54.279355      7.951741    0.0000665187
  -54.279355     23.855222    0.0002351902
  -54.279355     39.758703    0.0004484897
  -54.279355     55.662184    0.0007028202
  -54.279355     71.565666    0.0009945171
  -54.279355     87.469147    0.0013199613
  -54.279355    103.372628    0.0016757068
  -54.279355    119.276109    0.0020586230

  -45.928685   -119.276109    0.0006492812
  -45.928685   -103.372628    0.0004046356
  -45.928685    -87.469147    0.0002113590
  -45.928685    -71.565666    0.0000683079
  -45.928685    -55.662184   -0.0000259694
  -45.928685    -39.758703   -0.0000732370
  -45.928685    -23.855222   -0.0000755631
  -45.928685     -7.951741   -0.0000352991
  -45.928685      7.951741    0.0000449542
  -45.928685     23.855222    0.0001623925
  -45.928685     39.758703    0.0003140668
  -45.928685     55.662184    0.0004969553
  -45.928685     71.565666    0.0007080466
  -45.928685     87.469147    0.0009444370
  -45.928685    103.372628    0.0012034394
  -45.928685    119.276109    0.0014827053

  -37.578015   -119.276109    0.0005907390
  -37.578015   -103.372628    0.0003886134
  -37.578015    -87.469147    0.0002272102
  -37.578015    -71.565666    0.0001052497
  -37.578015    -55.662184    0.0000212499
  -37.578015    -39.758703   -0.0000264797
  -37.578015    -23.855222   -0.0000398325
  -37.578015     -7.951741   -0.0000208886
  -37.578015      7.951741    0.0000281126
  -37.578015     23.855222    0.0001048111
  -37.578015     39.758703    0.0002067752
  -37.578015     55.662184    0.0003315624
  -37.578015     71.565666    0.0004767908
  -37.578015     87.469147    0.0006402210
  -37.578015    103.372628    0.0008198505
  -37.578015    119.276109    0.0010140176

  -29.227345   -119.276109    0.0005008466
  -29.227345   -103.372628    0.0003427993
  -29.227345    -87.469147    0.0002153570
  -29.227345    -71.565666    0.0001172827
  -29.227345    -55.662184    0.0000472170
  -29.227345    -39.758703    0.0000036723
  -29.227345    -23.855222   -0.0000149622
  -29.227345     -7.951741   -0.0000104088
  -29.227345      7.951741    0.0000155209
  -29.227345     23.855222    0.0000609556
  -29.227345     39.758703    0.0001240042
  -29.227345     55.662184    0.0002028029
  -29.227345     71.565666    0.0002955723
  -29.227345     87.469147    0.0004006829
  -29.227345    103.372628    0.0005167292
  -29.227345    119.276109    0.0006426132

  -20.876675   -119.276109    0.0003843835
  -20.876675   -103.372628    0.0002713133
  -20.876675    -87.469147    0.0001792967
  -20.876675    -71.565666    0.0001073030
  -20.876675    -55.662184    0.0000542313
  -20.876675    -39.758703    0.0000189095
  -20.876675    -23.855222    0.0000000993
  -20.876675     -7.951741   -0.0000034939
  -20.876675      7.951741    0.0000067959
  -20.876675     23.855222    0.0000296173
  -20.876675     39.758703    0.0000636299
  -20.876675     55.662184    0.0001075382
  -20.876675     71.565666    0.0001601319
  -20.876675     87.469147    0.0002203310
  -20.876675    103.372628    0.0002872382
  -20.876675    119.276109    0.0003601962

  -12.526005   -119.276109    0.0002451520
  -12.526005   -103.372628    0.0001774138
  -12.526005    -87.469147    0.0001217980
  -12.526005    -71.565666    0.0000776127
  -12.526005    -55.662184    0.0000441300
  -12.526005    -39.758703    0.0000205887
  -12.526005    -23.855222    0.0000061991
  -12.526005     -7.951741    0.0000001515
  -12.526005      7.951741    0.0000016270
  -12.526005     23.855222    0.0000098121
  -12.526005     39.758703    0.0000239150
  -12.526005     55.662184    0.0000431859
  -12.526005     71.565666    0.0000669396
  -12.526005     87.469147    0.0000945812
  -12.526005    103.372628    0.0001256348
  -12.526005    119.276109    0.0001597751

   -4.175335   -119.276109    0.0000861544
   -4.175335   -103.372628    0.0000636676
   -4.175335    -87.469147    0.0000450446
   -4.175335    -71.565666    0.0000300344
   -4.175335    -55.662184    0.0000183749
   -4.175335    -39.758703    0.0000097953
   -4.175335    -23.855222    0.0000040188
   -4.175335     -7.951741    0.0000007665
   -4.175335      7.951741   -0.0000002389
   -4.175335     23.855222    0.0000007324
   -4.175335     39.758703    0.0000034228
   -4.175335     55.662184    0.0000075931
   -4.175335     71.565666    0.0000130303
   -4.175335     87.469147    0.0000195544
   -4.175335    103.372628    0.0000270275
   -4.175335    119.276109    0.0000353626

    4.175335   -119.276109   -0.0000902582
    4.175335   -103.372628   -0.0000679099
    4.175335    -87.469147   -0.0000492442
    4.175335    -71.565666   -0.0000339916
    4.175335    -55.662184   -0.0000218728
    4.175335    -39.758703   -0.0000126019
    4.175335    -23.855222   -0.0000058910
    4.175335     -7.951741   -0.0000014537
    4.175335      7.951741    0.0000009892
    4.175335     23.855222    0.0000017050
    4.175335     39.758703    0.0000009435
    4.175335     55.662184   -0.0000010687
    4.175335     71.565666   -0.0000041348
    4.175335     87.469147   -0.0000080945
    4.175335    103.372628   -0.0000128307
    4.175335    119.276109   -0.0000182770

   12.526005   -119.276109   -0.0002822658
   12.526005   -103.372628   -0.0002157420
   12.526005    -87.469147   -0.0001597164
   12.526005    -71.565666   -0.0001133274
   12.526005    -55.662184   -0.0000756888
   12.526005    -39.758703   -0.0000459043
   12.526005    -23.855222   -0.0000230814
   12.526005     -7.951741   -0.0000063474
   12.526005      7.951741    0.0000051359
   12.526005     23.855222    0.0000121562
   12.526005     39.758703    0.0000154346
   12.526005     55.662184    0.0000156091
   12.526005     71.565666    0.0000132177
   12.526005     87.469147    0.0000086814
   12.526005    103.372628    0.0000022865
   12.526005    119.276109   -0.0000058333

   20.876675   -119.276109   -0.0004884862
   20.876675   -103.372628   -0.0003786087
   20.876675    -87.469147   -0.0002853144
   20.876675    -71.565666   -0.0002070740
   20.876675    -55.662184   -0.0001423341
   20.876675    -39.758703   -0.0000895438
   20.876675    -23.855222   -0.0000471810
   20.876675     -7.951741   -0.0000137784
   20.876675      7.951741    0.0000120505
   20.876675     23.855222    0.0000315855
   20.876675     39.758703    0.0000459738
   20.876675     55.662184    0.0000562048
   20.876675     71.565666    0.0000630843
   20.876675     87.469147    0.0000672096
   20.876675    103.372628    0.0000689439
   20.876675    119.276109    0.0000683917

   29.227345   -119.276109   -0.0007079114
   29.227345   -103.372628   -0.0005555929
   29.227345    -87.469147   -0.0004252251
   29.227345    -71.565666   -0.0003145252
   29.227345    -55.662184   -0.0002212142
   29.227345    -39.758703   -0.0001430527
   29.227345    -23.855222   -0.0000778761
   29.227345     -7.951741   -0.0000236289
   29.227345      7.951741    0.0000216002
   29.227345     23.855222    0.0000595447
   29.227345     39.758703    0.0000917257
   29.227345     55.662184    0.0001194189
   29.227345     71.565666    0.0001436209
   29.227345     87.469147    0.0001650166
   29.227345    103.372628    0.0001839462
   29.227345    119.276109    0.0002003728

   37.578015   -119.276109   -0.0009398714
   37.578015   -103.372628   -0.0007460558
   37.578015    -87.469147   -0.0005788535
   37.578015    -71.565666   -0.0004351381
   37.578015    -55.662184   -0.0003118511
   37.578015    -39.758703   -0.0002060399
   37.578015    -23.855222   -0.0001148962
   37.578015     -7.951741   -0.0000357951
   37.578015      7.951741    0.0000336657
   37.578015     23.855222    0.0000956257
   37.578015     39.758703    0.0001519213
   37.578015     55.662184    0.0002040448
   37.578015     71.565666    0.0002531034
   37.578015     87.469147    0.0002997768
   37.578015    103.372628    0.0003442753
   37.578015    119.276109    0.0003862967

   45.928685   -119.276109   -0.0011840260
   45.928685   -103.372628   -0.0009496419
   45.928685    -87.469147   -0.0007458201
   45.928685    -71.565666   -0.0005685209
   45.928685    -55.662184   -0.0004138660
   45.928685    -39.758703   -0.0002781754
   45.928685    -23.855222   -0.0001580044
   45.928685     -7.951741   -0.0000501838
   45.928685      7.951741    0.0000481387
   45.928685     23.855222    0.0001394549
   45.928685     39.758703    0.0002258509
   45.928685     55.662184    0.0003089602
   45.928685     71.565666    0.0003899140
   45.928685     87.469147    0.0004692909
   45.928685    103.372628    0.0005470639
   45.928685    119.276109    0.0006225458

   54.279355   -119.276109   -0.0014403855
   54.279355   -103.372628   -0.0011663121
   54.279355    -87.469147   -0.0009259819
   54.279355    -71.565666   -0.0007144373
   54.279355    -55.662184   -0.0005269741
   54.279355    -39.758703   -0.0003591832
   54.279355    -23.855222   -0.0002069924
   54.279355     -7.951741   -0.0000667117
   54.279355      7.951741    0.0000649216
   54.279355     23.855222    0.0001906948
   54.279355     39.758703    0.0003128706
   54.279355     55.662184    0.0004331365
   54.279355     71.565666    0.0005525520
   54.279355     87.469147    0.0006714949
   54.279355    103.372628    0.0007896052
   54.279355    119.276109    0.0009057279

   62.630025   -119.276109   -0.0017093591
   62.630025   -103.372628   -0.0013964074
   62.630025    -87.469147   -0.0011194767
   62.630025    -71.565666   -0.0008728282
   62.630025    -55.662184   -0.0006509906
   62.630025    -39.758703   -0.0004488411
   62.630025    -23.855222   -0.0002616810
   62.630025     -7.951741   -0.0000853059
   62.630025      7.951741    0.0000839298
   62.630025     23.855222    0.0002490535
   62.630025     39.758703    0.0004124211
   62.630025     55.662184    0.0005756688
   62.630025     71.565666    0.0007396701
   62.630025     87.469147    0.0009044990
   62.630025    103.372628    0.0010693985
   62.630025    119.276109    0.0012327539

