  -45.038700    -96.008735   -0.0009760432
  -45.038700    -81.238160   -0.0003636276
  -45.038700    -66.467585    0.0000580009
  -45.038700    -51.697011    0.0003052021
  -45.038700    -36.926436    0.0003928698
  -45.038700    -22.155862    0.0003345534
  -45.038700     -7.385287    0.0001425732
  -45.038700      7.385287   -0.0001718712
  -45.038700     22.155862   -0.0005985990
  -45.038700     36.926436   -0.0011283534
  -45.038700     51.697011   -0.0017527132
  -45.038700     66.467585   -0.0024640113
  -45.038700     81.238160   -0.0032552600
  -45.038700     96.008735   -0.0041200827
  -45.038700    110.779309   -0.0050526525
  -45.038700    125.549884   -0.0060476382

  -39.033540    -96.008735   -0.0010717300
  -39.033540    -81.238160   -0.0005086831
  -39.033540    -66.467585   -0.0001101607
  -39.033540    -51.697011    0.0001380805
  -39.033540    -36.926436    0.0002489869
  -39.033540    -22.155862    0.0002343232
  -39.033540     -7.385287    0.0001047798
  -39.033540      7.385287   -0.0001299272
  -39.033540     22.155862   -0.0004609646
  -39.033540     36.926436   -0.0008802983
  -39.033540     51.697011   -0.0013806168
  -39.033540     66.467585   -0.0019552642
  -39.033540     81.238160   -0.0025981789
  -39.033540     96.008735   -0.0033038424
  -39.033540    110.779309   -0.0040672342
  -39.033540    125.549884   -0.0048837960

  -33.028380    -96.008735   -0.0011023720
  -33.028380    -81.238160   -0.0005976947
  -33.028380    -66.467585   -0.0002315827
  -33.028380    -51.697011    0.0000080196
  -33.028380    -36.926436    0.0001320821
  -33.028380    -22.155862    0.0001505801
  -33.028380     -7.385287    0.0000725810
  -33.028380      7.385287   -0.0000936759
  -33.028380     22.155862   -0.0003407030
  -33.028380     36.926436   -0.0006616950
  -33.028380     51.697011   -0.0010504638
  -33.028380     66.467585   -0.0015013789
  -33.028380     81.238160   -0.0020093135
  -33.028380     96.008735   -0.0025695955
  -33.028380    110.779309   -0.0031779639
  -33.028380    125.549884   -0.0038305309

  -27.023220    -96.008735   -0.0010646222
  -27.023220    -81.238160   -0.0006279724
  -27.023220    -66.467585   -0.0003042275
  -27.023220    -51.697011   -0.0000835318
  -27.023220    -36.926436    0.0000430983
  -27.023220    -22.155862    0.0000838414
  -27.023220     -7.385287    0.0000461349
  -27.023220      7.385287   -0.0000632628
  -27.023220     22.155862   -0.0002382141
  -27.023220     36.926436   -0.0004731454
  -27.023220     51.697011   -0.0007629936
  -27.023220     66.467585   -0.0011031551
  -27.023220     81.238160   -0.0014894377
  -27.023220     96.008735   -0.0019180143
  -27.023220    110.779309   -0.0023853805
  -27.023220    125.549884   -0.0028883138

  -21.018060    -96.008735   -0.0009560246
  -21.018060    -81.238160   -0.0005975789
  -21.018060    -66.467585   -0.0003266428
  -21.018060    -51.697011   -0.0001355510
  -21.018060    -36.926436   -0.0000173084
  -21.018060    -22.155862    0.0000344578
  -21.018060     -7.385287    0.0000255452
  -21.018060      7.385287   -0.0000387785
  -21.018060     22.155862   -0.0001537310
  -21.018060     36.926436   -0.0003149725
  -21.018060     51.697011   -0.0005185632
  -21.018060     66.467585   -0.0007609228
  -21.018060     81.238160   -0.0010387908
  -21.018060     96.008735   -0.0013491881
  -21.018060    110.779309   -0.0016893795
  -21.018060    125.549884   -0.0020568376

  -15.012900    -96.008735   -0.0007749133
  -15.012900    -81.238160   -0.0005052383
  -15.012900    -66.467585   -0.0002978941
  -15.012900    -51.697011   -0.0001473968
  -15.012900    -36.926436   -0.0000487421
  -15.012900    -22.155862    0.0000026296
  -15.012900     -7.385287    0.0000108660
  -15.012900      7.385287   -0.0000202645
  -15.012900     22.155862   -0.0000873409
  -15.012900     36.926436   -0.0001872589
  -15.012900     51.697011   -0.0003172011
  -15.012900     66.467585   -0.0004746076
  -15.012900     81.238160   -0.0006571478
  -15.012900     96.008735   -0.0008626929
  -15.012900    110.779309   -0.0010892894
  -15.012900    125.549884   -0.0013351333

   -9.007740    -96.008735   -0.0005203185
   -9.007740    -81.238160   -0.0003502522
   -9.007740    -66.467585   -0.0002175023
   -9.007740    -51.697011   -0.0001187677
   -9.007740    -36.926436   -0.0000510393
   -9.007740    -22.155862   -0.0000115779
   -9.007740     -7.385287    0.0000021076
   -9.007740      7.385287   -0.0000077195
   -9.007740     22.155862   -0.0000390042
   -9.007740     36.926436   -0.0000898810
   -9.007740     51.697011   -0.0001586560
   -9.007740     66.467585   -0.0002437901
   -9.007740     81.238160   -0.0003438828
   -9.007740     96.008735   -0.0004576571
   -9.007740    110.779309   -0.0005839454
   -9.007740    125.549884   -0.0007216757

   -3.002580    -96.008735   -0.0001918785
   -3.002580    -81.238160   -0.0001324230
   -3.002580    -66.467585   -0.0000853855
   -3.002580    -51.697011   -0.0000496609
   -3.002580    -36.926436   -0.0000242437
   -3.002580    -22.155862   -0.0000082198
   -3.002580     -7.385287   -0.0000007584
   -3.002580      7.385287   -0.0000011047
   -3.002580     22.155862   -0.0000085730
   -3.002580     36.926436   -0.0000225404
   -3.002580     51.697011   -0.0000424408
   -3.002580     66.467585   -0.0000677597
   -3.002580     81.238160   -0.0000980293
   -3.002580     96.008735   -0.0001328241
   -3.002580    110.779309   -0.0001717574
   -3.002580    125.549884   -0.0002144777

    3.002580    -96.008735    0.0002102404
    3.002580    -81.238160    0.0001480163
    3.002580    -66.467585    0.0000981946
    3.002580    -51.697011    0.0000596651
    3.002580    -36.926436    0.0000314198
    3.002580    -22.155862    0.0000125437
    3.002580     -7.385287    0.0000022058
    3.002580      7.385287   -0.0000003489
    3.002580     22.155862    0.0000041932
    3.002580     36.926436    0.0000152081
    3.002580     51.697011    0.0000321281
    3.002580     66.467585    0.0000544371
    3.002580     81.238160    0.0000816660
    3.002580     96.008735    0.0001133898
    3.002580    110.779309    0.0001492244
    3.002580    125.549884    0.0001888248

    9.007740    -96.008735    0.0006854184
    9.007740    -81.238160    0.0004904651
    9.007740    -66.467585    0.0003326828
    9.007740    -51.697011    0.0002087277
    9.007740    -36.926436    0.0001155699
    9.007740    -22.155862    0.0000504617
    9.007740     -7.385287    0.0000109092
    9.007740      7.385287   -0.0000053535
    9.007740     22.155862   -0.0000003875
    9.007740     36.926436    0.0000239317
    9.007740     51.697011    0.0000658967
    9.007740     66.467585    0.0001239541
    9.007740     81.238160    0.0001966938
    9.007740     96.008735    0.0002828407
    9.007740    110.779309    0.0003812491
    9.007740    125.549884    0.0004909008

   15.012900    -96.008735    0.0012326488
   15.012900    -81.238160    0.0008940106
   15.012900    -66.467585    0.0006172745
   15.012900    -51.697011    0.0003968542
   15.012900    -36.926436    0.0002276926
   15.012900    -22.155862    0.0001052064
   15.012900     -7.385287    0.0000252363
   15.012900      7.385287   -0.0000159972
   15.012900     22.155862   -0.0000219329
   15.012900     36.926436    0.0000042979
   15.012900     51.697011    0.0000598433
   15.012900     66.467585    0.0001421085
   15.012900     81.238160    0.0002487384
   15.012900     96.008735    0.0003776064
   15.012900    110.779309    0.0005268083
   15.012900    125.549884    0.0006946612

   21.018060    -96.008735    0.0018505987
   21.018060    -81.238160    0.0013574774
   21.018060    -66.467585    0.0009509567
   21.018060    -51.697011    0.0006232140
   21.018060    -36.926436    0.0003671650
   21.018060    -22.155862    0.0001763874
   21.018060     -7.385287    0.0000450519
   21.018060      7.385287   -0.0000321397
   21.018060     22.155862   -0.0000600082
   21.018060     36.926436   -0.0000429439
   21.018060     51.697011    0.0000150547
   21.018060     66.467585    0.0001103494
   21.018060     81.238160    0.0002396384
   21.018060     96.008735    0.0003999398
   21.018060    110.779309    0.0005885830
   21.018060    125.549884    0.0008032074

   27.023220    -96.008735    0.0025376623
   27.023220    -81.238160    0.0018794688
   27.023220    -66.467585    0.0013325445
   27.023220    -51.697011    0.0008868494
   27.023220    -36.926436    0.0005332776
   27.023220    -22.155862    0.0002635649
   27.023220     -7.385287    0.0000702049
   27.023220      7.385287   -0.0000536261
   27.023220     22.155862   -0.0001141364
   27.023220     36.926436   -0.0001169775
   27.023220     51.697011   -0.0000672946
   27.023220     66.467585    0.0000302320
   27.023220     81.238160    0.0001713530
   27.023220     96.008735    0.0003522254
   27.023220    110.779309    0.0005693954
   27.023220    125.549884    0.0008197905

   33.028380    -96.008735    0.0032920079
   33.028380    -81.238160    0.0024584020
   33.028380    -66.467585    0.0017607121
   33.028380    -51.697011    0.0011867040
   33.028380    -36.926436    0.0007252571
   33.028380    -22.155862    0.0003662633
   33.028380     -7.385287    0.0001005330
   33.028380      7.385287   -0.0000802900
   33.028380     22.155862   -0.0001838065
   33.028380     36.926436   -0.0002169317
   33.028380     51.697011   -0.0001859567
   33.028380     66.467585   -0.0000966027
   33.028380     81.238160    0.0000459333
   33.028380     96.008735    0.0002369404
   33.028380    110.779309    0.0004721635
   33.028380    125.549884    0.0007477815

   39.033540    -96.008735    0.0041116176
   39.033540    -81.238160    0.0030925358
   39.033540    -66.467585    0.0022340209
   39.033540    -51.697011    0.0015216488
   39.033540    -36.926436    0.0009422870
   39.033540    -22.155862    0.0004839839
   39.033540     -7.385287    0.0001358661
   39.033540      7.385287   -0.0001119570
   39.033540     22.155862   -0.0002684814
   39.033540     36.926436   -0.0003418892
   39.033540     51.697011   -0.0003396209
   39.033540     66.467585   -0.0002684423
   39.033540     81.238160   -0.0001345016
   39.033540     96.008735    0.0000566192
   39.033540    110.779309    0.0002998610
   39.033540    125.549884    0.0005906520

   45.038700    -96.008735    0.0049943208
   45.038700    -81.238160    0.0037799916
   45.038700    -66.467585    0.0027509419
   45.038700    -51.697011    0.0018905072
   45.038700    -36.926436    0.0011835287
   45.038700    -22.155862    0.0006162177
   45.038700     -7.385287    0.0001760304
   45.038700      7.385287   -0.0001484472
   45.038700     22.155862   -0.0003676029
   45.038700     36.926436   -0.0004908917
   45.038700     51.697011   -0.0005269189
   45.038700     66.467585   -0.0004835121
   45.038700     81.238160   -0.0003677831
   45.038700     96.008735   -0.0001861782
   45.038700    110.779309    0.0000554805
   45.038700    125.549884    0.0003519659

