 -119.276109   -136.038482    0.0093908643
 -119.276109   -117.900018    0.0076336882
 -119.276109    -99.761554    0.0063328166
 -119.276109    -81.623089    0.0053995826
 -119.276109    -63.484625    0.0047552257
 -119.276109    -45.346161    0.0043333033
 -119.276109    -27.207696    0.0040818652
 -119.276109     -9.069232    0.0039652285
 -119.276109      9.069232    0.0039652285
 -119.276109     27.207696    0.0040818652
 -119.276109     45.346161    0.0043333033
 -119.276109     63.484625    0.0047552257
 -119.276109     81.623089    0.0053995826
 -119.276109     99.761554    0.0063328166
 -119.276109    117.900018    0.0076336882
 -119.276109    136.038482    0.0093908643

 -103.372628   -136.038482    0.0079399633
 -103.372628   -117.900018    0.0062827944
 -103.372628    -99.761554    0.0050711026
 -103.372628    -81.623089    0.0042147876
 -103.372628    -63.484625    0.0036337584
 -103.372628    -45.346161    0.0032604190
 -103.372628    -27.207696    0.0030419021
 -103.372628     -9.069232    0.0029418887
 -103.372628      9.069232    0.0029418887
 -103.372628     27.207696    0.0030419021
 -103.372628     45.346161    0.0032604190
 -103.372628     63.484625    0.0036337584
 -103.372628     81.623089    0.0042147876
 -103.372628     99.761554    0.0050711026
 -103.372628    117.900018    0.0062827944
 -103.372628    136.038482    0.0079399633

  -87.469147   -136.038482    0.0067019527
  -87.469147   -117.900018    0.0051349634
  -87.469147    -99.761554    0.0040037019
  -87.469147    -81.623089    0.0032167191
  -87.469147    -63.484625    0.0026927190
  -87.469147    -45.346161    0.0023630882
  -87.469147    -27.207696    0.0021741653
  -87.469147     -9.069232    0.0020890872
  -87.469147      9.069232    0.0020890872
  -87.469147     27.207696    0.0021741653
  -87.469147     45.346161    0.0023630882
  -87.469147     63.484625    0.0026927190
  -87.469147     81.623089    0.0032167191
  -87.469147     99.761554    0.0040037019
  -87.469147    117.900018    0.0051349634
  -87.469147    136.038482    0.0067019527

  -71.565666   -136.038482    0.0056663034
  -71.565666   -117.900018    0.0041790400
  -71.565666    -99.761554    0.0031188289
  -71.565666    -81.623089    0.0023930353
  -71.565666    -63.484625    0.0019193194
  -71.565666    -45.346161    0.0016281961
  -71.565666    -27.207696    0.0014653294
  -71.565666     -9.069232    0.0013933959
  -71.565666      9.069232    0.0013933959
  -71.565666     27.207696    0.0014653294
  -71.565666     45.346161    0.0016281961
  -71.565666     63.484625    0.0019193194
  -71.565666     81.623089    0.0023930353
  -71.565666     99.761554    0.0031188289
  -71.565666    117.900018    0.0041790400
  -71.565666    136.038482    0.0056663034

  -55.662184   -136.038482    0.0048251369
  -55.662184   -117.900018    0.0034065721
  -55.662184    -99.761554    0.0024074850
  -55.662184    -81.623089    0.0017342605
  -55.662184    -63.484625    0.0013036971
  -55.662184    -45.346161    0.0010455920
  -55.662184    -27.207696    0.0009050535
  -55.662184     -9.069232    0.0008443798
  -55.662184      9.069232    0.0008443798
  -55.662184     27.207696    0.0009050535
  -55.662184     45.346161    0.0010455920
  -55.662184     63.484625    0.0013036971
  -55.662184     81.623089    0.0017342605
  -55.662184     99.761554    0.0024074850
  -55.662184    117.900018    0.0034065721
  -55.662184    136.038482    0.0048251369

  -39.758703   -136.038482    0.0041734049
  -39.758703   -117.900018    0.0028120049
  -39.758703    -99.761554    0.0018636531
  -39.758703    -81.623089    0.0012339774
  -39.758703    -63.484625    0.0008391086
  -39.758703    -45.346161    0.0006082846
  -39.758703    -27.207696    0.0004861806
  -39.758703     -9.069232    0.0004347992
  -39.758703      9.069232    0.0004347992
  -39.758703     27.207696    0.0004861806
  -39.758703     45.346161    0.0006082846
  -39.758703     63.484625    0.0008391086
  -39.758703     81.623089    0.0012339774
  -39.758703     99.761554    0.0018636531
  -39.758703    117.900018    0.0028120049
  -39.758703    136.038482    0.0041734049

  -23.855222   -136.038482    0.0037090455
  -23.855222   -117.900018    0.0023928495
  -23.855222    -99.761554    0.0014844666
  -23.855222    -81.623089    0.0008889956
  -23.855222    -63.484625    0.0005220969
  -23.855222    -45.346161    0.0003126133
  -23.855222    -27.207696    0.0002049121
  -23.855222     -9.069232    0.0001607855
  -23.855222      9.069232    0.0001607855
  -23.855222     27.207696    0.0002049121
  -23.855222     45.346161    0.0003126133
  -23.855222     63.484625    0.0005220969
  -23.855222     81.623089    0.0008889956
  -23.855222     99.761554    0.0014844666
  -23.855222    117.900018    0.0023928495
  -23.855222    136.038482    0.0037090455

   -7.951741   -136.038482    0.0034331142
   -7.951741   -117.900018    0.0021498243
   -7.951741    -99.761554    0.0012703527
   -7.951741    -81.623089    0.0006994935
   -7.951741    -63.484625    0.0003526358
   -7.951741    -45.346161    0.0001583935
   -7.951741    -27.207696    0.0000609553
   -7.951741     -9.069232    0.0000219912
   -7.951741      9.069232    0.0000219912
   -7.951741     27.207696    0.0000609553
   -7.951741     45.346161    0.0001583935
   -7.951741     63.484625    0.0003526358
   -7.951741     81.623089    0.0006994935
   -7.951741     99.761554    0.0012703527
   -7.951741    117.900018    0.0021498243
   -7.951741    136.038482    0.0034331142

    7.951741   -136.038482    0.0033498925
    7.951741   -117.900018    0.0020869715
    7.951741    -99.761554    0.0012251498
    7.951741    -81.623089    0.0006691369
    7.951741    -63.484625    0.0003342483
    7.951741    -45.346161    0.0001490373
    7.951741    -27.207696    0.0000576463
    7.951741     -9.069232    0.0000217138
    7.951741      9.069232    0.0000217138
    7.951741     27.207696    0.0000576463
    7.951741     45.346161    0.0001490373
    7.951741     63.484625    0.0003342483
    7.951741     81.623089    0.0006691369
    7.951741     99.761554    0.0012251498
    7.951741    117.900018    0.0020869715
    7.951741    136.038482    0.0033498925

   23.855222   -136.038482    0.0034669712
   23.855222   -117.900018    0.0022117469
   23.855222    -99.761554    0.0013561997
   23.855222    -81.623089    0.0008051708
   23.855222    -63.484625    0.0004741000
   23.855222    -45.346161    0.0002916491
   23.855222    -27.207696    0.0002020475
   23.855222     -9.069232    0.0001669942
   23.855222      9.069232    0.0001669942
   23.855222     27.207696    0.0002020475
   23.855222     45.346161    0.0002916491
   23.855222     63.484625    0.0004741000
   23.855222     81.623089    0.0008051708
   23.855222     99.761554    0.0013561997
   23.855222    117.900018    0.0022117469
   23.855222    136.038482    0.0034669712

   39.758703   -136.038482    0.0037953102
   39.758703   -117.900018    0.0025350833
   39.758703    -99.761554    0.0016744127
   39.758703    -81.623089    0.0011184875
   39.758703    -63.484625    0.0007830687
   39.758703    -45.346161    0.0005970959
   39.758703    -27.207696    0.0005050187
   39.758703     -9.069232    0.0004686885
   39.758703      9.069232    0.0004686885
   39.758703     27.207696    0.0005050187
   39.758703     45.346161    0.0005970959
   39.758703     63.484625    0.0007830687
   39.758703     81.623089    0.0011184875
   39.758703     99.761554    0.0016744127
   39.758703    117.900018    0.0025350833
   39.758703    136.038482    0.0037953102

   55.662184   -136.038482    0.0043492741
   55.662184   -117.900018    0.0030714285
   55.662184    -99.761554    0.0021943085
   55.662184    -81.623089    0.0016236687
   55.662184    -63.484625    0.0012757883
   55.662184    -45.346161    0.0010800525
   55.662184    -27.207696    0.0009812629
   55.662184     -9.069232    0.0009415145
   55.662184      9.069232    0.0009415145
   55.662184     27.207696    0.0009812629
   55.662184     45.346161    0.0010800525
   55.662184     63.484625    0.0012757883
   55.662184     81.623089    0.0016236687
   55.662184     99.761554    0.0021943085
   55.662184    117.900018    0.0030714285
   55.662184    136.038482    0.0043492741

   71.565666   -136.038482    0.0051466445
   71.565666   -117.900018    0.0038387569
   71.565666    -99.761554    0.0029340305
   71.565666    -81.623089    0.0023390032
   71.565666    -63.484625    0.0019706682
   71.565666    -45.346161    0.0017590217
   71.565666    -27.207696    0.0016493470
   71.565666     -9.069232    0.0016040713
   71.565666      9.069232    0.0016040713
   71.565666     27.207696    0.0016493470
   71.565666     45.346161    0.0017590217
   71.565666     63.484625    0.0019706682
   71.565666     81.623089    0.0023390032
   71.565666     99.761554    0.0029340305
   71.565666    117.900018    0.0038387569
   71.565666    136.038482    0.0051466445

   87.469147   -136.038482    0.0062086067
   87.469147   -117.900018    0.0048585548
   87.469147    -99.761554    0.0039153343
   87.469147    -81.623089    0.0032864792
   87.469147    -63.484625    0.0028898878
   87.469147    -45.346161    0.0026563295
   87.469147    -27.207696    0.0025316962
   87.469147     -9.069232    0.0024788343
   87.469147      9.069232    0.0024788343
   87.469147     27.207696    0.0025316962
   87.469147     45.346161    0.0026563295
   87.469147     63.484625    0.0028898878
   87.469147     81.623089    0.0032864792
   87.469147     99.761554    0.0039153343
   87.469147    117.900018    0.0048585548
   87.469147    136.038482    0.0062086067

  103.372628   -136.038482    0.0075597143
  103.372628   -117.900018    0.0061557801
  103.372628    -99.761554    0.0051635507
  103.372628    -81.623089    0.0044917513
  103.372628    -63.484625    0.0040593662
  103.372628    -45.346161    0.0037980951
  103.372628    -27.207696    0.0036545632
  103.372628     -9.069232    0.0035921230
  103.372628      9.069232    0.0035921230
  103.372628     27.207696    0.0036545632
  103.372628     45.346161    0.0037980951
  103.372628     63.484625    0.0040593662
  103.372628     81.623089    0.0044917513
  103.372628     99.761554    0.0051635507
  103.372628    117.900018    0.0061557801
  103.372628    136.038482    0.0075597143

  119.276109   -136.038482    0.0092278285
  119.276109   -117.900018    0.0077587951
  119.276109    -99.761554    0.0067075231
  119.276109    -81.623089    0.0059840833
  119.276109    -63.484625    0.0055087075
  119.276109    -45.346161    0.0052141757
  119.276109    -27.207696    0.0050479718
  119.276109     -9.069232    0.0049740432
  119.276109      9.069232    0.0049740432
  119.276109     27.207696    0.0050479718
  119.276109     45.346161    0.0052141757
  119.276109     63.484625    0.0055087075
  119.276109     81.623089    0.0059840833
  119.276109     99.761554    0.0067075231
  119.276109    117.900018    0.0077587951
  119.276109    136.038482    0.0092278285

