  -44.766107    -35.358766   -0.0660589394
  -44.766107    -30.644264   -0.0482028372
  -44.766107    -25.929762   -0.0336683867
  -44.766107    -21.215260   -0.0220793143
  -44.766107    -16.500757   -0.0131391006
  -44.766107    -11.786255   -0.0066217682
  -44.766107     -7.071753   -0.0023644287
  -44.766107     -2.357251   -0.0002616440
  -44.766107      2.357251   -0.0002616440
  -44.766107      7.071753   -0.0023644287
  -44.766107     11.786255   -0.0066217682
  -44.766107     16.500757   -0.0131391006
  -44.766107     21.215260   -0.0220793143
  -44.766107     25.929762   -0.0336683867
  -44.766107     30.644264   -0.0482028372
  -44.766107     35.358766   -0.0660589394

  -40.053885    -35.358766   -0.0628687958
  -40.053885    -30.644264   -0.0458578679
  -40.053885    -25.929762   -0.0320343166
  -40.053885    -21.215260   -0.0210110492
  -40.053885    -16.500757   -0.0125035908
  -40.053885    -11.786255   -0.0063006813
  -40.053885     -7.071753   -0.0022493728
  -40.053885     -2.357251   -0.0002488811
  -40.053885      2.357251   -0.0002488811
  -40.053885      7.071753   -0.0022493728
  -40.053885     11.786255   -0.0063006813
  -40.053885     16.500757   -0.0125035908
  -40.053885     21.215260   -0.0210110492
  -40.053885     25.929762   -0.0320343166
  -40.053885     30.644264   -0.0458578679
  -40.053885     35.358766   -0.0628687958

  -35.341663    -35.358766   -0.0591074315
  -35.341663    -30.644264   -0.0431185092
  -35.341663    -25.929762   -0.0301140411
  -35.341663    -21.215260   -0.0197471859
  -35.341663    -16.500757   -0.0117503709
  -35.341663    -11.786255   -0.0059213176
  -35.341663     -7.071753   -0.0021141298
  -35.341663     -2.357251   -0.0002339336
  -35.341663      2.357251   -0.0002339336
  -35.341663      7.071753   -0.0021141298
  -35.341663     11.786255   -0.0059213176
  -35.341663     16.500757   -0.0117503709
  -35.341663     21.215260   -0.0197471859
  -35.341663     25.929762   -0.0301140411
  -35.341663     30.644264   -0.0431185092
  -35.341663     35.358766   -0.0591074315

  -30.629441    -35.358766   -0.0546842179
  -30.629441    -30.644264   -0.0398913597
  -30.629441    -25.929762   -0.0278545766
  -30.629441    -21.215260   -0.0182620818
  -30.629441    -16.500757   -0.0108656075
  -30.629441    -11.786255   -0.0054754175
  -30.629441     -7.071753   -0.0019550024
  -30.629441     -2.357251   -0.0002163334
  -30.629441      2.357251   -0.0002163334
  -30.629441      7.071753   -0.0019550024
  -30.629441     11.786255   -0.0054754175
  -30.629441     16.500757   -0.0108656075
  -30.629441     21.215260   -0.0182620818
  -30.629441     25.929762   -0.0278545766
  -30.629441     30.644264   -0.0398913597
  -30.629441     35.358766   -0.0546842179

  -25.917220    -35.358766   -0.0494908818
  -25.917220    -30.644264   -0.0360963737
  -25.917220    -25.929762   -0.0252009290
  -25.917220    -21.215260   -0.0165203148
  -25.917220    -16.500757   -0.0098283800
  -25.917220    -11.786255   -0.0049524033
  -25.917220     -7.071753   -0.0017681824
  -25.917220     -2.357251   -0.0001956564
  -25.917220      2.357251   -0.0001956564
  -25.917220      7.071753   -0.0017681824
  -25.917220     11.786255   -0.0049524033
  -25.917220     16.500757   -0.0098283800
  -25.917220     21.215260   -0.0165203148
  -25.917220     25.929762   -0.0252009290
  -25.917220     30.644264   -0.0360963737
  -25.917220     35.358766   -0.0494908818

  -21.204998    -35.358766   -0.0433989261
  -21.204998    -30.644264   -0.0316449236
  -21.204998    -25.929762   -0.0220896439
  -21.204998    -21.215260   -0.0144790268
  -21.204998    -16.500757   -0.0086130551
  -21.204998    -11.786255   -0.0043396006
  -21.204998     -7.071753   -0.0015492734
  -21.204998     -2.357251   -0.0001714260
  -21.204998      2.357251   -0.0001714260
  -21.204998      7.071753   -0.0015492734
  -21.204998     11.786255   -0.0043396006
  -21.204998     16.500757   -0.0086130551
  -21.204998     21.215260   -0.0144790268
  -21.204998     25.929762   -0.0220896439
  -21.204998     30.644264   -0.0316449236
  -21.204998     35.358766   -0.0433989261

  -16.492776    -35.358766   -0.0362556832
  -16.492776    -30.644264   -0.0264291334
  -16.492776    -25.929762   -0.0184448448
  -16.492776    -21.215260   -0.0120879248
  -16.492776    -16.500757   -0.0071897009
  -16.492776    -11.786255   -0.0036220846
  -16.492776     -7.071753   -0.0012930234
  -16.492776     -2.357251   -0.0001430670
  -16.492776      2.357251   -0.0001430670
  -16.492776      7.071753   -0.0012930234
  -16.492776     11.786255   -0.0036220846
  -16.492776     16.500757   -0.0071897009
  -16.492776     21.215260   -0.0120879248
  -16.492776     25.929762   -0.0184448448
  -16.492776     30.644264   -0.0264291334
  -16.492776     35.358766   -0.0362556832

  -11.780554    -35.358766   -0.0278790940
  -11.780554    -30.644264   -0.0203172131
  -11.780554    -25.929762   -0.0141754354
  -11.780554    -21.215260   -0.0092877993
  -11.780554    -16.500757   -0.0055232882
  -11.780554    -11.786255   -0.0027822527
  -11.780554     -7.071753   -0.0009931531
  -11.780554     -2.357251   -0.0001098846
  -11.780554      2.357251   -0.0001098846
  -11.780554      7.071753   -0.0009931531
  -11.780554     11.786255   -0.0027822527
  -11.780554     16.500757   -0.0055232882
  -11.780554     21.215260   -0.0092877993
  -11.780554     25.929762   -0.0141754354
  -11.780554     30.644264   -0.0203172131
  -11.780554     35.358766   -0.0278790940

   -7.068333    -35.358766   -0.0180511424
   -7.068333    -30.644264   -0.0131506783
   -7.068333    -25.929762   -0.0091723902
   -7.068333    -21.215260   -0.0060081753
   -7.068333    -16.500757   -0.0035722306
   -7.068333    -11.786255   -0.0017991955
   -7.068333     -7.071753   -0.0006421877
   -7.068333     -2.357251   -0.0000710503
   -7.068333      2.357251   -0.0000710503
   -7.068333      7.071753   -0.0006421877
   -7.068333     11.786255   -0.0017991955
   -7.068333     16.500757   -0.0035722306
   -7.068333     21.215260   -0.0060081753
   -7.068333     25.929762   -0.0091723902
   -7.068333     30.644264   -0.0131506783
   -7.068333     35.358766   -0.0180511424

   -2.356111    -35.358766   -0.0065097020
   -2.356111    -30.644264   -0.0047404874
   -2.356111    -25.929762   -0.0033053019
   -2.356111    -21.215260   -0.0021644648
   -2.356111    -16.500757   -0.0012866143
   -2.356111    -11.786255   -0.0006479028
   -2.356111     -7.071753   -0.0002312277
   -2.356111     -2.357251   -0.0000255809
   -2.356111      2.357251   -0.0000255809
   -2.356111      7.071753   -0.0002312277
   -2.356111     11.786255   -0.0006479028
   -2.356111     16.500757   -0.0012866143
   -2.356111     21.215260   -0.0021644648
   -2.356111     25.929762   -0.0033053019
   -2.356111     30.644264   -0.0047404874
   -2.356111     35.358766   -0.0065097020

    2.356111    -35.358766    0.0070616117
    2.356111    -30.644264    0.0051397180
    2.356111    -25.929762    0.0035823979
    2.356111    -21.215260    0.0023452566
    2.356111    -16.500757    0.0013937320
    2.356111    -11.786255    0.0007016907
    2.356111     -7.071753    0.0002503821
    2.356111     -2.357251    0.0000276975
    2.356111      2.357251    0.0000276975
    2.356111      7.071753    0.0002503821
    2.356111     11.786255    0.0007016907
    2.356111     16.500757    0.0013937320
    2.356111     21.215260    0.0023452566
    2.356111     25.929762    0.0035823979
    2.356111     30.644264    0.0051397180
    2.356111     35.358766    0.0070616117

    7.068333    -35.358766    0.0230461625
    7.068333    -30.644264    0.0167639325
    7.068333    -25.929762    0.0116798844
    7.068333    -21.215260    0.0076439717
    7.068333    -16.500757    0.0045413731
    7.068333    -11.786255    0.0022858495
    7.068333     -7.071753    0.0008155000
    7.068333     -2.357251    0.0000902021
    7.068333      2.357251    0.0000902021
    7.068333      7.071753    0.0008155000
    7.068333     11.786255    0.0022858495
    7.068333     16.500757    0.0045413731
    7.068333     21.215260    0.0076439717
    7.068333     25.929762    0.0116798844
    7.068333     30.644264    0.0167639325
    7.068333     35.358766    0.0230461625

   11.780554    -35.358766    0.0419103336
   11.780554    -30.644264    0.0304671783
   11.780554    -25.929762    0.0212171446
   11.780554    -21.215260    0.0138803123
   11.780554    -16.500757    0.0082438573
   11.780554    -11.786255    0.0041484329
   11.780554     -7.071753    0.0014797423
   11.780554     -2.357251    0.0001636592
   11.780554      2.357251    0.0001636592
   11.780554      7.071753    0.0014797423
   11.780554     11.786255    0.0041484329
   11.780554     16.500757    0.0082438573
   11.780554     21.215260    0.0138803123
   11.780554     25.929762    0.0212171446
   11.780554     30.644264    0.0304671783
   11.780554     35.358766    0.0419103336

   16.492776    -35.358766    0.0642237991
   16.492776    -30.644264    0.0466603297
   16.492776    -25.929762    0.0324747877
   16.492776    -21.215260    0.0212346331
   16.492776    -16.500757    0.0126072060
   16.492776    -11.786255    0.0063426375
   16.492776     -7.071753    0.0022621091
   16.492776     -2.357251    0.0002501740
   16.492776      2.357251    0.0002501740
   16.492776      7.071753    0.0022621091
   16.492776     11.786255    0.0063426375
   16.492776     16.500757    0.0126072060
   16.492776     21.215260    0.0212346331
   16.492776     25.929762    0.0324747877
   16.492776     30.644264    0.0466603297
   16.492776     35.358766    0.0642237991

   21.204998    -35.358766    0.0906851103
   21.204998    -30.644264    0.0658435799
   21.204998    -25.929762    0.0457950618
   21.204998    -21.215260    0.0299274305
   21.204998    -16.500757    0.0177609482
   21.204998    -11.786255    0.0089332164
   21.204998     -7.071753    0.0031856225
   21.204998     -2.357251    0.0003522897
   21.204998      2.357251    0.0003522897
   21.204998      7.071753    0.0031856225
   21.204998     11.786255    0.0089332164
   21.204998     16.500757    0.0177609482
   21.204998     21.215260    0.0299274305
   21.204998     25.929762    0.0457950618
   21.204998     30.644264    0.0658435799
   21.204998     35.358766    0.0906851103

   25.917220    -35.358766    0.1221538465
   25.917220    -30.644264    0.0886146075
   25.917220    -25.929762    0.0615934335
   25.917220    -21.215260    0.0402312140
   25.917220    -16.500757    0.0238655448
   25.917220    -11.786255    0.0119993347
   25.917220     -7.071753    0.0042778905
   25.917220     -2.357251    0.0004730148
   25.917220      2.357251    0.0004730148
   25.917220      7.071753    0.0042778905
   25.917220     11.786255    0.0119993347
   25.917220     16.500757    0.0238655448
   25.917220     21.215260    0.0402312140
   25.917220     25.929762    0.0615934335
   25.917220     30.644264    0.0886146075
   25.917220     35.358766    0.1221538465

