  -47.136383    -50.614883    0.0503629073
  -47.136383    -43.866232    0.0448447909
  -47.136383    -37.117581    0.0401622218
  -47.136383    -30.368930    0.0362998261
  -47.136383    -23.620279    0.0332394326
  -47.136383    -16.871628    0.0309629963
  -47.136383    -10.122977    0.0294549372
  -47.136383     -3.374326    0.0287038941
  -47.136383      3.374326    0.0287038941
  -47.136383     10.122977    0.0294549372
  -47.136383     16.871628    0.0309629963
  -47.136383     23.620279    0.0332394326
  -47.136383     30.368930    0.0362998261
  -47.136383     37.117581    0.0401622218
  -47.136383     43.866232    0.0448447909
  -47.136383     50.614883    0.0503629073

  -40.851532    -50.614883    0.0433785497
  -40.851532    -43.866232    0.0378244820
  -40.851532    -37.117581    0.0331122976
  -40.851532    -30.368930    0.0292260687
  -40.851532    -23.620279    0.0261471625
  -40.851532    -16.871628    0.0238571649
  -40.851532    -10.122977    0.0223402187
  -40.851532     -3.374326    0.0215847783
  -40.851532      3.374326    0.0215847783
  -40.851532     10.122977    0.0223402187
  -40.851532     16.871628    0.0238571649
  -40.851532     23.620279    0.0261471625
  -40.851532     30.368930    0.0292260687
  -40.851532     37.117581    0.0331122976
  -40.851532     43.866232    0.0378244820
  -40.851532     50.614883    0.0433785497

  -34.566681    -50.614883    0.0374124709
  -34.566681    -43.866232    0.0318243513
  -34.566681    -37.117581    0.0270840092
  -34.566681    -30.368930    0.0231750415
  -34.566681    -23.620279    0.0200784195
  -34.566681    -16.871628    0.0177754121
  -34.566681    -10.122977    0.0162499248
  -34.566681     -3.374326    0.0154902533
  -34.566681      3.374326    0.0154902533
  -34.566681     10.122977    0.0162499248
  -34.566681     16.871628    0.0177754121
  -34.566681     23.620279    0.0200784195
  -34.566681     30.368930    0.0231750415
  -34.566681     37.117581    0.0270840092
  -34.566681     43.866232    0.0318243513
  -34.566681     50.614883    0.0374124709

  -28.281830    -50.614883    0.0324571364
  -28.281830    -43.866232    0.0268370149
  -28.281830    -37.117581    0.0220701167
  -28.281830    -30.368930    0.0181396354
  -28.281830    -23.620279    0.0150262060
  -28.281830    -16.871628    0.0127108285
  -28.281830    -10.122977    0.0111772064
  -28.281830     -3.374326    0.0104135013
  -28.281830      3.374326    0.0104135013
  -28.281830     10.122977    0.0111772064
  -28.281830     16.871628    0.0127108285
  -28.281830     23.620279    0.0150262060
  -28.281830     30.368930    0.0181396354
  -28.281830     37.117581    0.0220701167
  -28.281830     43.866232    0.0268370149
  -28.281830     50.614883    0.0324571364

  -21.996979    -50.614883    0.0285064891
  -21.996979    -43.866232    0.0228565559
  -21.996979    -37.117581    0.0180648366
  -21.996979    -30.368930    0.0141141869
  -21.996979    -23.620279    0.0109849606
  -21.996979    -16.871628    0.0086579323
  -21.996979    -10.122977    0.0071166370
  -21.996979     -3.374326    0.0063491233
  -21.996979      3.374326    0.0063491233
  -21.996979     10.122977    0.0071166370
  -21.996979     16.871628    0.0086579323
  -21.996979     23.620279    0.0109849606
  -21.996979     30.368930    0.0141141869
  -21.996979     37.117581    0.0180648366
  -21.996979     43.866232    0.0228565559
  -21.996979     50.614883    0.0285064891

  -15.712128    -50.614883    0.0255574349
  -15.712128    -43.866232    0.0198800107
  -15.712128    -37.117581    0.0150653274
  -15.712128    -30.368930    0.0110959639
  -15.712128    -23.620279    0.0079520432
  -15.712128    -16.871628    0.0056141557
  -15.712128    -10.122977    0.0040656978
  -15.712128     -3.374326    0.0032946258
  -15.712128      3.374326    0.0032946258
  -15.712128     10.122977    0.0040656978
  -15.712128     16.871628    0.0056141557
  -15.712128     23.620279    0.0079520432
  -15.712128     30.368930    0.0110959639
  -15.712128     37.117581    0.0150653274
  -15.712128     43.866232    0.0198800107
  -15.712128     50.614883    0.0255574349

   -9.427277    -50.614883    0.0236108715
   -9.427277    -43.866232    0.0179083978
   -9.427277    -37.117581    0.0130727190
   -9.427277    -30.368930    0.0090861947
   -9.427277    -23.620279    0.0059287647
   -9.427277    -16.871628    0.0035808733
   -9.427277    -10.122977    0.0020258070
   -9.427277     -3.374326    0.0012514492
   -9.427277      3.374326    0.0012514492
   -9.427277     10.122977    0.0020258070
   -9.427277     16.871628    0.0035808733
   -9.427277     23.620279    0.0059287647
   -9.427277     30.368930    0.0090861947
   -9.427277     37.117581    0.0130727190
   -9.427277     43.866232    0.0179083978
   -9.427277     50.614883    0.0236108715

   -3.142426    -50.614883    0.0226722609
   -3.142426    -43.866232    0.0169472900
   -3.142426    -37.117581    0.0120926848
   -3.142426    -30.368930    0.0080906401
   -3.142426    -23.620279    0.0049209586
   -3.142426    -16.871628    0.0025639746
   -3.142426    -10.122977    0.0010028923
   -3.142426     -3.374326    0.0002255402
   -3.142426      3.374326    0.0002255402
   -3.142426     10.122977    0.0010028923
   -3.142426     16.871628    0.0025639746
   -3.142426     23.620279    0.0049209586
   -3.142426     30.368930    0.0080906401
   -3.142426     37.117581    0.0120926848
   -3.142426     43.866232    0.0169472900
   -3.142426     50.614883    0.0226722609

    3.142426    -50.614883    0.0227517443
    3.142426    -43.866232    0.0170069295
    3.142426    -37.117581    0.0121355565
    3.142426    -30.368930    0.0081197087
    3.142426    -23.620279    0.0049390961
    3.142426    -16.871628    0.0025739787
    3.142426    -10.122977    0.0010075052
    3.142426     -3.374326    0.0002274667
    3.142426      3.374326    0.0002274667
    3.142426     10.122977    0.0010075052
    3.142426     16.871628    0.0025739787
    3.142426     23.620279    0.0049390961
    3.142426     30.368930    0.0081197087
    3.142426     37.117581    0.0121355565
    3.142426     43.866232    0.0170069295
    3.142426     50.614883    0.0227517443

    9.427277    -50.614883    0.0238638005
    9.427277    -43.866232    0.0181018861
    9.427277    -37.117581    0.0132159825
    9.427277    -30.368930    0.0091881150
    9.427277    -23.620279    0.0059979448
    9.427277    -16.871628    0.0036256933
    9.427277    -10.122977    0.0020544798
    9.427277     -3.374326    0.0012720763
    9.427277      3.374326    0.0012720763
    9.427277     10.122977    0.0020544798
    9.427277     16.871628    0.0036256933
    9.427277     23.620279    0.0059979448
    9.427277     30.368930    0.0091881150
    9.427277     37.117581    0.0132159825
    9.427277     43.866232    0.0181018861
    9.427277     50.614883    0.0238638005

   15.712128    -50.614883    0.0260264468
   15.712128    -43.866232    0.0202502584
   15.712128    -37.117581    0.0153521294
   15.712128    -30.368930    0.0113140805
   15.712128    -23.620279    0.0081157697
   15.712128    -16.871628    0.0057374151
   15.712128    -10.122977    0.0041621342
   15.712128     -3.374326    0.0033776973
   15.712128      3.374326    0.0033776973
   15.712128     10.122977    0.0041621342
   15.712128     16.871628    0.0057374151
   15.712128     23.620279    0.0081157697
   15.712128     30.368930    0.0113140805
   15.712128     37.117581    0.0153521294
   15.712128     43.866232    0.0202502584
   15.712128     50.614883    0.0260264468

   21.996979    -50.614883    0.0292599841
   21.996979    -43.866232    0.0234724187
   21.996979    -37.117581    0.0185644262
   21.996979    -30.368930    0.0145180788
   21.996979    -23.620279    0.0113130776
   21.996979    -16.871628    0.0089296752
   21.996979    -10.122977    0.0073510146
   21.996979     -3.374326    0.0065648836
   21.996979      3.374326    0.0065648836
   21.996979     10.122977    0.0073510146
   21.996979     16.871628    0.0089296752
   21.996979     23.620279    0.0113130776
   21.996979     30.368930    0.0145180788
   21.996979     37.117581    0.0185644262
   21.996979     43.866232    0.0234724187
   21.996979     50.614883    0.0292599841

   28.281830    -50.614883    0.0335852840
   28.281830    -43.866232    0.0277893001
   28.281830    -37.117581    0.0228738519
   28.281830    -30.368930    0.0188211225
   28.281830    -23.620279    0.0156109049
   28.281830    -16.871628    0.0132235256
   28.281830    -10.122977    0.0116421831
   28.281830     -3.374326    0.0108547019
   28.281830      3.374326    0.0108547019
   28.281830     10.122977    0.0116421831
   28.281830     16.871628    0.0132235256
   28.281830     23.620279    0.0156109049
   28.281830     30.368930    0.0188211225
   28.281830     37.117581    0.0228738519
   28.281830     43.866232    0.0277893001
   28.281830     50.614883    0.0335852840

   34.566681    -50.614883    0.0390216195
   34.566681    -43.866232    0.0332202272
   34.566681    -37.117581    0.0282997663
   34.566681    -30.368930    0.0242425939
   34.566681    -23.620279    0.0210286479
   34.566681    -16.871628    0.0186383709
   34.566681    -10.122977    0.0170550482
   34.566681     -3.374326    0.0162665623
   34.566681      3.374326    0.0162665623
   34.566681     10.122977    0.0170550482
   34.566681     16.871628    0.0186383709
   34.566681     23.620279    0.0210286479
   34.566681     30.368930    0.0242425939
   34.566681     37.117581    0.0282997663
   34.566681     43.866232    0.0332202272
   34.566681     50.614883    0.0390216195

   40.851532    -50.614883    0.0455840387
   40.851532    -43.866232    0.0397802900
   40.851532    -37.117581    0.0348572836
   40.851532    -30.368930    0.0307976191
   40.851532    -23.620279    0.0275814368
   40.851532    -16.871628    0.0251893410
   40.851532    -10.122977    0.0236047384
   40.851532     -3.374326    0.0228155924
   40.851532      3.374326    0.0228155924
   40.851532     10.122977    0.0236047384
   40.851532     16.871628    0.0251893410
   40.851532     23.620279    0.0275814368
   40.851532     30.368930    0.0307976191
   40.851532     37.117581    0.0348572836
   40.851532     43.866232    0.0397802900
   40.851532     50.614883    0.0455840387

   47.136383    -50.614883    0.0532802816
   47.136383    -43.866232    0.0474772605
   47.136383    -37.117581    0.0425541889
   47.136383    -30.368930    0.0384939845
   47.136383    -23.620279    0.0352770524
   47.136383    -16.871628    0.0328842087
   47.136383    -10.122977    0.0312990193
   47.136383     -3.374326    0.0305095534
   47.136383      3.374326    0.0305095534
   47.136383     10.122977    0.0312990193
   47.136383     16.871628    0.0328842087
   47.136383     23.620279    0.0352770524
   47.136383     30.368930    0.0384939845
   47.136383     37.117581    0.0425541889
   47.136383     43.866232    0.0474772605
   47.136383     50.614883    0.0532802816

