  -92.332122   -119.276109    0.0001934186
  -92.332122   -103.372628    0.0000216561
  -92.332122    -87.469147   -0.0001073604
  -92.332122    -71.565666   -0.0001919325
  -92.332122    -55.662184   -0.0002308054
  -92.332122    -39.758703   -0.0002231918
  -92.332122    -23.855222   -0.0001687884
  -92.332122     -7.951741   -0.0000677839
  -92.332122      7.951741    0.0000791404
  -92.332122     23.855222    0.0002708171
  -92.332122     39.758703    0.0005056085
  -92.332122     55.662184    0.0007814285
  -92.332122     71.565666    0.0010957731
  -92.332122     87.469147    0.0014457587
  -92.332122    103.372628    0.0018281679
  -92.332122    119.276109    0.0022395030

  -80.021172   -119.276109    0.0001622559
  -80.021172   -103.372628    0.0000280608
  -80.021172    -87.469147   -0.0000731926
  -80.021172    -71.565666   -0.0001401707
  -80.021172    -55.662184   -0.0001718989
  -80.021172    -39.758703   -0.0001677718
  -80.021172    -23.855222   -0.0001275589
  -80.021172     -7.951741   -0.0000514060
  -80.021172      7.951741    0.0000601671
  -80.021172     23.855222    0.0002062736
  -80.021172     39.758703    0.0003856705
  -80.021172     55.662184    0.0005967744
  -80.021172     71.565666    0.0008376803
  -80.021172     87.469147    0.0011061857
  -80.021172    103.372628    0.0013998182
  -80.021172    119.276109    0.0017158677

  -67.710222   -119.276109    0.0001275053
  -67.710222   -103.372628    0.0000280257
  -67.710222    -87.469147   -0.0000472945
  -67.710222    -71.565666   -0.0000975071
  -67.710222    -55.662184   -0.0001219067
  -67.710222    -39.758703   -0.0001200455
  -67.710222    -23.855222   -0.0000917442
  -67.710222     -7.951741   -0.0000370977
  -67.710222      7.951741    0.0000435237
  -67.710222     23.855222    0.0001494774
  -67.710222     39.758703    0.0002798574
  -67.710222     55.662184    0.0004335061
  -67.710222     71.565666    0.0006090328
  -67.710222     87.469147    0.0008048352
  -67.710222    103.372628    0.0010191266
  -67.710222    119.276109    0.0012499673

  -55.399273   -119.276109    0.0000921095
  -55.399273   -103.372628    0.0000235162
  -55.399273    -87.469147   -0.0000285548
  -55.399273    -71.565666   -0.0000634927
  -55.399273    -55.662184   -0.0000808265
  -55.399273    -39.758703   -0.0000802459
  -55.399273    -23.855222   -0.0000616170
  -55.399273     -7.951741   -0.0000249922
  -55.399273      7.951741    0.0000293847
  -55.399273     23.855222    0.0001010789
  -55.399273     39.758703    0.0001894705
  -55.399273     55.662184    0.0002937653
  -55.399273     71.565666    0.0004130114
  -55.399273     87.469147    0.0005461209
  -55.399273    103.372628    0.0006918967
  -55.399273    119.276109    0.0008490651

  -43.088323   -119.276109    0.0000591606
  -43.088323   -103.372628    0.0000166574
  -43.088323    -87.469147   -0.0000156703
  -43.088323    -71.565666   -0.0000374723
  -43.088323    -55.662184   -0.0000484665
  -43.088323    -39.758703   -0.0000484592
  -43.088323    -23.855222   -0.0000373601
  -43.088323     -7.951741   -0.0000151934
  -43.088323      7.951741    0.0000178967
  -43.088323     23.855222    0.0000616446
  -43.088323     39.758703    0.0001156672
  -43.088323     55.662184    0.0001794724
  -43.088323     71.565666    0.0002524718
  -43.088323     87.469147    0.0003339995
  -43.088323    103.372628    0.0004233341
  -43.088323    119.276109    0.0005197265

  -30.777374   -119.276109    0.0000315512
  -30.777374   -103.372628    0.0000094678
  -30.777374    -87.469147   -0.0000073514
  -30.777374    -71.565666   -0.0000187377
  -30.777374    -55.662184   -0.0000245487
  -30.777374    -39.758703   -0.0000246831
  -30.777374    -23.855222   -0.0000190905
  -30.777374     -7.951741   -0.0000077797
  -30.777374      7.951741    0.0000091772
  -30.777374     23.855222    0.0000316439
  -30.777374     39.758703    0.0000594212
  -30.777374     55.662184    0.0000922528
  -30.777374     71.565666    0.0001298331
  -30.777374     87.469147    0.0001718192
  -30.777374    103.372628    0.0002178450
  -30.777374    119.276109    0.0002675394

  -18.466424   -119.276109    0.0000116953
  -18.466424   -103.372628    0.0000036477
  -18.466424    -87.469147   -0.0000024869
  -18.466424    -71.565666   -0.0000066503
  -18.466424    -55.662184   -0.0000087920
  -18.466424    -39.758703   -0.0000088746
  -18.466424    -23.855222   -0.0000068790
  -18.466424     -7.951741   -0.0000028073
  -18.466424      7.951741    0.0000033149
  -18.466424     23.855222    0.0000114383
  -18.466424     39.758703    0.0000214904
  -18.466424     55.662184    0.0000333773
  -18.466424     71.565666    0.0000469877
  -18.466424     87.469147    0.0000621974
  -18.466424    103.372628    0.0000788752
  -18.466424    119.276109    0.0000968907

   -6.155475   -119.276109    0.0000013185
   -6.155475   -103.372628    0.0000004188
   -6.155475    -87.469147   -0.0000002673
   -6.155475    -71.565666   -0.0000007335
   -6.155475    -55.662184   -0.0000009743
   -6.155475    -39.758703   -0.0000009854
   -6.155475    -23.855222   -0.0000007647
   -6.155475     -7.951741   -0.0000003123
   -6.155475      7.951741    0.0000003689
   -6.155475     23.855222    0.0000012735
   -6.155475     39.758703    0.0000023933
   -6.155475     55.662184    0.0000037179
   -6.155475     71.565666    0.0000052347
   -6.155475     87.469147    0.0000069300
   -6.155475    103.372628    0.0000087891
   -6.155475    119.276109    0.0000107979

    6.155475   -119.276109    0.0000013185
    6.155475   -103.372628    0.0000004188
    6.155475    -87.469147   -0.0000002673
    6.155475    -71.565666   -0.0000007335
    6.155475    -55.662184   -0.0000009743
    6.155475    -39.758703   -0.0000009854
    6.155475    -23.855222   -0.0000007647
    6.155475     -7.951741   -0.0000003123
    6.155475      7.951741    0.0000003689
    6.155475     23.855222    0.0000012735
    6.155475     39.758703    0.0000023933
    6.155475     55.662184    0.0000037179
    6.155475     71.565666    0.0000052347
    6.155475     87.469147    0.0000069300
    6.155475    103.372628    0.0000087891
    6.155475    119.276109    0.0000107979

   18.466424   -119.276109    0.0000116953
   18.466424   -103.372628    0.0000036477
   18.466424    -87.469147   -0.0000024869
   18.466424    -71.565666   -0.0000066503
   18.466424    -55.662184   -0.0000087920
   18.466424    -39.758703   -0.0000088746
   18.466424    -23.855222   -0.0000068790
   18.466424     -7.951741   -0.0000028073
   18.466424      7.951741    0.0000033149
   18.466424     23.855222    0.0000114383
   18.466424     39.758703    0.0000214904
   18.466424     55.662184    0.0000333773
   18.466424     71.565666    0.0000469877
   18.466424     87.469147    0.0000621974
   18.466424    103.372628    0.0000788752
   18.466424    119.276109    0.0000968907

   30.777374   -119.276109    0.0000315512
   30.777374   -103.372628    0.0000094678
   30.777374    -87.469147   -0.0000073514
   30.777374    -71.565666   -0.0000187377
   30.777374    -55.662184   -0.0000245487
   30.777374    -39.758703   -0.0000246831
   30.777374    -23.855222   -0.0000190905
   30.777374     -7.951741   -0.0000077797
   30.777374      7.951741    0.0000091772
   30.777374     23.855222    0.0000316439
   30.777374     39.758703    0.0000594212
   30.777374     55.662184    0.0000922528
   30.777374     71.565666    0.0001298331
   30.777374     87.469147    0.0001718192
   30.777374    103.372628    0.0002178450
   30.777374    119.276109    0.0002675394

   43.088323   -119.276109    0.0000591606
   43.088323   -103.372628    0.0000166574
   43.088323    -87.469147   -0.0000156703
   43.088323    -71.565666   -0.0000374723
   43.088323    -55.662184   -0.0000484665
   43.088323    -39.758703   -0.0000484592
   43.088323    -23.855222   -0.0000373601
   43.088323     -7.951741   -0.0000151934
   43.088323      7.951741    0.0000178967
   43.088323     23.855222    0.0000616446
   43.088323     39.758703    0.0001156672
   43.088323     55.662184    0.0001794724
   43.088323     71.565666    0.0002524718
   43.088323     87.469147    0.0003339995
   43.088323    103.372628    0.0004233341
   43.088323    119.276109    0.0005197265

   55.399273   -119.276109    0.0000921095
   55.399273   -103.372628    0.0000235162
   55.399273    -87.469147   -0.0000285548
   55.399273    -71.565666   -0.0000634927
   55.399273    -55.662184   -0.0000808265
   55.399273    -39.758703   -0.0000802459
   55.399273    -23.855222   -0.0000616170
   55.399273     -7.951741   -0.0000249922
   55.399273      7.951741    0.0000293847
   55.399273     23.855222    0.0001010789
   55.399273     39.758703    0.0001894705
   55.399273     55.662184    0.0002937653
   55.399273     71.565666    0.0004130114
   55.399273     87.469147    0.0005461209
   55.399273    103.372628    0.0006918967
   55.399273    119.276109    0.0008490651

   67.710222   -119.276109    0.0001275053
   67.710222   -103.372628    0.0000280257
   67.710222    -87.469147   -0.0000472945
   67.710222    -71.565666   -0.0000975071
   67.710222    -55.662184   -0.0001219067
   67.710222    -39.758703   -0.0001200455
   67.710222    -23.855222   -0.0000917442
   67.710222     -7.951741   -0.0000370977
   67.710222      7.951741    0.0000435237
   67.710222     23.855222    0.0001494774
   67.710222     39.758703    0.0002798574
   67.710222     55.662184    0.0004335061
   67.710222     71.565666    0.0006090328
   67.710222     87.469147    0.0008048352
   67.710222    103.372628    0.0010191266
   67.710222    119.276109    0.0012499673

   80.021172   -119.276109    0.0001622559
   80.021172   -103.372628    0.0000280608
   80.021172    -87.469147   -0.0000731926
   80.021172    -71.565666   -0.0001401707
   80.021172    -55.662184   -0.0001718989
   80.021172    -39.758703   -0.0001677718
   80.021172    -23.855222   -0.0001275589
   80.021172     -7.951741   -0.0000514060
   80.021172      7.951741    0.0000601671
   80.021172     23.855222    0.0002062736
   80.021172     39.758703    0.0003856705
   80.021172     55.662184    0.0005967744
   80.021172     71.565666    0.0008376803
   80.021172     87.469147    0.0011061857
   80.021172    103.372628    0.0013998182
   80.021172    119.276109    0.0017158677

   92.332122   -119.276109    0.0001934186
   92.332122   -103.372628    0.0000216561
   92.332122    -87.469147   -0.0001073604
   92.332122    -71.565666   -0.0001919325
   92.332122    -55.662184   -0.0002308054
   92.332122    -39.758703   -0.0002231918
   92.332122    -23.855222   -0.0001687884
   92.332122     -7.951741   -0.0000677839
   92.332122      7.951741    0.0000791404
   92.332122     23.855222    0.0002708171
   92.332122     39.758703    0.0005056085
   92.332122     55.662184    0.0007814285
   92.332122     71.565666    0.0010957731
   92.332122     87.469147    0.0014457587
   92.332122    103.372628    0.0018281679
   92.332122    119.276109    0.0022395030

