  -47.136383    -62.630025    0.0012282543
  -47.136383    -54.279355    0.0010451252
  -47.136383    -45.928685    0.0008314480
  -47.136383    -37.578015    0.0006068875
  -47.136383    -29.227345    0.0003917491
  -47.136383    -20.876675    0.0002063654
  -47.136383    -12.526005    0.0000705099
  -47.136383     -4.175335    0.0000028496
  -47.136383      4.175335    0.0000204477
  -47.136383     12.526005    0.0001383264
  -47.136383     20.876675    0.0003690983
  -47.136383     29.227345    0.0007226745
  -47.136383     37.578015    0.0012060543
  -47.136383     45.928685    0.0018232030
  -47.136383     54.279355    0.0025750206
  -47.136383     62.630025    0.0034594042

  -40.851532    -62.630025    0.0009527684
  -40.851532    -54.279355    0.0008537005
  -40.851532    -45.928685    0.0007097244
  -40.851532    -37.578015    0.0005441203
  -40.851532    -29.227345    0.0003744578
  -40.851532    -20.876675    0.0002177900
  -40.851532    -12.526005    0.0000919594
  -40.851532     -4.175335    0.0000149117
  -40.851532      4.175335    0.0000034217
  -40.851532     12.526005    0.0000721419
  -40.851532     20.876675    0.0002333888
  -40.851532     29.227345    0.0004975894
  -40.851532     37.578015    0.0008738168
  -40.851532     45.928685    0.0013693482
  -40.851532     54.279355    0.0019866870
  -40.851532     62.630025    0.0027159954

  -34.566681    -62.630025    0.0006497953
  -34.566681    -54.279355    0.0006218725
  -34.566681    -45.928685    0.0005464567
  -34.566681    -37.578015    0.0004409302
  -34.566681    -29.227345    0.0003202521
  -34.566681    -20.876675    0.0001994601
  -34.566681    -12.526005    0.0000942219
  -34.566681     -4.175335    0.0000203665
  -34.566681      4.175335   -0.0000069149
  -34.566681     12.526005    0.0000262592
  -34.566681     20.876675    0.0001321367
  -34.566681     29.227345    0.0003213415
  -34.566681     37.578015    0.0006029669
  -34.566681     45.928685    0.0009842677
  -34.566681     54.279355    0.0014692290
  -34.566681     62.630025    0.0020550576

  -28.281830    -62.630025    0.0003511357
  -28.281830    -54.279355    0.0003782318
  -28.281830    -45.928685    0.0003632727
  -28.281830    -37.578015    0.0003137082
  -28.281830    -29.227345    0.0002413286
  -28.281830    -20.876675    0.0001593729
  -28.281830    -12.526005    0.0000812527
  -28.281830     -4.175335    0.0000201445
  -28.281830      4.175335   -0.0000111045
  -28.281830     12.526005   -0.0000001175
  -28.281830     20.876675    0.0000646500
  -28.281830     29.227345    0.0001933523
  -28.281830     37.578015    0.0003942099
  -28.281830     45.928685    0.0006733883
  -28.281830     54.279355    0.0010358936
  -28.281830     62.630025    0.0014882765

  -21.996979    -62.630025    0.0000921447
  -21.996979    -54.279355    0.0001573938
  -21.996979    -45.928685    0.0001862898
  -21.996979    -37.578015    0.0001815519
  -21.996979    -29.227345    0.0001517258
  -21.996979    -20.876675    0.0001071693
  -21.996979    -12.526005    0.0000584129
  -21.996979     -4.175335    0.0000157985
  -21.996979      4.175335   -0.0000104182
  -21.996979     12.526005   -0.0000100397
  -21.996979     20.876675    0.0000267669
  -21.996979     29.227345    0.0001088491
  -21.996979     37.578015    0.0002434309
  -21.996979     45.928685    0.0004360346
  -21.996979     54.279355    0.0006918149
  -21.996979     62.630025    0.0010194408

  -15.712128    -62.630025   -0.0000908600
  -15.712128    -54.279355   -0.0000083465
  -15.712128    -45.928685    0.0000427033
  -15.712128    -37.578015    0.0000662289
  -15.712128    -29.227345    0.0000678504
  -15.712128    -20.876675    0.0000541291
  -15.712128    -12.526005    0.0000321623
  -15.712128     -4.175335    0.0000093573
  -15.712128      4.175335   -0.0000067312
  -15.712128     12.526005   -0.0000085734
  -15.712128     20.876675    0.0000111199
  -15.712128     29.227345    0.0000591444
  -15.712128     37.578015    0.0001415603
  -15.712128     45.928685    0.0002635496
  -15.712128     54.279355    0.0004294997
  -15.712128     62.630025    0.0006434840

   -9.427277    -62.630025   -0.0001632674
   -9.427277    -54.279355   -0.0000903393
   -9.427277    -45.928685   -0.0000408786
   -9.427277    -37.578015   -0.0000092666
   -9.427277    -29.227345    0.0000075851
   -9.427277    -20.876675    0.0000126786
   -9.427277    -12.526005    0.0000097465
   -9.427277     -4.175335    0.0000031847
   -9.427277      4.175335   -0.0000023453
   -9.427277     12.526005   -0.0000022702
   -9.427277     20.876675    0.0000077674
   -9.427277     29.227345    0.0000320121
   -9.427277     37.578015    0.0000747426
   -9.427277     45.928685    0.0001400953
   -9.427277     54.279355    0.0002310092
   -9.427277     62.630025    0.0003465537

   -3.142426    -62.630025   -0.0000947762
   -3.142426    -54.279355   -0.0000625659
   -3.142426    -45.928685   -0.0000395360
   -3.142426    -37.578015   -0.0000227394
   -3.142426    -29.227345   -0.0000112558
   -3.142426    -20.876675   -0.0000044209
   -3.142426    -12.526005   -0.0000011986
   -3.142426     -4.175335   -0.0000001757
   -3.142426      4.175335    0.0000002108
   -3.142426     12.526005    0.0000014736
   -3.142426     20.876675    0.0000050324
   -3.142426     29.227345    0.0000123297
   -3.142426     37.578015    0.0000249744
   -3.142426     45.928685    0.0000446559
   -3.142426     54.279355    0.0000724375
   -3.142426     62.630025    0.0001069132

    3.142426    -62.630025    0.0001382049
    3.142426    -54.279355    0.0000986056
    3.142426    -45.928685    0.0000686690
    3.142426    -37.578015    0.0000452040
    3.142426    -29.227345    0.0000274427
    3.142426    -20.876675    0.0000149446
    3.142426    -12.526005    0.0000068428
    3.142426     -4.175335    0.0000018237
    3.142426      4.175335   -0.0000016180
    3.142426     12.526005   -0.0000049529
    3.142426     20.876675   -0.0000095737
    3.142426     29.227345   -0.0000169358
    3.142426     37.578015   -0.0000287310
    3.142426     45.928685   -0.0000467923
    3.142426     54.279355   -0.0000722743
    3.142426     62.630025   -0.0001035037

    9.427277    -62.630025    0.0005504963
    9.427277    -54.279355    0.0004123543
    9.427277    -45.928685    0.0003008770
    9.427277    -37.578015    0.0002095612
    9.427277    -29.227345    0.0001367481
    9.427277    -20.876675    0.0000812262
    9.427277    -12.526005    0.0000406553
    9.427277     -4.175335    0.0000115374
    9.427277      4.175335   -0.0000102259
    9.427277     12.526005   -0.0000288283
    9.427277     20.876675   -0.0000484308
    9.427277     29.227345   -0.0000734148
    9.427277     37.578015   -0.0001087059
    9.427277     45.928685   -0.0001595368
    9.427277     54.279355   -0.0002297041
    9.427277     62.630025   -0.0003170520

   15.712128    -62.630025    0.0011465575
   15.712128    -54.279355    0.0008890661
   15.712128    -45.928685    0.0006671923
   15.712128    -37.578015    0.0004799110
   15.712128    -29.227345    0.0003257833
   15.712128    -20.876675    0.0002022855
   15.712128    -12.526005    0.0001056387
   15.712128     -4.175335    0.0000309241
   15.712128      4.175335   -0.0000276812
   15.712128     12.526005   -0.0000766573
   15.712128     20.876675   -0.0001229447
   15.712128     29.227345   -0.0001738016
   15.712128     37.578015   -0.0002366711
   15.712128     45.928685   -0.0003189589
   15.712128     54.279355   -0.0004275696
   15.712128     62.630025   -0.0005680006

   21.996979    -62.630025    0.0019194974
   21.996979    -54.279355    0.0015253214
   21.996979    -45.928685    0.0011685448
   21.996979    -37.578015    0.0008599082
   21.996979    -29.227345    0.0005992542
   21.996979    -20.876675    0.0003826646
   21.996979    -12.526005    0.0002052166
   21.996979     -4.175335    0.0000613602
   21.996979      4.175335   -0.0000555834
   21.996979     12.526005   -0.0001538027
   21.996979     20.876675   -0.0002427545
   21.996979     29.227345   -0.0003323019
   21.996979     37.578015   -0.0004317301
   21.996979     45.928685   -0.0005496429
   21.996979     54.279355   -0.0006962379
   21.996979     62.630025   -0.0008899630

   28.281830    -62.630025    0.0028508098
   28.281830    -54.279355    0.0023013900
   28.281830    -45.928685    0.0017956044
   28.281830    -37.578015    0.0013470180
   28.281830    -29.227345    0.0009571750
   28.281830    -20.876675    0.0006231455
   28.281830    -12.526005    0.0003404550
   28.281830     -4.175335    0.0001035044
   28.281830      4.175335   -0.0000949370
   28.281830     12.526005   -0.0002641111
   28.281830     20.876675   -0.0004149933
   28.281830     29.227345   -0.0005593540
   28.281830     37.578015   -0.0007086833
   28.281830     45.928685   -0.0008740273
   28.281830     54.279355   -0.0010683119
   28.281830     62.630025   -0.0013132554

   34.566681    -62.630025    0.0039109577
   34.566681    -54.279355    0.0031859809
   34.566681    -45.928685    0.0025301265
   34.566681    -37.578015    0.0019319938
   34.566681    -29.227345    0.0013943660
   34.566681    -20.876675    0.0009206786
   34.566681    -12.526005    0.0005100866
   34.566681     -4.175335    0.0001572564
   34.566681      4.175335   -0.0001460291
   34.566681     12.526005   -0.0004094003
   34.566681     20.876675   -0.0006435479
   34.566681     29.227345   -0.0008610090
   34.566681     37.578015   -0.0010771468
   34.566681     45.928685   -0.0013094164
   34.566681     54.279355   -0.0015720457
   34.566681     62.630025   -0.0018622959

   40.851532    -62.630025    0.0050609255
   40.851532    -54.279355    0.0041545663
   40.851532    -45.928685    0.0033505348
   40.851532    -37.578015    0.0025973825
   40.851532    -29.227345    0.0018991032
   40.851532    -20.876675    0.0012687446
   40.851532    -12.526005    0.0007111795
   40.851532     -4.175335    0.0002218676
   40.851532      4.175335   -0.0002082904
   40.851532     12.526005   -0.0005886233
   40.851532     20.876675   -0.0009282291
   40.851532     29.227345   -0.0012394481
   40.851532     37.578015   -0.0015420614
   40.851532     45.928685   -0.0018617270
   40.851532     54.279355   -0.0022128916
   40.851532     62.630025   -0.0025531384

   47.136383    -62.630025    0.0062548550
   47.136383    -54.279355    0.0052291739
   47.136383    -45.928685    0.0042439729
   47.136383    -37.578015    0.0033141188
   47.136383    -29.227345    0.0024500971
   47.136383    -20.876675    0.0016581994
   47.136383    -12.526005    0.0009407341
   47.136383     -4.175335    0.0002962661
   47.136383      4.175335   -0.0002801123
   47.136383     12.526005   -0.0007964763
   47.136383     20.876675   -0.0012637263
   47.136383     29.227345   -0.0016952076
   47.136383     37.578015   -0.0021062894
   47.136383     45.928685   -0.0025139041
   47.136383     54.279355   -0.0029360453
   47.136383     62.630025   -0.0033912252

