  -25.746645    -55.127356    0.0309461275
  -25.746645    -47.777042    0.0347348651
  -25.746645    -40.426728    0.0396253201
  -25.746645    -33.076414    0.0450419824
  -25.746645    -25.726100    0.0503754107
  -25.746645    -18.375785    0.0550244632
  -25.746645    -11.025471    0.0584586784
  -25.746645     -3.675157    0.0602817422
  -25.746645      3.675157    0.0602817422
  -25.746645     11.025471    0.0584586784
  -25.746645     18.375785    0.0550244632
  -25.746645     25.726100    0.0503754107
  -25.746645     33.076414    0.0450419824
  -25.746645     40.426728    0.0396253201
  -25.746645     47.777042    0.0347348651
  -25.746645     55.127356    0.0309461275

  -21.065436    -55.127356    0.0222974606
  -21.065436    -47.777042    0.0233214034
  -21.065436    -40.426728    0.0254257286
  -21.065436    -33.076414    0.0281825520
  -21.065436    -25.726100    0.0311346714
  -21.065436    -18.375785    0.0338318879
  -21.065436    -11.025471    0.0358786311
  -21.065436     -3.675157    0.0369805110
  -21.065436      3.675157    0.0369805110
  -21.065436     11.025471    0.0358786311
  -21.065436     18.375785    0.0338318879
  -21.065436     25.726100    0.0311346714
  -21.065436     33.076414    0.0281825520
  -21.065436     40.426728    0.0254257286
  -21.065436     47.777042    0.0233214034
  -21.065436     55.127356    0.0222974606

  -16.384228    -55.127356    0.0172434700
  -16.384228    -47.777042    0.0160975800
  -16.384228    -40.426728    0.0160312549
  -16.384228    -33.076414    0.0167207841
  -16.384228    -25.726100    0.0178254826
  -16.384228    -18.375785    0.0190116508
  -16.384228    -11.025471    0.0199864700
  -16.384228     -3.675157    0.0205320136
  -16.384228      3.675157    0.0205320136
  -16.384228     11.025471    0.0199864700
  -16.384228     18.375785    0.0190116508
  -16.384228     25.726100    0.0178254826
  -16.384228     33.076414    0.0167207841
  -16.384228     40.426728    0.0160312549
  -16.384228     47.777042    0.0160975800
  -16.384228     55.127356    0.0172434700

  -11.703020    -55.127356    0.0151618255
  -11.703020    -47.777042    0.0123315980
  -11.703020    -40.426728    0.0105804346
  -11.703020    -33.076414    0.0096693176
  -11.703020    -25.726100    0.0093473996
  -11.703020    -18.375785    0.0093691499
  -11.703020    -11.025471    0.0095191071
  -11.703020     -3.675157    0.0096368800
  -11.703020      3.675157    0.0096368800
  -11.703020     11.025471    0.0095191071
  -11.703020     18.375785    0.0093691499
  -11.703020     25.726100    0.0093473996
  -11.703020     33.076414    0.0096693176
  -11.703020     40.426728    0.0105804346
  -11.703020     47.777042    0.0123315980
  -11.703020     55.127356    0.0151618255

   -7.021812    -55.127356    0.0155126642
   -7.021812    -47.777042    0.0113870097
   -7.021812    -40.426728    0.0083386588
   -7.021812    -33.076414    0.0061969169
   -7.021812    -25.726100    0.0047801347
   -7.021812    -18.375785    0.0039095472
   -7.021812    -11.025471    0.0034279986
   -7.021812     -3.675157    0.0032184514
   -7.021812      3.675157    0.0032184514
   -7.021812     11.025471    0.0034279986
   -7.021812     18.375785    0.0039095472
   -7.021812     25.726100    0.0047801347
   -7.021812     33.076414    0.0061969169
   -7.021812     40.426728    0.0083386588
   -7.021812     47.777042    0.0113870097
   -7.021812     55.127356    0.0155126642

   -2.340604    -55.127356    0.0178275756
   -2.340604    -47.777042    0.0127160613
   -2.340604    -40.426728    0.0086802799
   -2.340604    -33.076414    0.0056016125
   -2.340604    -25.726100    0.0033514649
   -2.340604    -18.375785    0.0018020237
   -2.340604    -11.025471    0.0008403293
   -2.340604     -3.675157    0.0003820214
   -2.340604      3.675157    0.0003820214
   -2.340604     11.025471    0.0008403293
   -2.340604     18.375785    0.0018020237
   -2.340604     25.726100    0.0033514649
   -2.340604     33.076414    0.0056016125
   -2.340604     40.426728    0.0086802799
   -2.340604     47.777042    0.0127160613
   -2.340604     55.127356    0.0178275756

    2.340604    -55.127356    0.0216999607
    2.340604    -47.777042    0.0158491280
    2.340604    -40.426728    0.0110722126
    2.340604    -33.076414    0.0072890080
    2.340604    -25.726100    0.0044114287
    2.340604    -18.375785    0.0023506634
    2.340604    -11.025471    0.0010273340
    2.340604     -3.675157    0.0003817010
    2.340604      3.675157    0.0003817010
    2.340604     11.025471    0.0010273340
    2.340604     18.375785    0.0023506634
    2.340604     25.726100    0.0044114287
    2.340604     33.076414    0.0072890080
    2.340604     40.426728    0.0110722126
    2.340604     47.777042    0.0158491280
    2.340604     55.127356    0.0216999607

    7.021812    -55.127356    0.0267766382
    7.021812    -47.777042    0.0203830076
    7.021812    -40.426728    0.0150594263
    7.021812    -33.076414    0.0107546705
    7.021812    -25.726100    0.0074115195
    7.021812    -18.375785    0.0049708167
    7.021812    -11.025471    0.0033785844
    7.021812     -3.675157    0.0025936172
    7.021812      3.675157    0.0025936172
    7.021812     11.025471    0.0033785844
    7.021812     18.375785    0.0049708167
    7.021812     25.726100    0.0074115195
    7.021812     33.076414    0.0107546705
    7.021812     40.426728    0.0150594263
    7.021812     47.777042    0.0203830076
    7.021812     55.127356    0.0267766382

   11.703020    -55.127356    0.0327505812
   11.703020    -47.777042    0.0259700567
   11.703020    -40.426728    0.0202525519
   11.703020    -33.076414    0.0155697185
   11.703020    -25.726100    0.0118878054
   11.703020    -18.375785    0.0091699420
   11.703020    -11.025471    0.0073812057
   11.703020     -3.675157    0.0064943128
   11.703020      3.675157    0.0064943128
   11.703020     11.025471    0.0073812057
   11.703020     18.375785    0.0091699420
   11.703020     25.726100    0.0118878054
   11.703020     33.076414    0.0155697185
   11.703020     40.426728    0.0202525519
   11.703020     47.777042    0.0259700567
   11.703020     55.127356    0.0327505812

   16.384228    -55.127356    0.0393546838
   16.384228    -47.777042    0.0323093678
   16.384228    -40.426728    0.0263176517
   16.384228    -33.076414    0.0213689108
   16.384228    -25.726100    0.0174471170
   16.384228    -18.375785    0.0145320826
   16.384228    -11.025471    0.0126031248
   16.384228     -3.675157    0.0116433711
   16.384228      3.675157    0.0116433711
   16.384228     11.025471    0.0126031248
   16.384228     18.375785    0.0145320826
   16.384228     25.726100    0.0174471170
   16.384228     33.076414    0.0213689108
   16.384228     40.426728    0.0263176517
   16.384228     47.777042    0.0323093678
   16.384228     55.127356    0.0393546838

   21.065436    -55.127356    0.0463564669
   21.065436    -47.777042    0.0391404041
   21.065436    -40.426728    0.0329680266
   21.065436    -33.076414    0.0278407321
   21.065436    -25.726100    0.0237556692
   21.065436    -18.375785    0.0207052819
   21.065436    -11.025471    0.0186795916
   21.065436     -3.675157    0.0176694514
   21.065436      3.675157    0.0176694514
   21.065436     11.025471    0.0186795916
   21.065436     18.375785    0.0207052819
   21.065436     25.726100    0.0237556692
   21.065436     33.076414    0.0278407321
   21.065436     40.426728    0.0329680266
   21.065436     47.777042    0.0391404041
   21.065436     55.127356    0.0463564669

   25.746645    -55.127356    0.0535536473
   25.746645    -47.777042    0.0462387218
   25.746645    -40.426728    0.0399577618
   25.746645    -33.076414    0.0347191640
   25.746645    -25.726100    0.0305296945
   25.746645    -18.375785    0.0273913997
   25.746645    -11.025471    0.0253023503
   25.746645     -3.675157    0.0242590750
   25.746645      3.675157    0.0242590750
   25.746645     11.025471    0.0253023503
   25.746645     18.375785    0.0273913997
   25.746645     25.726100    0.0305296945
   25.746645     33.076414    0.0347191640
   25.746645     40.426728    0.0399577618
   25.746645     47.777042    0.0462387218
   25.746645     55.127356    0.0535536473

   30.427853    -55.127356    0.0607705062
   30.427853    -47.777042    0.0534126265
   30.427853    -40.426728    0.0470765360
   30.427853    -33.076414    0.0417770218
   30.427853    -25.726100    0.0375278881
   30.427853    -18.375785    0.0343379395
   30.427853    -11.025471    0.0322109764
   30.427853     -3.675157    0.0311476627
   30.427853      3.675157    0.0311476627
   30.427853     11.025471    0.0322109764
   30.427853     18.375785    0.0343379395
   30.427853     25.726100    0.0375278881
   30.427853     33.076414    0.0417770218
   30.427853     40.426728    0.0470765360
   30.427853     47.777042    0.0534126265
   30.427853     55.127356    0.0607705062

   35.109061    -55.127356    0.0678550050
   35.109061    -47.777042    0.0604988264
   35.109061    -40.426728    0.0541450468
   35.109061    -33.076414    0.0488209280
   35.109061    -25.726100    0.0445456786
   35.109061    -18.375785    0.0413316544
   35.109061    -11.025471    0.0391860322
   35.109061     -3.675157    0.0381124826
   35.109061      3.675157    0.0381124826
   35.109061     11.025471    0.0391860322
   35.109061     18.375785    0.0413316544
   35.109061     25.726100    0.0445456786
   35.109061     33.076414    0.0488209280
   35.109061     40.426728    0.0541450468
   35.109061     47.777042    0.0604988264
   35.109061     55.127356    0.0678550050

   39.790269    -55.127356    0.0746766115
   39.790269    -47.777042    0.0673543601
   39.790269    -40.426728    0.0610102309
   39.790269    -33.076414    0.0556881888
   39.790269    -25.726100    0.0514115593
   39.790269    -18.375785    0.0481938472
   39.790269    -11.025471    0.0460438333
   39.790269     -3.675157    0.0449673231
   39.790269      3.675157    0.0449673231
   39.790269     11.025471    0.0460438333
   39.790269     18.375785    0.0481938472
   39.790269     25.726100    0.0514115593
   39.790269     33.076414    0.0556881888
   39.790269     40.426728    0.0610102309
   39.790269     47.777042    0.0673543601
   39.790269     55.127356    0.0746766114

   44.471477    -55.127356    0.0811248104
   44.471477    -47.777042    0.0738412921
   44.471477    -40.426728    0.0675392812
   44.471477    -33.076414    0.0622460285
   44.471477    -25.726100    0.0579859304
   44.471477    -18.375785    0.0547774373
   44.471477    -11.025471    0.0526327515
   44.471477     -3.675157    0.0515588673
   44.471477      3.675157    0.0515588673
   44.471477     11.025471    0.0526327515
   44.471477     18.375785    0.0547774373
   44.471477     25.726100    0.0579859304
   44.471477     33.076414    0.0622460285
   44.471477     40.426728    0.0675392812
   44.471477     47.777042    0.0738412921
   44.471477     55.127356    0.0811248104

