  -45.038700   -119.276109    0.0387758794
  -45.038700   -103.372628    0.0392869291
  -45.038700    -87.469147    0.0398087091
  -45.038700    -71.565666    0.0403243391
  -45.038700    -55.662184    0.0408209953
  -45.038700    -39.758703    0.0412900741
  -45.038700    -23.855222    0.0417273232
  -45.038700     -7.951741    0.0421329402
  -45.038700      7.951741    0.0425116385
  -45.038700     23.855222    0.0428726818
  -45.038700     39.758703    0.0432298850
  -45.038700     55.662184    0.0436015835
  -45.038700     71.565666    0.0440105695
  -45.038700     87.469147    0.0444839968
  -45.038700    103.372628    0.0450532518
  -45.038700    119.276109    0.0457537937

  -39.033540   -119.276109    0.0290377698
  -39.033540   -103.372628    0.0292495907
  -39.033540    -87.469147    0.0294956089
  -39.033540    -71.565666    0.0297599333
  -39.033540    -55.662184    0.0300305994
  -39.033540    -39.758703    0.0302997414
  -39.033540    -23.855222    0.0305637305
  -39.033540     -7.951741    0.0308232784
  -39.033540      7.951741    0.0310835075
  -39.033540     23.855222    0.0313539866
  -39.033540     39.758703    0.0316487323
  -39.033540     55.662184    0.0319861764
  -39.033540     71.565666    0.0323890997
  -39.033540     87.469147    0.0328845308
  -39.033540    103.372628    0.0335036113
  -39.033540    119.276109    0.0342814269

  -33.028380   -119.276109    0.0210456794
  -33.028380   -103.372628    0.0209957458
  -33.028380    -87.469147    0.0210029609
  -33.028380    -71.565666    0.0210521398
  -33.028380    -55.662184    0.0211319315
  -33.028380    -39.758703    0.0212349801
  -33.028380    -23.855222    0.0213580556
  -33.028380     -7.951741    0.0215021541
  -33.028380      7.951741    0.0216725654
  -33.028380     23.855222    0.0218789113
  -33.028380     39.758703    0.0221351518
  -33.028380     55.662184    0.0224595601
  -33.028380     71.565666    0.0228746675
  -33.028380     87.469147    0.0234071761
  -33.028380    103.372628    0.0240878411
  -33.028380    119.276109    0.0249513217

  -27.023220   -119.276109    0.0146963779
  -27.023220   -103.372628    0.0144170875
  -27.023220    -87.469147    0.0142172416
  -27.023220    -71.565666    0.0140821887
  -27.023220    -55.662184    0.0140010054
  -27.023220    -39.758703    0.0139666501
  -27.023220    -23.855222    0.0139760887
  -27.023220     -7.951741    0.0140303928
  -27.023220      7.951741    0.0141348100
  -27.023220     23.855222    0.0142988055
  -27.023220     39.758703    0.0145360773
  -27.023220     55.662184    0.0148645421
  -27.023220     71.565666    0.0153062945
  -27.023220     87.469147    0.0158875373
  -27.023220    103.372628    0.0166384851
  -27.023220    119.276109    0.0175932386

  -21.018060   -119.276109    0.0098920445
  -21.018060   -103.372628    0.0094112465
  -21.018060    -87.469147    0.0090314555
  -21.018060    -71.565666    0.0087384373
  -21.018060    -55.662184    0.0085215510
  -21.018060    -39.758703    0.0083739052
  -21.018060    -23.855222    0.0082924868
  -21.018060     -7.951741    0.0082782641
  -21.018060      7.951741    0.0083362642
  -21.018060     23.855222    0.0084756230
  -21.018060     39.758703    0.0087096108
  -21.018060     55.662184    0.0090556300
  -21.018060     71.565666    0.0095351877
  -21.018060     87.469147    0.0101738417
  -21.018060    103.372628    0.0110011207
  -21.018060    119.276109    0.0120504177

  -15.012900   -119.276109    0.0065400678
  -15.012900   -103.372628    0.0058815569
  -15.012900    -87.469147    0.0053448439
  -15.012900    -71.565666    0.0049160210
  -15.012900    -55.662184    0.0045846131
  -15.012900    -39.758703    0.0043437446
  -15.012900    -23.855222    0.0041902795
  -15.012900     -7.951741    0.0041249357
  -15.012900      7.951741    0.0041523735
  -15.012900     23.855222    0.0042812584
  -15.012900     39.758703    0.0045242972
  -15.012900     55.662184    0.0048982490
  -15.012900     71.565666    0.0054239094
  -15.012900     87.469147    0.0061260699
  -15.012900    103.372628    0.0070334498
  -15.012900    119.276109    0.0081786039

   -9.007740   -119.276109    0.0045528456
   -9.007740   -103.372628    0.0037368202
   -9.007740    -87.469147    0.0030625976
   -9.007740    -71.565666    0.0025165139
   -9.007740    -55.662184    0.0020881635
   -9.007740    -39.758703    0.0017705795
   -9.007740    -23.855222    0.0015603902
   -9.007740     -7.951741    0.0014579471
   -9.007740      7.951741    0.0014674277
   -9.007740     23.855222    0.0015969123
   -9.007740     39.758703    0.0018584330
   -9.007740     55.662184    0.0022679979
   -9.007740     71.565666    0.0028455884
   -9.007740     87.469147    0.0036151295
   -9.007740    103.372628    0.0046044350
   -9.007740    119.276109    0.0058451254

   -3.002580   -119.276109    0.0038475830
   -3.002580   -103.372628    0.0028910703
   -3.002580    -87.469147    0.0020955744
   -3.002580    -71.565666    0.0014475980
   -3.002580    -55.662184    0.0009367245
   -3.002580    -39.758703    0.0005558144
   -3.002580    -23.855222    0.0003011749
   -3.002580     -7.951741    0.0001727037
   -3.002580      7.951741    0.0001740060
   -3.002580     23.855222    0.0003124857
   -3.002580     39.758703    0.0005994094
   -3.002580     55.662184    0.0010499451
   -3.002580     71.565666    0.0016831735
   -3.002580     87.469147    0.0025220737
   -3.002580    103.372628    0.0035934823
   -3.002580    119.276109    0.0049280259

    3.002580   -119.276109    0.0043460901
    3.002580   -103.372628    0.0032633374
    3.002580    -87.469147    0.0023600210
    3.002580    -71.565666    0.0016227405
    3.002580    -55.662184    0.0010410057
    3.002580    -39.758703    0.0006074430
    3.002580    -23.855222    0.0003179778
    3.002580     -7.951741    0.0001719902
    3.002580      7.951741    0.0001724464
    3.002580     23.855222    0.0003260036
    3.002580     39.758703    0.0006430905
    3.002580     55.662184    0.0011379623
    3.002580     71.565666    0.0018287295
    3.002580     87.469147    0.0027373624
    3.002580    103.372628    0.0038896692
    3.002580    119.276109    0.0053152499

    9.007740   -119.276109    0.0059745789
    9.007740   -103.372628    0.0047774117
    9.007740    -87.469147    0.0037772984
    9.007740    -71.565666    0.0029608818
    9.007740    -55.662184    0.0023175518
    9.007740    -39.758703    0.0018396587
    9.007740    -23.855222    0.0015227033
    9.007740     -7.951741    0.0013655038
    9.007740      7.951741    0.0013703386
    9.007740     23.855222    0.0015430670
    9.007740     39.758703    0.0018932249
    9.007740     55.662184    0.0024340988
    9.007740     71.565666    0.0031827754
    9.007740     87.469147    0.0041601678
    9.007740    103.372628    0.0053910192
    9.007740    119.276109    0.0069038821

   15.012900   -119.276109    0.0086634584
   15.012900   -103.372628    0.0073616073
   15.012900    -87.469147    0.0062736126
   15.012900    -71.565666    0.0053861307
   15.012900    -55.662184    0.0046884042
   15.012900    -39.758703    0.0041724800
   15.012900    -23.855222    0.0038334058
   15.012900     -7.951741    0.0036694069
   15.012900      7.951741    0.0036820414
   15.012900     23.855222    0.0038763344
   15.012900     39.758703    0.0042608920
   15.012900     55.662184    0.0048479936
   15.012900     71.565666    0.0056536640
   15.012900     87.469147    0.0066977242
   15.012900    103.372628    0.0080038215
   15.012900    119.276109    0.0095994389

   21.018060   -119.276109    0.0123471305
   21.018060   -103.372628    0.0109485251
   21.018060    -87.469147    0.0097797484
   21.018060    -71.565666    0.0088274693
   21.018060    -55.662184    0.0080807739
   21.018060    -39.758703    0.0075313904
   21.018060    -23.855222    0.0071738952
   21.018060     -7.951741    0.0070059005
   21.018060      7.951741    0.0070282228
   21.018060     23.855222    0.0072450320
   21.018060     39.758703    0.0076639830
   21.018060     55.662184    0.0082963270
   21.018060     71.565666    0.0091570046
   21.018060     87.469147    0.0102647202
   21.018060    103.372628    0.0116419974
   21.018060    119.276109    0.0133152150

   27.023220   -119.276109    0.0169637830
   27.023220   -103.372628    0.0154748159
   27.023220    -87.469147    0.0142308088
   27.023220    -71.565666    0.0132184672
   27.023220    -55.662184    0.0124267268
   27.023220    -39.758703    0.0118469929
   27.023220    -23.855222    0.0114733604
   27.023220     -7.951741    0.0113028166
   27.023220      7.951741    0.0113354253
   27.023220     23.855222    0.0115744929
   27.023220     39.758703    0.0120267161
   27.023220     55.662184    0.0127023116
   27.023220     71.565666    0.0136151274
   27.023220     87.469147    0.0147827366
   27.023220    103.372628    0.0162265117
   27.023220    119.276109    0.0179716822

   33.028380   -119.276109    0.0224551836
   33.028380   -103.372628    0.0208809430
   33.028380    -87.469147    0.0195659579
   33.028380    -71.565666    0.0184970037
   33.028380    -55.662184    0.0176628820
   33.028380    -39.758703    0.0170546793
   33.028380    -23.855222    0.0166660086
   33.028380     -7.951741    0.0164932301
   33.028380      7.951741    0.0165356543
   33.028380     23.855222    0.0167957254
   33.028380     39.758703    0.0172791857
   33.028380     55.662184    0.0179952217
   33.028380     71.565666    0.0189565902
   33.028380     87.469147    0.0201797261
   33.028380    103.372628    0.0216848308
   33.028380    119.276109    0.0234959424

   39.033540   -119.276109    0.0287664715
   39.033540   -103.372628    0.0271109447
   39.033540    -87.469147    0.0257281678
   39.033540    -71.565666    0.0246049999
   39.033540    -55.662184    0.0237301213
   39.033540    -39.758703    0.0230943143
   39.033540    -23.855222    0.0226907225
   39.033540     -7.951741    0.0225150917
   39.033540      7.951741    0.0225659902
   39.033540     23.855222    0.0228450097
   39.033540     39.758703    0.0233569466
   39.033540     55.662184    0.0241099626
   39.033540     71.565666    0.0251157271
   39.033540     87.469147    0.0263895385
   39.033540    103.372628    0.0279504262
   39.033540    119.276109    0.0298212330

   45.038700   -119.276109    0.0358459491
   45.038700   -103.372628    0.0341121960
   45.038700    -87.469147    0.0326639710
   45.038700    -71.565666    0.0314881587
   45.038700    -55.662184    0.0305733125
   45.038700    -39.758703    0.0299099337
   45.038700    -23.855222    0.0294907334
   45.038700     -7.951741    0.0293108792
   45.038700      7.951741    0.0293682249
   45.038700     23.855222    0.0296635250
   45.038700     39.758703    0.0302006319
   45.038700     55.662184    0.0309866777
   45.038700     71.565666    0.0320322395
   45.038700     87.469147    0.0333514887
   45.038700    103.372628    0.0349623238
   45.038700    119.276109    0.0368864872

