  -42.952389    -50.614883    0.0539192660
  -42.952389    -43.866232    0.0483969971
  -42.952389    -37.117581    0.0437153265
  -42.952389    -30.368930    0.0398568226
  -42.952389    -23.620279    0.0368016000
  -42.952389    -16.871628    0.0345302421
  -42.952389    -10.122977    0.0330261400
  -42.952389     -3.374326    0.0322772469
  -42.952389      3.374326    0.0322772469
  -42.952389     10.122977    0.0330261400
  -42.952389     16.871628    0.0345302421
  -42.952389     23.620279    0.0368016000
  -42.952389     30.368930    0.0398568226
  -42.952389     37.117581    0.0437153265
  -42.952389     43.866232    0.0483969971
  -42.952389     50.614883    0.0539192660

  -37.225404    -50.614883    0.0459971973
  -37.225404    -43.866232    0.0404202222
  -37.225404    -37.117581    0.0356918905
  -37.225404    -30.368930    0.0317946646
  -37.225404    -23.620279    0.0287085706
  -37.225404    -16.871628    0.0264141209
  -37.225404    -10.122977    0.0248946539
  -37.225404     -3.374326    0.0241380871
  -37.225404      3.374326    0.0241380871
  -37.225404     10.122977    0.0248946539
  -37.225404     16.871628    0.0264141209
  -37.225404     23.620279    0.0287085706
  -37.225404     30.368930    0.0317946646
  -37.225404     37.117581    0.0356918905
  -37.225404     43.866232    0.0404202222
  -37.225404     50.614883    0.0459971973

  -31.498419    -50.614883    0.0392719700
  -31.498419    -43.866232    0.0336490019
  -31.498419    -37.117581    0.0288814474
  -31.498419    -30.368930    0.0249516769
  -31.498419    -23.620279    0.0218396394
  -31.498419    -16.871628    0.0195257860
  -31.498419    -10.122977    0.0179934087
  -31.498419     -3.374326    0.0172303945
  -31.498419      3.374326    0.0172303945
  -31.498419     10.122977    0.0179934087
  -31.498419     16.871628    0.0195257860
  -31.498419     23.620279    0.0218396394
  -31.498419     30.368930    0.0249516769
  -31.498419     37.117581    0.0288814474
  -31.498419     43.866232    0.0336490019
  -31.498419     50.614883    0.0392719700

  -25.771434    -50.614883    0.0337133531
  -25.771434    -43.866232    0.0280526906
  -25.771434    -37.117581    0.0232529953
  -25.771434    -30.368930    0.0192965595
  -25.771434    -23.620279    0.0161632675
  -25.771434    -16.871628    0.0138335186
  -25.771434    -10.122977    0.0122905660
  -25.771434     -3.374326    0.0115222706
  -25.771434      3.374326    0.0115222706
  -25.771434     10.122977    0.0122905660
  -25.771434     16.871628    0.0138335186
  -25.771434     23.620279    0.0161632675
  -25.771434     30.368930    0.0192965595
  -25.771434     37.117581    0.0232529953
  -25.771434     43.866232    0.0280526906
  -25.771434     50.614883    0.0337133531

  -20.044448    -50.614883    0.0292963013
  -20.044448    -43.866232    0.0236058979
  -20.044448    -37.117581    0.0187808463
  -20.044448    -30.368930    0.0148033763
  -20.044448    -23.620279    0.0116533197
  -20.044448    -16.871628    0.0093110341
  -20.044448    -10.122977    0.0077597410
  -20.044448     -3.374326    0.0069872807
  -20.044448      3.374326    0.0069872807
  -20.044448     10.122977    0.0077597410
  -20.044448     16.871628    0.0093110341
  -20.044448     23.620279    0.0116533197
  -20.044448     30.368930    0.0148033763
  -20.044448     37.117581    0.0187808463
  -20.044448     43.866232    0.0236058979
  -20.044448     50.614883    0.0292963013

  -14.317463    -50.614883    0.0260008753
  -14.317463    -43.866232    0.0202884078
  -14.317463    -37.117581    0.0154445470
  -14.317463    -30.368930    0.0114514752
  -14.317463    -23.620279    0.0082889846
  -14.317463    -16.871628    0.0059374011
  -14.317463    -10.122977    0.0043799227
  -14.317463     -3.374326    0.0036043735
  -14.317463      3.374326    0.0036043735
  -14.317463     10.122977    0.0043799227
  -14.317463     16.871628    0.0059374011
  -14.317463     23.620279    0.0082889846
  -14.317463     30.368930    0.0114514752
  -14.317463     37.117581    0.0154445470
  -14.317463     43.866232    0.0202884078
  -14.317463     50.614883    0.0260008753

   -8.590478    -50.614883    0.0238121764
   -8.590478    -43.866232    0.0180851147
   -8.590478    -37.117581    0.0132288136
   -8.590478    -30.368930    0.0092254233
   -8.590478    -23.620279    0.0060547097
   -8.590478    -16.871628    0.0036969775
   -8.590478    -10.122977    0.0021354088
   -8.590478     -3.374326    0.0013578172
   -8.590478      3.374326    0.0013578172
   -8.590478     10.122977    0.0021354088
   -8.590478     16.871628    0.0036969775
   -8.590478     23.620279    0.0060547097
   -8.590478     30.368930    0.0092254233
   -8.590478     37.117581    0.0132288136
   -8.590478     43.866232    0.0180851147
   -8.590478     50.614883    0.0238121764

   -2.863493    -50.614883    0.0227202993
   -2.863493    -43.866232    0.0169859751
   -2.863493    -37.117581    0.0121234834
   -2.863493    -30.368930    0.0081149587
   -2.863493    -23.620279    0.0049401536
   -2.863493    -16.871628    0.0025793620
   -2.863493    -10.122977    0.0010157581
   -2.863493     -3.374326    0.0002371503
   -2.863493      3.374326    0.0002371503
   -2.863493     10.122977    0.0010157581
   -2.863493     16.871628    0.0025793620
   -2.863493     23.620279    0.0049401536
   -2.863493     30.368930    0.0081149587
   -2.863493     37.117581    0.0121234834
   -2.863493     43.866232    0.0169859751
   -2.863493     50.614883    0.0227202993

    2.863493    -50.614883    0.0227202993
    2.863493    -43.866232    0.0169859751
    2.863493    -37.117581    0.0121234834
    2.863493    -30.368930    0.0081149587
    2.863493    -23.620279    0.0049401536
    2.863493    -16.871628    0.0025793620
    2.863493    -10.122977    0.0010157581
    2.863493     -3.374326    0.0002371503
    2.863493      3.374326    0.0002371503
    2.863493     10.122977    0.0010157581
    2.863493     16.871628    0.0025793620
    2.863493     23.620279    0.0049401536
    2.863493     30.368930    0.0081149587
    2.863493     37.117581    0.0121234834
    2.863493     43.866232    0.0169859751
    2.863493     50.614883    0.0227202993

    8.590478    -50.614883    0.0238121764
    8.590478    -43.866232    0.0180851147
    8.590478    -37.117581    0.0132288136
    8.590478    -30.368930    0.0092254233
    8.590478    -23.620279    0.0060547097
    8.590478    -16.871628    0.0036969775
    8.590478    -10.122977    0.0021354088
    8.590478     -3.374326    0.0013578172
    8.590478      3.374326    0.0013578172
    8.590478     10.122977    0.0021354088
    8.590478     16.871628    0.0036969775
    8.590478     23.620279    0.0060547097
    8.590478     30.368930    0.0092254233
    8.590478     37.117581    0.0132288136
    8.590478     43.866232    0.0180851147
    8.590478     50.614883    0.0238121764

   14.317463    -50.614883    0.0260008753
   14.317463    -43.866232    0.0202884078
   14.317463    -37.117581    0.0154445470
   14.317463    -30.368930    0.0114514752
   14.317463    -23.620279    0.0082889846
   14.317463    -16.871628    0.0059374011
   14.317463    -10.122977    0.0043799227
   14.317463     -3.374326    0.0036043735
   14.317463      3.374326    0.0036043735
   14.317463     10.122977    0.0043799227
   14.317463     16.871628    0.0059374011
   14.317463     23.620279    0.0082889846
   14.317463     30.368930    0.0114514752
   14.317463     37.117581    0.0154445470
   14.317463     43.866232    0.0202884078
   14.317463     50.614883    0.0260008753

   20.044448    -50.614883    0.0292963013
   20.044448    -43.866232    0.0236058979
   20.044448    -37.117581    0.0187808463
   20.044448    -30.368930    0.0148033763
   20.044448    -23.620279    0.0116533197
   20.044448    -16.871628    0.0093110341
   20.044448    -10.122977    0.0077597410
   20.044448     -3.374326    0.0069872807
   20.044448      3.374326    0.0069872807
   20.044448     10.122977    0.0077597410
   20.044448     16.871628    0.0093110341
   20.044448     23.620279    0.0116533197
   20.044448     30.368930    0.0148033763
   20.044448     37.117581    0.0187808463
   20.044448     43.866232    0.0236058979
   20.044448     50.614883    0.0292963013

   25.771434    -50.614883    0.0337133531
   25.771434    -43.866232    0.0280526906
   25.771434    -37.117581    0.0232529953
   25.771434    -30.368930    0.0192965595
   25.771434    -23.620279    0.0161632675
   25.771434    -16.871628    0.0138335186
   25.771434    -10.122977    0.0122905660
   25.771434     -3.374326    0.0115222706
   25.771434      3.374326    0.0115222706
   25.771434     10.122977    0.0122905660
   25.771434     16.871628    0.0138335186
   25.771434     23.620279    0.0161632675
   25.771434     30.368930    0.0192965595
   25.771434     37.117581    0.0232529953
   25.771434     43.866232    0.0280526906
   25.771434     50.614883    0.0337133531

   31.498419    -50.614883    0.0392719700
   31.498419    -43.866232    0.0336490019
   31.498419    -37.117581    0.0288814474
   31.498419    -30.368930    0.0249516769
   31.498419    -23.620279    0.0218396394
   31.498419    -16.871628    0.0195257860
   31.498419    -10.122977    0.0179934087
   31.498419     -3.374326    0.0172303945
   31.498419      3.374326    0.0172303945
   31.498419     10.122977    0.0179934087
   31.498419     16.871628    0.0195257860
   31.498419     23.620279    0.0218396394
   31.498419     30.368930    0.0249516769
   31.498419     37.117581    0.0288814474
   31.498419     43.866232    0.0336490019
   31.498419     50.614883    0.0392719700

   37.225404    -50.614883    0.0459971973
   37.225404    -43.866232    0.0404202222
   37.225404    -37.117581    0.0356918905
   37.225404    -30.368930    0.0317946646
   37.225404    -23.620279    0.0287085706
   37.225404    -16.871628    0.0264141209
   37.225404    -10.122977    0.0248946539
   37.225404     -3.374326    0.0241380871
   37.225404      3.374326    0.0241380871
   37.225404     10.122977    0.0248946539
   37.225404     16.871628    0.0264141209
   37.225404     23.620279    0.0287085706
   37.225404     30.368930    0.0317946646
   37.225404     37.117581    0.0356918905
   37.225404     43.866232    0.0404202222
   37.225404     50.614883    0.0459971973

   42.952389    -50.614883    0.0539192660
   42.952389    -43.866232    0.0483969971
   42.952389    -37.117581    0.0437153265
   42.952389    -30.368930    0.0398568226
   42.952389    -23.620279    0.0368016000
   42.952389    -16.871628    0.0345302421
   42.952389    -10.122977    0.0330261400
   42.952389     -3.374326    0.0322772469
   42.952389      3.374326    0.0322772469
   42.952389     10.122977    0.0330261400
   42.952389     16.871628    0.0345302421
   42.952389     23.620279    0.0368016000
   42.952389     30.368930    0.0398568226
   42.952389     37.117581    0.0437153265
   42.952389     43.866232    0.0483969971
   42.952389     50.614883    0.0539192660

