  -34.795266    -55.127356    0.0677511984
  -34.795266    -47.777042    0.0699078004
  -34.795266    -40.426728    0.0731648394
  -34.795266    -33.076414    0.0770401351
  -34.795266    -25.726100    0.0810160489
  -34.795266    -18.375785    0.0845719853
  -34.795266    -11.025471    0.0872410673
  -34.795266     -3.675157    0.0886705356
  -34.795266      3.675157    0.0886705356
  -34.795266     11.025471    0.0872410673
  -34.795266     18.375785    0.0845719853
  -34.795266     25.726100    0.0810160489
  -34.795266     33.076414    0.0770401351
  -34.795266     40.426728    0.0731648394
  -34.795266     47.777042    0.0699078004
  -34.795266     55.127356    0.0677511984

  -30.155897    -55.127356    0.0544405804
  -30.155897    -47.777042    0.0543007357
  -30.155897    -40.426728    0.0553919401
  -30.155897    -33.076414    0.0571584379
  -30.155897    -25.726100    0.0591995749
  -30.155897    -18.375785    0.0611528125
  -30.155897    -11.025471    0.0626830467
  -30.155897     -3.675157    0.0635229615
  -30.155897      3.675157    0.0635229615
  -30.155897     11.025471    0.0626830467
  -30.155897     18.375785    0.0611528125
  -30.155897     25.726100    0.0591995749
  -30.155897     33.076414    0.0571584379
  -30.155897     40.426728    0.0553919401
  -30.155897     47.777042    0.0543007358
  -30.155897     55.127356    0.0544405804

  -25.516528    -55.127356    0.0437429037
  -25.516528    -47.777042    0.0419426679
  -25.516528    -40.426728    0.0412481884
  -25.516528    -33.076414    0.0413282994
  -25.516528    -25.726100    0.0418817542
  -25.516528    -18.375785    0.0426190277
  -25.516528    -11.025471    0.0432797429
  -25.516528     -3.675157    0.0436643969
  -25.516528      3.675157    0.0436643969
  -25.516528     11.025471    0.0432797429
  -25.516528     18.375785    0.0426190277
  -25.516528     25.726100    0.0418817542
  -25.516528     33.076414    0.0413282994
  -25.516528     40.426728    0.0412481884
  -25.516528     47.777042    0.0419426679
  -25.516528     55.127356    0.0437429037

  -20.877160    -55.127356    0.0353191071
  -20.877160    -47.777042    0.0322260390
  -20.877160    -40.426728    0.0301744955
  -20.877160    -33.076414    0.0289742964
  -20.877160    -25.726100    0.0283974216
  -20.877160    -18.375785    0.0282126089
  -20.877160    -11.025471    0.0282163632
  -20.877160     -3.675157    0.0282581572
  -20.877160      3.675157    0.0282581572
  -20.877160     11.025471    0.0282163632
  -20.877160     18.375785    0.0282126089
  -20.877160     25.726100    0.0283974216
  -20.877160     33.076414    0.0289742964
  -20.877160     40.426728    0.0301744955
  -20.877160     47.777042    0.0322260390
  -20.877160     55.127356    0.0353191071

  -16.237791    -55.127356    0.0288954951
  -16.237791    -47.777042    0.0248060162
  -16.237791    -40.426728    0.0217643618
  -16.237791    -33.076414    0.0196248892
  -16.237791    -25.726100    0.0182107373
  -16.237791    -18.375785    0.0173422477
  -16.237791    -11.025471    0.0168615484
  -16.237791     -3.675157    0.0166520701
  -16.237791      3.675157    0.0166520701
  -16.237791     11.025471    0.0168615484
  -16.237791     18.375785    0.0173422477
  -16.237791     25.726100    0.0182107373
  -16.237791     33.076414    0.0196248892
  -16.237791     40.426728    0.0217643618
  -16.237791     47.777042    0.0248060162
  -16.237791     55.127356    0.0288954951

  -11.598422    -55.127356    0.0242589977
  -11.598422    -47.777042    0.0194522831
  -11.598422    -40.426728    0.0157151899
  -11.598422    -33.076414    0.0129152583
  -11.598422    -25.726100    0.0109105828
  -11.598422    -18.375785    0.0095601561
  -11.598422    -11.025471    0.0087389946
  -11.598422     -3.675157    0.0083534778
  -11.598422      3.675157    0.0083534778
  -11.598422     11.025471    0.0087389946
  -11.598422     18.375785    0.0095601561
  -11.598422     25.726100    0.0109105828
  -11.598422     33.076414    0.0129152583
  -11.598422     40.426728    0.0157151899
  -11.598422     47.777042    0.0194522831
  -11.598422     55.127356    0.0242589977

   -6.959053    -55.127356    0.0212532880
   -6.959053    -47.777042    0.0159906089
   -6.959053    -40.426728    0.0118056182
   -6.959053    -33.076414    0.0085823852
   -6.959053    -25.726100    0.0062014102
   -6.959053    -18.375785    0.0045446807
   -6.959053    -11.025471    0.0035071459
   -6.959053     -3.675157    0.0030096568
   -6.959053      3.675157    0.0030096568
   -6.959053     11.025471    0.0035071459
   -6.959053     18.375785    0.0045446807
   -6.959053     25.726100    0.0062014102
   -6.959053     33.076414    0.0085823852
   -6.959053     40.426728    0.0118056182
   -6.959053     47.777042    0.0159906089
   -6.959053     55.127356    0.0212532880

   -2.319684    -55.127356    0.0197758181
   -2.319684    -47.777042    0.0142941062
   -2.319684    -40.426728    0.0098880187
   -2.319684    -33.076414    0.0064571677
   -2.319684    -25.726100    0.0038931899
   -2.319684    -18.375785    0.0020879470
   -2.319684    -11.025471    0.0009453620
   -2.319684     -3.675157    0.0003933741
   -2.319684      3.675157    0.0003933741
   -2.319684     11.025471    0.0009453620
   -2.319684     18.375785    0.0020879470
   -2.319684     25.726100    0.0038931899
   -2.319684     33.076414    0.0064571677
   -2.319684     40.426728    0.0098880187
   -2.319684     47.777042    0.0142941062
   -2.319684     55.127356    0.0197758181

    2.319684    -55.127356    0.0197758181
    2.319684    -47.777042    0.0142941062
    2.319684    -40.426728    0.0098880187
    2.319684    -33.076414    0.0064571677
    2.319684    -25.726100    0.0038931899
    2.319684    -18.375785    0.0020879470
    2.319684    -11.025471    0.0009453620
    2.319684     -3.675157    0.0003933741
    2.319684      3.675157    0.0003933741
    2.319684     11.025471    0.0009453620
    2.319684     18.375785    0.0020879470
    2.319684     25.726100    0.0038931899
    2.319684     33.076414    0.0064571677
    2.319684     40.426728    0.0098880187
    2.319684     47.777042    0.0142941062
    2.319684     55.127356    0.0197758181

    6.959053    -55.127356    0.0212532880
    6.959053    -47.777042    0.0159906089
    6.959053    -40.426728    0.0118056182
    6.959053    -33.076414    0.0085823852
    6.959053    -25.726100    0.0062014102
    6.959053    -18.375785    0.0045446807
    6.959053    -11.025471    0.0035071459
    6.959053     -3.675157    0.0030096568
    6.959053      3.675157    0.0030096568
    6.959053     11.025471    0.0035071459
    6.959053     18.375785    0.0045446807
    6.959053     25.726100    0.0062014102
    6.959053     33.076414    0.0085823852
    6.959053     40.426728    0.0118056182
    6.959053     47.777042    0.0159906089
    6.959053     55.127356    0.0212532880

   11.598422    -55.127356    0.0242589977
   11.598422    -47.777042    0.0194522831
   11.598422    -40.426728    0.0157151899
   11.598422    -33.076414    0.0129152583
   11.598422    -25.726100    0.0109105828
   11.598422    -18.375785    0.0095601561
   11.598422    -11.025471    0.0087389946
   11.598422     -3.675157    0.0083534778
   11.598422      3.675157    0.0083534778
   11.598422     11.025471    0.0087389946
   11.598422     18.375785    0.0095601561
   11.598422     25.726100    0.0109105828
   11.598422     33.076414    0.0129152583
   11.598422     40.426728    0.0157151899
   11.598422     47.777042    0.0194522831
   11.598422     55.127356    0.0242589977

   16.237791    -55.127356    0.0288954951
   16.237791    -47.777042    0.0248060162
   16.237791    -40.426728    0.0217643618
   16.237791    -33.076414    0.0196248892
   16.237791    -25.726100    0.0182107373
   16.237791    -18.375785    0.0173422477
   16.237791    -11.025471    0.0168615484
   16.237791     -3.675157    0.0166520701
   16.237791      3.675157    0.0166520701
   16.237791     11.025471    0.0168615484
   16.237791     18.375785    0.0173422477
   16.237791     25.726100    0.0182107373
   16.237791     33.076414    0.0196248892
   16.237791     40.426728    0.0217643618
   16.237791     47.777042    0.0248060162
   16.237791     55.127356    0.0288954951

   20.877160    -55.127356    0.0353191071
   20.877160    -47.777042    0.0322260390
   20.877160    -40.426728    0.0301744955
   20.877160    -33.076414    0.0289742964
   20.877160    -25.726100    0.0283974216
   20.877160    -18.375785    0.0282126089
   20.877160    -11.025471    0.0282163632
   20.877160     -3.675157    0.0282581572
   20.877160      3.675157    0.0282581572
   20.877160     11.025471    0.0282163632
   20.877160     18.375785    0.0282126089
   20.877160     25.726100    0.0283974216
   20.877160     33.076414    0.0289742964
   20.877160     40.426728    0.0301744955
   20.877160     47.777042    0.0322260390
   20.877160     55.127356    0.0353191071

   25.516528    -55.127356    0.0437429037
   25.516528    -47.777042    0.0419426679
   25.516528    -40.426728    0.0412481884
   25.516528    -33.076414    0.0413282994
   25.516528    -25.726100    0.0418817542
   25.516528    -18.375785    0.0426190277
   25.516528    -11.025471    0.0432797429
   25.516528     -3.675157    0.0436643969
   25.516528      3.675157    0.0436643969
   25.516528     11.025471    0.0432797429
   25.516528     18.375785    0.0426190277
   25.516528     25.726100    0.0418817542
   25.516528     33.076414    0.0413282994
   25.516528     40.426728    0.0412481884
   25.516528     47.777042    0.0419426679
   25.516528     55.127356    0.0437429037

   30.155897    -55.127356    0.0544405804
   30.155897    -47.777042    0.0543007357
   30.155897    -40.426728    0.0553919401
   30.155897    -33.076414    0.0571584379
   30.155897    -25.726100    0.0591995749
   30.155897    -18.375785    0.0611528125
   30.155897    -11.025471    0.0626830467
   30.155897     -3.675157    0.0635229615
   30.155897      3.675157    0.0635229615
   30.155897     11.025471    0.0626830467
   30.155897     18.375785    0.0611528125
   30.155897     25.726100    0.0591995749
   30.155897     33.076414    0.0571584379
   30.155897     40.426728    0.0553919401
   30.155897     47.777042    0.0543007358
   30.155897     55.127356    0.0544405804

   34.795266    -55.127356    0.0677511984
   34.795266    -47.777042    0.0699078004
   34.795266    -40.426728    0.0731648394
   34.795266    -33.076414    0.0770401351
   34.795266    -25.726100    0.0810160489
   34.795266    -18.375785    0.0845719853
   34.795266    -11.025471    0.0872410673
   34.795266     -3.675157    0.0886705356
   34.795266      3.675157    0.0886705356
   34.795266     11.025471    0.0872410673
   34.795266     18.375785    0.0845719853
   34.795266     25.726100    0.0810160489
   34.795266     33.076414    0.0770401351
   34.795266     40.426728    0.0731648394
   34.795266     47.777042    0.0699078004
   34.795266     55.127356    0.0677511984

