  -55.127356    -91.194683    0.0000362313
  -55.127356    -79.035392    0.0000474554
  -55.127356    -66.876101    0.0000463991
  -55.127356    -54.716810    0.0000379903
  -55.127356    -42.557519    0.0000263355
  -55.127356    -30.398228    0.0000147197
  -55.127356    -18.238937    0.0000056071
  -55.127356     -6.079646    0.0000006401
  -55.127356      6.079646    0.0000006401
  -55.127356     18.238937    0.0000056071
  -55.127356     30.398228    0.0000147197
  -55.127356     42.557519    0.0000263355
  -55.127356     54.716810    0.0000379903
  -55.127356     66.876101    0.0000463991
  -55.127356     79.035392    0.0000474554
  -55.127356     91.194683    0.0000362313

  -47.777042    -91.194683    0.0000517415
  -47.777042    -79.035392    0.0000548897
  -47.777042    -66.876101    0.0000491348
  -47.777042    -54.716810    0.0000383784
  -47.777042    -42.557519    0.0000258717
  -47.777042    -30.398228    0.0000142159
  -47.777042    -18.238937    0.0000053616
  -47.777042     -6.079646    0.0000006093
  -47.777042      6.079646    0.0000006093
  -47.777042     18.238937    0.0000053616
  -47.777042     30.398228    0.0000142159
  -47.777042     42.557519    0.0000258717
  -47.777042     54.716810    0.0000383784
  -47.777042     66.876101    0.0000491348
  -47.777042     79.035392    0.0000548897
  -47.777042     91.194683    0.0000517415

  -40.426728    -91.194683    0.0000520983
  -40.426728    -79.035392    0.0000511105
  -40.426728    -66.876101    0.0000439452
  -40.426728    -54.716810    0.0000335188
  -40.426728    -42.557519    0.0000222615
  -40.426728    -30.398228    0.0000121173
  -40.426728    -18.238937    0.0000045445
  -40.426728     -6.079646    0.0000005151
  -40.426728      6.079646    0.0000005151
  -40.426728     18.238937    0.0000045445
  -40.426728     30.398228    0.0000121173
  -40.426728     42.557519    0.0000222615
  -40.426728     54.716810    0.0000335188
  -40.426728     66.876101    0.0000439452
  -40.426728     79.035392    0.0000511105
  -40.426728     91.194683    0.0000520983

  -33.076414    -91.194683    0.0000432728
  -33.076414    -79.035392    0.0000408031
  -33.076414    -66.876101    0.0000343080
  -33.076414    -54.716810    0.0000258081
  -33.076414    -42.557519    0.0000169875
  -33.076414    -30.398228    0.0000091933
  -33.076414    -18.238937    0.0000034359
  -33.076414     -6.079646    0.0000003888
  -33.076414      6.079646    0.0000003888
  -33.076414     18.238937    0.0000034359
  -33.076414     30.398228    0.0000091933
  -33.076414     42.557519    0.0000169875
  -33.076414     54.716810    0.0000258081
  -33.076414     66.876101    0.0000343080
  -33.076414     79.035392    0.0000408031
  -33.076414     91.194683    0.0000432728

  -25.726100    -91.194683    0.0000302412
  -25.726100    -79.035392    0.0000278719
  -25.726100    -66.876101    0.0000231208
  -25.726100    -54.716810    0.0000172432
  -25.726100    -42.557519    0.0000112856
  -25.726100    -30.398228    0.0000060849
  -25.726100    -18.238937    0.0000022690
  -25.726100     -6.079646    0.0000002565
  -25.726100      6.079646    0.0000002565
  -25.726100     18.238937    0.0000022690
  -25.726100     30.398228    0.0000060849
  -25.726100     42.557519    0.0000112856
  -25.726100     54.716810    0.0000172432
  -25.726100     66.876101    0.0000231208
  -25.726100     79.035392    0.0000278719
  -25.726100     91.194683    0.0000302412

  -18.375785    -91.194683    0.0000169842
  -18.375785    -79.035392    0.0000154405
  -18.375785    -66.876101    0.0000127019
  -18.375785    -54.716810    0.0000094216
  -18.375785    -42.557519    0.0000061441
  -18.375785    -30.398228    0.0000033049
  -18.375785    -18.238937    0.0000012306
  -18.375785     -6.079646    0.0000001390
  -18.375785      6.079646    0.0000001390
  -18.375785     18.238937    0.0000012306
  -18.375785     30.398228    0.0000033049
  -18.375785     42.557519    0.0000061441
  -18.375785     54.716810    0.0000094216
  -18.375785     66.876101    0.0000127019
  -18.375785     79.035392    0.0000154405
  -18.375785     91.194683    0.0000169842

  -11.025471    -91.194683    0.0000064875
  -11.025471    -79.035392    0.0000058514
  -11.025471    -66.876101    0.0000047900
  -11.025471    -54.716810    0.0000035415
  -11.025471    -42.557519    0.0000023045
  -11.025471    -30.398228    0.0000012378
  -11.025471    -18.238937    0.0000004605
  -11.025471     -6.079646    0.0000000520
  -11.025471      6.079646    0.0000000520
  -11.025471     18.238937    0.0000004605
  -11.025471     30.398228    0.0000012378
  -11.025471     42.557519    0.0000023045
  -11.025471     54.716810    0.0000035415
  -11.025471     66.876101    0.0000047900
  -11.025471     79.035392    0.0000058514
  -11.025471     91.194683    0.0000064875

   -3.675157    -91.194683    0.0000007416
   -3.675157    -79.035392    0.0000006664
   -3.675157    -66.876101    0.0000005443
   -3.675157    -54.716810    0.0000004018
   -3.675157    -42.557519    0.0000002612
   -3.675157    -30.398228    0.0000001402
   -3.675157    -18.238937    0.0000000521
   -3.675157     -6.079646    0.0000000059
   -3.675157      6.079646    0.0000000059
   -3.675157     18.238937    0.0000000521
   -3.675157     30.398228    0.0000001402
   -3.675157     42.557519    0.0000002612
   -3.675157     54.716810    0.0000004018
   -3.675157     66.876101    0.0000005443
   -3.675157     79.035392    0.0000006664
   -3.675157     91.194683    0.0000007416

    3.675157    -91.194683    0.0000007416
    3.675157    -79.035392    0.0000006664
    3.675157    -66.876101    0.0000005443
    3.675157    -54.716810    0.0000004018
    3.675157    -42.557519    0.0000002612
    3.675157    -30.398228    0.0000001402
    3.675157    -18.238937    0.0000000521
    3.675157     -6.079646    0.0000000059
    3.675157      6.079646    0.0000000059
    3.675157     18.238937    0.0000000521
    3.675157     30.398228    0.0000001402
    3.675157     42.557519    0.0000002612
    3.675157     54.716810    0.0000004018
    3.675157     66.876101    0.0000005443
    3.675157     79.035392    0.0000006664
    3.675157     91.194683    0.0000007416

   11.025471    -91.194683    0.0000064875
   11.025471    -79.035392    0.0000058514
   11.025471    -66.876101    0.0000047900
   11.025471    -54.716810    0.0000035415
   11.025471    -42.557519    0.0000023045
   11.025471    -30.398228    0.0000012378
   11.025471    -18.238937    0.0000004605
   11.025471     -6.079646    0.0000000520
   11.025471      6.079646    0.0000000520
   11.025471     18.238937    0.0000004605
   11.025471     30.398228    0.0000012378
   11.025471     42.557519    0.0000023045
   11.025471     54.716810    0.0000035415
   11.025471     66.876101    0.0000047900
   11.025471     79.035392    0.0000058514
   11.025471     91.194683    0.0000064875

   18.375785    -91.194683    0.0000169842
   18.375785    -79.035392    0.0000154405
   18.375785    -66.876101    0.0000127019
   18.375785    -54.716810    0.0000094216
   18.375785    -42.557519    0.0000061441
   18.375785    -30.398228    0.0000033049
   18.375785    -18.238937    0.0000012306
   18.375785     -6.079646    0.0000001390
   18.375785      6.079646    0.0000001390
   18.375785     18.238937    0.0000012306
   18.375785     30.398228    0.0000033049
   18.375785     42.557519    0.0000061441
   18.375785     54.716810    0.0000094216
   18.375785     66.876101    0.0000127019
   18.375785     79.035392    0.0000154405
   18.375785     91.194683    0.0000169842

   25.726100    -91.194683    0.0000302412
   25.726100    -79.035392    0.0000278719
   25.726100    -66.876101    0.0000231208
   25.726100    -54.716810    0.0000172432
   25.726100    -42.557519    0.0000112856
   25.726100    -30.398228    0.0000060849
   25.726100    -18.238937    0.0000022690
   25.726100     -6.079646    0.0000002565
   25.726100      6.079646    0.0000002565
   25.726100     18.238937    0.0000022690
   25.726100     30.398228    0.0000060849
   25.726100     42.557519    0.0000112856
   25.726100     54.716810    0.0000172432
   25.726100     66.876101    0.0000231208
   25.726100     79.035392    0.0000278719
   25.726100     91.194683    0.0000302412

   33.076414    -91.194683    0.0000432728
   33.076414    -79.035392    0.0000408031
   33.076414    -66.876101    0.0000343080
   33.076414    -54.716810    0.0000258081
   33.076414    -42.557519    0.0000169875
   33.076414    -30.398228    0.0000091933
   33.076414    -18.238937    0.0000034359
   33.076414     -6.079646    0.0000003888
   33.076414      6.079646    0.0000003888
   33.076414     18.238937    0.0000034359
   33.076414     30.398228    0.0000091933
   33.076414     42.557519    0.0000169875
   33.076414     54.716810    0.0000258081
   33.076414     66.876101    0.0000343080
   33.076414     79.035392    0.0000408031
   33.076414     91.194683    0.0000432728

   40.426728    -91.194683    0.0000520983
   40.426728    -79.035392    0.0000511105
   40.426728    -66.876101    0.0000439452
   40.426728    -54.716810    0.0000335189
   40.426728    -42.557519    0.0000222615
   40.426728    -30.398228    0.0000121173
   40.426728    -18.238937    0.0000045445
   40.426728     -6.079646    0.0000005151
   40.426728      6.079646    0.0000005151
   40.426728     18.238937    0.0000045445
   40.426728     30.398228    0.0000121173
   40.426728     42.557519    0.0000222615
   40.426728     54.716810    0.0000335189
   40.426728     66.876101    0.0000439452
   40.426728     79.035392    0.0000511105
   40.426728     91.194683    0.0000520983

   47.777042    -91.194683    0.0000517415
   47.777042    -79.035392    0.0000548897
   47.777042    -66.876101    0.0000491348
   47.777042    -54.716810    0.0000383784
   47.777042    -42.557519    0.0000258717
   47.777042    -30.398228    0.0000142159
   47.777042    -18.238937    0.0000053616
   47.777042     -6.079646    0.0000006093
   47.777042      6.079646    0.0000006093
   47.777042     18.238937    0.0000053616
   47.777042     30.398228    0.0000142159
   47.777042     42.557519    0.0000258717
   47.777042     54.716810    0.0000383784
   47.777042     66.876101    0.0000491348
   47.777042     79.035392    0.0000548897
   47.777042     91.194683    0.0000517415

   55.127356    -91.194683    0.0000362313
   55.127356    -79.035392    0.0000474554
   55.127356    -66.876101    0.0000463992
   55.127356    -54.716810    0.0000379903
   55.127356    -42.557519    0.0000263355
   55.127356    -30.398228    0.0000147197
   55.127356    -18.238937    0.0000056071
   55.127356     -6.079646    0.0000006401
   55.127356      6.079646    0.0000006401
   55.127356     18.238937    0.0000056071
   55.127356     30.398228    0.0000147197
   55.127356     42.557519    0.0000263355
   55.127356     54.716810    0.0000379903
   55.127356     66.876101    0.0000463992
   55.127356     79.035392    0.0000474554
   55.127356     91.194683    0.0000362313

