  -35.358766    -50.614883    0.0819283182
  -35.358766    -43.866232    0.0802312034
  -35.358766    -37.117581    0.0791194677
  -35.358766    -30.368930    0.0784598371
  -35.358766    -23.620279    0.0781216808
  -35.358766    -16.871628    0.0779860729
  -35.358766    -10.122977    0.0779546540
  -35.358766     -3.374326    0.0779572179
  -35.358766      3.374326    0.0779572179
  -35.358766     10.122977    0.0779546540
  -35.358766     16.871628    0.0779860729
  -35.358766     23.620279    0.0781216808
  -35.358766     30.368930    0.0784598371
  -35.358766     37.117581    0.0791194677
  -35.358766     43.866232    0.0802312034
  -35.358766     50.614883    0.0819283182

  -30.644264    -50.614883    0.0659960128
  -30.644264    -43.866232    0.0631431534
  -30.644264    -37.117581    0.0609776684
  -30.644264    -30.368930    0.0593692902
  -30.644264    -23.620279    0.0582193659
  -30.644264    -16.871628    0.0574440373
  -30.644264    -10.122977    0.0569722032
  -30.644264     -3.374326    0.0567506513
  -30.644264      3.374326    0.0567506513
  -30.644264     10.122977    0.0569722032
  -30.644264     16.871628    0.0574440373
  -30.644264     23.620279    0.0582193659
  -30.644264     30.368930    0.0593692902
  -30.644264     37.117581    0.0609776684
  -30.644264     43.866232    0.0631431534
  -30.644264     50.614883    0.0659960128

  -25.929762    -50.614883    0.0529652824
  -25.929762    -43.866232    0.0492194192
  -25.929762    -37.117581    0.0462063046
  -25.929762    -30.368930    0.0438428192
  -25.929762    -23.620279    0.0420561214
  -25.929762    -16.871628    0.0407815656
  -25.929762    -10.122977    0.0399650684
  -25.929762     -3.374326    0.0395672361
  -25.929762      3.374326    0.0395672361
  -25.929762     10.122977    0.0399650684
  -25.929762     16.871628    0.0407815656
  -25.929762     23.620279    0.0420561214
  -25.929762     30.368930    0.0438428192
  -25.929762     37.117581    0.0462063046
  -25.929762     43.866232    0.0492194192
  -25.929762     50.614883    0.0529652824

  -21.215260    -50.614883    0.0425368547
  -21.215260    -43.866232    0.0380936558
  -21.215260    -37.117581    0.0344247806
  -21.215260    -30.368930    0.0314777626
  -21.215260    -23.620279    0.0291990321
  -21.215260    -16.871628    0.0275391407
  -21.215260    -10.122977    0.0264570884
  -21.215260     -3.374326    0.0259236533
  -21.215260      3.374326    0.0259236533
  -21.215260     10.122977    0.0264570884
  -21.215260     16.871628    0.0275391407
  -21.215260     23.620279    0.0291990321
  -21.215260     30.368930    0.0314777626
  -21.215260     37.117581    0.0344247806
  -21.215260     43.866232    0.0380936558
  -21.215260     50.614883    0.0425368547

  -16.500757    -50.614883    0.0344702000
  -16.500757    -43.866232    0.0294958241
  -16.500757    -37.117581    0.0253358530
  -16.500757    -30.368930    0.0219514824
  -16.500757    -23.620279    0.0193030321
  -16.500757    -16.871628    0.0173536522
  -16.500757    -10.122977    0.0160725875
  -16.500757     -3.374326    0.0154377998
  -16.500757      3.374326    0.0154377998
  -16.500757     10.122977    0.0160725875
  -16.500757     16.871628    0.0173536522
  -16.500757     23.620279    0.0193030321
  -16.500757     30.368930    0.0219514824
  -16.500757     37.117581    0.0253358530
  -16.500757     43.866232    0.0294958241
  -16.500757     50.614883    0.0344702000

  -11.786255    -50.614883    0.0285786209
  -11.786255    -43.866232    0.0232226537
  -11.786255    -37.117581    0.0187118690
  -11.786255    -30.368930    0.0150153014
  -11.786255    -23.620279    0.0121029740
  -11.786255    -16.871628    0.0099471444
  -11.786255    -10.122977    0.0085243306
  -11.786255     -3.374326    0.0078174327
  -11.786255      3.374326    0.0078174327
  -11.786255     10.122977    0.0085243306
  -11.786255     16.871628    0.0099471444
  -11.786255     23.620279    0.0121029740
  -11.786255     30.368930    0.0150153014
  -11.786255     37.117581    0.0187118690
  -11.786255     43.866232    0.0232226537
  -11.786255     50.614883    0.0285786209

   -7.071753    -50.614883    0.0247253996
   -7.071753    -43.866232    0.0191243230
   -7.071753    -37.117581    0.0143866532
   -7.071753    -30.368930    0.0104886721
   -7.071753    -23.620279    0.0074066528
   -7.071753    -16.871628    0.0051182556
   -7.071753    -10.122977    0.0036044096
   -7.071753     -3.374326    0.0028511700
   -7.071753      3.374326    0.0028511700
   -7.071753     10.122977    0.0036044096
   -7.071753     16.871628    0.0051182556
   -7.071753     23.620279    0.0074066528
   -7.071753     30.368930    0.0104886721
   -7.071753     37.117581    0.0143866532
   -7.071753     43.866232    0.0191243230
   -7.071753     50.614883    0.0247253996

   -2.357251    -50.614883    0.0228209521
   -2.357251    -43.866232    0.0171004859
   -2.357251    -37.117581    0.0122511132
   -2.357251    -30.368930    0.0082542315
   -2.357251    -23.620279    0.0050892060
   -2.357251    -16.871628    0.0027360548
   -2.357251    -10.122977    0.0011777119
   -2.357251     -3.374326    0.0004017904
   -2.357251      3.374326    0.0004017904
   -2.357251     10.122977    0.0011777119
   -2.357251     16.871628    0.0027360548
   -2.357251     23.620279    0.0050892060
   -2.357251     30.368930    0.0082542315
   -2.357251     37.117581    0.0122511132
   -2.357251     43.866232    0.0171004859
   -2.357251     50.614883    0.0228209521

    2.357251    -50.614883    0.0228209521
    2.357251    -43.866232    0.0171004859
    2.357251    -37.117581    0.0122511132
    2.357251    -30.368930    0.0082542315
    2.357251    -23.620279    0.0050892060
    2.357251    -16.871628    0.0027360548
    2.357251    -10.122977    0.0011777119
    2.357251     -3.374326    0.0004017904
    2.357251      3.374326    0.0004017904
    2.357251     10.122977    0.0011777119
    2.357251     16.871628    0.0027360548
    2.357251     23.620279    0.0050892060
    2.357251     30.368930    0.0082542315
    2.357251     37.117581    0.0122511132
    2.357251     43.866232    0.0171004859
    2.357251     50.614883    0.0228209521

    7.071753    -50.614883    0.0247253996
    7.071753    -43.866232    0.0191243230
    7.071753    -37.117581    0.0143866532
    7.071753    -30.368930    0.0104886721
    7.071753    -23.620279    0.0074066528
    7.071753    -16.871628    0.0051182556
    7.071753    -10.122977    0.0036044096
    7.071753     -3.374326    0.0028511700
    7.071753      3.374326    0.0028511700
    7.071753     10.122977    0.0036044096
    7.071753     16.871628    0.0051182556
    7.071753     23.620279    0.0074066528
    7.071753     30.368930    0.0104886721
    7.071753     37.117581    0.0143866532
    7.071753     43.866232    0.0191243230
    7.071753     50.614883    0.0247253996

   11.786255    -50.614883    0.0285786209
   11.786255    -43.866232    0.0232226537
   11.786255    -37.117581    0.0187118690
   11.786255    -30.368930    0.0150153014
   11.786255    -23.620279    0.0121029740
   11.786255    -16.871628    0.0099471444
   11.786255    -10.122977    0.0085243306
   11.786255     -3.374326    0.0078174327
   11.786255      3.374326    0.0078174327
   11.786255     10.122977    0.0085243306
   11.786255     16.871628    0.0099471444
   11.786255     23.620279    0.0121029740
   11.786255     30.368930    0.0150153014
   11.786255     37.117581    0.0187118690
   11.786255     43.866232    0.0232226537
   11.786255     50.614883    0.0285786209

   16.500757    -50.614883    0.0344702000
   16.500757    -43.866232    0.0294958241
   16.500757    -37.117581    0.0253358530
   16.500757    -30.368930    0.0219514824
   16.500757    -23.620279    0.0193030321
   16.500757    -16.871628    0.0173536522
   16.500757    -10.122977    0.0160725875
   16.500757     -3.374326    0.0154377998
   16.500757      3.374326    0.0154377998
   16.500757     10.122977    0.0160725875
   16.500757     16.871628    0.0173536522
   16.500757     23.620279    0.0193030321
   16.500757     30.368930    0.0219514824
   16.500757     37.117581    0.0253358530
   16.500757     43.866232    0.0294958241
   16.500757     50.614883    0.0344702000

   21.215260    -50.614883    0.0425368547
   21.215260    -43.866232    0.0380936558
   21.215260    -37.117581    0.0344247806
   21.215260    -30.368930    0.0314777626
   21.215260    -23.620279    0.0291990321
   21.215260    -16.871628    0.0275391407
   21.215260    -10.122977    0.0264570884
   21.215260     -3.374326    0.0259236533
   21.215260      3.374326    0.0259236533
   21.215260     10.122977    0.0264570884
   21.215260     16.871628    0.0275391407
   21.215260     23.620279    0.0291990321
   21.215260     30.368930    0.0314777626
   21.215260     37.117581    0.0344247806
   21.215260     43.866232    0.0380936558
   21.215260     50.614883    0.0425368547

   25.929762    -50.614883    0.0529652824
   25.929762    -43.866232    0.0492194192
   25.929762    -37.117581    0.0462063046
   25.929762    -30.368930    0.0438428192
   25.929762    -23.620279    0.0420561214
   25.929762    -16.871628    0.0407815656
   25.929762    -10.122977    0.0399650684
   25.929762     -3.374326    0.0395672361
   25.929762      3.374326    0.0395672361
   25.929762     10.122977    0.0399650684
   25.929762     16.871628    0.0407815656
   25.929762     23.620279    0.0420561214
   25.929762     30.368930    0.0438428192
   25.929762     37.117581    0.0462063046
   25.929762     43.866232    0.0492194192
   25.929762     50.614883    0.0529652824

   30.644264    -50.614883    0.0659960128
   30.644264    -43.866232    0.0631431534
   30.644264    -37.117581    0.0609776684
   30.644264    -30.368930    0.0593692902
   30.644264    -23.620279    0.0582193659
   30.644264    -16.871628    0.0574440373
   30.644264    -10.122977    0.0569722032
   30.644264     -3.374326    0.0567506513
   30.644264      3.374326    0.0567506513
   30.644264     10.122977    0.0569722032
   30.644264     16.871628    0.0574440373
   30.644264     23.620279    0.0582193659
   30.644264     30.368930    0.0593692902
   30.644264     37.117581    0.0609776684
   30.644264     43.866232    0.0631431534
   30.644264     50.614883    0.0659960128

   35.358766    -50.614883    0.0819283182
   35.358766    -43.866232    0.0802312034
   35.358766    -37.117581    0.0791194677
   35.358766    -30.368930    0.0784598371
   35.358766    -23.620279    0.0781216808
   35.358766    -16.871628    0.0779860729
   35.358766    -10.122977    0.0779546540
   35.358766     -3.374326    0.0779572179
   35.358766      3.374326    0.0779572179
   35.358766     10.122977    0.0779546540
   35.358766     16.871628    0.0779860729
   35.358766     23.620279    0.0781216808
   35.358766     30.368930    0.0784598371
   35.358766     37.117581    0.0791194677
   35.358766     43.866232    0.0802312034
   35.358766     50.614883    0.0819283182

