  -25.746645    -47.456659    0.0665458846
  -25.746645    -41.129105    0.0643308960
  -25.746645    -34.801550    0.0627825155
  -25.746645    -28.473996    0.0617603999
  -25.746645    -22.146441    0.0611308834
  -25.746645    -15.818886    0.0607747970
  -25.746645     -9.491332    0.0605950198
  -25.746645     -3.163777    0.0605229011
  -25.746645      3.163777    0.0605229011
  -25.746645      9.491332    0.0605950198
  -25.746645     15.818886    0.0607747970
  -25.746645     22.146441    0.0611308834
  -25.746645     28.473996    0.0617603999
  -25.746645     34.801550    0.0627825155
  -25.746645     41.129105    0.0643308960
  -25.746645     47.456659    0.0665458846

  -21.065436    -47.456659    0.0503277502
  -21.065436    -41.129105    0.0465469230
  -21.065436    -34.801550    0.0435480045
  -21.065436    -28.473996    0.0412346169
  -21.065436    -22.146441    0.0395144429
  -21.065436    -15.818886    0.0383049081
  -21.065436     -9.491332    0.0375385917
  -21.065436     -3.163777    0.0371677882
  -21.065436      3.163777    0.0371677882
  -21.065436      9.491332    0.0375385917
  -21.065436     15.818886    0.0383049081
  -21.065436     22.146441    0.0395144429
  -21.065436     28.473996    0.0412346169
  -21.065436     34.801550    0.0435480045
  -21.065436     41.129105    0.0465469230
  -21.065436     47.456659    0.0503277502

  -16.384228    -47.456659    0.0392226897
  -16.384228    -41.129105    0.0342575329
  -16.384228    -34.801550    0.0301629450
  -16.384228    -28.473996    0.0268752716
  -16.384228    -22.146441    0.0243329409
  -16.384228    -15.818886    0.0224805398
  -16.384228     -9.491332    0.0212726495
  -16.384228     -3.163777    0.0206770571
  -16.384228      3.163777    0.0206770571
  -16.384228      9.491332    0.0212726495
  -16.384228     15.818886    0.0224805398
  -16.384228     22.146441    0.0243329409
  -16.384228     28.473996    0.0268752716
  -16.384228     34.801550    0.0301629450
  -16.384228     41.129105    0.0342575329
  -16.384228     47.456659    0.0392226897

  -11.703020    -47.456659    0.0323092457
  -11.703020    -41.129105    0.0264607984
  -11.703020    -34.801550    0.0215488756
  -11.703020    -28.473996    0.0175347297
  -11.703020    -22.146441    0.0143796995
  -11.703020    -15.818886    0.0120484346
  -11.703020     -9.491332    0.0105117256
  -11.703020     -3.163777    0.0097487739
  -11.703020      3.163777    0.0097487739
  -11.703020      9.491332    0.0105117256
  -11.703020     15.818886    0.0120484346
  -11.703020     22.146441    0.0143796995
  -11.703020     28.473996    0.0175347297
  -11.703020     34.801550    0.0215488756
  -11.703020     41.129105    0.0264607984
  -11.703020     47.456659    0.0323092457

   -7.021812    -47.456659    0.0288066006
   -7.021812    -41.129105    0.0223117131
   -7.021812    -34.801550    0.0168010864
   -7.021812    -28.473996    0.0122544906
   -7.021812    -22.146441    0.0086502511
   -7.021812    -15.818886    0.0059678435
   -7.021812     -9.491332    0.0041900016
   -7.021812     -3.163777    0.0033043177
   -7.021812      3.163777    0.0033043177
   -7.021812      9.491332    0.0041900016
   -7.021812     15.818886    0.0059678435
   -7.021812     22.146441    0.0086502511
   -7.021812     28.473996    0.0122544906
   -7.021812     34.801550    0.0168010864
   -7.021812     41.129105    0.0223117131
   -7.021812     47.456659    0.0288066006

   -2.340604    -47.456659    0.0280520419
   -2.340604    -41.129105    0.0210968461
   -2.340604    -34.801550    0.0151591076
   -2.340604    -28.473996    0.0102319070
   -2.340604    -22.146441    0.0063060534
   -2.340604    -15.818886    0.0033719713
   -2.340604     -9.491332    0.0014211910
   -2.340604     -3.163777    0.0004474562
   -2.340604      3.163777    0.0004474562
   -2.340604      9.491332    0.0014211910
   -2.340604     15.818886    0.0033719713
   -2.340604     22.146441    0.0063060534
   -2.340604     28.473996    0.0102319070
   -2.340604     34.801550    0.0151591076
   -2.340604     41.129105    0.0210968461
   -2.340604     47.456659    0.0280520419

    2.340604    -47.456659    0.0294820583
    2.340604    -41.129105    0.0222127173
    2.340604    -34.801550    0.0159821845
    2.340604    -28.473996    0.0107929724
    2.340604    -22.146441    0.0066449762
    2.340604    -15.818886    0.0035366446
    2.340604     -9.491332    0.0014659443
    2.340604     -3.163777    0.0004311010
    2.340604      3.163777    0.0004311010
    2.340604      9.491332    0.0014659443
    2.340604     15.818886    0.0035366446
    2.340604     22.146441    0.0066449762
    2.340604     28.473996    0.0107929724
    2.340604     34.801550    0.0159821845
    2.340604     41.129105    0.0222127173
    2.340604     47.456659    0.0294820583

    7.021812    -47.456659    0.0326165510
    7.021812    -41.129105    0.0251476057
    7.021812    -34.801550    0.0187290315
    7.021812    -28.473996    0.0133701374
    7.021812    -22.146441    0.0090773660
    7.021812    -15.818886    0.0058549468
    7.021812     -9.491332    0.0037054838
    7.021812     -3.163777    0.0026304318
    7.021812      3.163777    0.0026304318
    7.021812      9.491332    0.0037054838
    7.021812     15.818886    0.0058549468
    7.021812     22.146441    0.0090773660
    7.021812     28.473996    0.0133701374
    7.021812     34.801550    0.0187290315
    7.021812     41.129105    0.0251476057
    7.021812     47.456659    0.0326165510

   11.703020    -47.456659    0.0370457027
   11.703020    -41.129105    0.0294664756
   11.703020    -34.801550    0.0229412216
   11.703020    -28.473996    0.0174842505
   11.703020    -22.146441    0.0131066542
   11.703020    -15.818886    0.0098167288
   11.703020     -9.491332    0.0076203452
   11.703020     -3.163777    0.0065212446
   11.703020      3.163777    0.0065212446
   11.703020      9.491332    0.0076203452
   11.703020     15.818886    0.0098167288
   11.703020     22.146441    0.0131066542
   11.703020     28.473996    0.0174842505
   11.703020     34.801550    0.0229412216
   11.703020     41.129105    0.0294664756
   11.703020     47.456659    0.0370457027

   16.384228    -47.456659    0.0424191049
   16.384228    -41.129105    0.0347986691
   16.384228    -34.801550    0.0282296389
   16.384228    -28.473996    0.0227298628
   16.384228    -22.146441    0.0183136432
   16.384228    -15.818886    0.0149920684
   16.384228     -9.491332    0.0127732582
   16.384228     -3.163777    0.0116625356
   16.384228      3.163777    0.0116625356
   16.384228      9.491332    0.0127732582
   16.384228     15.818886    0.0149920684
   16.384228     22.146441    0.0183136432
   16.384228     28.473996    0.0227298628
   16.384228     34.801550    0.0282296389
   16.384228     41.129105    0.0347986691
   16.384228     47.456659    0.0424191049

   21.065436    -47.456659    0.0484368034
   21.065436    -41.129105    0.0408279917
   21.065436    -34.801550    0.0342634852
   21.065436    -28.473996    0.0287632742
   21.065436    -22.146441    0.0243437622
   21.065436    -15.818886    0.0210179141
   21.065436     -9.491332    0.0187953660
   21.065436     -3.163777    0.0176825018
   21.065436      3.163777    0.0176825018
   21.065436      9.491332    0.0187953660
   21.065436     15.818886    0.0210179141
   21.065436     22.146441    0.0243437622
   21.065436     28.473996    0.0287632742
   21.065436     34.801550    0.0342634852
   21.065436     41.129105    0.0408279917
   21.065436     47.456659    0.0484368034

   25.746645    -47.456659    0.0548419826
   25.746645    -41.129105    0.0472847794
   25.746645    -34.801550    0.0407614029
   25.746645    -28.473996    0.0352928392
   25.746645    -22.146441    0.0308967528
   25.746645    -15.818886    0.0275873150
   25.746645     -9.491332    0.0253751426
   25.746645     -3.163777    0.0242672955
   25.746645      3.163777    0.0242672955
   25.746645      9.491332    0.0253751426
   25.746645     15.818886    0.0275873150
   25.746645     22.146441    0.0308967528
   25.746645     28.473996    0.0352928392
   25.746645     34.801550    0.0407614029
   25.746645     41.129105    0.0472847794
   25.746645     47.456659    0.0548419826

   30.427853    -47.456659    0.0614150658
   30.427853    -41.129105    0.0539395134
   30.427853    -34.801550    0.0474843425
   30.427853    -28.473996    0.0420711885
   30.427853    -22.146441    0.0377184033
   30.427853    -15.818886    0.0344408005
   30.427853     -9.491332    0.0322495317
   30.427853     -3.163777    0.0311520374
   30.427853      3.163777    0.0311520374
   30.427853      9.491332    0.0322495317
   30.427853     15.818886    0.0344408005
   30.427853     22.146441    0.0377184033
   30.427853     28.473996    0.0420711885
   30.427853     34.801550    0.0474843425
   30.427853     41.129105    0.0539395134
   30.427853     47.456659    0.0614150658

   35.109061    -47.456659    0.0679690703
   35.109061    -41.129105    0.0605975123
   35.109061    -34.801550    0.0542298687
   35.109061    -28.473996    0.0488891650
   35.109061    -22.146441    0.0445941185
   35.109061    -15.818886    0.0413596398
   35.109061     -9.491332    0.0391969896
   35.109061     -3.163777    0.0381137525
   35.109061      3.163777    0.0381137525
   35.109061      9.491332    0.0391969896
   35.109061     15.818886    0.0413596398
   35.109061     22.146441    0.0445941185
   35.109061     28.473996    0.0488891650
   35.109061     34.801550    0.0542298687
   35.109061     41.129105    0.0605975123
   35.109061     47.456659    0.0679690703

   39.790269    -47.456659    0.0743461120
   39.790269    -41.129105    0.0670942047
   39.790269    -34.801550    0.0608276707
   39.790269    -28.473996    0.0555714105
   39.790269    -22.146441    0.0513442708
   39.790269    -15.818886    0.0481608723
   39.790269     -9.491332    0.0460322816
   39.790269     -3.163777    0.0449660567
   39.790269      3.163777    0.0449660567
   39.790269      9.491332    0.0460322816
   39.790269     15.818886    0.0481608723
   39.790269     22.146441    0.0513442708
   39.790269     28.473996    0.0555714105
   39.790269     34.801550    0.0608276707
   39.790269     41.129105    0.0670942047
   39.790269     47.456659    0.0743461120

   44.471477    -47.456659    0.0804150171
   44.471477    -41.129105    0.0732904565
   44.471477    -34.801550    0.0671361055
   44.471477    -28.473996    0.0619736798
   44.471477    -22.146441    0.0578214437
   44.471477    -15.818886    0.0546941665
   44.471477     -9.491332    0.0526030391
   44.471477     -3.163777    0.0515555846
   44.471477      3.163777    0.0515555846
   44.471477      9.491332    0.0526030391
   44.471477     15.818886    0.0546941665
   44.471477     22.146441    0.0578214437
   44.471477     28.473996    0.0619736798
   44.471477     34.801550    0.0671361055
   44.471477     41.129105    0.0732904565
   44.471477     47.456659    0.0804150171

