  -44.766107    -38.681015    0.0114356961
  -44.766107    -33.523546    0.0084822115
  -44.766107    -28.366078    0.0060078719
  -44.766107    -23.208609    0.0039857331
  -44.766107    -18.051140    0.0023937878
  -44.766107    -12.893672    0.0012147227
  -44.766107     -7.736203    0.0004357228
  -44.766107     -2.578734    0.0000483262
  -44.766107      2.578734    0.0000483262
  -44.766107      7.736203    0.0004357228
  -44.766107     12.893672    0.0012147227
  -44.766107     18.051140    0.0023937878
  -44.766107     23.208609    0.0039857331
  -44.766107     28.366078    0.0060078719
  -44.766107     33.523546    0.0084822115
  -44.766107     38.681015    0.0114356961

  -40.053885    -38.681015    0.0101852938
  -40.053885    -33.523546    0.0075551985
  -40.053885    -28.366078    0.0053512957
  -40.053885    -23.208609    0.0035500358
  -40.053885    -18.051140    0.0021320091
  -40.053885    -12.893672    0.0010818292
  -40.053885     -7.736203    0.0003880381
  -40.053885     -2.578734    0.0000430365
  -40.053885      2.578734    0.0000430365
  -40.053885      7.736203    0.0003880381
  -40.053885     12.893672    0.0010818292
  -40.053885     18.051140    0.0021320091
  -40.053885     23.208609    0.0035500358
  -40.053885     28.366078    0.0053512957
  -40.053885     33.523546    0.0075551985
  -40.053885     38.681015    0.0101852938

  -35.341663    -38.681015    0.0089510561
  -35.341663    -33.523546    0.0066400004
  -35.341663    -28.366078    0.0047032325
  -35.341663    -23.208609    0.0031201871
  -35.341663    -18.051140    0.0018738885
  -35.341663    -12.893672    0.0009508621
  -35.341663     -7.736203    0.0003410637
  -35.341663     -2.578734    0.0000378268
  -35.341663      2.578734    0.0000378268
  -35.341663      7.736203    0.0003410637
  -35.341663     12.893672    0.0009508621
  -35.341663     18.051140    0.0018738885
  -35.341663     23.208609    0.0031201871
  -35.341663     28.366078    0.0047032325
  -35.341663     33.523546    0.0066400004
  -35.341663     38.681015    0.0089510561

  -30.629441    -38.681015    0.0077325911
  -30.629441    -33.523546    0.0057364145
  -30.629441    -28.366078    0.0040634395
  -30.629441    -23.208609    0.0026958978
  -30.629441    -18.051140    0.0016191608
  -30.629441    -12.893672    0.0008216431
  -30.629441     -7.736203    0.0002947237
  -30.629441     -2.578734    0.0000326878
  -30.629441      2.578734    0.0000326878
  -30.629441      7.736203    0.0002947237
  -30.629441     12.893672    0.0008216431
  -30.629441     18.051140    0.0016191608
  -30.629441     23.208609    0.0026958978
  -30.629441     28.366078    0.0040634395
  -30.629441     33.523546    0.0057364145
  -30.629441     38.681015    0.0077325911

  -25.917220    -38.681015    0.0065282425
  -25.917220    -33.523546    0.0048432507
  -25.917220    -28.366078    0.0034310094
  -25.917220    -23.208609    0.0022764875
  -25.917220    -18.051140    0.0013673628
  -25.917220    -12.893672    0.0006939112
  -25.917220     -7.736203    0.0002489173
  -25.917220     -2.578734    0.0000276081
  -25.917220      2.578734    0.0000276081
  -25.917220      7.736203    0.0002489173
  -25.917220     12.893672    0.0006939112
  -25.917220     18.051140    0.0013673628
  -25.917220     23.208609    0.0022764875
  -25.917220     28.366078    0.0034310094
  -25.917220     33.523546    0.0048432507
  -25.917220     38.681015    0.0065282425

  -21.204998    -38.681015    0.0053353826
  -21.204998    -33.523546    0.0039585624
  -21.204998    -28.366078    0.0028045232
  -21.204998    -23.208609    0.0018609726
  -21.204998    -18.051140    0.0011178752
  -21.204998    -12.893672    0.0005673387
  -21.204998     -7.736203    0.0002035234
  -21.204998     -2.578734    0.0000225739
  -21.204998      2.578734    0.0000225739
  -21.204998      7.736203    0.0002035234
  -21.204998     12.893672    0.0005673387
  -21.204998     18.051140    0.0011178752
  -21.204998     23.208609    0.0018609726
  -21.204998     28.366078    0.0028045232
  -21.204998     33.523546    0.0039585624
  -21.204998     38.681015    0.0053353826

  -16.492776    -38.681015    0.0041505917
  -16.492776    -33.523546    0.0030797895
  -16.492776    -28.366078    0.0021821428
  -16.492776    -23.208609    0.0014481151
  -16.492776    -18.051140    0.0008699436
  -16.492776    -12.893672    0.0004415381
  -16.492776     -7.736203    0.0001584017
  -16.492776     -2.578734    0.0000175696
  -16.492776      2.578734    0.0000175696
  -16.492776      7.736203    0.0001584017
  -16.492776     12.893672    0.0004415381
  -16.492776     18.051140    0.0008699436
  -16.492776     23.208609    0.0014481151
  -16.492776     28.366078    0.0021821428
  -16.492776     33.523546    0.0030797895
  -16.492776     38.681015    0.0041505917

  -11.780554    -38.681015    0.0029697222
  -11.780554    -33.523546    0.0022038143
  -11.780554    -28.366078    0.0015616430
  -11.780554    -23.208609    0.0010364332
  -11.780554    -18.051140    0.0006226767
  -11.780554    -12.893672    0.0003160572
  -11.780554     -7.736203    0.0001133901
  -11.780554     -2.578734    0.0000125773
  -11.780554      2.578734    0.0000125773
  -11.780554      7.736203    0.0001133901
  -11.780554     12.893672    0.0003160572
  -11.780554     18.051140    0.0006226767
  -11.780554     23.208609    0.0010364332
  -11.780554     28.366078    0.0015616430
  -11.780554     33.523546    0.0022038143
  -11.780554     38.681015    0.0029697222

   -7.068333    -38.681015    0.0017878491
   -7.068333    -33.523546    0.0013269302
   -7.068333    -28.366078    0.0009403819
   -7.068333    -23.208609    0.0006241726
   -7.068333    -18.051140    0.0003750235
   -7.068333    -12.893672    0.0001903645
   -7.068333     -7.736203    0.0000682985
   -7.068333     -2.578734    0.0000075758
   -7.068333      2.578734    0.0000075758
   -7.068333      7.736203    0.0000682985
   -7.068333     12.893672    0.0001903645
   -7.068333     18.051140    0.0003750235
   -7.068333     23.208609    0.0006241726
   -7.068333     28.366078    0.0009403819
   -7.068333     33.523546    0.0013269302
   -7.068333     38.681015    0.0017878491

   -2.356111    -38.681015    0.0005991054
   -2.356111    -33.523546    0.0004447224
   -2.356111    -28.366078    0.0003152105
   -2.356111    -23.208609    0.0002092402
   -2.356111    -18.051140    0.0001257282
   -2.356111    -12.893672    0.0000638240
   -2.356111     -7.736203    0.0000228995
   -2.356111     -2.578734    0.0000025401
   -2.356111      2.578734    0.0000025401
   -2.356111      7.736203    0.0000228995
   -2.356111     12.893672    0.0000638240
   -2.356111     18.051140    0.0001257282
   -2.356111     23.208609    0.0002092402
   -2.356111     28.366078    0.0003152105
   -2.356111     33.523546    0.0004447224
   -2.356111     38.681015    0.0005991054

    2.356111    -38.681015   -0.0006035959
    2.356111    -33.523546   -0.0004481379
    2.356111    -28.366078   -0.0003176778
    2.356111    -23.208609   -0.0002109020
    2.356111    -18.051140   -0.0001267376
    2.356111    -12.893672   -0.0000643404
    2.356111     -7.736203   -0.0000230856
    2.356111     -2.578734   -0.0000025608
    2.356111      2.578734   -0.0000025608
    2.356111      7.736203   -0.0000230856
    2.356111     12.893672   -0.0000643404
    2.356111     18.051140   -0.0001267376
    2.356111     23.208609   -0.0002109020
    2.356111     28.366078   -0.0003176778
    2.356111     33.523546   -0.0004481379
    2.356111     38.681015   -0.0006035959

    7.068333    -38.681015   -0.0018289546
    7.068333    -33.523546   -0.0013581870
    7.068333    -28.366078   -0.0009629598
    7.068333    -23.208609   -0.0006393810
    7.068333    -18.051140   -0.0003842626
    7.068333    -12.893672   -0.0001950912
    7.068333     -7.736203   -0.0000700029
    7.068333     -2.578734   -0.0000077654
    7.068333      2.578734   -0.0000077654
    7.068333      7.736203   -0.0000700029
    7.068333     12.893672   -0.0001950912
    7.068333     18.051140   -0.0003842626
    7.068333     23.208609   -0.0006393810
    7.068333     28.366078   -0.0009629598
    7.068333     33.523546   -0.0013581870
    7.068333     38.681015   -0.0018289546

   11.780554    -38.681015   -0.0030877912
   11.780554    -33.523546   -0.0022935498
   11.780554    -28.366078   -0.0016264552
   11.780554    -23.208609   -0.0010800955
   11.780554    -18.051140   -0.0006492078
   11.780554    -12.893672   -0.0003296341
   11.780554     -7.736203   -0.0001182867
   11.780554     -2.578734   -0.0000131218
   11.780554      2.578734   -0.0000131218
   11.780554      7.736203   -0.0001182867
   11.780554     12.893672   -0.0003296341
   11.780554     18.051140   -0.0006492078
   11.780554     23.208609   -0.0010800955
   11.780554     28.366078   -0.0016264552
   11.780554     33.523546   -0.0022935498
   11.780554     38.681015   -0.0030877912

   16.492776    -38.681015   -0.0043936676
   16.492776    -33.523546   -0.0032644079
   16.492776    -28.366078   -0.0023154601
   16.492776    -23.208609   -0.0015379381
   16.492776    -18.051140   -0.0009245384
   16.492776    -12.893672   -0.0004694846
   16.492776     -7.736203   -0.0001684834
   16.492776     -2.578734   -0.0000186909
   16.492776      2.578734   -0.0000186909
   16.492776      7.736203   -0.0001684834
   16.492776     12.893672   -0.0004694846
   16.492776     18.051140   -0.0009245384
   16.492776     23.208609   -0.0015379381
   16.492776     28.366078   -0.0023154601
   16.492776     33.523546   -0.0032644079
   16.492776     38.681015   -0.0043936676

   21.204998    -38.681015   -0.0057636238
   21.204998    -33.523546   -0.0042835550
   21.204998    -28.366078   -0.0030391421
   21.204998    -23.208609   -0.0020190549
   21.204998    -18.051140   -0.0012139789
   21.204998    -12.893672   -0.0006165461
   21.204998     -7.736203   -0.0002212789
   21.204998     -2.578734   -0.0000245490
   21.204998      2.578734   -0.0000245490
   21.204998      7.736203   -0.0002212789
   21.204998     12.893672   -0.0006165461
   21.204998     18.051140   -0.0012139789
   21.204998     23.208609   -0.0020190549
   21.204998     28.366078   -0.0030391421
   21.204998     33.523546   -0.0042835550
   21.204998     38.681015   -0.0057636238

   25.917220    -38.681015   -0.0072190274
   25.917220    -33.523546   -0.0053670401
   25.917220    -28.366078   -0.0038089957
   25.917220    -23.208609   -0.0025311446
   25.917220    -18.051140   -0.0015221894
   25.917220    -12.893672   -0.0007731974
   25.917220     -7.736203   -0.0002775301
   25.917220     -2.578734   -0.0000307911
   25.917220      2.578734   -0.0000307911
   25.917220      7.736203   -0.0002775301
   25.917220     12.893672   -0.0007731974
   25.917220     18.051140   -0.0015221894
   25.917220     23.208609   -0.0025311446
   25.917220     28.366078   -0.0038089957
   25.917220     33.523546   -0.0053670401
   25.917220     38.681015   -0.0072190274

