  -48.827424    -50.619018    0.0003953709
  -48.827424    -43.869816    0.0003491573
  -48.827424    -37.120613    0.0002820169
  -48.827424    -30.371411    0.0002066554
  -48.827424    -23.622208    0.0001336606
  -48.827424    -16.873006    0.0000715029
  -48.827424    -10.123804    0.0000265351
  -48.827424     -3.374601    0.0000029925
  -48.827424      3.374601    0.0000029925
  -48.827424     10.123804    0.0000265351
  -48.827424     16.873006    0.0000715029
  -48.827424     23.622208    0.0001336606
  -48.827424     30.371411    0.0002066554
  -48.827424     37.120613    0.0002820169
  -48.827424     43.869816    0.0003491573
  -48.827424     50.619018    0.0003953709

  -42.317101    -50.619018    0.0003198544
  -42.317101    -43.869816    0.0002800860
  -42.317101    -37.120613    0.0002249843
  -42.317101    -30.371411    0.0001642485
  -42.317101    -23.622208    0.0001059609
  -42.317101    -16.873006    0.0000565874
  -42.317101    -10.123804    0.0000209777
  -42.317101     -3.374601    0.0000023645
  -42.317101      3.374601    0.0000023645
  -42.317101     10.123804    0.0000209777
  -42.317101     16.873006    0.0000565874
  -42.317101     23.622208    0.0001059609
  -42.317101     30.371411    0.0001642485
  -42.317101     37.120613    0.0002249843
  -42.317101     43.869816    0.0002800860
  -42.317101     50.619018    0.0003198544

  -35.806778    -50.619018    0.0002363375
  -35.806778    -43.869816    0.0002060388
  -35.806778    -37.120613    0.0001650233
  -35.806778    -30.371411    0.0001202350
  -35.806778    -23.622208    0.0000774605
  -35.806778    -16.873006    0.0000413290
  -35.806778    -10.123804    0.0000153124
  -35.806778     -3.374601    0.0000017255
  -35.806778      3.374601    0.0000017255
  -35.806778     10.123804    0.0000153124
  -35.806778     16.873006    0.0000413290
  -35.806778     23.622208    0.0000774605
  -35.806778     30.371411    0.0001202350
  -35.806778     37.120613    0.0001650233
  -35.806778     43.869816    0.0002060388
  -35.806778     50.619018    0.0002363375

  -29.296454    -50.619018    0.0001552522
  -29.296454    -43.869816    0.0001352794
  -29.296454    -37.120613    0.0001083131
  -29.296454    -30.371411    0.0000788980
  -29.296454    -23.622208    0.0000508213
  -29.296454    -16.873006    0.0000271127
  -29.296454    -10.123804    0.0000100446
  -29.296454     -3.374601    0.0000011318
  -29.296454      3.374601    0.0000011318
  -29.296454     10.123804    0.0000100446
  -29.296454     16.873006    0.0000271127
  -29.296454     23.622208    0.0000508213
  -29.296454     30.371411    0.0000788980
  -29.296454     37.120613    0.0001083131
  -29.296454     43.869816    0.0001352794
  -29.296454     50.619018    0.0001552522

  -22.786131    -50.619018    0.0000850378
  -22.786131    -43.869816    0.0000744976
  -22.786131    -37.120613    0.0000598589
  -22.786131    -30.371411    0.0000437082
  -22.786131    -23.622208    0.0000282011
  -22.786131    -16.873006    0.0000150619
  -22.786131    -10.123804    0.0000055840
  -22.786131     -3.374601    0.0000006294
  -22.786131      3.374601    0.0000006294
  -22.786131     10.123804    0.0000055840
  -22.786131     16.873006    0.0000150619
  -22.786131     23.622208    0.0000282011
  -22.786131     30.371411    0.0000437082
  -22.786131     37.120613    0.0000598589
  -22.786131     43.869816    0.0000744976
  -22.786131     50.619018    0.0000850378

  -16.275808    -50.619018    0.0000321416
  -16.275808    -43.869816    0.0000288097
  -16.275808    -37.120613    0.0000234917
  -16.275808    -30.371411    0.0000173239
  -16.275808    -23.622208    0.0000112532
  -16.275808    -16.873006    0.0000060374
  -16.275808    -10.123804    0.0000022445
  -16.275808     -3.374601    0.0000002533
  -16.275808      3.374601    0.0000002533
  -16.275808     10.123804    0.0000022445
  -16.275808     16.873006    0.0000060374
  -16.275808     23.622208    0.0000112532
  -16.275808     30.371411    0.0000173239
  -16.275808     37.120613    0.0000234917
  -16.275808     43.869816    0.0000288097
  -16.275808     50.619018    0.0000321416

   -9.765485    -50.619018    0.0000010184
   -9.765485    -43.869816    0.0000017581
   -9.765485    -37.120613    0.0000018682
   -9.765485    -30.371411    0.0000015907
   -9.765485    -23.622208    0.0000011268
   -9.765485    -16.873006    0.0000006379
   -9.765485    -10.123804    0.0000002447
   -9.765485     -3.374601    0.0000000280
   -9.765485      3.374601    0.0000000280
   -9.765485     10.123804    0.0000002447
   -9.765485     16.873006    0.0000006379
   -9.765485     23.622208    0.0000011268
   -9.765485     30.371411    0.0000015907
   -9.765485     37.120613    0.0000018682
   -9.765485     43.869816    0.0000017581
   -9.765485     50.619018    0.0000010184

   -3.255162    -50.619018   -0.0000058693
   -3.255162    -43.869816   -0.0000046885
   -3.255162    -37.120613   -0.0000035287
   -3.255162    -30.371411   -0.0000024581
   -3.255162    -23.622208   -0.0000015334
   -3.255162    -16.873006   -0.0000008001
   -3.255162    -10.123804   -0.0000002923
   -3.255162     -3.374601   -0.0000000327
   -3.255162      3.374601   -0.0000000327
   -3.255162     10.123804   -0.0000002923
   -3.255162     16.873006   -0.0000008001
   -3.255162     23.622208   -0.0000015334
   -3.255162     30.371411   -0.0000024581
   -3.255162     37.120613   -0.0000035287
   -3.255162     43.869816   -0.0000046885
   -3.255162     50.619018   -0.0000058693

    3.255162    -50.619018    0.0000119488
    3.255162    -43.869816    0.0000098649
    3.255162    -37.120613    0.0000076093
    3.255162    -30.371411    0.0000053985
    3.255162    -23.622208    0.0000034132
    3.255162    -16.873006    0.0000017979
    3.255162    -10.123804    0.0000006608
    3.255162     -3.374601    0.0000000742
    3.255162      3.374601    0.0000000742
    3.255162     10.123804    0.0000006608
    3.255162     16.873006    0.0000017979
    3.255162     23.622208    0.0000034132
    3.255162     30.371411    0.0000053985
    3.255162     37.120613    0.0000076093
    3.255162     43.869816    0.0000098649
    3.255162     50.619018    0.0000119488

    9.765485    -50.619018    0.0000529504
    9.765485    -43.869816    0.0000442397
    9.765485    -37.120613    0.0000344166
    9.765485    -30.371411    0.0000245689
    9.765485    -23.622208    0.0000156029
    9.765485    -16.873006    0.0000082439
    9.765485    -10.123804    0.0000030358
    9.765485     -3.374601    0.0000003411
    9.765485      3.374601    0.0000003411
    9.765485     10.123804    0.0000030358
    9.765485     16.873006    0.0000082439
    9.765485     23.622208    0.0000156029
    9.765485     30.371411    0.0000245689
    9.765485     37.120613    0.0000344166
    9.765485     43.869816    0.0000442397
    9.765485     50.619018    0.0000529504

   16.275808    -50.619018    0.0001136211
   16.275808    -43.869816    0.0000956834
   16.275808    -37.120613    0.0000748535
   16.275808    -30.371411    0.0000536489
   16.275808    -23.622208    0.0000341676
   16.275808    -16.873006    0.0000180881
   16.275808    -10.123804    0.0000066691
   16.275808     -3.374601    0.0000007497
   16.275808      3.374601    0.0000007497
   16.275808     10.123804    0.0000066691
   16.275808     16.873006    0.0000180881
   16.275808     23.622208    0.0000341676
   16.275808     30.371411    0.0000536489
   16.275808     37.120613    0.0000748535
   16.275808     43.869816    0.0000956834
   16.275808     50.619018    0.0001136211

   22.786131    -50.619018    0.0001884539
   22.786131    -43.869816    0.0001598698
   22.786131    -37.120613    0.0001257058
   22.786131    -30.371411    0.0000904220
   22.786131    -23.622208    0.0000577350
   22.786131    -16.873006    0.0000306181
   22.786131    -10.123804    0.0000113013
   22.786131     -3.374601    0.0000012712
   22.786131      3.374601    0.0000012712
   22.786131     10.123804    0.0000113013
   22.786131     16.873006    0.0000306181
   22.786131     23.622208    0.0000577350
   22.786131     30.371411    0.0000904220
   22.786131     37.120613    0.0001257058
   22.786131     43.869816    0.0001598698
   22.786131     50.619018    0.0001884539

   29.296454    -50.619018    0.0002699498
   29.296454    -43.869816    0.0002308991
   29.296454    -37.120613    0.0001825856
   29.296454    -30.371411    0.0001318594
   29.296454    -23.622208    0.0000844285
   29.296454    -16.873006    0.0000448596
   29.296454    -10.123804    0.0000165776
   29.296454     -3.374601    0.0000018657
   29.296454      3.374601    0.0000018657
   29.296454     10.123804    0.0000165776
   29.296454     16.873006    0.0000448596
   29.296454     23.622208    0.0000844285
   29.296454     30.371411    0.0001318594
   29.296454     37.120613    0.0001825856
   29.296454     43.869816    0.0002308991
   29.296454     50.619018    0.0002699498

   35.806778    -50.619018    0.0003486171
   35.806778    -43.869816    0.0003012976
   35.806778    -37.120613    0.0002399306
   35.806778    -30.371411    0.0001741195
   35.806778    -23.622208    0.0001118672
   35.806778    -16.873006    0.0000595760
   35.806778    -10.123804    0.0000220476
   35.806778     -3.374601    0.0000024831
   35.806778      3.374601    0.0000024831
   35.806778     10.123804    0.0000220476
   35.806778     16.873006    0.0000595760
   35.806778     23.622208    0.0001118672
   35.806778     30.371411    0.0001741195
   35.806778     37.120613    0.0002399306
   35.806778     43.869816    0.0003012976
   35.806778     50.619018    0.0003486171

   42.317101    -50.619018    0.0004129722
   42.317101    -43.869816    0.0003620180
   42.317101    -37.120613    0.0002910041
   42.317101    -30.371411    0.0002125484
   42.317101    -23.622208    0.0001371659
   42.317101    -16.873006    0.0000732685
   42.317101    -10.123804    0.0000271653
   42.317101     -3.374601    0.0000030622
   42.317101      3.374601    0.0000030622
   42.317101     10.123804    0.0000271653
   42.317101     16.873006    0.0000732685
   42.317101     23.622208    0.0001371659
   42.317101     30.371411    0.0002125484
   42.317101     37.120613    0.0002910041
   42.317101     43.869816    0.0003620180
   42.317101     50.619018    0.0004129722

   48.827424    -50.619018    0.0004495387
   48.827424    -43.869816    0.0004024394
   48.827424    -37.120613    0.0003278958
   48.827424    -30.371411    0.0002416799
   48.827424    -23.622208    0.0001569352
   48.827424    -16.873006    0.0000841763
   48.827424    -10.123804    0.0000312892
   48.827424     -3.374601    0.0000035313
   48.827424      3.374601    0.0000035313
   48.827424     10.123804    0.0000312892
   48.827424     16.873006    0.0000841763
   48.827424     23.622208    0.0001569352
   48.827424     30.371411    0.0002416799
   48.827424     37.120613    0.0003278958
   48.827424     43.869816    0.0004024394
   48.827424     50.619018    0.0004495387

