 -119.276109   -136.038482    0.0020727678
 -119.276109   -117.900018    0.0015871191
 -119.276109    -99.761554    0.0011554773
 -119.276109    -81.623089    0.0007844507
 -119.276109    -63.484625    0.0004799515
 -119.276109    -45.346161    0.0002469745
 -119.276109    -27.207696    0.0000894207
 -119.276109     -9.069232    0.0000099641
 -119.276109      9.069232    0.0000099641
 -119.276109     27.207696    0.0000894207
 -119.276109     45.346161    0.0002469745
 -119.276109     63.484625    0.0004799515
 -119.276109     81.623089    0.0007844507
 -119.276109     99.761554    0.0011554773
 -119.276109    117.900018    0.0015871191
 -119.276109    136.038482    0.0020727678

 -103.372628   -136.038482    0.0016431211
 -103.372628   -117.900018    0.0012574794
 -103.372628    -99.761554    0.0009150174
 -103.372628    -81.623089    0.0006209099
 -103.372628    -63.484625    0.0003797385
 -103.372628    -45.346161    0.0001953445
 -103.372628    -27.207696    0.0000707118
 -103.372628     -9.069232    0.0000078785
 -103.372628      9.069232    0.0000078785
 -103.372628     27.207696    0.0000707118
 -103.372628     45.346161    0.0001953445
 -103.372628     63.484625    0.0003797385
 -103.372628     81.623089    0.0006209099
 -103.372628     99.761554    0.0009150174
 -103.372628    117.900018    0.0012574794
 -103.372628    136.038482    0.0016431211

  -87.469147   -136.038482    0.0012560385
  -87.469147   -117.900018    0.0009605765
  -87.469147    -99.761554    0.0006985447
  -87.469147    -81.623089    0.0004737694
  -87.469147    -63.484625    0.0002896271
  -87.469147    -45.346161    0.0001489417
  -87.469147    -27.207696    0.0000539030
  -87.469147     -9.069232    0.0000060051
  -87.469147      9.069232    0.0000060051
  -87.469147     27.207696    0.0000539030
  -87.469147     45.346161    0.0001489417
  -87.469147     63.484625    0.0002896271
  -87.469147     81.623089    0.0004737694
  -87.469147     99.761554    0.0006985447
  -87.469147    117.900018    0.0009605765
  -87.469147    136.038482    0.0012560385

  -71.565666   -136.038482    0.0009144319
  -71.565666   -117.900018    0.0006986959
  -71.565666    -99.761554    0.0005077145
  -71.565666    -81.623089    0.0003441284
  -71.565666    -63.484625    0.0002102702
  -71.565666    -45.346161    0.0001080924
  -71.565666    -27.207696    0.0000391099
  -71.565666     -9.069232    0.0000043565
  -71.565666      9.069232    0.0000043565
  -71.565666     27.207696    0.0000391099
  -71.565666     45.346161    0.0001080924
  -71.565666     63.484625    0.0002102702
  -71.565666     81.623089    0.0003441284
  -71.565666     99.761554    0.0005077145
  -71.565666    117.900018    0.0006986959
  -71.565666    136.038482    0.0009144319

  -55.662184   -136.038482    0.0006208695
  -55.662184   -117.900018    0.0004738321
  -55.662184    -99.761554    0.0003439748
  -55.662184    -81.623089    0.0002329577
  -55.662184    -63.484625    0.0001422521
  -55.662184    -45.346161    0.0000730924
  -55.662184    -27.207696    0.0000264380
  -55.662184     -9.069232    0.0000029445
  -55.662184      9.069232    0.0000029445
  -55.662184     27.207696    0.0000264380
  -55.662184     45.346161    0.0000730924
  -55.662184     63.484625    0.0001422521
  -55.662184     81.623089    0.0002329577
  -55.662184     99.761554    0.0003439748
  -55.662184    117.900018    0.0004738321
  -55.662184    136.038482    0.0006208695

  -39.758703   -136.038482    0.0003775531
  -39.758703   -117.900018    0.0002876804
  -39.758703    -99.761554    0.0002085584
  -39.758703    -81.623089    0.0001410901
  -39.758703    -63.484625    0.0000860790
  -39.758703    -45.346161    0.0000442005
  -39.758703    -27.207696    0.0000159807
  -39.758703     -9.069232    0.0000017795
  -39.758703      9.069232    0.0000017795
  -39.758703     27.207696    0.0000159807
  -39.758703     45.346161    0.0000442005
  -39.758703     63.484625    0.0000860790
  -39.758703     81.623089    0.0001410901
  -39.758703     99.761554    0.0002085584
  -39.758703    117.900018    0.0002876804
  -39.758703    136.038482    0.0003775531

  -23.855222   -136.038482    0.0001862979
  -23.855222   -117.900018    0.0001416293
  -23.855222    -99.761554    0.0001024761
  -23.855222    -81.623089    0.0000692126
  -23.855222    -63.484625    0.0000421716
  -23.855222    -45.346161    0.0000216335
  -23.855222    -27.207696    0.0000078165
  -23.855222     -9.069232    0.0000008701
  -23.855222      9.069232    0.0000008701
  -23.855222     27.207696    0.0000078165
  -23.855222     45.346161    0.0000216335
  -23.855222     63.484625    0.0000421716
  -23.855222     81.623089    0.0000692126
  -23.855222     99.761554    0.0001024761
  -23.855222    117.900018    0.0001416293
  -23.855222    136.038482    0.0001862979

   -7.951741   -136.038482    0.0000485142
   -7.951741   -117.900018    0.0000367517
   -7.951741    -99.761554    0.0000265098
   -7.951741    -81.623089    0.0000178581
   -7.951741    -63.484625    0.0000108582
   -7.951741    -45.346161    0.0000055612
   -7.951741    -27.207696    0.0000020072
   -7.951741     -9.069232    0.0000002233
   -7.951741      9.069232    0.0000002233
   -7.951741     27.207696    0.0000020072
   -7.951741     45.346161    0.0000055612
   -7.951741     63.484625    0.0000108582
   -7.951741     81.623089    0.0000178581
   -7.951741     99.761554    0.0000265098
   -7.951741    117.900018    0.0000367517
   -7.951741    136.038482    0.0000485142

    7.951741   -136.038482   -0.0000348094
    7.951741   -117.900018   -0.0000262030
    7.951741    -99.761554   -0.0000187950
    7.951741    -81.623089   -0.0000126004
    7.951741    -63.484625   -0.0000076313
    7.951741    -45.346161   -0.0000038969
    7.951741    -27.207696   -0.0000014037
    7.951741     -9.069232   -0.0000001560
    7.951741      9.069232   -0.0000001560
    7.951741     27.207696   -0.0000014037
    7.951741     45.346161   -0.0000038969
    7.951741     63.484625   -0.0000076313
    7.951741     81.623089   -0.0000126004
    7.951741     99.761554   -0.0000187950
    7.951741    117.900018   -0.0000262030
    7.951741    136.038482   -0.0000348094

   23.855222   -136.038482   -0.0000631202
   23.855222   -117.900018   -0.0000468172
   23.855222    -99.761554   -0.0000331347
   23.855222    -81.623089   -0.0000219560
   23.855222    -63.484625   -0.0000131692
   23.855222    -45.346161   -0.0000066746
   23.855222    -27.207696   -0.0000023920
   23.855222     -9.069232   -0.0000002652
   23.855222      9.069232   -0.0000002652
   23.855222     27.207696   -0.0000023920
   23.855222     45.346161   -0.0000066746
   23.855222     63.484625   -0.0000131692
   23.855222     81.623089   -0.0000219560
   23.855222     99.761554   -0.0000331347
   23.855222    117.900018   -0.0000468172
   23.855222    136.038482   -0.0000631202

   39.758703   -136.038482   -0.0000363142
   39.758703   -117.900018   -0.0000250137
   39.758703    -99.761554   -0.0000164546
   39.758703    -81.623089   -0.0000101723
   39.758703    -63.484625   -0.0000057334
   39.758703    -45.346161   -0.0000027607
   39.758703    -27.207696   -0.0000009537
   39.758703     -9.069232   -0.0000001037
   39.758703      9.069232   -0.0000001037
   39.758703     27.207696   -0.0000009537
   39.758703     45.346161   -0.0000027607
   39.758703     63.484625   -0.0000057334
   39.758703     81.623089   -0.0000101723
   39.758703     99.761554   -0.0000164546
   39.758703    117.900018   -0.0000250137
   39.758703    136.038482   -0.0000363142

   55.662184   -136.038482    0.0000452541
   55.662184   -117.900018    0.0000389358
   55.662184    -99.761554    0.0000310456
   55.662184    -81.623089    0.0000226132
   55.662184    -63.484625    0.0000145905
   55.662184    -45.346161    0.0000078002
   55.662184    -27.207696    0.0000028948
   55.662184     -9.069232    0.0000003265
   55.662184      9.069232    0.0000003265
   55.662184     27.207696    0.0000028948
   55.662184     45.346161    0.0000078002
   55.662184     63.484625    0.0000145905
   55.662184     81.623089    0.0000226132
   55.662184     99.761554    0.0000310456
   55.662184    117.900018    0.0000389358
   55.662184    136.038482    0.0000452541

   71.565666   -136.038482    0.0001807625
   71.565666   -117.900018    0.0001444023
   71.565666    -99.761554    0.0001089056
   71.565666    -81.623089    0.0000760858
   71.565666    -63.484625    0.0000476085
   71.565666    -45.346161    0.0000249074
   71.565666    -27.207696    0.0000091170
   71.565666     -9.069232    0.0000010214
   71.565666      9.069232    0.0000010214
   71.565666     27.207696    0.0000091170
   71.565666     45.346161    0.0000249074
   71.565666     63.484625    0.0000476085
   71.565666     81.623089    0.0000760858
   71.565666     99.761554    0.0001089056
   71.565666    117.900018    0.0001444023
   71.565666    136.038482    0.0001807625

   87.469147   -136.038482    0.0003689150
   87.469147   -117.900018    0.0002903905
   87.469147    -99.761554    0.0002163997
   87.469147    -81.623089    0.0001497521
   87.469147    -63.484625    0.0000930184
   87.469147    -45.346161    0.0000484056
   87.469147    -27.207696    0.0000176565
   87.469147     -9.069232    0.0000019747
   87.469147      9.069232    0.0000019747
   87.469147     27.207696    0.0000176565
   87.469147     45.346161    0.0000484056
   87.469147     63.484625    0.0000930184
   87.469147     81.623089    0.0001497521
   87.469147     99.761554    0.0002163997
   87.469147    117.900018    0.0002903905
   87.469147    136.038482    0.0003689150

  103.372628   -136.038482    0.0006079374
  103.372628   -117.900018    0.0004755305
  103.372628    -99.761554    0.0003525309
  103.372628    -81.623089    0.0002429390
  103.372628    -63.484625    0.0001504116
  103.372628    -45.346161    0.0000780859
  103.372628    -27.207696    0.0000284382
  103.372628     -9.069232    0.0000031781
  103.372628      9.069232    0.0000031781
  103.372628     27.207696    0.0000284382
  103.372628     45.346161    0.0000780859
  103.372628     63.484625    0.0001504116
  103.372628     81.623089    0.0002429390
  103.372628     99.761554    0.0003525309
  103.372628    117.900018    0.0004755305
  103.372628    136.038482    0.0006079374

  119.276109   -136.038482    0.0008955745
  119.276109   -117.900018    0.0006980685
  119.276109    -99.761554    0.0005160263
  119.276109    -81.623089    0.0003547940
  119.276109    -63.484625    0.0002192758
  119.276109    -45.346161    0.0001136895
  119.276109    -27.207696    0.0000413697
  119.276109     -9.069232    0.0000046214
  119.276109      9.069232    0.0000046214
  119.276109     27.207696    0.0000413697
  119.276109     45.346161    0.0001136895
  119.276109     63.484625    0.0002192758
  119.276109     81.623089    0.0003547940
  119.276109     99.761554    0.0005160263
  119.276109    117.900018    0.0006980685
  119.276109    136.038482    0.0008955745

