  -44.766107    -91.194683    0.0731096417
  -44.766107    -79.035392    0.0713049219
  -44.766107    -66.876101    0.0698437952
  -44.766107    -54.716810    0.0686864723
  -44.766107    -42.557519    0.0677999790
  -44.766107    -30.398228    0.0671580348
  -44.766107    -18.238937    0.0667409775
  -44.766107     -6.079646    0.0665357185
  -44.766107      6.079646    0.0665357185
  -44.766107     18.238937    0.0667409775
  -44.766107     30.398228    0.0671580348
  -44.766107     42.557519    0.0677999790
  -44.766107     54.716810    0.0686864723
  -44.766107     66.876101    0.0698437952
  -44.766107     79.035392    0.0713049219
  -44.766107     91.194683    0.0731096417

  -40.053885    -91.194683    0.0626965266
  -40.053885    -79.035392    0.0608480232
  -40.053885    -66.876101    0.0593443859
  -40.053885    -54.716810    0.0581522361
  -40.053885    -42.557519    0.0572389921
  -40.053885    -30.398228    0.0565773871
  -40.053885    -18.238937    0.0561471647
  -40.053885     -6.079646    0.0559352328
  -40.053885      6.079646    0.0559352328
  -40.053885     18.238937    0.0561471647
  -40.053885     30.398228    0.0565773871
  -40.053885     42.557519    0.0572389921
  -40.053885     54.716810    0.0581522361
  -40.053885     66.876101    0.0593443859
  -40.053885     79.035392    0.0608480232
  -40.053885     91.194683    0.0626965266

  -35.341663    -91.194683    0.0527052324
  -35.341663    -79.035392    0.0508124605
  -35.341663    -66.876101    0.0492746620
  -35.341663    -54.716810    0.0480536858
  -35.341663    -42.557519    0.0471166122
  -35.341663    -30.398228    0.0464368636
  -35.341663    -18.238937    0.0459945980
  -35.341663     -6.079646    0.0457767136
  -35.341663      6.079646    0.0457767136
  -35.341663     18.238937    0.0459945980
  -35.341663     30.398228    0.0464368636
  -35.341663     42.557519    0.0471166122
  -35.341663     54.716810    0.0480536858
  -35.341663     66.876101    0.0492746620
  -35.341663     79.035392    0.0508124605
  -35.341663     91.194683    0.0527052324

  -30.629441    -91.194683    0.0432506086
  -30.629441    -79.035392    0.0413209266
  -30.629441    -66.876101    0.0397536554
  -30.629441    -54.716810    0.0385079870
  -30.629441    -42.557519    0.0375507772
  -30.629441    -30.398228    0.0368557978
  -30.629441    -18.238937    0.0364034153
  -30.629441     -6.079646    0.0361805122
  -30.629441      6.079646    0.0361805122
  -30.629441     18.238937    0.0364034153
  -30.629441     30.398228    0.0368557978
  -30.629441     42.557519    0.0375507772
  -30.629441     54.716810    0.0385079870
  -30.629441     66.876101    0.0397536554
  -30.629441     79.035392    0.0413209266
  -30.629441     91.194683    0.0432506086

  -25.917220    -91.194683    0.0344683518
  -25.917220    -79.035392    0.0325108971
  -25.917220    -66.876101    0.0309199256
  -25.917220    -54.716810    0.0296546612
  -25.917220    -42.557519    0.0286818862
  -25.917220    -30.398228    0.0279752901
  -25.917220    -18.238937    0.0275151840
  -25.917220     -6.079646    0.0272884237
  -25.917220      6.079646    0.0272884237
  -25.917220     18.238937    0.0275151840
  -25.917220     30.398228    0.0279752901
  -25.917220     42.557519    0.0286818862
  -25.917220     54.716810    0.0296546612
  -25.917220     66.876101    0.0309199256
  -25.917220     79.035392    0.0325108971
  -25.917220     91.194683    0.0344683518

  -21.204998    -91.194683    0.0265175782
  -21.204998    -79.035392    0.0245422346
  -21.204998    -66.876101    0.0229356726
  -21.204998    -54.716810    0.0216576823
  -21.204998    -42.557519    0.0206749774
  -21.204998    -30.398228    0.0199610520
  -21.204998    -18.238937    0.0194960881
  -21.204998     -6.079646    0.0192668993
  -21.204998      6.079646    0.0192668993
  -21.204998     18.238937    0.0194960881
  -21.204998     30.398228    0.0199610520
  -21.204998     42.557519    0.0206749774
  -21.204998     54.716810    0.0216576823
  -21.204998     66.876101    0.0229356726
  -21.204998     79.035392    0.0245422346
  -21.204998     91.194683    0.0265175782

  -16.492776    -91.194683    0.0195843189
  -16.492776    -79.035392    0.0176026295
  -16.492776    -66.876101    0.0159909194
  -16.492776    -54.716810    0.0147089391
  -16.492776    -42.557519    0.0137232531
  -16.492776    -30.398228    0.0130072075
  -16.492776    -18.238937    0.0125408786
  -16.492776     -6.079646    0.0123110199
  -16.492776      6.079646    0.0123110199
  -16.492776     18.238937    0.0125408786
  -16.492776     30.398228    0.0130072075
  -16.492776     42.557519    0.0137232531
  -16.492776     54.716810    0.0147089391
  -16.492776     66.876101    0.0159909194
  -16.492776     79.035392    0.0176026295
  -16.492776     91.194683    0.0195843189

  -11.780554    -91.194683    0.0138858580
  -11.780554    -79.035392    0.0119121937
  -11.780554    -66.876101    0.0103080777
  -11.780554    -54.716810    0.0090328042
  -11.780554    -42.557519    0.0080527060
  -11.780554    -30.398228    0.0073409857
  -11.780554    -18.238937    0.0068776106
  -11.780554     -6.079646    0.0066492518
  -11.780554      6.079646    0.0066492518
  -11.780554     18.238937    0.0068776106
  -11.780554     30.398228    0.0073409857
  -11.780554     42.557519    0.0080527060
  -11.780554     54.716810    0.0090328042
  -11.780554     66.876101    0.0103080777
  -11.780554     79.035392    0.0119121937
  -11.780554     91.194683    0.0138858580

   -7.068333    -91.194683    0.0096759124
   -7.068333    -79.035392    0.0077282621
   -7.068333    -66.876101    0.0061472077
   -7.068333    -54.716810    0.0048916863
   -7.068333    -42.557519    0.0039277364
   -7.068333    -30.398228    0.0032283279
   -7.068333    -18.238937    0.0027732555
   -7.068333     -6.079646    0.0025490765
   -7.068333      6.079646    0.0025490765
   -7.068333     18.238937    0.0027732555
   -7.068333     30.398228    0.0032283279
   -7.068333     42.557519    0.0039277364
   -7.068333     54.716810    0.0048916863
   -7.068333     66.876101    0.0061472077
   -7.068333     79.035392    0.0077282621
   -7.068333     91.194683    0.0096759124

   -2.356111    -91.194683    0.0072507366
   -2.356111    -79.035392    0.0053512031
   -2.356111    -66.876101    0.0038122694
   -2.356111    -54.716810    0.0025925739
   -2.356111    -42.557519    0.0016577810
   -2.356111    -30.398228    0.0009805261
   -2.356111    -18.238937    0.0005403537
   -2.356111     -6.079646    0.0003236623
   -2.356111      6.079646    0.0003236623
   -2.356111     18.238937    0.0005403537
   -2.356111     30.398228    0.0009805261
   -2.356111     42.557519    0.0016577810
   -2.356111     54.716810    0.0025925739
   -2.356111     66.876101    0.0038122694
   -2.356111     79.035392    0.0053512031
   -2.356111     91.194683    0.0072507366

    2.356111    -91.194683    0.0069563196
    2.356111    -79.035392    0.0051317760
    2.356111    -66.876101    0.0036586552
    2.356111    -54.716810    0.0024947169
    2.356111    -42.557519    0.0016051083
    2.356111    -30.398228    0.0009620981
    2.356111    -18.238937    0.0005449399
    2.356111     -6.079646    0.0003398150
    2.356111      6.079646    0.0003398150
    2.356111     18.238937    0.0005449399
    2.356111     30.398228    0.0009620981
    2.356111     42.557519    0.0016051083
    2.356111     54.716810    0.0024947169
    2.356111     66.876101    0.0036586552
    2.356111     79.035392    0.0051317760
    2.356111     91.194683    0.0069563196

    7.068333    -91.194683    0.0091969207
    7.068333    -79.035392    0.0074803182
    7.068333    -66.876101    0.0061022842
    7.068333    -54.716810    0.0050187275
    7.068333    -42.557519    0.0041940690
    7.068333    -30.398228    0.0036001989
    7.068333    -18.238937    0.0032160504
    7.068333     -6.079646    0.0030275184
    7.068333      6.079646    0.0030275184
    7.068333     18.238937    0.0032160504
    7.068333     30.398228    0.0036001989
    7.068333     42.557519    0.0041940690
    7.068333     54.716810    0.0050187275
    7.068333     66.876101    0.0061022842
    7.068333     79.035392    0.0074803182
    7.068333     91.194683    0.0091969207

   11.780554    -91.194683    0.0144452774
   11.780554    -79.035392    0.0128777864
   11.780554    -66.876101    0.0116305303
   11.780554    -54.716810    0.0106575149
   11.780554    -42.557519    0.0099222218
   11.780554    -30.398228    0.0093959558
   11.780554    -18.238937    0.0090571871
   11.780554     -6.079646    0.0088914480
   11.780554      6.079646    0.0088914480
   11.780554     18.238937    0.0090571871
   11.780554     30.398228    0.0093959558
   11.780554     42.557519    0.0099222218
   11.780554     54.716810    0.0106575149
   11.780554     66.876101    0.0116305303
   11.780554     79.035392    0.0128777864
   11.780554     91.194683    0.0144452774

   16.492776    -91.194683    0.0232548984
   16.492776    -79.035392    0.0218884152
   16.492776    -66.876101    0.0208152448
   16.492776    -54.716810    0.0199896064
   16.492776    -42.557519    0.0193738906
   16.492776    -30.398228    0.0189382093
   16.492776    -18.238937    0.0186601902
   16.492776     -6.079646    0.0185249140
   16.492776      6.079646    0.0185249140
   16.492776     18.238937    0.0186601902
   16.492776     30.398228    0.0189382093
   16.492776     42.557519    0.0193738906
   16.492776     54.716810    0.0199896064
   16.492776     66.876101    0.0208152448
   16.492776     79.035392    0.0218884152
   16.492776     91.194683    0.0232548984

   21.204998    -91.194683    0.0362749398
   21.204998    -79.035392    0.0351735027
   21.204998    -66.876101    0.0343281271
   21.204998    -54.716810    0.0336955402
   21.204998    -42.557519    0.0332368385
   21.204998    -30.398228    0.0329202308
   21.204998    -18.238937    0.0327220401
   21.204998     -6.079646    0.0326267598
   21.204998      6.079646    0.0326267598
   21.204998     18.238937    0.0327220401
   21.204998     30.398228    0.0329202308
   21.204998     42.557519    0.0332368385
   21.204998     54.716810    0.0336955402
   21.204998     66.876101    0.0343281271
   21.204998     79.035392    0.0351735027
   21.204998     91.194683    0.0362749398

   25.917220    -91.194683    0.0542682433
   25.917220    -79.035392    0.0535055684
   25.917220    -66.876101    0.0529586876
   25.917220    -54.716810    0.0525781525
   25.917220    -42.557519    0.0523228821
   25.917220    -30.398228    0.0521600797
   25.917220    -18.238937    0.0520651801
   25.917220     -6.079646    0.0520218196
   25.917220      6.079646    0.0520218196
   25.917220     18.238937    0.0520651801
   25.917220     30.398228    0.0521600797
   25.917220     42.557519    0.0523228821
   25.917220     54.716810    0.0525781525
   25.917220     66.876101    0.0529586876
   25.917220     79.035392    0.0535055684
   25.917220     91.194683    0.0542682433

