  -47.456659    -62.630025    0.0022263190
  -47.456659    -54.279355    0.0018842105
  -47.456659    -45.928685    0.0015279908
  -47.456659    -37.578015    0.0011750079
  -47.456659    -29.227345    0.0008409379
  -47.456659    -20.876675    0.0005395528
  -47.456659    -12.526005    0.0002825168
  -47.456659     -4.175335    0.0000792180
  -47.456659      4.175335   -0.0000633555
  -47.456659     12.526005   -0.0001406905
  -47.456659     20.876675   -0.0001507681
  -47.456659     29.227345   -0.0000940268
  -47.456659     37.578015    0.0000267355
  -47.456659     45.928685    0.0002065188
  -47.456659     54.279355    0.0004383389
  -47.456659     62.630025    0.0007135018

  -41.129105    -62.630025    0.0018385368
  -41.129105    -54.279355    0.0015413106
  -41.129105    -45.928685    0.0012554944
  -41.129105    -37.578015    0.0009695297
  -41.129105    -29.227345    0.0006942902
  -41.129105    -20.876675    0.0004447400
  -41.129105    -12.526005    0.0002326175
  -41.129105     -4.175335    0.0000653370
  -41.129105      4.175335   -0.0000525406
  -41.129105     12.526005   -0.0001177576
  -41.129105     20.876675   -0.0001280587
  -41.129105     29.227345   -0.0000833109
  -41.129105     37.578015    0.0000129458
  -41.129105     45.928685    0.0001536642
  -41.129105     54.279355    0.0003334802
  -41.129105     62.630025    0.0005633954

  -34.801550    -62.630025    0.0014237432
  -34.801550    -54.279355    0.0011986457
  -34.801550    -45.928685    0.0009724812
  -34.801550    -37.578015    0.0007486694
  -34.801550    -29.227345    0.0005361203
  -34.801550    -20.876675    0.0003441717
  -34.801550    -12.526005    0.0001805157
  -34.801550     -4.175335    0.0000508184
  -34.801550      4.175335   -0.0000409473
  -34.801550     12.526005   -0.0000921269
  -34.801550     20.876675   -0.0001013217
  -34.801550     29.227345   -0.0000686856
  -34.801550     37.578015    0.0000036896
  -34.801550     45.928685    0.0001118791
  -34.801550     54.279355    0.0002516157
  -34.801550     62.630025    0.0004223696

  -28.473996    -62.630025    0.0010155564
  -28.473996    -54.279355    0.0008584264
  -28.473996    -45.928685    0.0006940556
  -28.473996    -37.578015    0.0005328769
  -28.473996    -29.227345    0.0003815907
  -28.473996    -20.876675    0.0002454378
  -28.473996    -12.526005    0.0001290315
  -28.473996     -4.175335    0.0000363880
  -28.473996      4.175335   -0.0000293568
  -28.473996     12.526005   -0.0000662115
  -28.473996     20.876675   -0.0000733960
  -28.473996     29.227345   -0.0000511849
  -28.473996     37.578015   -0.0000006569
  -28.473996     45.928685    0.0000763678
  -28.473996     54.279355    0.0001767639
  -28.473996     62.630025    0.0002943231

  -22.146441    -62.630025    0.0006456131
  -22.146441    -54.279355    0.0005458045
  -22.146441    -45.928685    0.0004410019
  -22.146441    -37.578015    0.0003384615
  -22.146441    -29.227345    0.0002424102
  -22.146441    -20.876675    0.0001560093
  -22.146441    -12.526005    0.0000820854
  -22.146441     -4.175335    0.0000231719
  -22.146441      4.175335   -0.0000187197
  -22.146441     12.526005   -0.0000423193
  -22.146441     20.876675   -0.0000471518
  -22.146441     29.227345   -0.0000334071
  -22.146441     37.578015   -0.0000017340
  -22.146441     45.928685    0.0000467991
  -22.146441     54.279355    0.0001102049
  -22.146441     62.630025    0.0001840348

  -15.818886    -62.630025    0.0003416685
  -15.818886    -54.279355    0.0002880112
  -15.818886    -45.928685    0.0002330641
  -15.818886    -37.578015    0.0001791328
  -15.818886    -29.227345    0.0001283325
  -15.818886    -20.876675    0.0000825525
  -15.818886    -12.526005    0.0000434196
  -15.818886     -4.175335    0.0000122621
  -15.818886      4.175335   -0.0000099203
  -15.818886     12.526005   -0.0000224780
  -15.818886     20.876675   -0.0000251219
  -15.818886     29.227345   -0.0000179233
  -15.818886     37.578015   -0.0000013002
  -15.818886     45.928685    0.0000240062
  -15.818886     54.279355    0.0000569654
  -15.818886     62.630025    0.0000962989

   -9.491332    -62.630025    0.0001260002
   -9.491332    -54.279355    0.0001058154
   -9.491332    -45.928685    0.0000858186
   -9.491332    -37.578015    0.0000660921
   -9.491332    -29.227345    0.0000473620
   -9.491332    -20.876675    0.0000304404
   -9.491332    -12.526005    0.0000159972
   -9.491332     -4.175335    0.0000045182
   -9.491332      4.175335   -0.0000036598
   -9.491332     12.526005   -0.0000083081
   -9.491332     20.876675   -0.0000093009
   -9.491332     29.227345   -0.0000066494
   -9.491332     37.578015   -0.0000005458
   -9.491332     45.928685    0.0000086472
   -9.491332     54.279355    0.0000205595
   -9.491332     62.630025    0.0000352636

   -3.163777    -62.630025    0.0000141685
   -3.163777    -54.279355    0.0000118692
   -3.163777    -45.928685    0.0000096408
   -3.163777    -37.578015    0.0000074348
   -3.163777    -29.227345    0.0000053287
   -3.163777    -20.876675    0.0000034227
   -3.163777    -12.526005    0.0000017976
   -3.163777     -4.175335    0.0000005077
   -3.163777      4.175335   -0.0000004115
   -3.163777     12.526005   -0.0000009352
   -3.163777     20.876675   -0.0000010477
   -3.163777     29.227345   -0.0000007492
   -3.163777     37.578015   -0.0000000641
   -3.163777     45.928685    0.0000009600
   -3.163777     54.279355    0.0000022823
   -3.163777     62.630025    0.0000039519

    3.163777    -62.630025    0.0000141685
    3.163777    -54.279355    0.0000118692
    3.163777    -45.928685    0.0000096408
    3.163777    -37.578015    0.0000074348
    3.163777    -29.227345    0.0000053287
    3.163777    -20.876675    0.0000034227
    3.163777    -12.526005    0.0000017976
    3.163777     -4.175335    0.0000005077
    3.163777      4.175335   -0.0000004115
    3.163777     12.526005   -0.0000009352
    3.163777     20.876675   -0.0000010477
    3.163777     29.227345   -0.0000007492
    3.163777     37.578015   -0.0000000641
    3.163777     45.928685    0.0000009600
    3.163777     54.279355    0.0000022823
    3.163777     62.630025    0.0000039519

    9.491332    -62.630025    0.0001260002
    9.491332    -54.279355    0.0001058154
    9.491332    -45.928685    0.0000858186
    9.491332    -37.578015    0.0000660921
    9.491332    -29.227345    0.0000473620
    9.491332    -20.876675    0.0000304404
    9.491332    -12.526005    0.0000159972
    9.491332     -4.175335    0.0000045182
    9.491332      4.175335   -0.0000036598
    9.491332     12.526005   -0.0000083081
    9.491332     20.876675   -0.0000093009
    9.491332     29.227345   -0.0000066494
    9.491332     37.578015   -0.0000005458
    9.491332     45.928685    0.0000086472
    9.491332     54.279355    0.0000205595
    9.491332     62.630025    0.0000352636

   15.818886    -62.630025    0.0003416685
   15.818886    -54.279355    0.0002880112
   15.818886    -45.928685    0.0002330641
   15.818886    -37.578015    0.0001791328
   15.818886    -29.227345    0.0001283325
   15.818886    -20.876675    0.0000825525
   15.818886    -12.526005    0.0000434196
   15.818886     -4.175335    0.0000122621
   15.818886      4.175335   -0.0000099203
   15.818886     12.526005   -0.0000224780
   15.818886     20.876675   -0.0000251219
   15.818886     29.227345   -0.0000179233
   15.818886     37.578015   -0.0000013002
   15.818886     45.928685    0.0000240062
   15.818886     54.279355    0.0000569654
   15.818886     62.630025    0.0000962989

   22.146441    -62.630025    0.0006456131
   22.146441    -54.279355    0.0005458045
   22.146441    -45.928685    0.0004410019
   22.146441    -37.578015    0.0003384615
   22.146441    -29.227345    0.0002424102
   22.146441    -20.876675    0.0001560093
   22.146441    -12.526005    0.0000820854
   22.146441     -4.175335    0.0000231719
   22.146441      4.175335   -0.0000187197
   22.146441     12.526005   -0.0000423193
   22.146441     20.876675   -0.0000471518
   22.146441     29.227345   -0.0000334071
   22.146441     37.578015   -0.0000017340
   22.146441     45.928685    0.0000467991
   22.146441     54.279355    0.0001102049
   22.146441     62.630025    0.0001840348

   28.473996    -62.630025    0.0010155564
   28.473996    -54.279355    0.0008584264
   28.473996    -45.928685    0.0006940556
   28.473996    -37.578015    0.0005328769
   28.473996    -29.227345    0.0003815907
   28.473996    -20.876675    0.0002454378
   28.473996    -12.526005    0.0001290315
   28.473996     -4.175335    0.0000363880
   28.473996      4.175335   -0.0000293568
   28.473996     12.526005   -0.0000662115
   28.473996     20.876675   -0.0000733960
   28.473996     29.227345   -0.0000511849
   28.473996     37.578015   -0.0000006569
   28.473996     45.928685    0.0000763678
   28.473996     54.279355    0.0001767639
   28.473996     62.630025    0.0002943231

   34.801550    -62.630025    0.0014237432
   34.801550    -54.279355    0.0011986457
   34.801550    -45.928685    0.0009724812
   34.801550    -37.578015    0.0007486694
   34.801550    -29.227345    0.0005361203
   34.801550    -20.876675    0.0003441717
   34.801550    -12.526005    0.0001805157
   34.801550     -4.175335    0.0000508184
   34.801550      4.175335   -0.0000409473
   34.801550     12.526005   -0.0000921269
   34.801550     20.876675   -0.0001013217
   34.801550     29.227345   -0.0000686856
   34.801550     37.578015    0.0000036896
   34.801550     45.928685    0.0001118791
   34.801550     54.279355    0.0002516157
   34.801550     62.630025    0.0004223696

   41.129105    -62.630025    0.0018385368
   41.129105    -54.279355    0.0015413106
   41.129105    -45.928685    0.0012554944
   41.129105    -37.578015    0.0009695297
   41.129105    -29.227345    0.0006942902
   41.129105    -20.876675    0.0004447400
   41.129105    -12.526005    0.0002326175
   41.129105     -4.175335    0.0000653370
   41.129105      4.175335   -0.0000525406
   41.129105     12.526005   -0.0001177576
   41.129105     20.876675   -0.0001280587
   41.129105     29.227345   -0.0000833109
   41.129105     37.578015    0.0000129458
   41.129105     45.928685    0.0001536642
   41.129105     54.279355    0.0003334802
   41.129105     62.630025    0.0005633954

   47.456659    -62.630025    0.0022263190
   47.456659    -54.279355    0.0018842105
   47.456659    -45.928685    0.0015279908
   47.456659    -37.578015    0.0011750079
   47.456659    -29.227345    0.0008409379
   47.456659    -20.876675    0.0005395528
   47.456659    -12.526005    0.0002825168
   47.456659     -4.175335    0.0000792180
   47.456659      4.175335   -0.0000633555
   47.456659     12.526005   -0.0001406905
   47.456659     20.876675   -0.0001507681
   47.456659     29.227345   -0.0000940268
   47.456659     37.578015    0.0000267355
   47.456659     45.928685    0.0002065188
   47.456659     54.279355    0.0004383389
   47.456659     62.630025    0.0007135018

