  -45.038700    -50.614883   -0.0018351392
  -45.038700    -43.866232   -0.0013931269
  -45.038700    -37.117581   -0.0010069069
  -45.038700    -30.368930   -0.0006798477
  -45.038700    -23.620279   -0.0004143896
  -45.038700    -16.871628   -0.0002127382
  -45.038700    -10.122977   -0.0000769251
  -45.038700     -3.374326   -0.0000085670
  -45.038700      3.374326   -0.0000085670
  -45.038700     10.122977   -0.0000769251
  -45.038700     16.871628   -0.0002127382
  -45.038700     23.620279   -0.0004143896
  -45.038700     30.368930   -0.0006798477
  -45.038700     37.117581   -0.0010069069
  -45.038700     43.866232   -0.0013931269
  -45.038700     50.614883   -0.0018351392

  -39.033540    -50.614883   -0.0014243264
  -39.033540    -43.866232   -0.0011020462
  -39.033540    -37.117581   -0.0007886741
  -39.033540    -30.368930   -0.0005271679
  -39.033540    -23.620279   -0.0003212356
  -39.033540    -16.871628   -0.0001662962
  -39.033540    -10.122977   -0.0000607914
  -39.033540     -3.374326   -0.0000068196
  -39.033540      3.374326   -0.0000068196
  -39.033540     10.122977   -0.0000607914
  -39.033540     16.871628   -0.0001662962
  -39.033540     23.620279   -0.0003212356
  -39.033540     30.368930   -0.0005271679
  -39.033540     37.117581   -0.0007886741
  -39.033540     43.866232   -0.0011020462
  -39.033540     50.614883   -0.0014243264

  -33.028380    -50.614883   -0.0010748746
  -33.028380    -43.866232   -0.0008235570
  -33.028380    -37.117581   -0.0005945007
  -33.028380    -30.368930   -0.0004007953
  -33.028380    -23.620279   -0.0002447007
  -33.028380    -16.871628   -0.0001261653
  -33.028380    -10.122977   -0.0000458400
  -33.028380     -3.374326   -0.0000051207
  -33.028380      3.374326   -0.0000051207
  -33.028380     10.122977   -0.0000458400
  -33.028380     16.871628   -0.0001261653
  -33.028380     23.620279   -0.0002447007
  -33.028380     30.368930   -0.0004007953
  -33.028380     37.117581   -0.0005945007
  -33.028380     43.866232   -0.0008235570
  -33.028380     50.614883   -0.0010748746

  -27.023220    -50.614883   -0.0007805420
  -27.023220    -43.866232   -0.0005936908
  -27.023220    -37.117581   -0.0004318283
  -27.023220    -30.368930   -0.0002932914
  -27.023220    -23.620279   -0.0001794430
  -27.023220    -16.871628   -0.0000922724
  -27.023220    -10.122977   -0.0000333757
  -27.023220     -3.374326   -0.0000037165
  -27.023220      3.374326   -0.0000037165
  -27.023220     10.122977   -0.0000333757
  -27.023220     16.871628   -0.0000922724
  -27.023220     23.620279   -0.0001794430
  -27.023220     30.368930   -0.0002932914
  -27.023220     37.117581   -0.0004318283
  -27.023220     43.866232   -0.0005936908
  -27.023220     50.614883   -0.0007805420

  -21.018060    -50.614883   -0.0005357109
  -21.018060    -43.866232   -0.0004088283
  -21.018060    -37.117581   -0.0002977952
  -21.018060    -30.368930   -0.0002025213
  -21.018060    -23.620279   -0.0001241152
  -21.018060    -16.871628   -0.0000639420
  -21.018060    -10.122977   -0.0000231662
  -21.018060     -3.374326   -0.0000025821
  -21.018060      3.374326   -0.0000025821
  -21.018060     10.122977   -0.0000231662
  -21.018060     16.871628   -0.0000639420
  -21.018060     23.620279   -0.0001241152
  -21.018060     30.368930   -0.0002025213
  -21.018060     37.117581   -0.0002977952
  -21.018060     43.866232   -0.0004088283
  -21.018060     50.614883   -0.0005357109

  -15.012900    -50.614883   -0.0003353202
  -15.012900    -43.866232   -0.0002582259
  -15.012900    -37.117581   -0.0001878295
  -15.012900    -30.368930   -0.0001275279
  -15.012900    -23.620279   -0.0000782696
  -15.012900    -16.871628   -0.0000404867
  -15.012900    -10.122977   -0.0000147352
  -15.012900     -3.374326   -0.0000016472
  -15.012900      3.374326   -0.0000016472
  -15.012900     10.122977   -0.0000147352
  -15.012900     16.871628   -0.0000404867
  -15.012900     23.620279   -0.0000782696
  -15.012900     30.368930   -0.0001275279
  -15.012900     37.117581   -0.0001878295
  -15.012900     43.866232   -0.0002582259
  -15.012900     50.614883   -0.0003353202

   -9.007740    -50.614883   -0.0001748137
   -9.007740    -43.866232   -0.0001354870
   -9.007740    -37.117581   -0.0000986777
   -9.007740    -30.368930   -0.0000670504
   -9.007740    -23.620279   -0.0000412253
   -9.007740    -16.871628   -0.0000213799
   -9.007740    -10.122977   -0.0000078006
   -9.007740     -3.374326   -0.0000008733
   -9.007740      3.374326   -0.0000008733
   -9.007740     10.122977   -0.0000078006
   -9.007740     16.871628   -0.0000213799
   -9.007740     23.620279   -0.0000412253
   -9.007740     30.368930   -0.0000670504
   -9.007740     37.117581   -0.0000986777
   -9.007740     43.866232   -0.0001354870
   -9.007740     50.614883   -0.0001748137

   -3.002580    -50.614883   -0.0000500981
   -3.002580    -43.866232   -0.0000387994
   -3.002580    -37.117581   -0.0000284616
   -3.002580    -30.368930   -0.0000194615
   -3.002580    -23.620279   -0.0000119968
   -3.002580    -16.871628   -0.0000062178
   -3.002580    -10.122977   -0.0000022640
   -3.002580     -3.374326   -0.0000002531
   -3.002580      3.374326   -0.0000002531
   -3.002580     10.122977   -0.0000022640
   -3.002580     16.871628   -0.0000062178
   -3.002580     23.620279   -0.0000119968
   -3.002580     30.368930   -0.0000194615
   -3.002580     37.117581   -0.0000284616
   -3.002580     43.866232   -0.0000387994
   -3.002580     50.614883   -0.0000500981

    3.002580    -50.614883    0.0000424947
    3.002580    -43.866232    0.0000327529
    3.002580    -37.117581    0.0000243069
    3.002580    -30.368930    0.0000167933
    3.002580    -23.620279    0.0000103896
    3.002580    -16.871628    0.0000053733
    3.002580    -10.122977    0.0000019479
    3.002580     -3.374326    0.0000002170
    3.002580      3.374326    0.0000002170
    3.002580     10.122977    0.0000019479
    3.002580     16.871628    0.0000053733
    3.002580     23.620279    0.0000103896
    3.002580     30.368930    0.0000167933
    3.002580     37.117581    0.0000243069
    3.002580     43.866232    0.0000327529
    3.002580     50.614883    0.0000424947

    9.007740    -50.614883    0.0001062440
    9.007740    -43.866232    0.0000820013
    9.007740    -37.117581    0.0000614829
    9.007740    -30.368930    0.0000428574
    9.007740    -23.620279    0.0000266383
    9.007740    -16.871628    0.0000137899
    9.007740    -10.122977    0.0000049943
    9.007740     -3.374326    0.0000005559
    9.007740      3.374326    0.0000005559
    9.007740     10.122977    0.0000049943
    9.007740     16.871628    0.0000137899
    9.007740     23.620279    0.0000266383
    9.007740     30.368930    0.0000428574
    9.007740     37.117581    0.0000614829
    9.007740     43.866232    0.0000820013
    9.007740     50.614883    0.0001062440

   15.012900    -50.614883    0.0001440772
   15.012900    -43.866232    0.0001133328
   15.012900    -37.117581    0.0000852110
   15.012900    -30.368930    0.0000595158
   15.012900    -23.620279    0.0000372046
   15.012900    -16.871628    0.0000194244
   15.012900    -10.122977    0.0000070937
   15.012900     -3.374326    0.0000007936
   15.012900      3.374326    0.0000007936
   15.012900     10.122977    0.0000070937
   15.012900     16.871628    0.0000194244
   15.012900     23.620279    0.0000372046
   15.012900     30.368930    0.0000595158
   15.012900     37.117581    0.0000852110
   15.012900     43.866232    0.0001133328
   15.012900     50.614883    0.0001440772

   21.018060    -50.614883    0.0001586049
   21.018060    -43.866232    0.0001293759
   21.018060    -37.117581    0.0000970673
   21.018060    -30.368930    0.0000676168
   21.018060    -23.620279    0.0000425868
   21.018060    -16.871628    0.0000225742
   21.018060    -10.122977    0.0000083749
   21.018060     -3.374326    0.0000009461
   21.018060      3.374326    0.0000009461
   21.018060     10.122977    0.0000083749
   21.018060     16.871628    0.0000225742
   21.018060     23.620279    0.0000425868
   21.018060     30.368930    0.0000676168
   21.018060     37.117581    0.0000970673
   21.018060     43.866232    0.0001293759
   21.018060     50.614883    0.0001586049

   27.023220    -50.614883    0.0001521545
   27.023220    -43.866232    0.0001274537
   27.023220    -37.117581    0.0000971363
   27.023220    -30.368930    0.0000685281
   27.023220    -23.620279    0.0000436538
   27.023220    -16.871628    0.0000233623
   27.023220    -10.122977    0.0000087274
   27.023220     -3.374326    0.0000009894
   27.023220      3.374326    0.0000009894
   27.023220     10.122977    0.0000087274
   27.023220     16.871628    0.0000233623
   27.023220     23.620279    0.0000436538
   27.023220     30.368930    0.0000685281
   27.023220     37.117581    0.0000971363
   27.023220     43.866232    0.0001274537
   27.023220     50.614883    0.0001521545

   33.028380    -50.614883    0.0001267962
   33.028380    -43.866232    0.0001010370
   33.028380    -37.117581    0.0000844005
   33.028380    -30.368930    0.0000639810
   33.028380    -23.620279    0.0000415482
   33.028380    -16.871628    0.0000217988
   33.028380    -10.122977    0.0000078753
   33.028380     -3.374326    0.0000008720
   33.028380      3.374326    0.0000008720
   33.028380     10.122977    0.0000078753
   33.028380     16.871628    0.0000217988
   33.028380     23.620279    0.0000415482
   33.028380     30.368930    0.0000639810
   33.028380     37.117581    0.0000844005
   33.028380     43.866232    0.0001010370
   33.028380     50.614883    0.0001267962

   39.033540    -50.614883    0.0000843565
   39.033540    -43.866232    0.0000539371
   39.033540    -37.117581    0.0000604815
   39.033540    -30.368930    0.0000543422
   39.033540    -23.620279    0.0000364759
   39.033540    -16.871628    0.0000181702
   39.033540    -10.122977    0.0000060088
   39.033540     -3.374326    0.0000006213
   39.033540      3.374326    0.0000006213
   39.033540     10.122977    0.0000060088
   39.033540     16.871628    0.0000181702
   39.033540     23.620279    0.0000364759
   39.033540     30.368930    0.0000543422
   39.033540     37.117581    0.0000604815
   39.033540     43.866232    0.0000539371
   39.033540     50.614883    0.0000843565

   45.038700    -50.614883    0.0000264114
   45.038700    -43.866232    0.0000374872
   45.038700    -37.117581    0.0000394330
   45.038700    -30.368930    0.0000340414
   45.038700    -23.620279    0.0000244672
   45.038700    -16.871628    0.0000140011
   45.038700    -10.122977    0.0000054086
   45.038700     -3.374326    0.0000006215
   45.038700      3.374326    0.0000006215
   45.038700     10.122977    0.0000054086
   45.038700     16.871628    0.0000140011
   45.038700     23.620279    0.0000244672
   45.038700     30.368930    0.0000340414
   45.038700     37.117581    0.0000394330
   45.038700     43.866232    0.0000374872
   45.038700     50.614883    0.0000264114

