  -44.510090   -119.276109    0.0059267820
  -44.510090   -103.372628    0.0049067502
  -44.510090    -87.469147    0.0039447800
  -44.510090    -71.565666    0.0030480462
  -44.510090    -55.662184    0.0022235295
  -44.510090    -39.758703    0.0014779417
  -44.510090    -23.855222    0.0008176488
  -44.510090     -7.951741    0.0002485929
  -44.510090      7.951741   -0.0002237882
  -44.510090     23.855222   -0.0005946415
  -44.510090     39.758703   -0.0008597824
  -44.510090     55.662184   -0.0010157786
  -44.510090     71.565666   -0.0010600365
  -44.510090     87.469147   -0.0009908882
  -44.510090    103.372628   -0.0008076808
  -44.510090    119.276109   -0.0005108670

  -39.273609   -119.276109    0.0050716775
  -39.273609   -103.372628    0.0041600097
  -39.273609    -87.469147    0.0033095916
  -39.273609    -71.565666    0.0025269854
  -39.273609    -55.662184    0.0018183585
  -39.273609    -39.758703    0.0011894730
  -39.273609    -23.855222    0.0006456641
  -39.273609     -7.951741    0.0001918081
  -39.273609      7.951741   -0.0001677221
  -39.273609     23.855222   -0.0004291111
  -39.273609     39.758703   -0.0005891673
  -39.273609     55.662184   -0.0006453999
  -39.273609     71.565666   -0.0005961067
  -39.273609     87.469147   -0.0004404735
  -39.273609    103.372628   -0.0001786845
  -39.273609    119.276109    0.0001879566

  -34.037128   -119.276109    0.0042838712
  -34.037128   -103.372628    0.0034788722
  -34.037128    -87.469147    0.0027361825
  -34.037128    -71.565666    0.0020615329
  -34.037128    -55.662184    0.0014602426
  -34.037128    -39.758703    0.0009372062
  -34.037128    -23.855222    0.0004968730
  -34.037128     -7.951741    0.0001432185
  -34.037128      7.951741   -0.0001202911
  -34.037128     23.855222   -0.0002907422
  -34.037128     39.758703   -0.0003658245
  -34.037128     55.662184   -0.0003438886
  -34.037128     71.565666   -0.0002240123
  -34.037128     87.469147   -0.0000060731
  -34.037128    103.372628    0.0003091711
  -34.037128    119.276109    0.0007199942

  -28.800647   -119.276109    0.0035529845
  -28.800647   -103.372628    0.0028549799
  -28.800647    -87.469147    0.0022178834
  -28.800647    -71.565666    0.0016465516
  -28.800647    -55.662184    0.0011454743
  -28.800647    -39.758703    0.0007187414
  -28.800647    -23.855222    0.0003700093
  -28.800647     -7.951741    0.0001024662
  -28.800647      7.951741   -0.0000812036
  -28.800647     23.855222   -0.0001788560
  -28.800647     39.758703   -0.0001889246
  -28.800647     55.662184   -0.0001104590
  -28.800647     71.565666    0.0000568358
  -28.800647     87.469147    0.0003125598
  -28.800647    103.372628    0.0006555763
  -28.800647    119.276109    0.0010839705

  -23.564166   -119.276109    0.0028678120
  -23.564166   -103.372628    0.0022792550
  -23.564166    -87.469147    0.0017475030
  -23.564166    -71.565666    0.0012765675
  -23.564166    -55.662184    0.0008701422
  -23.564166    -39.758703    0.0005315571
  -23.564166    -23.855222    0.0002637382
  -23.564166     -7.951741    0.0000691691
  -23.564166      7.951741   -0.0000501427
  -23.564166     23.855222   -0.0000926955
  -23.564166     39.758703   -0.0000575202
  -23.564166     55.662184    0.0000557976
  -23.564166     71.565666    0.0002470987
  -23.564166     87.469147    0.0005156352
  -23.564166    103.372628    0.0008600595
  -23.564166    119.276109    0.0012784168

  -18.327684   -119.276109    0.0022162477
  -18.327684   -103.372628    0.0017418625
  -18.327684    -87.469147    0.0013172884
  -18.327684    -71.565666    0.0009457239
  -18.327684    -55.662184    0.0006300895
  -18.327684    -39.758703    0.0003729840
  -18.327684    -23.855222    0.0001766460
  -18.327684     -7.951741    0.0000429208
  -18.327684      7.951741   -0.0000267679
  -18.327684     23.855222   -0.0000314400
  -18.327684     39.758703    0.0000294233
  -18.327684     55.662184    0.0001558678
  -18.327684     71.565666    0.0003474595
  -18.327684     87.469147    0.0006032834
  -18.327684    103.372628    0.0009219473
  -18.327684    119.276109    0.0013015913

  -13.091203   -119.276109    0.0015851722
  -13.091203   -103.372628    0.0012321370
  -13.091203    -87.469147    0.0009188583
  -13.091203    -71.565666    0.0006477181
  -13.091203    -55.662184    0.0004208630
  -13.091203    -39.758703    0.0002401711
  -13.091203    -23.855222    0.0001072248
  -13.091203     -7.951741    0.0000232875
  -13.091203      7.951741   -0.0000107157
  -13.091203     23.855222    0.0000057877
  -13.091203     39.758703    0.0000730070
  -13.091203     55.662184    0.0001907830
  -13.091203     71.565666    0.0003585865
  -13.091203     87.469147    0.0005755208
  -13.091203    103.372628    0.0008403296
  -13.091203    119.276109    0.0011514084

   -7.854722   -119.276109    0.0009603022
   -7.854722   -103.372628    0.0007384739
   -7.854722    -87.469147    0.0005431098
   -7.854722    -71.565666    0.0003757222
   -7.854722    -55.662184    0.0002376506
   -7.854722    -39.758703    0.0001300456
   -7.854722    -23.855222    0.0000538534
   -7.854722     -7.951741    0.0000098043
   -7.854722      7.951741   -0.0000015974
   -7.854722     23.855222    0.0000199194
   -7.854722     39.758703    0.0000743878
   -7.854722     55.662184    0.0001616001
   -7.854722     71.565666    0.0002811079
   -7.854722     87.469147    0.0004322243
   -7.854722    103.372628    0.0006140290
   -7.854722    119.276109    0.0008253749

   -2.618241   -119.276109    0.0003260003
   -2.618241   -103.372628    0.0002481846
   -2.618241    -87.469147    0.0001801001
   -2.618241    -71.565666    0.0001222852
   -2.618241    -55.662184    0.0000752088
   -2.618241    -39.758703    0.0000392660
   -2.618241    -23.855222    0.0000147738
   -2.618241     -7.951741    0.0000019687
   -2.618241      7.951741    0.0000010038
   -2.618241     23.855222    0.0000119468
   -2.618241     39.758703    0.0000347789
   -2.618241     55.662184    0.0000693943
   -2.618241     71.565666    0.0001155997
   -2.618241     87.469147    0.0001731156
   -2.618241    103.372628    0.0002415768
   -2.618241    119.276109    0.0003205348

    2.618241   -119.276109   -0.0003349535
    2.618241   -103.372628   -0.0002526834
    2.618241    -87.469147   -0.0001810997
    2.618241    -71.565666   -0.0001207803
    2.618241    -55.662184   -0.0000722209
    2.618241    -39.758703   -0.0000358320
    2.618241    -23.855222   -0.0000119362
    2.618241     -7.951741   -0.0000007658
    2.618241      7.951741   -0.0000024609
    2.618241     23.855222   -0.0000170683
    2.618241     39.758703   -0.0000445405
    2.618241     55.662184   -0.0000847349
    2.618241     71.565666   -0.0001374143
    2.618241     87.469147   -0.0002022470
    2.618241    103.372628   -0.0002788076
    2.618241    119.276109   -0.0003665787

    7.854722   -119.276109   -0.0010416287
    7.854722   -103.372628   -0.0007795628
    7.854722    -87.469147   -0.0005525758
    7.854722    -71.565666   -0.0003625300
    7.854722    -55.662184   -0.0002110060
    7.854722    -39.758703   -0.0000992957
    7.854722    -23.855222   -0.0000283950
    7.854722     -7.951741    0.0000010006
    7.854722      7.951741   -0.0000114992
    7.854722     23.855222   -0.0000659766
    7.854722     39.758703   -0.0001622044
    7.854722     55.662184   -0.0002996449
    7.854722     71.565666   -0.0004774507
    7.854722     87.469147   -0.0006944662
    7.854722    103.372628   -0.0009492309
    7.854722    119.276109   -0.0012399829

   13.091203   -119.276109   -0.0018152505
   13.091203   -103.372628   -0.0013496180
   13.091203    -87.469147   -0.0009477697
   13.091203    -71.565666   -0.0006130359
   13.091203    -55.662184   -0.0003482278
   13.091203    -39.758703   -0.0001556230
   13.091203    -23.855222   -0.0000369536
   13.091203     -7.951741    0.0000066033
   13.091203      7.951741   -0.0000255682
   13.091203     23.855222   -0.0001335179
   13.091203     39.758703   -0.0003167289
   13.091203     55.662184   -0.0005741183
   13.091203     71.565666   -0.0009040409
   13.091203     87.469147   -0.0013042959
   13.091203    103.372628   -0.0017721356
   13.091203    119.276109   -0.0023042771

   18.327684   -119.276109   -0.0026795443
   18.327684   -103.372628   -0.0019820324
   18.327684    -87.469147   -0.0013817023
   18.327684    -71.565666   -0.0008835521
   18.327684    -55.662184   -0.0004917965
   18.327684    -39.758703   -0.0002098367
   18.327684    -23.855222   -0.0000402353
   18.327684     -7.951741    0.0000153015
   18.327684      7.951741   -0.0000440633
   18.327684     23.855222   -0.0002182919
   18.327684     39.758703   -0.0005064711
   18.327684     55.662184   -0.0009068186
   18.327684     71.565666   -0.0014166948
   18.327684     87.469147   -0.0020326212
   18.327684    103.372628   -0.0027503045
   18.327684    119.276109   -0.0035646672

   23.564166   -119.276109   -0.0036611186
   23.564166   -103.372628   -0.0026983320
   23.564166    -87.469147   -0.0018712247
   23.564166    -71.565666   -0.0011866969
   23.564166    -55.662184   -0.0006505774
   23.564166    -39.758703   -0.0002675648
   23.564166    -23.855222   -0.0000411809
   23.564166     -7.951741    0.0000262643
   23.564166      7.951741   -0.0000663055
   23.564166     23.855222   -0.0003187226
   23.564166     39.758703   -0.0007295774
   23.564166     55.662184   -0.0012962328
   23.564166     71.565666   -0.0020148506
   23.564166     87.469147   -0.0028804303
   23.564166    103.372628   -0.0038868604
   23.564166    119.276109   -0.0050269811

   28.800647   -119.276109   -0.0047898875
   28.800647   -103.372628   -0.0035227437
   28.800647    -87.469147   -0.0024352948
   28.800647    -71.565666   -0.0015366532
   28.800647    -55.662184   -0.0008345274
   28.800647    -39.758703   -0.0003351288
   28.800647    -23.855222   -0.0000430969
   28.800647     -7.951741    0.0000385548
   28.800647      7.951741   -0.0000915262
   28.800647     23.855222   -0.0004330164
   28.800647     39.758703   -0.0009839216
   28.800647     55.662184   -0.0017406014
   28.800647     71.565666   -0.0026978132
   28.800647     87.469147   -0.0038487772
   28.800647    103.372628   -0.0051852598
   28.800647    119.276109   -0.0066976777

   34.037128   -119.276109   -0.0060995310
   34.037128   -103.372628   -0.0044825901
   34.037128    -87.469147   -0.0030952803
   34.037128    -71.565666   -0.0019493845
   34.037128    -55.662184   -0.0010548423
   34.037128    -39.758703   -0.0004196375
   34.037128    -23.855222   -0.0000497091
   34.037128     -7.951741    0.0000511132
   34.037128      7.951741   -0.0001188505
   34.037128     23.855222   -0.0005591140
   34.037128     39.758703   -0.0012670326
   34.037128     55.662184   -0.0022378351
   34.037128     71.565666   -0.0034646801
   34.037128     87.469147   -0.0049387353
   34.037128    103.372628   -0.0066492828
   34.037128    119.276109   -0.0085838466

