  -48.827424    -54.177403    0.0006880913
  -48.827424    -46.953749    0.0006024341
  -48.827424    -39.730095    0.0004838614
  -48.827424    -32.506442    0.0003532128
  -48.827424    -25.282788    0.0002278544
  -48.827424    -18.059134    0.0001216792
  -48.827424    -10.835481    0.0000451070
  -48.827424     -3.611827    0.0000050842
  -48.827424      3.611827    0.0000050842
  -48.827424     10.835481    0.0000451070
  -48.827424     18.059134    0.0001216792
  -48.827424     25.282788    0.0002278544
  -48.827424     32.506442    0.0003532128
  -48.827424     39.730095    0.0004838614
  -48.827424     46.953749    0.0006024341
  -48.827424     54.177403    0.0006880913

  -42.317101    -54.177403    0.0005579603
  -42.317101    -46.953749    0.0004899702
  -42.317101    -39.730095    0.0003943058
  -42.317101    -32.506442    0.0002882226
  -42.317101    -25.282788    0.0001861003
  -42.317101    -18.059134    0.0000994428
  -42.317101    -10.835481    0.0000368779
  -42.317101     -3.611827    0.0000041575
  -42.317101      3.611827    0.0000041575
  -42.317101     10.835481    0.0000368779
  -42.317101     18.059134    0.0000994428
  -42.317101     25.282788    0.0001861003
  -42.317101     32.506442    0.0002882226
  -42.317101     39.730095    0.0003943058
  -42.317101     46.953749    0.0004899702
  -42.317101     54.177403    0.0005579603

  -35.806778    -54.177403    0.0004370399
  -35.806778    -46.953749    0.0003853314
  -35.806778    -39.730095    0.0003109092
  -35.806778    -32.506442    0.0002276658
  -35.806778    -25.282788    0.0001471784
  -35.806778    -18.059134    0.0000787089
  -35.806778    -10.835481    0.0000292035
  -35.806778     -3.611827    0.0000032931
  -35.806778      3.611827    0.0000032931
  -35.806778     10.835481    0.0000292035
  -35.806778     18.059134    0.0000787089
  -35.806778     25.282788    0.0001471784
  -35.806778     32.506442    0.0002276658
  -35.806778     39.730095    0.0003109092
  -35.806778     46.953749    0.0003853314
  -35.806778     54.177403    0.0004370399

  -29.296454    -54.177403    0.0003270891
  -29.296454    -46.953749    0.0002899057
  -29.296454    -39.730095    0.0002347065
  -29.296454    -32.506442    0.0001722582
  -29.296454    -25.282788    0.0001115329
  -29.296454    -18.059134    0.0000597083
  -29.296454    -10.835481    0.0000221679
  -29.296454     -3.611827    0.0000025005
  -29.296454      3.611827    0.0000025005
  -29.296454     10.835481    0.0000221679
  -29.296454     18.059134    0.0000597083
  -29.296454     25.282788    0.0001115329
  -29.296454     32.506442    0.0001722582
  -29.296454     39.730095    0.0002347065
  -29.296454     46.953749    0.0002899057
  -29.296454     54.177403    0.0003270891

  -22.786131    -54.177403    0.0002295639
  -22.786131    -46.953749    0.0002048481
  -22.786131    -39.730095    0.0001665623
  -22.786131    -32.506442    0.0001225994
  -22.786131    -25.282788    0.0000795364
  -22.786131    -18.059134    0.0000426352
  -22.786131    -10.835481    0.0000158420
  -22.786131     -3.611827    0.0000017876
  -22.786131      3.611827    0.0000017876
  -22.786131     10.835481    0.0000158420
  -22.786131     18.059134    0.0000426352
  -22.786131     25.282788    0.0000795364
  -22.786131     32.506442    0.0001225994
  -22.786131     39.730095    0.0001665623
  -22.786131     46.953749    0.0002048481
  -22.786131     54.177403    0.0002295639

  -16.275808    -54.177403    0.0001456180
  -16.275808    -46.953749    0.0001310803
  -16.275808    -39.730095    0.0001071707
  -16.275808    -32.506442    0.0000791731
  -16.275808    -25.282788    0.0000514909
  -16.275808    -18.059134    0.0000276469
  -16.275808    -10.835481    0.0000102832
  -16.275808     -3.611827    0.0000011609
  -16.275808      3.611827    0.0000011609
  -16.275808     10.835481    0.0000102832
  -16.275808     18.059134    0.0000276469
  -16.275808     25.282788    0.0000514909
  -16.275808     32.506442    0.0000791731
  -16.275808     39.730095    0.0001071707
  -16.275808     46.953749    0.0001310803
  -16.275808     54.177403    0.0001456180

   -9.765485    -54.177403    0.0000761019
   -9.765485    -46.953749    0.0000692912
   -9.765485    -39.730095    0.0000570551
   -9.765485    -32.506442    0.0000423467
   -9.765485    -25.282788    0.0000276269
   -9.765485    -18.059134    0.0000148644
   -9.765485    -10.835481    0.0000055357
   -9.765485     -3.611827    0.0000006253
   -9.765485      3.611827    0.0000006253
   -9.765485     10.835481    0.0000055357
   -9.765485     18.059134    0.0000148644
   -9.765485     25.282788    0.0000276269
   -9.765485     32.506442    0.0000423467
   -9.765485     39.730095    0.0000570551
   -9.765485     46.953749    0.0000692912
   -9.765485     54.177403    0.0000761019

   -3.255162    -54.177403    0.0000215638
   -3.255162    -46.953749    0.0000199361
   -3.255162    -39.730095    0.0000165686
   -3.255162    -32.506442    0.0000123715
   -3.255162    -25.282788    0.0000081035
   -3.255162    -18.059134    0.0000043715
   -3.255162    -10.835481    0.0000016306
   -3.255162     -3.611827    0.0000001843
   -3.255162      3.611827    0.0000001843
   -3.255162     10.835481    0.0000016306
   -3.255162     18.059134    0.0000043715
   -3.255162     25.282788    0.0000081035
   -3.255162     32.506442    0.0000123715
   -3.255162     39.730095    0.0000165686
   -3.255162     46.953749    0.0000199361
   -3.255162     54.177403    0.0000215638

    3.255162    -54.177403   -0.0000177510
    3.255162    -46.953749   -0.0000167625
    3.255162    -39.730095   -0.0000141062
    3.255162    -32.506442   -0.0000106171
    3.255162    -25.282788   -0.0000069909
    3.255162    -18.059134   -0.0000037842
    3.255162    -10.835481   -0.0000014145
    3.255162     -3.611827   -0.0000001601
    3.255162      3.611827   -0.0000001601
    3.255162     10.835481   -0.0000014145
    3.255162     18.059134   -0.0000037842
    3.255162     25.282788   -0.0000069909
    3.255162     32.506442   -0.0000106171
    3.255162     39.730095   -0.0000141062
    3.255162     46.953749   -0.0000167625
    3.255162     54.177403   -0.0000177510

    9.765485    -54.177403   -0.0000419000
    9.765485    -46.953749   -0.0000408154
    9.765485    -39.730095   -0.0000349571
    9.765485    -32.506442   -0.0000265999
    9.765485    -25.282788   -0.0000176394
    9.765485    -18.059134   -0.0000095921
    9.765485    -10.835481   -0.0000035953
    9.765485     -3.611827   -0.0000004074
    9.765485      3.611827   -0.0000004074
    9.765485     10.835481   -0.0000035953
    9.765485     18.059134   -0.0000095921
    9.765485     25.282788   -0.0000176394
    9.765485     32.506442   -0.0000265999
    9.765485     39.730095   -0.0000349571
    9.765485     46.953749   -0.0000408154
    9.765485     54.177403   -0.0000419000

   16.275808    -54.177403   -0.0000512434
   16.275808    -46.953749   -0.0000524666
   16.275808    -39.730095   -0.0000461426
   16.275808    -32.506442   -0.0000356739
   16.275808    -25.282788   -0.0000238963
   16.275808    -18.059134   -0.0000130781
   16.275808    -10.835481   -0.0000049208
   16.275808     -3.611827   -0.0000005586
   16.275808      3.611827   -0.0000005586
   16.275808     10.835481   -0.0000049208
   16.275808     18.059134   -0.0000130781
   16.275808     25.282788   -0.0000238963
   16.275808     32.506442   -0.0000356739
   16.275808     39.730095   -0.0000461426
   16.275808     46.953749   -0.0000524666
   16.275808     54.177403   -0.0000512434

   22.786131    -54.177403   -0.0000464439
   22.786131    -46.953749   -0.0000521932
   22.786131    -39.730095   -0.0000479914
   22.786131    -32.506442   -0.0000380521
   22.786131    -25.282788   -0.0000258869
   22.786131    -18.059134   -0.0000143049
   22.786131    -10.835481   -0.0000054131
   22.786131     -3.611827   -0.0000006161
   22.786131      3.611827   -0.0000006161
   22.786131     10.835481   -0.0000054131
   22.786131     18.059134   -0.0000143049
   22.786131     25.282788   -0.0000258869
   22.786131     32.506442   -0.0000380521
   22.786131     39.730095   -0.0000479914
   22.786131     46.953749   -0.0000521932
   22.786131     54.177403   -0.0000464439

   29.296454    -54.177403   -0.0000284671
   29.296454    -46.953749   -0.0000407055
   29.296454    -39.730095   -0.0000410029
   29.296454    -32.506442   -0.0000340636
   29.296454    -25.282788   -0.0000238079
   29.296454    -18.059134   -0.0000133720
   29.296454    -10.835481   -0.0000051079
   29.296454     -3.611827   -0.0000005839
   29.296454      3.611827   -0.0000005839
   29.296454     10.835481   -0.0000051079
   29.296454     18.059134   -0.0000133720
   29.296454     25.282788   -0.0000238079
   29.296454     32.506442   -0.0000340636
   29.296454     39.730095   -0.0000410029
   29.296454     46.953749   -0.0000407055
   29.296454     54.177403   -0.0000284671

   35.806778    -54.177403    0.0000014186
   35.806778    -46.953749   -0.0000189467
   35.806778    -39.730095   -0.0000258468
   35.806778    -32.506442   -0.0000241536
   35.806778    -25.282788   -0.0000179271
   35.806778    -18.059134   -0.0000104152
   35.806778    -10.835481   -0.0000040540
   35.806778     -3.611827   -0.0000004674
   35.806778      3.611827   -0.0000004674
   35.806778     10.835481   -0.0000040540
   35.806778     18.059134   -0.0000104152
   35.806778     25.282788   -0.0000179271
   35.806778     32.506442   -0.0000241536
   35.806778     39.730095   -0.0000258468
   35.806778     46.953749   -0.0000189467
   35.806778     54.177403    0.0000014186

   42.317101    -54.177403    0.0000416422
   42.317101    -46.953749    0.0000119064
   42.317101    -39.730095   -0.0000033635
   42.317101    -32.506442   -0.0000088834
   42.317101    -25.282788   -0.0000085834
   42.317101    -18.059134   -0.0000056074
   42.317101    -10.835481   -0.0000023134
   42.317101     -3.611827   -0.0000002734
   42.317101      3.611827   -0.0000002734
   42.317101     10.835481   -0.0000023134
   42.317101     18.059134   -0.0000056074
   42.317101     25.282788   -0.0000085834
   42.317101     32.506442   -0.0000088834
   42.317101     39.730095   -0.0000033635
   42.317101     46.953749    0.0000119064
   42.317101     54.177403    0.0000416422

   48.827424    -54.177403    0.0000903301
   48.827424    -46.953749    0.0000504443
   48.827424    -39.730095    0.0000254364
   48.827424    -32.506442    0.0000110696
   48.827424    -25.282788    0.0000038130
   48.827424    -18.059134    0.0000008420
   48.827424    -10.835481    0.0000000383
   48.827424     -3.611827   -0.0000000105
   48.827424      3.611827   -0.0000000105
   48.827424     10.835481    0.0000000383
   48.827424     18.059134    0.0000008420
   48.827424     25.282788    0.0000038130
   48.827424     32.506442    0.0000110696
   48.827424     39.730095    0.0000254364
   48.827424     46.953749    0.0000504443
   48.827424     54.177403    0.0000903301

