  -54.177403    -96.008735    0.0279002897
  -54.177403    -81.238160    0.0257963144
  -54.177403    -66.467585    0.0240893537
  -54.177403    -51.697011    0.0227249104
  -54.177403    -36.926436    0.0216557184
  -54.177403    -22.155862    0.0208407308
  -54.177403     -7.385287    0.0202442825
  -54.177403      7.385287    0.0198353922
  -54.177403     22.155862    0.0195871740
  -54.177403     36.926436    0.0194763340
  -54.177403     51.697011    0.0194827319
  -54.177403     66.467585    0.0195889940
  -54.177403     81.238160    0.0197801680
  -54.177403     96.008735    0.0200434151
  -54.177403    110.779309    0.0203677413
  -54.177403    125.549884    0.0207437733

  -46.953749    -96.008735    0.0219747391
  -46.953749    -81.238160    0.0199097418
  -46.953749    -66.467585    0.0182548411
  -46.953749    -51.697011    0.0169529264
  -46.953749    -36.926436    0.0159546057
  -46.953749    -22.155862    0.0152171051
  -46.953749     -7.385287    0.0147033557
  -46.953749      7.385287    0.0143812302
  -46.953749     22.155862    0.0142229016
  -46.953749     36.926436    0.0142042983
  -46.953749     51.697011    0.0143046356
  -46.953749     66.467585    0.0145060106
  -46.953749     81.238160    0.0147930500
  -46.953749     96.008735    0.0151526069
  -46.953749    110.779309    0.0155735090
  -46.953749    125.549884    0.0160463623

  -39.730095    -96.008735    0.0170967094
  -39.730095    -81.238160    0.0150688769
  -39.730095    -66.467585    0.0134631133
  -39.730095    -51.697011    0.0122200119
  -39.730095    -36.926436    0.0112882598
  -39.730095    -22.155862    0.0106234888
  -39.730095     -7.385287    0.0101873168
  -39.730095      7.385287    0.0099465439
  -39.730095     22.155862    0.0098724729
  -39.730095     36.926436    0.0099403299
  -39.730095     51.697011    0.0101287659
  -39.730095     66.467585    0.0104194245
  -39.730095     81.238160    0.0107965660
  -39.730095     96.008735    0.0112467451
  -39.730095    110.779309    0.0117585425
  -39.730095    125.549884    0.0123223564

  -32.506442    -96.008735    0.0131974200
  -32.506442    -81.238160    0.0112035028
  -32.506442    -66.467585    0.0096423063
  -32.506442    -51.697011    0.0084524019
  -32.506442    -36.926436    0.0075807765
  -32.506442    -22.155862    0.0069816463
  -32.506442     -7.385287    0.0066154620
  -32.506442      7.385287    0.0064480707
  -32.506442     22.155862    0.0064500047
  -32.506442     36.926436    0.0065958722
  -32.506442     51.697011    0.0068638311
  -32.506442     66.467585    0.0072351307
  -32.506442     81.238160    0.0076937119
  -32.506442     96.008735    0.0082258634
  -32.506442    110.779309    0.0088199334
  -32.506442    125.549884    0.0094661028

  -25.282788    -96.008735    0.0102022231
  -25.282788    -81.238160    0.0082375273
  -25.282788    -66.467585    0.0067145917
  -25.282788    -51.697011    0.0055702609
  -25.282788    -36.926436    0.0047500811
  -25.282788    -22.155862    0.0042070755
  -25.282788     -7.385287    0.0039007151
  -25.282788      7.385287    0.0037960486
  -25.282788     22.155862    0.0038629622
  -25.282788     36.926436    0.0040755442
  -25.282788     51.697011    0.0044115351
  -25.282788     66.467585    0.0048518491
  -25.282788     81.238160    0.0053801570
  -25.282788     96.008735    0.0059825271
  -25.282788    110.779309    0.0066471252
  -25.282788    125.549884    0.0073639794

  -18.059134    -96.008735    0.0080366646
  -18.059134    -81.238160    0.0060951790
  -18.059134    -66.467585    0.0046025710
  -18.059134    -51.697011    0.0034943090
  -18.059134    -36.926436    0.0027148037
  -18.059134    -22.155862    0.0022161466
  -18.059134     -7.385287    0.0019570484
  -18.059134      7.385287    0.0019019392
  -18.059134     22.155862    0.0020202033
  -18.059134     36.926436    0.0022855218
  -18.059134     51.697011    0.0026753055
  -18.059134     66.467585    0.0031702017
  -18.059134     81.238160    0.0037536672
  -18.059134     96.008735    0.0044116024
  -18.059134    110.779309    0.0051320488
  -18.059134    125.549884    0.0059049547

  -10.835481    -96.008735    0.0066347253
  -10.835481    -81.238160    0.0047093565
  -10.835481    -66.467585    0.0032377837
  -10.835481    -51.697011    0.0021545129
  -10.835481    -36.926436    0.0014031689
  -10.835481    -22.155862    0.0009352044
  -10.835481     -7.385287    0.0007088109
  -10.835481      7.385287    0.0006879973
  -10.835481     22.155862    0.0008418048
  -10.835481     36.926436    0.0011436346
  -10.835481     51.697011    0.0015706680
  -10.835481     66.467585    0.0021033657
  -10.835481     81.238160    0.0027250352
  -10.835481     96.008735    0.0034214648
  -10.835481    110.779309    0.0041806222
  -10.835481    125.549884    0.0049924274

   -3.611827    -96.008735    0.0059469803
   -3.611827    -81.238160    0.0040298683
   -3.611827    -66.467585    0.0025690659
   -3.611827    -51.697011    0.0014985836
   -3.611827    -36.926436    0.0007616438
   -3.611827    -22.155862    0.0003093742
   -3.611827     -7.385287    0.0000997033
   -3.611827      7.385287    0.0000964268
   -3.611827     22.155862    0.0002684119
   -3.611827     36.926436    0.0005889168
   -3.611827     51.697011    0.0010350053
   -3.611827     66.467585    0.0015870416
   -3.611827     81.238160    0.0022282568
   -3.611827     96.008735    0.0029443826
   -3.611827    110.779309    0.0037233539
   -3.611827    125.549884    0.0045550852

    3.611827    -96.008735    0.0059469803
    3.611827    -81.238160    0.0040298683
    3.611827    -66.467585    0.0025690659
    3.611827    -51.697011    0.0014985836
    3.611827    -36.926436    0.0007616438
    3.611827    -22.155862    0.0003093742
    3.611827     -7.385287    0.0000997033
    3.611827      7.385287    0.0000964268
    3.611827     22.155862    0.0002684119
    3.611827     36.926436    0.0005889168
    3.611827     51.697011    0.0010350053
    3.611827     66.467585    0.0015870416
    3.611827     81.238160    0.0022282568
    3.611827     96.008735    0.0029443826
    3.611827    110.779309    0.0037233539
    3.611827    125.549884    0.0045550852

   10.835481    -96.008735    0.0066347253
   10.835481    -81.238160    0.0047093565
   10.835481    -66.467585    0.0032377837
   10.835481    -51.697011    0.0021545129
   10.835481    -36.926436    0.0014031689
   10.835481    -22.155862    0.0009352044
   10.835481     -7.385287    0.0007088109
   10.835481      7.385287    0.0006879973
   10.835481     22.155862    0.0008418048
   10.835481     36.926436    0.0011436346
   10.835481     51.697011    0.0015706680
   10.835481     66.467585    0.0021033657
   10.835481     81.238160    0.0027250352
   10.835481     96.008735    0.0034214648
   10.835481    110.779309    0.0041806222
   10.835481    125.549884    0.0049924274

   18.059134    -96.008735    0.0080366646
   18.059134    -81.238160    0.0060951790
   18.059134    -66.467585    0.0046025710
   18.059134    -51.697011    0.0034943090
   18.059134    -36.926436    0.0027148037
   18.059134    -22.155862    0.0022161466
   18.059134     -7.385287    0.0019570484
   18.059134      7.385287    0.0019019392
   18.059134     22.155862    0.0020202033
   18.059134     36.926436    0.0022855218
   18.059134     51.697011    0.0026753055
   18.059134     66.467585    0.0031702017
   18.059134     81.238160    0.0037536672
   18.059134     96.008735    0.0044116024
   18.059134    110.779309    0.0051320488
   18.059134    125.549884    0.0059049547

   25.282788    -96.008735    0.0102022231
   25.282788    -81.238160    0.0082375273
   25.282788    -66.467585    0.0067145917
   25.282788    -51.697011    0.0055702609
   25.282788    -36.926436    0.0047500811
   25.282788    -22.155862    0.0042070755
   25.282788     -7.385287    0.0039007151
   25.282788      7.385287    0.0037960486
   25.282788     22.155862    0.0038629622
   25.282788     36.926436    0.0040755442
   25.282788     51.697011    0.0044115351
   25.282788     66.467585    0.0048518491
   25.282788     81.238160    0.0053801570
   25.282788     96.008735    0.0059825271
   25.282788    110.779309    0.0066471252
   25.282788    125.549884    0.0073639794

   32.506442    -96.008735    0.0131974200
   32.506442    -81.238160    0.0112035028
   32.506442    -66.467585    0.0096423063
   32.506442    -51.697011    0.0084524019
   32.506442    -36.926436    0.0075807765
   32.506442    -22.155862    0.0069816463
   32.506442     -7.385287    0.0066154620
   32.506442      7.385287    0.0064480707
   32.506442     22.155862    0.0064500047
   32.506442     36.926436    0.0065958722
   32.506442     51.697011    0.0068638311
   32.506442     66.467585    0.0072351307
   32.506442     81.238160    0.0076937119
   32.506442     96.008735    0.0082258634
   32.506442    110.779309    0.0088199334
   32.506442    125.549884    0.0094661028

   39.730095    -96.008735    0.0170967094
   39.730095    -81.238160    0.0150688769
   39.730095    -66.467585    0.0134631133
   39.730095    -51.697011    0.0122200119
   39.730095    -36.926436    0.0112882598
   39.730095    -22.155862    0.0106234888
   39.730095     -7.385287    0.0101873168
   39.730095      7.385287    0.0099465439
   39.730095     22.155862    0.0098724729
   39.730095     36.926436    0.0099403299
   39.730095     51.697011    0.0101287659
   39.730095     66.467585    0.0104194245
   39.730095     81.238160    0.0107965660
   39.730095     96.008735    0.0112467451
   39.730095    110.779309    0.0117585425
   39.730095    125.549884    0.0123223564

   46.953749    -96.008735    0.0219747391
   46.953749    -81.238160    0.0199097418
   46.953749    -66.467585    0.0182548411
   46.953749    -51.697011    0.0169529264
   46.953749    -36.926436    0.0159546057
   46.953749    -22.155862    0.0152171051
   46.953749     -7.385287    0.0147033557
   46.953749      7.385287    0.0143812302
   46.953749     22.155862    0.0142229016
   46.953749     36.926436    0.0142042983
   46.953749     51.697011    0.0143046356
   46.953749     66.467585    0.0145060106
   46.953749     81.238160    0.0147930500
   46.953749     96.008735    0.0151526069
   46.953749    110.779309    0.0155735090
   46.953749    125.549884    0.0160463623

   54.177403    -96.008735    0.0279002897
   54.177403    -81.238160    0.0257963144
   54.177403    -66.467585    0.0240893537
   54.177403    -51.697011    0.0227249104
   54.177403    -36.926436    0.0216557184
   54.177403    -22.155862    0.0208407308
   54.177403     -7.385287    0.0202442825
   54.177403      7.385287    0.0198353922
   54.177403     22.155862    0.0195871740
   54.177403     36.926436    0.0194763340
   54.177403     51.697011    0.0194827319
   54.177403     66.467585    0.0195889940
   54.177403     81.238160    0.0197801680
   54.177403     96.008735    0.0200434151
   54.177403    110.779309    0.0203677413
   54.177403    125.549884    0.0207437733

