  -25.746645   -136.038482    0.0528871750
  -25.746645   -117.900018    0.0542205049
  -25.746645    -99.761554    0.0556516344
  -25.746645    -81.623089    0.0570555457
  -25.746645    -63.484625    0.0583215816
  -25.746645    -45.346161    0.0593567005
  -25.746645    -27.207696    0.0600883572
  -25.746645     -9.069232    0.0604668260
  -25.746645      9.069232    0.0604668260
  -25.746645     27.207696    0.0600883572
  -25.746645     45.346161    0.0593567005
  -25.746645     63.484625    0.0583215816
  -25.746645     81.623089    0.0570555457
  -25.746645     99.761554    0.0556516344
  -25.746645    117.900018    0.0542205049
  -25.746645    136.038482    0.0528871750

  -21.065436   -136.038482    0.0329772587
  -21.065436   -117.900018    0.0334881475
  -21.065436    -99.761554    0.0341921347
  -21.065436    -81.623089    0.0349732070
  -21.065436    -63.484625    0.0357294974
  -21.065436    -45.346161    0.0363755143
  -21.065436    -27.207696    0.0368445265
  -21.065436     -9.069232    0.0370907021
  -21.065436      9.069232    0.0370907021
  -21.065436     27.207696    0.0368445265
  -21.065436     45.346161    0.0363755143
  -21.065436     63.484625    0.0357294974
  -21.065436     81.623089    0.0349732070
  -21.065436     99.761554    0.0341921347
  -21.065436    117.900018    0.0334881475
  -21.065436    136.038482    0.0329772587

  -16.384228   -136.038482    0.0190928440
  -16.384228   -117.900018    0.0189808350
  -16.384228    -99.761554    0.0191335851
  -16.384228    -81.623089    0.0194432805
  -16.384228    -63.484625    0.0198144861
  -16.384228    -45.346161    0.0201668880
  -16.384228    -27.207696    0.0204377943
  -16.384228     -9.069232    0.0205841895
  -16.384228      9.069232    0.0205841895
  -16.384228     27.207696    0.0204377943
  -16.384228     45.346161    0.0201668880
  -16.384228     63.484625    0.0198144861
  -16.384228     81.623089    0.0194432805
  -16.384228     99.761554    0.0191335851
  -16.384228    117.900018    0.0189808350
  -16.384228    136.038482    0.0190928440

  -11.703020   -136.038482    0.0101152446
  -11.703020   -117.900018    0.0095357966
  -11.703020    -99.761554    0.0092757529
  -11.703020    -81.623089    0.0092328242
  -11.703020    -63.484625    0.0093161693
  -11.703020    -45.346161    0.0094492351
  -11.703020    -27.207696    0.0095722427
  -11.703020     -9.069232    0.0096441778
  -11.703020      9.069232    0.0096441778
  -11.703020     27.207696    0.0095722427
  -11.703020     45.346161    0.0094492351
  -11.703020     63.484625    0.0093161693
  -11.703020     81.623089    0.0092328242
  -11.703020     99.761554    0.0092757529
  -11.703020    117.900018    0.0095357966
  -11.703020    136.038482    0.0101152446

   -7.021812   -136.038482    0.0051092264
   -7.021812   -117.900018    0.0041840850
   -7.021812    -99.761554    0.0036194713
   -7.021812    -81.623089    0.0033166614
   -7.021812    -63.484625    0.0031880230
   -7.021812    -45.346161    0.0031596854
   -7.021812    -27.207696    0.0031739305
   -7.021812     -9.069232    0.0031911349
   -7.021812      9.069232    0.0031911349
   -7.021812     27.207696    0.0031739305
   -7.021812     45.346161    0.0031596854
   -7.021812     63.484625    0.0031880230
   -7.021812     81.623089    0.0033166614
   -7.021812     99.761554    0.0036194713
   -7.021812    117.900018    0.0041840850
   -7.021812    136.038482    0.0051092264

   -2.340604   -136.038482    0.0032909156
   -2.340604   -117.900018    0.0021154743
   -2.340604    -99.761554    0.0013306801
   -2.340604    -81.623089    0.0008402927
   -2.340604    -63.484625    0.0005588554
   -2.340604    -45.346161    0.0004142982
   -2.340604    -27.207696    0.0003502842
   -2.340604     -9.069232    0.0003281238
   -2.340604      9.069232    0.0003281238
   -2.340604     27.207696    0.0003502842
   -2.340604     45.346161    0.0004142982
   -2.340604     63.484625    0.0005588554
   -2.340604     81.623089    0.0008402927
   -2.340604     99.761554    0.0013306801
   -2.340604    117.900018    0.0021154743
   -2.340604    136.038482    0.0032909156

    2.340604   -136.038482    0.0040015651
    2.340604   -117.900018    0.0026503137
    2.340604    -99.761554    0.0017110988
    2.340604    -81.623089    0.0010894347
    2.340604    -63.484625    0.0007012653
    2.340604    -45.346161    0.0004756424
    2.340604    -27.207696    0.0003570904
    2.340604     -9.069232    0.0003075102
    2.340604      9.069232    0.0003075102
    2.340604     27.207696    0.0003570904
    2.340604     45.346161    0.0004756424
    2.340604     63.484625    0.0007012653
    2.340604     81.623089    0.0010894347
    2.340604     99.761554    0.0017110988
    2.340604    117.900018    0.0026503137
    2.340604    136.038482    0.0040015651

    7.021812   -136.038482    0.0066861431
    7.021812   -117.900018    0.0052168986
    7.021812    -99.761554    0.0041743944
    7.021812    -81.623089    0.0034651698
    7.021812    -63.484625    0.0030059803
    7.021812    -45.346161    0.0027265196
    7.021812    -27.207696    0.0025717992
    7.021812     -9.069232    0.0025040508
    7.021812      9.069232    0.0025040508
    7.021812     27.207696    0.0025717992
    7.021812     45.346161    0.0027265196
    7.021812     63.484625    0.0030059803
    7.021812     81.623089    0.0034651698
    7.021812     99.761554    0.0041743944
    7.021812    117.900018    0.0052168986
    7.021812    136.038482    0.0066861431

   11.703020   -136.038482    0.0108758554
   11.703020   -117.900018    0.0093331655
   11.703020    -99.761554    0.0082268536
   11.703020    -81.623089    0.0074637904
   11.703020    -63.484625    0.0069610914
   11.703020    -45.346161    0.0066487533
   11.703020    -27.207696    0.0064720050
   11.703020     -9.069232    0.0063932116
   11.703020      9.069232    0.0063932116
   11.703020     27.207696    0.0064720050
   11.703020     45.346161    0.0066487533
   11.703020     63.484625    0.0069610914
   11.703020     81.623089    0.0074637904
   11.703020     99.761554    0.0082268536
   11.703020    117.900018    0.0093331655
   11.703020    136.038482    0.0108758554

   16.384228   -136.038482    0.0161738606
   16.384228   -117.900018    0.0145917575
   16.384228    -99.761554    0.0134517195
   16.384228    -81.623089    0.0126605302
   16.384228    -63.484625    0.0121353216
   16.384228    -45.346161    0.0118061128
   16.384228    -27.207696    0.0116181330
   16.384228     -9.069232    0.0115337311
   16.384228      9.069232    0.0115337311
   16.384228     27.207696    0.0116181330
   16.384228     45.346161    0.0118061128
   16.384228     63.484625    0.0121353216
   16.384228     81.623089    0.0126605302
   16.384228     99.761554    0.0134517195
   16.384228    117.900018    0.0145917575
   16.384228    136.038482    0.0161738606

   21.065436   -136.038482    0.0222435857
   21.065436   -117.900018    0.0206477520
   21.065436    -99.761554    0.0194964973
   21.065436    -81.623089    0.0186964766
   21.065436    -63.484625    0.0181645798
   21.065436    -45.346161    0.0178305820
   21.065436    -27.207696    0.0176395169
   21.065436     -9.069232    0.0175536041
   21.065436      9.069232    0.0175536041
   21.065436     27.207696    0.0176395169
   21.065436     45.346161    0.0178305820
   21.065436     63.484625    0.0181645798
   21.065436     81.623089    0.0186964766
   21.065436     99.761554    0.0194964973
   21.065436    117.900018    0.0206477520
   21.065436    136.038482    0.0222435857

   25.746645   -136.038482    0.0287991981
   25.746645   -117.900018    0.0272085821
   25.746645    -99.761554    0.0260626835
   25.746645    -81.623089    0.0252680647
   25.746645    -63.484625    0.0247411768
   25.746645    -45.346161    0.0244113329
   25.746645    -27.207696    0.0242232144
   25.746645     -9.069232    0.0241388243
   25.746645      9.069232    0.0241388243
   25.746645     27.207696    0.0242232144
   25.746645     45.346161    0.0244113329
   25.746645     63.484625    0.0247411768
   25.746645     81.623089    0.0252680647
   25.746645     99.761554    0.0260626835
   25.746645    117.900018    0.0272085821
   25.746645    136.038482    0.0287991981

   30.427853   -136.038482    0.0355979374
   30.427853   -117.900018    0.0340259280
   30.427853    -99.761554    0.0328975192
   30.427853    -81.623089    0.0321186569
   30.427853    -63.484625    0.0316051904
   30.427853    -45.346161    0.0312859055
   30.427853    -27.207696    0.0311050660
   30.427853     -9.069232    0.0310243882
   30.427853      9.069232    0.0310243882
   30.427853     27.207696    0.0311050660
   30.427853     45.346161    0.0312859055
   30.427853     63.484625    0.0316051904
   30.427853     81.623089    0.0321186569
   30.427853     99.761554    0.0328975192
   30.427853    117.900018    0.0340259280
   30.427853    136.038482    0.0355979374

   35.109061   -136.038482    0.0424341601
   35.109061   -117.900018    0.0408895952
   35.109061    -99.761554    0.0397875174
   35.109061    -81.623089    0.0390318173
   35.109061    -63.484625    0.0385375932
   35.109061    -45.346161    0.0382332412
   35.109061    -27.207696    0.0380626611
   35.109061     -9.069232    0.0379872221
   35.109061      9.069232    0.0379872221
   35.109061     27.207696    0.0380626611
   35.109061     45.346161    0.0382332412
   35.109061     63.484625    0.0385375932
   35.109061     81.623089    0.0390318173
   35.109061     99.761554    0.0397875174
   35.109061    117.900018    0.0408895952
   35.109061    136.038482    0.0424341601

   39.790269   -136.038482    0.0491350966
   39.790269   -117.900018    0.0476236401
   39.790269    -99.761554    0.0465536589
   39.790269    -81.623089    0.0458259935
   39.790269    -63.484625    0.0453548680
   39.790269    -45.346161    0.0450683635
   39.790269    -27.207696    0.0449100371
   39.790269     -9.069232    0.0448408613
   39.790269      9.069232    0.0448408613
   39.790269     27.207696    0.0449100371
   39.790269     45.346161    0.0450683635
   39.790269     63.484625    0.0453548680
   39.790269     81.623089    0.0458259935
   39.790269     99.761554    0.0465536589
   39.790269    117.900018    0.0476236401
   39.790269    136.038482    0.0491350966

   44.471477   -136.038482    0.0555584690
   44.471477   -117.900018    0.0540852460
   44.471477    -99.761554    0.0530483043
   44.471477    -81.623089    0.0523504248
   44.471477    -63.484625    0.0519049597
   44.471477    -45.346161    0.0516386418
   44.471477    -27.207696    0.0514940946
   44.471477     -9.069232    0.0514318677
   44.471477      9.069232    0.0514318677
   44.471477     27.207696    0.0514940946
   44.471477     45.346161    0.0516386418
   44.471477     63.484625    0.0519049597
   44.471477     81.623089    0.0523504248
   44.471477     99.761554    0.0530483043
   44.471477    117.900018    0.0540852460
   44.471477    136.038482    0.0555584690

