  -42.952389    -61.469935    0.0006595461
  -42.952389    -53.273944    0.0006392722
  -42.952389    -45.077952    0.0005913488
  -42.952389    -36.881961    0.0005196242
  -42.952389    -28.685970    0.0004278375
  -42.952389    -20.489978    0.0003196176
  -42.952389    -12.293987    0.0001984841
  -42.952389     -4.097996    0.0000678469
  -42.952389      4.097996   -0.0000689939
  -42.952389     12.293987   -0.0002088478
  -42.952389     20.489978   -0.0003486339
  -42.952389     28.685970   -0.0004853812
  -42.952389     36.881961   -0.0006162280
  -42.952389     45.077952   -0.0007384226
  -42.952389     53.273944   -0.0008493228
  -42.952389     61.469935   -0.0009463961

  -37.225404    -61.469935    0.0003268994
  -37.225404    -53.273944    0.0003389039
  -37.225404    -45.077952    0.0003281169
  -37.225404    -36.881961    0.0002977325
  -37.225404    -28.685970    0.0002508626
  -37.225404    -20.489978    0.0001905372
  -37.225404    -12.293987    0.0001197043
  -37.225404     -4.097996    0.0000412297
  -37.225404      4.097996   -0.0000421026
  -37.225404     12.293987   -0.0001275909
  -37.225404     20.489978   -0.0002126153
  -37.225404     28.685970   -0.0002946381
  -37.225404     36.881961   -0.0003712035
  -37.225404     45.077952   -0.0004399379
  -37.225404     53.273944   -0.0004985496
  -37.225404     61.469935   -0.0005448289

  -31.498419    -61.469935    0.0001014296
  -31.498419    -53.273944    0.0001324287
  -31.498419    -45.077952    0.0001450980
  -31.498419    -36.881961    0.0001420292
  -31.498419    -28.685970    0.0001257551
  -31.498419    -20.489978    0.0000987501
  -31.498419    -12.293987    0.0000634301
  -31.498419     -4.097996    0.0000221523
  -31.498419      4.097996   -0.0000227843
  -31.498419     12.293987   -0.0000691395
  -31.498419     20.489978   -0.0001147315
  -31.498419     28.685970   -0.0001574371
  -31.498419     36.881961   -0.0001951917
  -31.498419     45.077952   -0.0002259890
  -31.498419     53.273944   -0.0002478814
  -31.498419     61.469935   -0.0002589798

  -25.771434    -61.469935   -0.0000343101
  -25.771434    -53.273944    0.0000046953
  -25.771434    -45.077952    0.0000294545
  -25.771434    -36.881961    0.0000420034
  -25.771434    -28.685970    0.0000443391
  -25.771434    -20.489978    0.0000384195
  -25.771434    -12.293987    0.0000261635
  -25.771434     -4.097996    0.0000094508
  -25.771434      4.097996   -0.0000098777
  -25.771434     12.293987   -0.0000300205
  -25.771434     20.489978   -0.0000492149
  -25.771434     28.685970   -0.0000657373
  -25.771434     36.881961   -0.0000779033
  -25.771434     45.077952   -0.0000840675
  -25.771434     53.273944   -0.0000826235
  -25.771434     61.469935   -0.0000720040

  -20.044448    -61.469935   -0.0000977165
  -20.044448    -53.273944   -0.0000594092
  -20.044448    -45.077952   -0.0000316239
  -20.044448    -36.881961   -0.0000128374
  -20.044448    -28.685970   -0.0000015500
  -20.044448    -20.489978    0.0000037145
  -20.044448    -12.293987    0.0000044087
  -20.044448     -4.097996    0.0000019615
  -20.044448      4.097996   -0.0000022217
  -20.044448     12.293987   -0.0000067589
  -20.044448     20.489978   -0.0000102921
  -20.044448     28.685970   -0.0000114864
  -20.044448     36.881961   -0.0000090307
  -20.044448     45.077952   -0.0000016376
  -20.044448     53.273944    0.0000119569
  -20.044448     61.469935    0.0000329932

  -14.317463    -61.469935   -0.0001061359
  -14.317463    -53.273944   -0.0000749598
  -14.317463    -45.077952   -0.0000509198
  -14.317463    -36.881961   -0.0000329672
  -14.317463    -28.685970   -0.0000200655
  -14.317463    -20.489978   -0.0000111900
  -14.317463    -12.293987   -0.0000053280
  -14.317463     -4.097996   -0.0000014790
  -14.317463      4.097996    0.0000013456
  -14.317463     12.293987    0.0000041224
  -14.317463     20.489978    0.0000078161
  -14.317463     28.685970    0.0000133792
  -14.317463     36.881961    0.0000217523
  -14.317463     45.077952    0.0000338639
  -14.317463     53.273944    0.0000506306
  -14.317463     61.469935    0.0000729570

   -8.590478    -61.469935   -0.0000768646
   -8.590478    -53.273944   -0.0000569936
   -8.590478    -45.077952   -0.0000411884
   -8.590478    -36.881961   -0.0000288416
   -8.590478    -28.685970   -0.0000193496
   -8.590478    -20.489978   -0.0000121134
   -8.590478    -12.293987   -0.0000065384
   -8.590478     -4.097996   -0.0000020340
   -8.590478      4.097996    0.0000019858
   -8.590478     12.293987    0.0000061028
   -8.590478     20.489978    0.0000108945
   -8.590478     28.685970    0.0000169341
   -8.590478     36.881961    0.0000247903
   -8.590478     45.077952    0.0000350277
   -8.590478     53.273944    0.0000482065
   -8.590478     61.469935    0.0000648826

   -2.863493    -61.469935   -0.0000271489
   -2.863493    -53.273944   -0.0000205095
   -2.863493    -45.077952   -0.0000151577
   -2.863493    -36.881961   -0.0000108974
   -2.863493    -28.685970   -0.0000075331
   -2.863493    -20.489978   -0.0000048695
   -2.863493    -12.293987   -0.0000027120
   -2.863493     -4.097996   -0.0000008664
   -2.863493      4.097996    0.0000008610
   -2.863493     12.293987    0.0000026635
   -2.863493     20.489978    0.0000047339
   -2.863493     28.685970    0.0000072643
   -2.863493     36.881961    0.0000104465
   -2.863493     45.077952    0.0000144720
   -2.863493     53.273944    0.0000195315
   -2.863493     61.469935    0.0000258155

    2.863493    -61.469935    0.0000258155
    2.863493    -53.273944    0.0000195315
    2.863493    -45.077952    0.0000144720
    2.863493    -36.881961    0.0000104465
    2.863493    -28.685970    0.0000072643
    2.863493    -20.489978    0.0000047339
    2.863493    -12.293987    0.0000026635
    2.863493     -4.097996    0.0000008610
    2.863493      4.097996   -0.0000008664
    2.863493     12.293987   -0.0000027120
    2.863493     20.489978   -0.0000048695
    2.863493     28.685970   -0.0000075331
    2.863493     36.881961   -0.0000108974
    2.863493     45.077952   -0.0000151577
    2.863493     53.273944   -0.0000205095
    2.863493     61.469935   -0.0000271489

    8.590478    -61.469935    0.0000648826
    8.590478    -53.273944    0.0000482065
    8.590478    -45.077952    0.0000350277
    8.590478    -36.881961    0.0000247903
    8.590478    -28.685970    0.0000169341
    8.590478    -20.489978    0.0000108945
    8.590478    -12.293987    0.0000061028
    8.590478     -4.097996    0.0000019858
    8.590478      4.097996   -0.0000020340
    8.590478     12.293987   -0.0000065384
    8.590478     20.489978   -0.0000121134
    8.590478     28.685970   -0.0000193496
    8.590478     36.881961   -0.0000288416
    8.590478     45.077952   -0.0000411884
    8.590478     53.273944   -0.0000569936
    8.590478     61.469935   -0.0000768646

   14.317463    -61.469935    0.0000729570
   14.317463    -53.273944    0.0000506306
   14.317463    -45.077952    0.0000338639
   14.317463    -36.881961    0.0000217523
   14.317463    -28.685970    0.0000133792
   14.317463    -20.489978    0.0000078161
   14.317463    -12.293987    0.0000041224
   14.317463     -4.097996    0.0000013456
   14.317463      4.097996   -0.0000014790
   14.317463     12.293987   -0.0000053280
   14.317463     20.489978   -0.0000111900
   14.317463     28.685970   -0.0000200655
   14.317463     36.881961   -0.0000329672
   14.317463     45.077952   -0.0000509198
   14.317463     53.273944   -0.0000749598
   14.317463     61.469935   -0.0001061359

   20.044448    -61.469935    0.0000329932
   20.044448    -53.273944    0.0000119569
   20.044448    -45.077952   -0.0000016376
   20.044448    -36.881961   -0.0000090307
   20.044448    -28.685970   -0.0000114864
   20.044448    -20.489978   -0.0000102921
   20.044448    -12.293987   -0.0000067589
   20.044448     -4.097996   -0.0000022217
   20.044448      4.097996    0.0000019615
   20.044448     12.293987    0.0000044087
   20.044448     20.489978    0.0000037145
   20.044448     28.685970   -0.0000015500
   20.044448     36.881961   -0.0000128374
   20.044448     45.077952   -0.0000316239
   20.044448     53.273944   -0.0000594092
   20.044448     61.469935   -0.0000977165

   25.771434    -61.469935   -0.0000720040
   25.771434    -53.273944   -0.0000826235
   25.771434    -45.077952   -0.0000840675
   25.771434    -36.881961   -0.0000779033
   25.771434    -28.685970   -0.0000657373
   25.771434    -20.489978   -0.0000492149
   25.771434    -12.293987   -0.0000300205
   25.771434     -4.097996   -0.0000098777
   25.771434      4.097996    0.0000094508
   25.771434     12.293987    0.0000261635
   25.771434     20.489978    0.0000384195
   25.771434     28.685970    0.0000443391
   25.771434     36.881961    0.0000420034
   25.771434     45.077952    0.0000294545
   25.771434     53.273944    0.0000046953
   25.771434     61.469935   -0.0000343101

   31.498419    -61.469935   -0.0002589798
   31.498419    -53.273944   -0.0002478814
   31.498419    -45.077952   -0.0002259890
   31.498419    -36.881961   -0.0001951917
   31.498419    -28.685970   -0.0001574371
   31.498419    -20.489978   -0.0001147315
   31.498419    -12.293987   -0.0000691395
   31.498419     -4.097996   -0.0000227843
   31.498419      4.097996    0.0000221523
   31.498419     12.293987    0.0000634301
   31.498419     20.489978    0.0000987501
   31.498419     28.685970    0.0001257551
   31.498419     36.881961    0.0001420292
   31.498419     45.077952    0.0001450980
   31.498419     53.273944    0.0001324287
   31.498419     61.469935    0.0001014296

   37.225404    -61.469935   -0.0005448289
   37.225404    -53.273944   -0.0004985496
   37.225404    -45.077952   -0.0004399379
   37.225404    -36.881961   -0.0003712035
   37.225404    -28.685970   -0.0002946381
   37.225404    -20.489978   -0.0002126153
   37.225404    -12.293987   -0.0001275909
   37.225404     -4.097996   -0.0000421026
   37.225404      4.097996    0.0000412297
   37.225404     12.293987    0.0001197043
   37.225404     20.489978    0.0001905372
   37.225404     28.685970    0.0002508626
   37.225404     36.881961    0.0002977325
   37.225404     45.077952    0.0003281169
   37.225404     53.273944    0.0003389039
   37.225404     61.469935    0.0003268994

   42.952389    -61.469935   -0.0009463961
   42.952389    -53.273944   -0.0008493228
   42.952389    -45.077952   -0.0007384226
   42.952389    -36.881961   -0.0006162280
   42.952389    -28.685970   -0.0004853812
   42.952389    -20.489978   -0.0003486339
   42.952389    -12.293987   -0.0002088478
   42.952389     -4.097996   -0.0000689939
   42.952389      4.097996    0.0000678469
   42.952389     12.293987    0.0001984841
   42.952389     20.489978    0.0003196176
   42.952389     28.685970    0.0004278375
   42.952389     36.881961    0.0005196242
   42.952389     45.077952    0.0005913488
   42.952389     53.273944    0.0006392722
   42.952389     61.469935    0.0006595461

