  -47.456659    -50.614883   -0.0002074535
  -47.456659    -43.866232   -0.0001431019
  -47.456659    -37.117581   -0.0000946522
  -47.456659    -30.368930   -0.0000590080
  -47.456659    -23.620279   -0.0000335889
  -47.456659    -16.871628   -0.0000163309
  -47.456659    -10.122977   -0.0000056856
  -47.456659     -3.374326   -0.0000006210
  -47.456659      3.374326   -0.0000006210
  -47.456659     10.122977   -0.0000056856
  -47.456659     16.871628   -0.0000163309
  -47.456659     23.620279   -0.0000335889
  -47.456659     30.368930   -0.0000590080
  -47.456659     37.117581   -0.0000946522
  -47.456659     43.866232   -0.0001431019
  -47.456659     50.614883   -0.0002074535

  -41.129105    -50.614883   -0.0001556204
  -41.129105    -43.866232   -0.0001072358
  -41.129105    -37.117581   -0.0000708547
  -41.129105    -30.368930   -0.0000441271
  -41.129105    -23.620279   -0.0000250950
  -41.129105    -16.871628   -0.0000121916
  -41.129105    -10.122977   -0.0000042421
  -41.129105     -3.374326   -0.0000004632
  -41.129105      3.374326   -0.0000004632
  -41.129105     10.122977   -0.0000042421
  -41.129105     16.871628   -0.0000121916
  -41.129105     23.620279   -0.0000250950
  -41.129105     30.368930   -0.0000441271
  -41.129105     37.117581   -0.0000708547
  -41.129105     43.866232   -0.0001072358
  -41.129105     50.614883   -0.0001556204

  -34.801550    -50.614883   -0.0001112977
  -34.801550    -43.866232   -0.0000766251
  -34.801550    -37.117581   -0.0000505832
  -34.801550    -30.368930   -0.0000314747
  -34.801550    -23.620279   -0.0000178852
  -34.801550    -16.871628   -0.0000086831
  -34.801550    -10.122977   -0.0000030198
  -34.801550     -3.374326   -0.0000003296
  -34.801550      3.374326   -0.0000003296
  -34.801550     10.122977   -0.0000030198
  -34.801550     16.871628   -0.0000086831
  -34.801550     23.620279   -0.0000178852
  -34.801550     30.368930   -0.0000314747
  -34.801550     37.117581   -0.0000505832
  -34.801550     43.866232   -0.0000766251
  -34.801550     50.614883   -0.0001112977

  -28.473996    -50.614883   -0.0000744365
  -28.473996    -43.866232   -0.0000512090
  -28.473996    -37.117581   -0.0000337795
  -28.473996    -30.368930   -0.0000210033
  -28.473996    -23.620279   -0.0000119268
  -28.473996    -16.871628   -0.0000057871
  -28.473996    -10.122977   -0.0000020118
  -28.473996     -3.374326   -0.0000002196
  -28.473996      3.374326   -0.0000002196
  -28.473996     10.122977   -0.0000020118
  -28.473996     16.871628   -0.0000057871
  -28.473996     23.620279   -0.0000119268
  -28.473996     30.368930   -0.0000210033
  -28.473996     37.117581   -0.0000337795
  -28.473996     43.866232   -0.0000512090
  -28.473996     50.614883   -0.0000744365

  -22.146441    -50.614883   -0.0000449963
  -22.146441    -43.866232   -0.0000309370
  -22.146441    -37.117581   -0.0000203948
  -22.146441    -30.368930   -0.0000126735
  -22.146441    -23.620279   -0.0000071928
  -22.146441    -16.871628   -0.0000034885
  -22.146441    -10.122977   -0.0000012123
  -22.146441     -3.374326   -0.0000001323
  -22.146441      3.374326   -0.0000001323
  -22.146441     10.122977   -0.0000012123
  -22.146441     16.871628   -0.0000034885
  -22.146441     23.620279   -0.0000071928
  -22.146441     30.368930   -0.0000126735
  -22.146441     37.117581   -0.0000203948
  -22.146441     43.866232   -0.0000309370
  -22.146441     50.614883   -0.0000449963

  -15.818886    -50.614883   -0.0000229446
  -15.818886    -43.866232   -0.0000157683
  -15.818886    -37.117581   -0.0000103903
  -15.818886    -30.368930   -0.0000064537
  -15.818886    -23.620279   -0.0000036613
  -15.818886    -16.871628   -0.0000017751
  -15.818886    -10.122977   -0.0000006167
  -15.818886     -3.374326   -0.0000000673
  -15.818886      3.374326   -0.0000000673
  -15.818886     10.122977   -0.0000006167
  -15.818886     16.871628   -0.0000017751
  -15.818886     23.620279   -0.0000036613
  -15.818886     30.368930   -0.0000064537
  -15.818886     37.117581   -0.0000103903
  -15.818886     43.866232   -0.0000157683
  -15.818886     50.614883   -0.0000229446

   -9.491332    -50.614883   -0.0000082570
   -9.491332    -43.866232   -0.0000056728
   -9.491332    -37.117581   -0.0000037369
   -9.491332    -30.368930   -0.0000023204
   -9.491332    -23.620279   -0.0000013160
   -9.491332    -16.871628   -0.0000006379
   -9.491332    -10.122977   -0.0000002216
   -9.491332     -3.374326   -0.0000000242
   -9.491332      3.374326   -0.0000000242
   -9.491332     10.122977   -0.0000002216
   -9.491332     16.871628   -0.0000006379
   -9.491332     23.620279   -0.0000013160
   -9.491332     30.368930   -0.0000023204
   -9.491332     37.117581   -0.0000037369
   -9.491332     43.866232   -0.0000056728
   -9.491332     50.614883   -0.0000082570

   -3.163777    -50.614883   -0.0000009173
   -3.163777    -43.866232   -0.0000006301
   -3.163777    -37.117581   -0.0000004150
   -3.163777    -30.368930   -0.0000002577
   -3.163777    -23.620279   -0.0000001461
   -3.163777    -16.871628   -0.0000000708
   -3.163777    -10.122977   -0.0000000246
   -3.163777     -3.374326   -0.0000000027
   -3.163777      3.374326   -0.0000000027
   -3.163777     10.122977   -0.0000000246
   -3.163777     16.871628   -0.0000000708
   -3.163777     23.620279   -0.0000001461
   -3.163777     30.368930   -0.0000002577
   -3.163777     37.117581   -0.0000004150
   -3.163777     43.866232   -0.0000006301
   -3.163777     50.614883   -0.0000009173

    3.163777    -50.614883   -0.0000009173
    3.163777    -43.866232   -0.0000006301
    3.163777    -37.117581   -0.0000004150
    3.163777    -30.368930   -0.0000002577
    3.163777    -23.620279   -0.0000001461
    3.163777    -16.871628   -0.0000000708
    3.163777    -10.122977   -0.0000000246
    3.163777     -3.374326   -0.0000000027
    3.163777      3.374326   -0.0000000027
    3.163777     10.122977   -0.0000000246
    3.163777     16.871628   -0.0000000708
    3.163777     23.620279   -0.0000001461
    3.163777     30.368930   -0.0000002577
    3.163777     37.117581   -0.0000004150
    3.163777     43.866232   -0.0000006301
    3.163777     50.614883   -0.0000009173

    9.491332    -50.614883   -0.0000082570
    9.491332    -43.866232   -0.0000056728
    9.491332    -37.117581   -0.0000037369
    9.491332    -30.368930   -0.0000023204
    9.491332    -23.620279   -0.0000013160
    9.491332    -16.871628   -0.0000006379
    9.491332    -10.122977   -0.0000002216
    9.491332     -3.374326   -0.0000000242
    9.491332      3.374326   -0.0000000242
    9.491332     10.122977   -0.0000002216
    9.491332     16.871628   -0.0000006379
    9.491332     23.620279   -0.0000013160
    9.491332     30.368930   -0.0000023204
    9.491332     37.117581   -0.0000037369
    9.491332     43.866232   -0.0000056728
    9.491332     50.614883   -0.0000082570

   15.818886    -50.614883   -0.0000229446
   15.818886    -43.866232   -0.0000157683
   15.818886    -37.117581   -0.0000103903
   15.818886    -30.368930   -0.0000064537
   15.818886    -23.620279   -0.0000036613
   15.818886    -16.871628   -0.0000017751
   15.818886    -10.122977   -0.0000006167
   15.818886     -3.374326   -0.0000000673
   15.818886      3.374326   -0.0000000673
   15.818886     10.122977   -0.0000006167
   15.818886     16.871628   -0.0000017751
   15.818886     23.620279   -0.0000036613
   15.818886     30.368930   -0.0000064537
   15.818886     37.117581   -0.0000103903
   15.818886     43.866232   -0.0000157683
   15.818886     50.614883   -0.0000229446

   22.146441    -50.614883   -0.0000449963
   22.146441    -43.866232   -0.0000309370
   22.146441    -37.117581   -0.0000203948
   22.146441    -30.368930   -0.0000126735
   22.146441    -23.620279   -0.0000071928
   22.146441    -16.871628   -0.0000034885
   22.146441    -10.122977   -0.0000012123
   22.146441     -3.374326   -0.0000001323
   22.146441      3.374326   -0.0000001323
   22.146441     10.122977   -0.0000012123
   22.146441     16.871628   -0.0000034885
   22.146441     23.620279   -0.0000071928
   22.146441     30.368930   -0.0000126735
   22.146441     37.117581   -0.0000203948
   22.146441     43.866232   -0.0000309370
   22.146441     50.614883   -0.0000449963

   28.473996    -50.614883   -0.0000744365
   28.473996    -43.866232   -0.0000512090
   28.473996    -37.117581   -0.0000337795
   28.473996    -30.368930   -0.0000210033
   28.473996    -23.620279   -0.0000119268
   28.473996    -16.871628   -0.0000057871
   28.473996    -10.122977   -0.0000020118
   28.473996     -3.374326   -0.0000002196
   28.473996      3.374326   -0.0000002196
   28.473996     10.122977   -0.0000020118
   28.473996     16.871628   -0.0000057871
   28.473996     23.620279   -0.0000119268
   28.473996     30.368930   -0.0000210033
   28.473996     37.117581   -0.0000337795
   28.473996     43.866232   -0.0000512090
   28.473996     50.614883   -0.0000744365

   34.801550    -50.614883   -0.0001112977
   34.801550    -43.866232   -0.0000766251
   34.801550    -37.117581   -0.0000505832
   34.801550    -30.368930   -0.0000314747
   34.801550    -23.620279   -0.0000178852
   34.801550    -16.871628   -0.0000086831
   34.801550    -10.122977   -0.0000030198
   34.801550     -3.374326   -0.0000003296
   34.801550      3.374326   -0.0000003296
   34.801550     10.122977   -0.0000030198
   34.801550     16.871628   -0.0000086831
   34.801550     23.620279   -0.0000178852
   34.801550     30.368930   -0.0000314747
   34.801550     37.117581   -0.0000505832
   34.801550     43.866232   -0.0000766251
   34.801550     50.614883   -0.0001112977

   41.129105    -50.614883   -0.0001556204
   41.129105    -43.866232   -0.0001072358
   41.129105    -37.117581   -0.0000708547
   41.129105    -30.368930   -0.0000441271
   41.129105    -23.620279   -0.0000250950
   41.129105    -16.871628   -0.0000121916
   41.129105    -10.122977   -0.0000042421
   41.129105     -3.374326   -0.0000004632
   41.129105      3.374326   -0.0000004632
   41.129105     10.122977   -0.0000042421
   41.129105     16.871628   -0.0000121916
   41.129105     23.620279   -0.0000250950
   41.129105     30.368930   -0.0000441271
   41.129105     37.117581   -0.0000708547
   41.129105     43.866232   -0.0001072358
   41.129105     50.614883   -0.0001556204

   47.456659    -50.614883   -0.0002074535
   47.456659    -43.866232   -0.0001431019
   47.456659    -37.117581   -0.0000946522
   47.456659    -30.368930   -0.0000590080
   47.456659    -23.620279   -0.0000335889
   47.456659    -16.871628   -0.0000163309
   47.456659    -10.122977   -0.0000056856
   47.456659     -3.374326   -0.0000006210
   47.456659      3.374326   -0.0000006210
   47.456659     10.122977   -0.0000056856
   47.456659     16.871628   -0.0000163309
   47.456659     23.620279   -0.0000335889
   47.456659     30.368930   -0.0000590080
   47.456659     37.117581   -0.0000946522
   47.456659     43.866232   -0.0001431019
   47.456659     50.614883   -0.0002074535

