  -96.008735   -136.038482   -0.0013831986
  -96.008735   -117.900018   -0.0010574186
  -96.008735    -99.761554   -0.0007687935
  -96.008735    -81.623089   -0.0005213551
  -96.008735    -63.484625   -0.0003187065
  -96.008735    -45.346161   -0.0001638977
  -96.008735    -27.207696   -0.0000593180
  -96.008735     -9.069232   -0.0000066098
  -96.008735      9.069232   -0.0000066098
  -96.008735     27.207696   -0.0000593180
  -96.008735     45.346161   -0.0001638977
  -96.008735     63.484625   -0.0003187065
  -96.008735     81.623089   -0.0005213551
  -96.008735     99.761554   -0.0007687935
  -96.008735    117.900018   -0.0010574186
  -96.008735    136.038482   -0.0013831986

  -81.238160   -136.038482   -0.0010079541
  -81.238160   -117.900018   -0.0007698577
  -81.238160    -99.761554   -0.0005593037
  -81.238160    -81.623089   -0.0003789438
  -81.238160    -63.484625   -0.0002313827
  -81.238160    -45.346161   -0.0001188154
  -81.238160    -27.207696   -0.0000428843
  -81.238160     -9.069232   -0.0000046581
  -81.238160      9.069232   -0.0000046581
  -81.238160     27.207696   -0.0000428843
  -81.238160     45.346161   -0.0001188154
  -81.238160     63.484625   -0.0002313827
  -81.238160     81.623089   -0.0003789438
  -81.238160     99.761554   -0.0005593037
  -81.238160    117.900018   -0.0007698577
  -81.238160    136.038482   -0.0010079541

  -66.467585   -136.038482   -0.0007072230
  -66.467585   -117.900018   -0.0005396733
  -66.467585    -99.761554   -0.0003917585
  -66.467585    -81.623089   -0.0002653125
  -66.467585    -63.484625   -0.0001619977
  -66.467585    -45.346161   -0.0000832211
  -66.467585    -27.207696   -0.0000300786
  -66.467585     -9.069232   -0.0000033179
  -66.467585      9.069232   -0.0000033179
  -66.467585     27.207696   -0.0000300786
  -66.467585     45.346161   -0.0000832211
  -66.467585     63.484625   -0.0001619977
  -66.467585     81.623089   -0.0002653125
  -66.467585     99.761554   -0.0003917585
  -66.467585    117.900018   -0.0005396733
  -66.467585    136.038482   -0.0007072230

  -51.697011   -136.038482   -0.0004689413
  -51.697011   -117.900018   -0.0003574488
  -51.697011    -99.761554   -0.0002592377
  -51.697011    -81.623089   -0.0001754577
  -51.697011    -63.484625   -0.0001071047
  -51.697011    -45.346161   -0.0000550281
  -51.697011    -27.207696   -0.0000199084
  -51.697011     -9.069232   -0.0000022245
  -51.697011      9.069232   -0.0000022245
  -51.697011     27.207696   -0.0000199084
  -51.697011     45.346161   -0.0000550281
  -51.697011     63.484625   -0.0001071047
  -51.697011     81.623089   -0.0001754577
  -51.697011     99.761554   -0.0002592377
  -51.697011    117.900018   -0.0003574488
  -51.697011    136.038482   -0.0004689413

  -36.926436   -136.038482   -0.0002834597
  -36.926436   -117.900018   -0.0002157753
  -36.926436    -99.761554   -0.0001563186
  -36.926436    -81.623089   -0.0001056965
  -36.926436    -63.484625   -0.0000644639
  -36.926436    -45.346161   -0.0000330964
  -36.926436    -27.207696   -0.0000119687
  -36.926436     -9.069232   -0.0000013391
  -36.926436      9.069232   -0.0000013391
  -36.926436     27.207696   -0.0000119687
  -36.926436     45.346161   -0.0000330964
  -36.926436     63.484625   -0.0000644639
  -36.926436     81.623089   -0.0001056965
  -36.926436     99.761554   -0.0001563186
  -36.926436    117.900018   -0.0002157753
  -36.926436    136.038482   -0.0002834597

  -22.155862   -136.038482   -0.0001426355
  -22.155862   -117.900018   -0.0001084028
  -22.155862    -99.761554   -0.0000784310
  -22.155862    -81.623089   -0.0000529651
  -22.155862    -63.484625   -0.0000322625
  -22.155862    -45.346161   -0.0000165449
  -22.155862    -27.207696   -0.0000059777
  -22.155862     -9.069232   -0.0000006683
  -22.155862      9.069232   -0.0000006683
  -22.155862     27.207696   -0.0000059777
  -22.155862     45.346161   -0.0000165449
  -22.155862     63.484625   -0.0000322625
  -22.155862     81.623089   -0.0000529651
  -22.155862     99.761554   -0.0000784310
  -22.155862    117.900018   -0.0001084028
  -22.155862    136.038482   -0.0001426355

   -7.385287   -136.038482   -0.0000394306
   -7.385287   -117.900018   -0.0000299033
   -7.385287    -99.761554   -0.0000216051
   -7.385287    -81.623089   -0.0000145707
   -7.385287    -63.484625   -0.0000088635
   -7.385287    -45.346161   -0.0000045406
   -7.385287    -27.207696   -0.0000016411
   -7.385287     -9.069232   -0.0000001869
   -7.385287      9.069232   -0.0000001869
   -7.385287     27.207696   -0.0000016411
   -7.385287     45.346161   -0.0000045406
   -7.385287     63.484625   -0.0000088635
   -7.385287     81.623089   -0.0000145707
   -7.385287     99.761554   -0.0000216051
   -7.385287    117.900018   -0.0000299033
   -7.385287    136.038482   -0.0000394306

    7.385287   -136.038482    0.0000322353
    7.385287   -117.900018    0.0000244185
    7.385287    -99.761554    0.0000175927
    7.385287    -81.623089    0.0000118390
    7.385287    -63.484625    0.0000071950
    7.385287    -45.346161    0.0000036848
    7.385287    -27.207696    0.0000013293
    7.385287     -9.069232    0.0000001463
    7.385287      9.069232    0.0000001463
    7.385287     27.207696    0.0000013293
    7.385287     45.346161    0.0000036848
    7.385287     63.484625    0.0000071950
    7.385287     81.623089    0.0000118390
    7.385287     99.761554    0.0000175927
    7.385287    117.900018    0.0000244185
    7.385287    136.038482    0.0000322353

   22.155862   -136.038482    0.0000775570
   22.155862   -117.900018    0.0000585554
   22.155862    -99.761554    0.0000420794
   22.155862    -81.623089    0.0000282576
   22.155862    -63.484625    0.0000171440
   22.155862    -45.346161    0.0000087705
   22.155862    -27.207696    0.0000031661
   22.155862     -9.069232    0.0000003561
   22.155862      9.069232    0.0000003561
   22.155862     27.207696    0.0000031661
   22.155862     45.346161    0.0000087705
   22.155862     63.484625    0.0000171440
   22.155862     81.623089    0.0000282576
   22.155862     99.761554    0.0000420794
   22.155862    117.900018    0.0000585554
   22.155862    136.038482    0.0000775570

   36.926436   -136.038482    0.0001009467
   36.926436   -117.900018    0.0000758778
   36.926436    -99.761554    0.0000543152
   36.926436    -81.623089    0.0000363487
   36.926436    -63.484625    0.0000219866
   36.926436    -45.346161    0.0000112182
   36.926436    -27.207696    0.0000040374
   36.926436     -9.069232    0.0000004454
   36.926436      9.069232    0.0000004454
   36.926436     27.207696    0.0000040374
   36.926436     45.346161    0.0000112182
   36.926436     63.484625    0.0000219866
   36.926436     81.623089    0.0000363487
   36.926436     99.761554    0.0000543152
   36.926436    117.900018    0.0000758778
   36.926436    136.038482    0.0001009467

   51.697011   -136.038482    0.0001062043
   51.697011   -117.900018    0.0000792932
   51.697011    -99.761554    0.0000564246
   51.697011    -81.623089    0.0000375516
   51.697011    -63.484625    0.0000225951
   51.697011    -45.346161    0.0000114693
   51.697011    -27.207696    0.0000040986
   51.697011     -9.069232    0.0000004278
   51.697011      9.069232    0.0000004278
   51.697011     27.207696    0.0000040986
   51.697011     45.346161    0.0000114693
   51.697011     63.484625    0.0000225951
   51.697011     81.623089    0.0000375516
   51.697011     99.761554    0.0000564246
   51.697011    117.900018    0.0000792932
   51.697011    136.038482    0.0001062043

   66.467585   -136.038482    0.0000967146
   66.467585   -117.900018    0.0000714392
   66.467585    -99.761554    0.0000503421
   66.467585    -81.623089    0.0000332221
   66.467585    -63.484625    0.0000198535
   66.467585    -45.346161    0.0000100272
   66.467585    -27.207696    0.0000035741
   66.467585     -9.069232    0.0000003773
   66.467585      9.069232    0.0000003773
   66.467585     27.207696    0.0000035741
   66.467585     45.346161    0.0000100272
   66.467585     63.484625    0.0000198535
   66.467585     81.623089    0.0000332221
   66.467585     99.761554    0.0000503421
   66.467585    117.900018    0.0000714392
   66.467585    136.038482    0.0000967146

   81.238160   -136.038482    0.0000755613
   81.238160   -117.900018    0.0000547828
   81.238160    -99.761554    0.0000378846
   81.238160    -81.623089    0.0000246973
   81.238160    -63.484625    0.0000147192
   81.238160    -45.346161    0.0000075049
   81.238160    -27.207696    0.0000027846
   81.238160     -9.069232    0.0000004412
   81.238160      9.069232    0.0000004412
   81.238160     27.207696    0.0000027846
   81.238160     45.346161    0.0000075049
   81.238160     63.484625    0.0000147192
   81.238160     81.623089    0.0000246973
   81.238160     99.761554    0.0000378846
   81.238160    117.900018    0.0000547828
   81.238160    136.038482    0.0000755613

   96.008735   -136.038482    0.0000453750
   96.008735   -117.900018    0.0000314217
   96.008735    -99.761554    0.0000205902
   96.008735    -81.623089    0.0000131045
   96.008735    -63.484625    0.0000079950
   96.008735    -45.346161    0.0000044108
   96.008735    -27.207696    0.0000019881
   96.008735     -9.069232    0.0000007283
   96.008735      9.069232    0.0000007283
   96.008735     27.207696    0.0000019881
   96.008735     45.346161    0.0000044108
   96.008735     63.484625    0.0000079950
   96.008735     81.623089    0.0000131045
   96.008735     99.761554    0.0000205902
   96.008735    117.900018    0.0000314217
   96.008735    136.038482    0.0000453750

  110.779309   -136.038482    0.0000076576
  110.779309   -117.900018    0.0000023055
  110.779309    -99.761554   -0.0000008943
  110.779309    -81.623089   -0.0000013363
  110.779309    -63.484625   -0.0000004778
  110.779309    -45.346161    0.0000004067
  110.779309    -27.207696    0.0000008464
  110.779309     -9.069232    0.0000009544
  110.779309      9.069232    0.0000009544
  110.779309     27.207696    0.0000008464
  110.779309     45.346161    0.0000004067
  110.779309     63.484625   -0.0000004778
  110.779309     81.623089   -0.0000013363
  110.779309     99.761554   -0.0000008943
  110.779309    117.900018    0.0000023055
  110.779309    136.038482    0.0000076576

  125.549884   -136.038482   -0.0000387449
  125.549884   -117.900018   -0.0000344844
  125.549884    -99.761554   -0.0000281586
  125.549884    -81.623089   -0.0000208347
  125.549884    -63.484625   -0.0000135749
  125.549884    -45.346161   -0.0000072988
  125.549884    -27.207696   -0.0000027175
  125.549884     -9.069232   -0.0000003079
  125.549884      9.069232   -0.0000003079
  125.549884     27.207696   -0.0000027175
  125.549884     45.346161   -0.0000072988
  125.549884     63.484625   -0.0000135749
  125.549884     81.623089   -0.0000208347
  125.549884     99.761554   -0.0000281586
  125.549884    117.900018   -0.0000344844
  125.549884    136.038482   -0.0000387449

