  -35.358766    -48.827424   -0.0149030985
  -35.358766    -42.317101   -0.0114698727
  -35.358766    -35.806778   -0.0083407715
  -35.358766    -29.296454   -0.0056032507
  -35.358766    -22.786131   -0.0033383810
  -35.358766    -16.275808   -0.0016163995
  -35.358766     -9.765485   -0.0004922870
  -35.358766     -3.255162   -0.0000020340
  -35.358766      3.255162   -0.0001600815
  -35.358766      9.765485   -0.0009582354
  -35.358766     16.275808   -0.0023661788
  -35.358766     22.786131   -0.0043335192
  -35.358766     29.296454   -0.0067931297
  -35.358766     35.806778   -0.0096653614
  -35.358766     42.317101   -0.0128625215
  -35.358766     48.827424   -0.0162928326

  -30.644264    -48.827424   -0.0106029606
  -30.644264    -42.317101   -0.0081930078
  -30.644264    -35.806778   -0.0059287724
  -30.644264    -29.296454   -0.0039631052
  -30.644264    -22.786131   -0.0023550989
  -30.644264    -16.275808   -0.0011384721
  -30.644264     -9.765485   -0.0003442117
  -30.644264     -3.255162    0.0000008475
  -30.644264      3.255162   -0.0001166374
  -30.644264      9.765485   -0.0006898737
  -30.644264     16.275808   -0.0016930640
  -30.644264     22.786131   -0.0030898594
  -30.644264     29.296454   -0.0048431501
  -30.644264     35.806778   -0.0069146762
  -30.644264     42.317101   -0.0092374072
  -30.644264     48.827424   -0.0116381082

  -25.929762    -48.827424   -0.0072444287
  -25.929762    -42.317101   -0.0055729965
  -25.929762    -35.806778   -0.0040358347
  -25.929762    -29.296454   -0.0026989828
  -25.929762    -22.786131   -0.0016009965
  -25.929762    -16.275808   -0.0007703417
  -25.929762     -9.765485   -0.0002303893
  -25.929762     -3.255162    0.0000019319
  -25.929762      3.255162   -0.0000806817
  -25.929762      9.765485   -0.0004738439
  -25.929762     16.275808   -0.0011619415
  -25.929762     22.786131   -0.0021209777
  -25.929762     29.296454   -0.0033221045
  -25.929762     35.806778   -0.0047325999
  -25.929762     42.317101   -0.0063094951
  -25.929762     48.827424   -0.0079795107

  -21.215260    -48.827424   -0.0046634017
  -21.215260    -42.317101   -0.0035705149
  -21.215260    -35.806778   -0.0025889477
  -21.215260    -29.296454   -0.0017330795
  -21.215260    -22.786131   -0.0010265282
  -21.215260    -16.275808   -0.0004917657
  -21.215260     -9.765485   -0.0001456025
  -21.215260     -3.255162    0.0000019842
  -21.215260      3.255162   -0.0000524331
  -21.215260      9.765485   -0.0003062215
  -21.215260     16.275808   -0.0007507681
  -21.215260     22.786131   -0.0013711745
  -21.215260     29.296454   -0.0021462255
  -21.215260     35.806778   -0.0030499290
  -21.215260     42.317101   -0.0040565603
  -21.215260     48.827424   -0.0051517825

  -16.500757    -48.827424   -0.0027339282
  -16.500757    -42.317101   -0.0020900968
  -16.500757    -35.806778   -0.0015148479
  -16.500757    -29.296454   -0.0010134561
  -16.500757    -22.786131   -0.0005994888
  -16.500757    -16.275808   -0.0002864292
  -16.500757     -9.765485   -0.0000842071
  -16.500757     -3.255162    0.0000015204
  -16.500757      3.255162   -0.0000310522
  -16.500757      9.765485   -0.0001803703
  -16.500757     16.275808   -0.0004415573
  -16.500757     22.786131   -0.0008060171
  -16.500757     29.296454   -0.0012611621
  -16.500757     35.806778   -0.0017913730
  -16.500757     42.317101   -0.0023818373
  -16.500757     48.827424   -0.0030274595

  -11.786255    -48.827424   -0.0013624008
  -11.786255    -42.317101   -0.0010434489
  -11.786255    -35.806778   -0.0007546239
  -11.786255    -29.296454   -0.0005037358
  -11.786255    -22.786131   -0.0002976229
  -11.786255    -16.275808   -0.0001420822
  -11.786255     -9.765485   -0.0000416103
  -11.786255     -3.255162    0.0000008950
  -11.786255      3.255162   -0.0000156396
  -11.786255      9.765485   -0.0000903740
  -11.786255     16.275808   -0.0002206268
  -11.786255     22.786131   -0.0004020891
  -11.786255     29.296454   -0.0006291183
  -11.786255     35.806778   -0.0008950057
  -11.786255     42.317101   -0.0011920719
  -11.786255     48.827424   -0.0015113975

   -7.071753    -48.827424   -0.0004828259
   -7.071753    -42.317101   -0.0003709854
   -7.071753    -35.806778   -0.0002675709
   -7.071753    -29.296454   -0.0001781298
   -7.071753    -22.786131   -0.0001051484
   -7.071753    -16.275808   -0.0000502096
   -7.071753     -9.765485   -0.0000146825
   -7.071753     -3.255162    0.0000003505
   -7.071753      3.255162   -0.0000055933
   -7.071753      9.765485   -0.0000321856
   -7.071753     16.275808   -0.0000783397
   -7.071753     22.786131   -0.0001425039
   -7.071753     29.296454   -0.0002229948
   -7.071753     35.806778   -0.0003179862
   -7.071753     42.317101   -0.0004245893
   -7.071753     48.827424   -0.0005362758

   -2.357251    -48.827424   -0.0000532281
   -2.357251    -42.317101   -0.0000409945
   -2.357251    -35.806778   -0.0000295134
   -2.357251    -29.296454   -0.0000196126
   -2.357251    -22.786131   -0.0000115713
   -2.357251    -16.275808   -0.0000055278
   -2.357251     -9.765485   -0.0000016159
   -2.357251     -3.255162    0.0000000405
   -2.357251      3.255162   -0.0000006199
   -2.357251      9.765485   -0.0000035586
   -2.357251     16.275808   -0.0000086452
   -2.357251     22.786131   -0.0000157065
   -2.357251     29.296454   -0.0000245812
   -2.357251     35.806778   -0.0000351102
   -2.357251     42.317101   -0.0000469620
   -2.357251     48.827424   -0.0000591563

    2.357251    -48.827424   -0.0000532281
    2.357251    -42.317101   -0.0000409945
    2.357251    -35.806778   -0.0000295134
    2.357251    -29.296454   -0.0000196126
    2.357251    -22.786131   -0.0000115713
    2.357251    -16.275808   -0.0000055278
    2.357251     -9.765485   -0.0000016159
    2.357251     -3.255162    0.0000000405
    2.357251      3.255162   -0.0000006199
    2.357251      9.765485   -0.0000035586
    2.357251     16.275808   -0.0000086452
    2.357251     22.786131   -0.0000157065
    2.357251     29.296454   -0.0000245812
    2.357251     35.806778   -0.0000351102
    2.357251     42.317101   -0.0000469620
    2.357251     48.827424   -0.0000591563

    7.071753    -48.827424   -0.0004828259
    7.071753    -42.317101   -0.0003709854
    7.071753    -35.806778   -0.0002675709
    7.071753    -29.296454   -0.0001781298
    7.071753    -22.786131   -0.0001051484
    7.071753    -16.275808   -0.0000502096
    7.071753     -9.765485   -0.0000146825
    7.071753     -3.255162    0.0000003505
    7.071753      3.255162   -0.0000055933
    7.071753      9.765485   -0.0000321856
    7.071753     16.275808   -0.0000783397
    7.071753     22.786131   -0.0001425039
    7.071753     29.296454   -0.0002229948
    7.071753     35.806778   -0.0003179862
    7.071753     42.317101   -0.0004245893
    7.071753     48.827424   -0.0005362758

   11.786255    -48.827424   -0.0013624008
   11.786255    -42.317101   -0.0010434489
   11.786255    -35.806778   -0.0007546239
   11.786255    -29.296454   -0.0005037358
   11.786255    -22.786131   -0.0002976229
   11.786255    -16.275808   -0.0001420822
   11.786255     -9.765485   -0.0000416103
   11.786255     -3.255162    0.0000008950
   11.786255      3.255162   -0.0000156396
   11.786255      9.765485   -0.0000903740
   11.786255     16.275808   -0.0002206268
   11.786255     22.786131   -0.0004020891
   11.786255     29.296454   -0.0006291183
   11.786255     35.806778   -0.0008950057
   11.786255     42.317101   -0.0011920719
   11.786255     48.827424   -0.0015113975

   16.500757    -48.827424   -0.0027339282
   16.500757    -42.317101   -0.0020900968
   16.500757    -35.806778   -0.0015148479
   16.500757    -29.296454   -0.0010134561
   16.500757    -22.786131   -0.0005994888
   16.500757    -16.275808   -0.0002864292
   16.500757     -9.765485   -0.0000842071
   16.500757     -3.255162    0.0000015204
   16.500757      3.255162   -0.0000310522
   16.500757      9.765485   -0.0001803703
   16.500757     16.275808   -0.0004415573
   16.500757     22.786131   -0.0008060171
   16.500757     29.296454   -0.0012611621
   16.500757     35.806778   -0.0017913730
   16.500757     42.317101   -0.0023818373
   16.500757     48.827424   -0.0030274595

   21.215260    -48.827424   -0.0046634017
   21.215260    -42.317101   -0.0035705149
   21.215260    -35.806778   -0.0025889477
   21.215260    -29.296454   -0.0017330795
   21.215260    -22.786131   -0.0010265282
   21.215260    -16.275808   -0.0004917657
   21.215260     -9.765485   -0.0001456025
   21.215260     -3.255162    0.0000019842
   21.215260      3.255162   -0.0000524331
   21.215260      9.765485   -0.0003062215
   21.215260     16.275808   -0.0007507681
   21.215260     22.786131   -0.0013711745
   21.215260     29.296454   -0.0021462255
   21.215260     35.806778   -0.0030499290
   21.215260     42.317101   -0.0040565603
   21.215260     48.827424   -0.0051517825

   25.929762    -48.827424   -0.0072444287
   25.929762    -42.317101   -0.0055729965
   25.929762    -35.806778   -0.0040358347
   25.929762    -29.296454   -0.0026989828
   25.929762    -22.786131   -0.0016009965
   25.929762    -16.275808   -0.0007703417
   25.929762     -9.765485   -0.0002303893
   25.929762     -3.255162    0.0000019319
   25.929762      3.255162   -0.0000806817
   25.929762      9.765485   -0.0004738439
   25.929762     16.275808   -0.0011619415
   25.929762     22.786131   -0.0021209777
   25.929762     29.296454   -0.0033221045
   25.929762     35.806778   -0.0047325999
   25.929762     42.317101   -0.0063094951
   25.929762     48.827424   -0.0079795107

   30.644264    -48.827424   -0.0106029606
   30.644264    -42.317101   -0.0081930078
   30.644264    -35.806778   -0.0059287724
   30.644264    -29.296454   -0.0039631052
   30.644264    -22.786131   -0.0023550989
   30.644264    -16.275808   -0.0011384721
   30.644264     -9.765485   -0.0003442117
   30.644264     -3.255162    0.0000008475
   30.644264      3.255162   -0.0001166374
   30.644264      9.765485   -0.0006898737
   30.644264     16.275808   -0.0016930640
   30.644264     22.786131   -0.0030898594
   30.644264     29.296454   -0.0048431501
   30.644264     35.806778   -0.0069146762
   30.644264     42.317101   -0.0092374072
   30.644264     48.827424   -0.0116381082

   35.358766    -48.827424   -0.0149030985
   35.358766    -42.317101   -0.0114698727
   35.358766    -35.806778   -0.0083407715
   35.358766    -29.296454   -0.0056032507
   35.358766    -22.786131   -0.0033383810
   35.358766    -16.275808   -0.0016163995
   35.358766     -9.765485   -0.0004922870
   35.358766     -3.255162   -0.0000020340
   35.358766      3.255162   -0.0001600815
   35.358766      9.765485   -0.0009582354
   35.358766     16.275808   -0.0023661788
   35.358766     22.786131   -0.0043335192
   35.358766     29.296454   -0.0067931297
   35.358766     35.806778   -0.0096653614
   35.358766     42.317101   -0.0128625215
   35.358766     48.827424   -0.0162928326

