  -44.510090    -50.614883    0.0688392398
  -44.510090    -43.866232    0.0629256465
  -44.510090    -37.117581    0.0578866218
  -44.510090    -30.368930    0.0537133499
  -44.510090    -23.620279    0.0503943813
  -44.510090    -16.871628    0.0479178700
  -44.510090    -10.122977    0.0462733649
  -44.510090     -3.374326    0.0454531527
  -44.510090      3.374326    0.0454531527
  -44.510090     10.122977    0.0462733649
  -44.510090     16.871628    0.0479178700
  -44.510090     23.620279    0.0503943813
  -44.510090     30.368930    0.0537133499
  -44.510090     37.117581    0.0578866218
  -44.510090     43.866232    0.0629256465
  -44.510090     50.614883    0.0688392398

  -39.273609    -50.614883    0.0598276482
  -39.273609    -43.866232    0.0538894360
  -39.273609    -37.117581    0.0488320232
  -39.273609    -30.368930    0.0446452845
  -39.273609    -23.620279    0.0413167265
  -39.273609    -16.871628    0.0388336993
  -39.273609    -10.122977    0.0371851672
  -39.273609     -3.374326    0.0363630354
  -39.273609      3.374326    0.0363630354
  -39.273609     10.122977    0.0371851672
  -39.273609     16.871628    0.0388336993
  -39.273609     23.620279    0.0413167265
  -39.273609     30.368930    0.0446452845
  -39.273609     37.117581    0.0488320232
  -39.273609     43.866232    0.0538894360
  -39.273609     50.614883    0.0598276482

  -34.037128    -50.614883    0.0515905699
  -34.037128    -43.866232    0.0456385288
  -34.037128    -37.117581    0.0405715229
  -34.037128    -30.368930    0.0363786113
  -34.037128    -23.620279    0.0330464309
  -34.037128    -16.871628    0.0305615126
  -34.037128    -10.122977    0.0289121335
  -34.037128     -3.374326    0.0280897065
  -34.037128      3.374326    0.0280897065
  -34.037128     10.122977    0.0289121335
  -34.037128     16.871628    0.0305615126
  -34.037128     23.620279    0.0330464309
  -34.037128     30.368930    0.0363786113
  -34.037128     37.117581    0.0405715229
  -34.037128     43.866232    0.0456385288
  -34.037128     50.614883    0.0515905699

  -28.800647    -50.614883    0.0441979752
  -28.800647    -43.866232    0.0382431973
  -28.800647    -37.117581    0.0331760859
  -28.800647    -30.368930    0.0289849612
  -28.800647    -23.620279    0.0256555984
  -28.800647    -16.871628    0.0231736781
  -28.800647    -10.122977    0.0215267459
  -28.800647     -3.374326    0.0207056821
  -28.800647      3.374326    0.0207056821
  -28.800647     10.122977    0.0215267459
  -28.800647     16.871628    0.0231736781
  -28.800647     23.620279    0.0256555984
  -28.800647     30.368930    0.0289849612
  -28.800647     37.117581    0.0331760859
  -28.800647     43.866232    0.0382431973
  -28.800647     50.614883    0.0441979752

  -23.564166    -50.614883    0.0377279079
  -23.564166    -43.866232    0.0317820656
  -23.564166    -37.117581    0.0267250358
  -23.564166    -30.368930    0.0225442828
  -23.564166    -23.620279    0.0192246503
  -23.564166    -16.871628    0.0167509303
  -23.564166    -10.122977    0.0151099187
  -23.564166     -3.374326    0.0142919561
  -23.564166      3.374326    0.0142919561
  -23.564166     10.122977    0.0151099187
  -23.564166     16.871628    0.0167509303
  -23.564166     23.620279    0.0192246503
  -23.564166     30.368930    0.0225442828
  -23.564166     37.117581    0.0267250358
  -23.564166     43.866232    0.0317820656
  -23.564166     50.614883    0.0377279079

  -18.327684    -50.614883    0.0322670724
  -18.327684    -43.866232    0.0263426464
  -18.327684    -37.117581    0.0213066314
  -18.327684    -30.368930    0.0171454690
  -18.327684    -23.620279    0.0138429807
  -18.327684    -16.871628    0.0113830295
  -18.327684    -10.122977    0.0097516490
  -18.327684     -3.374326    0.0089386414
  -18.327684      3.374326    0.0089386414
  -18.327684     10.122977    0.0097516490
  -18.327684     16.871628    0.0113830295
  -18.327684     23.620279    0.0138429807
  -18.327684     30.368930    0.0171454690
  -18.327684     37.117581    0.0213066314
  -18.327684     43.866232    0.0263426464
  -18.327684     50.614883    0.0322670724

  -13.091203    -50.614883    0.0279115496
  -13.091203    -43.866232    0.0220220212
  -13.091203    -37.117581    0.0170187834
  -13.091203    -30.368930    0.0128871176
  -13.091203    -23.620279    0.0096097433
  -13.091203    -16.871628    0.0071695535
  -13.091203    -10.122977    0.0055518031
  -13.091203     -3.374326    0.0047457502
  -13.091203      3.374326    0.0047457502
  -13.091203     10.122977    0.0055518031
  -13.091203     16.871628    0.0071695535
  -13.091203     23.620279    0.0096097433
  -13.091203     30.368930    0.0128871176
  -13.091203     37.117581    0.0170187834
  -13.091203     43.866232    0.0220220212
  -13.091203     50.614883    0.0279115496

   -7.854722    -50.614883    0.0247676430
   -7.854722    -43.866232    0.0189276635
   -7.854722    -37.117581    0.0139699108
   -7.854722    -30.368930    0.0098784260
   -7.854722    -23.620279    0.0066347691
   -7.854722    -16.871628    0.0042208232
   -7.854722    -10.122977    0.0026210375
   -7.854722     -3.374326    0.0018241103
   -7.854722      3.374326    0.0018241103
   -7.854722     10.122977    0.0026210375
   -7.854722     16.871628    0.0042208232
   -7.854722     23.620279    0.0066347691
   -7.854722     30.368930    0.0098784260
   -7.854722     37.117581    0.0139699108
   -7.854722     43.866232    0.0189276635
   -7.854722     50.614883    0.0247676430

   -2.618241    -50.614883    0.0229528545
   -2.618241    -43.866232    0.0171784055
   -2.618241    -37.117581    0.0122799372
   -2.618241    -30.368930    0.0082402203
   -2.618241    -23.620279    0.0050396166
   -2.618241    -16.871628    0.0026589593
   -2.618241    -10.122977    0.0010818568
   -2.618241     -3.374326    0.0002964215
   -2.618241      3.374326    0.0002964215
   -2.618241     10.122977    0.0010818568
   -2.618241     16.871628    0.0026589593
   -2.618241     23.620279    0.0050396166
   -2.618241     30.368930    0.0082402203
   -2.618241     37.117581    0.0122799372
   -2.618241     43.866232    0.0171784055
   -2.618241     50.614883    0.0229528545

    2.618241    -50.614883    0.0225969904
    2.618241    -43.866232    0.0169055478
    2.618241    -37.117581    0.0120814263
    2.618241    -30.368930    0.0081061172
    2.618241    -23.620279    0.0049587521
    2.618241    -16.871628    0.0026190727
    2.618241    -10.122977    0.0010698062
    2.618241     -3.374326    0.0002984478
    2.618241      3.374326    0.0002984478
    2.618241     10.122977    0.0010698062
    2.618241     16.871628    0.0026190727
    2.618241     23.620279    0.0049587521
    2.618241     30.368930    0.0081061172
    2.618241     37.117581    0.0120814263
    2.618241     43.866232    0.0169055478
    2.618241     50.614883    0.0225969904

    7.854722    -50.614883    0.0238433970
    7.854722    -43.866232    0.0182541121
    7.854722    -37.117581    0.0135208580
    7.854722    -30.368930    0.0096238211
    7.854722    -23.620279    0.0065408625
    7.854722    -16.871628    0.0042505871
    7.854722    -10.122977    0.0027348002
    7.854722     -3.374326    0.0019803485
    7.854722      3.374326    0.0019803485
    7.854722     10.122977    0.0027348002
    7.854722     16.871628    0.0042505871
    7.854722     23.620279    0.0065408625
    7.854722     30.368930    0.0096238211
    7.854722     37.117581    0.0135208580
    7.854722     43.866232    0.0182541121
    7.854722     50.614883    0.0238433970

   13.091203    -50.614883    0.0268503259
   13.091203    -43.866232    0.0213842374
   13.091203    -37.117581    0.0167600439
   13.091203    -30.368930    0.0129565548
   13.091203    -23.620279    0.0099502988
   13.091203    -16.871628    0.0077186944
   13.091203    -10.122977    0.0062425864
   13.091203     -3.374326    0.0055081477
   13.091203      3.374326    0.0055081477
   13.091203     10.122977    0.0062425864
   13.091203     16.871628    0.0077186944
   13.091203     23.620279    0.0099502988
   13.091203     30.368930    0.0129565548
   13.091203     37.117581    0.0167600439
   13.091203     43.866232    0.0213842374
   13.091203     50.614883    0.0268503259

   18.327684    -50.614883    0.0317924298
   18.327684    -43.866232    0.0264727190
   18.327684    -37.117581    0.0219776823
   18.327684    -30.368930    0.0182846233
   18.327684    -23.620279    0.0153686516
   18.327684    -16.871628    0.0132059425
   18.327684    -10.122977    0.0117763454
   18.327684     -3.374326    0.0110653400
   18.327684      3.374326    0.0110653400
   18.327684     10.122977    0.0117763454
   18.327684     16.871628    0.0132059425
   18.327684     23.620279    0.0153686516
   18.327684     30.368930    0.0182846233
   18.327684     37.117581    0.0219776823
   18.327684     43.866232    0.0264727190
   18.327684     50.614883    0.0317924298

   23.564166    -50.614883    0.0388623874
   23.564166    -43.866232    0.0337146912
   23.564166    -37.117581    0.0293710534
   23.564166    -30.368930    0.0258071130
   23.564166    -23.620279    0.0229964574
   23.564166    -16.871628    0.0209139557
   23.564166    -10.122977    0.0195384260
   23.564166     -3.374326    0.0188546360
   23.564166      3.374326    0.0188546360
   23.564166     10.122977    0.0195384260
   23.564166     16.871628    0.0209139557
   23.564166     23.620279    0.0229964574
   23.564166     30.368930    0.0258071130
   23.564166     37.117581    0.0293710534
   23.564166     43.866232    0.0337146912
   23.564166     50.614883    0.0388623874

   28.800647    -50.614883    0.0482726584
   28.800647    -43.866232    0.0433254524
   28.800647    -37.117581    0.0391578540
   28.800647    -30.368930    0.0357437237
   28.800647    -23.620279    0.0330550368
   28.800647    -16.871628    0.0310652882
   28.800647    -10.122977    0.0297522161
   28.800647     -3.374326    0.0290998443
   28.800647      3.374326    0.0290998443
   28.800647     10.122977    0.0297522161
   28.800647     16.871628    0.0310652882
   28.800647     23.620279    0.0330550368
   28.800647     30.368930    0.0357437237
   28.800647     37.117581    0.0391578540
   28.800647     43.866232    0.0433254524
   28.800647     50.614883    0.0482726584

   34.037128    -50.614883    0.0602573690
   34.037128    -43.866232    0.0555424341
   34.037128    -37.117581    0.0515781724
   34.037128    -30.368930    0.0483367351
   34.037128    -23.620279    0.0457884639
   34.037128    -16.871628    0.0439054100
   34.037128    -10.122977    0.0426641491
   34.037128     -3.374326    0.0420478918
   34.037128      3.374326    0.0420478918
   34.037128     10.122977    0.0426641491
   34.037128     16.871628    0.0439054100
   34.037128     23.620279    0.0457884639
   34.037128     30.368930    0.0483367351
   34.037128     37.117581    0.0515781724
   34.037128     43.866232    0.0555424341
   34.037128     50.614883    0.0602573690

