  -44.510090    -62.630025    0.0647909604
  -44.510090    -54.279355    0.0599826627
  -44.510090    -45.928685    0.0558966380
  -44.510090    -37.578015    0.0525080766
  -44.510090    -29.227345    0.0497946647
  -44.510090    -20.876675    0.0477365910
  -44.510090    -12.526005    0.0463165234
  -44.510090     -4.175335    0.0455195572
  -44.510090      4.175335    0.0453331346
  -44.510090     12.526005    0.0457469342
  -44.510090     20.876675    0.0467527322
  -44.510090     29.227345    0.0483442347
  -44.510090     37.578015    0.0505168806
  -44.510090     45.928685    0.0532676151
  -44.510090     54.279355    0.0565946354
  -44.510090     62.630025    0.0604971060

  -39.273609    -62.630025    0.0555508592
  -39.273609    -54.279355    0.0507381246
  -39.273609    -45.928685    0.0466572058
  -39.273609    -37.578015    0.0432821732
  -39.273609    -29.227345    0.0405895760
  -39.273609    -20.876675    0.0385584891
  -39.273609    -12.526005    0.0371705243
  -39.273609     -4.175335    0.0364098041
  -39.273609      4.175335    0.0362629000
  -39.273609     12.526005    0.0367187335
  -39.273609     20.876675    0.0377684415
  -39.273609     29.227345    0.0394052047
  -39.273609     37.578015    0.0416240395
  -39.273609     45.928685    0.0444215541
  -39.273609     54.279355    0.0477956673
  -39.273609     62.630025    0.0517452916

  -34.037128    -62.630025    0.0471173980
  -34.037128    -54.279355    0.0423058877
  -34.037128    -45.928685    0.0382346511
  -34.037128    -37.578015    0.0348764289
  -34.037128    -29.227345    0.0322065190
  -34.037128    -20.876675    0.0302028309
  -34.037128    -12.526005    0.0288459020
  -34.037128     -4.175335    0.0281188773
  -34.037128      4.175335    0.0280074520
  -34.037128     12.526005    0.0284997776
  -34.037128     20.876675    0.0295863306
  -34.037128     29.227345    0.0312597447
  -34.037128     37.578015    0.0335146055
  -34.037128     45.928685    0.0363472088
  -34.037128     54.279355    0.0397552817
  -34.037128     62.630025    0.0437376669

  -28.800647    -62.630025    0.0395631684
  -28.800647    -54.279355    0.0347588958
  -28.800647    -45.928685    0.0307020599
  -28.800647    -37.578015    0.0273639739
  -28.800647    -29.227345    0.0247186141
  -28.800647    -20.876675    0.0227426726
  -28.800647    -12.526005    0.0214155742
  -28.800647     -4.175335    0.0207194572
  -28.800647      4.175335    0.0206391186
  -28.800647     12.526005    0.0211619229
  -28.800647     20.876675    0.0222776757
  -28.800647     29.227345    0.0239784603
  -28.800647     37.578015    0.0262584394
  -28.800647     45.928685    0.0291136204
  -28.800647     54.279355    0.0325415848
  -28.800647     62.630025    0.0365411816

  -23.564166    -62.630025    0.0329685861
  -23.564166    -54.279355    0.0281780112
  -23.564166    -45.928685    0.0241405838
  -23.564166    -37.578015    0.0208261439
  -23.564166    -29.227345    0.0182072934
  -23.564166    -20.876675    0.0162594543
  -23.564166    -12.526005    0.0149608903
  -23.564166     -4.175335    0.0142926920
  -23.564166      4.175335    0.0142387276
  -23.564166     12.526005    0.0147855561
  -23.564166     20.876675    0.0159223055
  -23.564166     29.227345    0.0176405148
  -23.564166     37.578015    0.0199339400
  -23.564166     45.928685    0.0227983245
  -23.564166     54.279355    0.0262311329
  -23.564166     62.630025    0.0302312497

  -18.327684    -62.630025    0.0274224481
  -18.327684    -54.279355    0.0226525974
  -18.327684    -45.928685    0.0186400263
  -18.327684    -37.578015    0.0153530654
  -18.327684    -29.227345    0.0127628928
  -18.327684    -20.876675    0.0108436055
  -18.327684    -12.526005    0.0095722528
  -18.327684     -4.175335    0.0089288328
  -18.327684      4.175335    0.0088962509
  -18.327684     12.526005    0.0094602408
  -18.327684     20.876675    0.0106092478
  -18.327684     29.227345    0.0123342748
  -18.327684     37.578015    0.0146286904
  -18.327684     45.928685    0.0174879997
  -18.327684     54.279355    0.0209095774
  -18.327684     62.630025    0.0248923629

  -13.091203    -62.630025    0.0230226061
  -13.091203    -54.279355    0.0182812208
  -13.091203    -45.928685    0.0142995513
  -13.091203    -37.578015    0.0110443713
  -13.091203    -29.227345    0.0084853784
  -13.091203    -20.876675    0.0065952861
  -13.091203    -12.526005    0.0053498755
  -13.091203     -4.175335    0.0047280062
  -13.091203      4.175335    0.0047115868
  -13.091203     12.526005    0.0052855049
  -13.091203     20.876675    0.0064375169
  -13.091203     29.227345    0.0081580970
  -13.091203     37.578015    0.0104402456
  -13.091203     45.928685    0.0132792576
  -13.091203     54.279355    0.0166724500
  -13.091203     62.630025    0.0206188491

   -7.854722    -62.630025    0.0198767566
   -7.854722    -54.279355    0.0151724703
   -7.854722    -45.928685    0.0112285177
   -7.854722    -37.578015    0.0080100462
   -7.854722    -29.227345    0.0054852057
   -7.854722    -20.876675    0.0036252639
   -7.854722    -12.526005    0.0024046785
   -7.854722     -4.175335    0.0018011252
   -7.854722      4.175335    0.0017954819
   -7.854722     12.526005    0.0023717686
   -7.854722     20.876675    0.0035170443
   -7.854722     29.227345    0.0052212593
   -7.854722     37.578015    0.0074770640
   -7.854722     45.928685    0.0102795738
   -7.854722     54.279355    0.0136260896
   -7.854722     62.630025    0.0175157756

   -2.618241    -62.630025    0.0181033468
   -2.618241    -54.279355    0.0134458949
   -2.618241    -45.928685    0.0095474359
   -2.618241    -37.578015    0.0063714009
   -2.618241    -29.227345    0.0038843132
   -2.618241    -20.876675    0.0020559270
   -2.618241    -12.526005    0.0008593197
   -2.618241     -4.175335    0.0002709372
   -2.618241      4.175335    0.0002705915
   -2.618241     12.526005    0.0008414121
   -2.618241     20.876675    0.0019697498
   -2.618241     29.227345    0.0036450338
   -2.618241     37.578015    0.0058595816
   -2.618241     45.928685    0.0086083618
   -2.618241     54.279355    0.0118887102
   -2.618241     62.630025    0.0156999982

    2.618241    -62.630025    0.0178325963
    2.618241    -54.279355    0.0132330601
    2.618241    -45.928685    0.0093890501
    2.618241    -37.578015    0.0062621769
    2.618241    -29.227345    0.0038172489
    2.618241    -20.876675    0.0020224327
    2.618241    -12.526005    0.0008493642
    2.618241     -4.175335    0.0002732099
    2.618241      4.175335    0.0002726786
    2.618241     12.526005    0.0008299838
    2.618241     20.876675    0.0019307554
    2.618241     29.227345    0.0035639028
    2.618241     37.578015    0.0057214279
    2.618241     45.928685    0.0083981880
    2.618241     54.279355    0.0115916101
    2.618241     62.630025    0.0153013541

    7.854722    -62.630025    0.0192076356
    7.854722    -54.279355    0.0146787217
    7.854722    -45.928685    0.0108995434
    7.854722    -37.578015    0.0078297805
    7.854722    -29.227345    0.0054324311
    7.854722    -20.876675    0.0036739921
    7.854722    -12.526005    0.0025245895
    7.854722     -4.175335    0.0019580550
    7.854722      4.175335    0.0019519519
    7.854722     12.526005    0.0024875487
    7.854722     20.876675    0.0035497402
    7.854722     29.227345    0.0051269176
    7.854722     37.578015    0.0072107854
    7.854722     45.928685    0.0097961280
    7.854722     54.279355    0.0128805223
    7.854722     62.630025    0.0164640005

   13.091203    -62.630025    0.0223857605
   13.091203    -54.279355    0.0179421186
   13.091203    -45.928685    0.0142398677
   13.091203    -37.578015    0.0112366468
   13.091203    -29.227345    0.0088935418
   13.091203    -20.876675    0.0071752899
   13.091203    -12.526005    0.0060504283
   13.091203     -4.175335    0.0054913897
   13.091203      4.175335    0.0054745425
   13.091203     12.526005    0.0059801772
   13.091203     20.876675    0.0069924380
   13.091203     29.227345    0.0084992000
   13.091203     37.578015    0.0104918920
   13.091203     45.928685    0.0129652651
   13.091203     54.279355    0.0159171064
   13.091203     62.630025    0.0193478985

   18.327684    -62.630025    0.0275398025
   18.327684    -54.279355    0.0231983830
   18.327684    -45.928685    0.0195871969
   18.327684    -37.578015    0.0166617323
   18.327684    -29.227345    0.0143810551
   18.327684    -20.876675    0.0127080407
   18.327684    -12.526005    0.0116095481
   18.327684     -4.175335    0.0110565356
   18.327684      4.175335    0.0110241193
   18.327684     12.526005    0.0114915739
   18.327684     20.876675    0.0124422756
   18.327684     29.227345    0.0138635871
   18.327684     37.578015    0.0157466853
   18.327684     45.928685    0.0180863310
   18.327684     54.279355    0.0208805806
   18.327684     62.630025    0.0241304410

   23.564166    -62.630025    0.0348596160
   23.564166    -54.279355    0.0306400697
   23.564166    -45.928685    0.0271365048
   23.564166    -37.578015    0.0243021388
   23.564166    -29.227345    0.0220938974
   23.564166    -20.876675    0.0204726807
   23.564166    -12.526005    0.0194035673
   23.564166     -4.175335    0.0188559555
   23.564166      4.175335    0.0188036436
   23.564166     12.526005    0.0192248470
   23.564166     20.876675    0.0201021539
   23.564166     29.227345    0.0214224180
   23.564166     37.578015    0.0231765900
   23.564166     45.928685    0.0253594866
   23.564166     54.279355    0.0279694966
   23.564166     62.630025    0.0310082264

   28.800647    -62.630025    0.0445536802
   28.800647    -54.279355    0.0404788027
   28.800647    -45.928685    0.0371022664
   28.800647    -37.578015    0.0343748655
   28.800647    -29.227345    0.0322512432
   28.800647    -20.876675    0.0306901955
   28.800647    -12.526005    0.0296549085
   28.800647     -4.175335    0.0291131278
   28.800647      4.175335    0.0290372619
   28.800647     12.526005    0.0294044177
   28.800647     20.876675    0.0301963703
   28.800647     29.227345    0.0313994640
   28.800647     37.578015    0.0330044485
   28.800647     45.928685    0.0350062463
   28.800647     54.279355    0.0374036543
   28.800647     62.630025    0.0401989775

   34.037128    -62.630025    0.0568508192
   34.037128    -54.279355    0.0529470406
   34.037128    -45.928685    0.0497202837
   34.037128    -37.578015    0.0471186916
   34.037128    -29.227345    0.0450944427
   34.037128    -20.876675    0.0436040831
   34.037128    -12.526005    0.0426087889
   34.037128     -4.175335    0.0420745589
   34.037128      4.175335    0.0419723379
   34.037128     12.526005    0.0422780700
   34.037128     20.876675    0.0429726828
   34.037128     29.227345    0.0440420015
   34.037128     37.578015    0.0454765933
   34.037128     45.928685    0.0472715431
   34.037128     54.279355    0.0494261582
   34.037128     62.630025    0.0519436042

