  -62.630025    -96.008735    0.0243511453
  -62.630025    -81.238160    0.0222291624
  -62.630025    -66.467585    0.0206171570
  -62.630025    -51.697011    0.0194338940
  -62.630025    -36.926436    0.0186108462
  -62.630025    -22.155862    0.0180901940
  -62.630025     -7.385287    0.0178231167
  -62.630025      7.385287    0.0177683387
  -62.630025     22.155862    0.0178909033
  -62.630025     36.926436    0.0181611470
  -62.630025     51.697011    0.0185538562
  -62.630025     66.467585    0.0190475913
  -62.630025     81.238160    0.0196241693
  -62.630025     96.008735    0.0202683009
  -62.630025    110.779309    0.0209673824
  -62.630025    125.549884    0.0217114501

  -54.279355    -96.008735    0.0196316948
  -54.279355    -81.238160    0.0175327451
  -54.279355    -66.467585    0.0159380308
  -54.279355    -51.697011    0.0147682962
  -54.279355    -36.926436    0.0139564861
  -54.279355    -22.155862    0.0134458545
  -54.279355     -7.385287    0.0131883488
  -54.279355      7.385287    0.0131432365
  -54.279355     22.155862    0.0132759434
  -54.279355     36.926436    0.0135570791
  -54.279355     51.697011    0.0139616300
  -54.279355     66.467585    0.0144683058
  -54.279355     81.238160    0.0150590297
  -54.279355     96.008735    0.0157185689
  -54.279355    110.779309    0.0164343060
  -54.279355    125.549884    0.0171961575

  -45.928685    -96.008735    0.0156596987
  -45.928685    -81.238160    0.0135867789
  -45.928685    -66.467585    0.0120117851
  -45.928685    -51.697011    0.0108574492
  -45.928685    -36.926436    0.0100582249
  -45.928685    -22.155862    0.0095584915
  -45.928685     -7.385287    0.0093110223
  -45.928685      7.385287    0.0092756840
  -45.928685     22.155862    0.0094183343
  -45.928685     36.926436    0.0097098968
  -45.928685     51.697011    0.0101255904
  -45.928685     66.467585    0.0106443012
  -45.928685     81.238160    0.0112480855
  -45.928685     96.008735    0.0119218019
  -45.928685    110.779309    0.0126528723
  -45.928685    125.549884    0.0134311788

  -37.578015    -96.008735    0.0124022377
  -37.578015    -81.238160    0.0103574234
  -37.578015    -66.467585    0.0088037310
  -37.578015    -51.697011    0.0076659070
  -37.578015    -36.926436    0.0068799493
  -37.578015    -22.155862    0.0063914036
  -37.578015     -7.385287    0.0061539131
  -37.578015      7.385287    0.0061279864
  -37.578015     22.155862    0.0062799557
  -37.578015     36.926436    0.0065810973
  -37.578015     51.697011    0.0070068978
  -37.578015     66.467585    0.0075364507
  -37.578015     81.238160    0.0081519734
  -37.578015     96.008735    0.0088384412
  -37.578015    110.779309    0.0095833401
  -37.578015    125.549884    0.0103765428

  -29.227345    -96.008735    0.0098295190
  -29.227345    -81.238160    0.0078139777
  -29.227345    -66.467585    0.0062823430
  -29.227345    -51.697011    0.0051614018
  -29.227345    -36.926436    0.0043887259
  -29.227345    -22.155862    0.0039110595
  -29.227345     -7.385287    0.0036829492
  -29.227345      7.385287    0.0036655819
  -29.227345     22.155862    0.0038257996
  -29.227345     36.926436    0.0041352670
  -29.227345     51.697011    0.0045697722
  -29.227345     66.467585    0.0051086470
  -29.227345     81.238160    0.0057342961
  -29.227345     96.008735    0.0064318319
  -29.227345    110.779309    0.0071888165
  -29.227345    125.549884    0.0079951160

  -20.876675    -96.008735    0.0079149222
  -20.876675    -81.238160    0.0059289458
  -20.876675    -66.467585    0.0044193351
  -20.876675    -51.697011    0.0033149331
  -20.876675    -36.926436    0.0025549055
  -20.876675    -22.155862    0.0020872192
  -20.876675     -7.385287    0.0018673524
  -20.876675      7.385287    0.0018571999
  -20.876675     22.155862    0.0020241448
  -20.876675     36.926436    0.0023402714
  -20.876675     51.697011    0.0027816995
  -20.876675     66.467585    0.0033280267
  -20.876675     81.238160    0.0039618682
  -20.876675     96.008735    0.0046684914
  -20.876675    110.779309    0.0054355448
  -20.876675    125.549884    0.0062528893

  -12.526005    -96.008735    0.0066350095
  -12.526005    -81.238160    0.0046780615
  -12.526005    -66.467585    0.0031896969
  -12.526005    -51.697011    0.0021008145
  -12.526005    -36.926436    0.0013521837
  -12.526005    -22.155862    0.0008930121
  -12.526005     -7.385287    0.0006797316
  -12.526005      7.385287    0.0006749709
  -12.526005     22.155862    0.0008466813
  -12.526005     36.926436    0.0011673933
  -12.526005     51.697011    0.0016135836
  -12.526005     66.467585    0.0021651385
  -12.526005     81.238160    0.0028049039
  -12.526005     96.008735    0.0035183183
  -12.526005    110.779309    0.0042931302
  -12.526005    125.549884    0.0051192054

   -4.175335    -96.008735    0.0059694972
   -4.175335    -81.238160    0.0040402737
   -4.175335    -66.467585    0.0025716882
   -4.175335    -51.697011    0.0014966791
   -4.175335    -36.926436    0.0007576195
   -4.175335    -22.155862    0.0003049680
   -4.175335     -7.385287    0.0000961291
   -4.175335      7.385287    0.0000944868
   -4.175335     22.155862    0.0002685835
   -4.175335     36.926436    0.0005914184
   -4.175335     51.697011    0.0010398454
   -4.175335     66.467585    0.0015940575
   -4.175335     81.238160    0.0022371477
   -4.175335     96.008735    0.0029547415
   -4.175335    110.779309    0.0037347043
   -4.175335    125.549884    0.0045669275

    4.175335    -96.008735    0.0059011900
    4.175335    -81.238160    0.0039976924
    4.175335    -66.467585    0.0025467943
    4.175335    -51.697011    0.0014834440
    4.175335    -36.926436    0.0007516091
    4.175335    -22.155862    0.0003030044
    4.175335     -7.385287    0.0000960193
    4.175335      7.385287    0.0000948114
    4.175335     22.155862    0.0002685329
    4.175335     36.926436    0.0005906694
    4.175335     51.697011    0.0010384682
    4.175335     66.467585    0.0015924434
    4.175335     81.238160    0.0022359480
    4.175335     96.008735    0.0029548091
    4.175335    110.779309    0.0037370278
    4.175335    125.549884    0.0045725487

   12.526005    -96.008735    0.0064158777
   12.526005    -81.238160    0.0045354952
   12.526005    -66.467585    0.0030996399
   12.526005    -51.697011    0.0020452324
   12.526005    -36.926436    0.0013178185
   12.526005    -22.155862    0.0008703669
   12.526005     -7.385287    0.0006622605
   12.526005      7.385287    0.0006584423
   12.526005     22.155862    0.0008286894
   12.526005     36.926436    0.0011469878
   12.526005     51.697011    0.0015909908
   12.526005     66.467585    0.0021415445
   12.526005     81.238160    0.0027822729
   12.526005     96.008735    0.0034992174
   12.526005    110.779309    0.0042805322
   12.526005    125.549884    0.0051162417

   20.876675    -96.008735    0.0075021943
   20.876675    -81.238160    0.0056417928
   20.876675    -66.467585    0.0042178627
   20.876675    -51.697011    0.0031692549
   20.876675    -36.926436    0.0024430710
   20.876675    -22.155862    0.0019935264
   20.876675     -7.385287    0.0017809983
   20.876675      7.385287    0.0017712232
   20.876675     22.155862    0.0019346124
   20.876675     36.926436    0.0022456635
   20.876675     51.697011    0.0026824455
   20.876675     66.467585    0.0032261462
   20.876675     81.238160    0.0038606692
   20.876675     96.008735    0.0045722799
   20.876675    110.779309    0.0053492990
   20.876675    125.549884    0.0061818508

   29.227345    -96.008735    0.0091514398
   29.227345    -81.238160    0.0073074568
   29.227345    -66.467585    0.0058919471
   29.227345    -51.697011    0.0048456491
   29.227345    -36.926436    0.0041171937
   29.227345    -22.155862    0.0036620291
   29.227345     -7.385287    0.0034415229
   29.227345      7.385287    0.0034222062
   29.227345     22.155862    0.0035751307
   29.227345     36.926436    0.0038753125
   29.227345     51.697011    0.0043012450
   29.227345     66.467585    0.0048344649
   29.227345     81.238160    0.0054591632
   29.227345     96.008735    0.0061618361
   29.227345    110.779309    0.0069309783
   29.227345    125.549884    0.0077568232

   37.578015    -96.008735    0.0113573638
   37.578015    -81.238160    0.0095259059
   37.578015    -66.467585    0.0081150167
   37.578015    -51.697011    0.0070672775
   37.578015    -36.926436    0.0063328189
   37.578015    -22.155862    0.0058683029
   37.578015     -7.385287    0.0056360776
   37.578015      7.385287    0.0056034660
   37.578015     22.155862    0.0057421613
   37.578015     36.926436    0.0060277028
   37.578015     51.697011    0.0064390139
   37.578015     66.467585    0.0069579867
   37.578015     81.238160    0.0075691050
   37.578015     96.008735    0.0082591006
   37.578015    110.779309    0.0090166450
   37.578015    125.549884    0.0098320823

   45.928685    -96.008735    0.0141159126
   45.928685    -81.238160    0.0122928540
   45.928685    -66.467585    0.0108825866
   45.928685    -51.697011    0.0098294848
   45.928685    -36.926436    0.0090851437
   45.928685    -22.155862    0.0086074174
   45.928685     -7.385287    0.0083596213
   45.928685      7.385287    0.0083098639
   45.928685     22.155862    0.0084304781
   45.928685     36.926436    0.0086975275
   45.928685     51.697011    0.0090903682
   45.928685     66.467585    0.0095912508
   45.928685     81.238160    0.0101849551
   45.928685     96.008735    0.0108584520
   45.928685    110.779309    0.0116005940
   45.928685    125.549884    0.0124018410

   54.279355    -96.008735    0.0174249376
   54.279355    -81.238160    0.0156060173
   54.279355    -66.467585    0.0141922753
   54.279355    -51.697011    0.0131298120
   54.279355    -36.926436    0.0123716460
   54.279355    -22.155862    0.0118767993
   54.279355     -7.385287    0.0116095422
   54.279355      7.385287    0.0115387624
   54.279355     22.155862    0.0116374290
   54.279355     36.926436    0.0118821268
   54.279355     51.697011    0.0122526411
   54.279355     66.467585    0.0127315782
   54.279355     81.238160    0.0133040136
   54.279355     96.008735    0.0139571623
   54.279355    110.779309    0.0146800738
   54.279355    125.549884    0.0154633570

   62.630025    -96.008735    0.0212838670
   62.630025    -81.238160    0.0194647827
   62.630025    -66.467585    0.0180434760
   62.630025    -51.697011    0.0169676712
   62.630025    -36.926436    0.0161917574
   62.630025    -22.155862    0.0156759025
   62.630025     -7.385287    0.0153853252
   62.630025      7.385287    0.0152896912
   62.630025     22.155862    0.0153626027
   62.630025     36.926436    0.0155811571
   62.630025     51.697011    0.0159255556
   62.630025     66.467585    0.0163787458
   62.630025     81.238160    0.0169260920
   62.630025     96.008735    0.0175550651
   62.630025    110.779309    0.0182549580
   62.630025    125.549884    0.0190166278

