  -45.038700   -136.038482    0.0371468806
  -45.038700   -117.900018    0.0378913553
  -45.038700    -99.761554    0.0388069785
  -45.038700    -81.623089    0.0397735872
  -45.038700    -63.484625    0.0406846429
  -45.038700    -45.346161    0.0414504784
  -45.038700    -27.207696    0.0420011405
  -45.038700     -9.069232    0.0422886657
  -45.038700      9.069232    0.0422886657
  -45.038700     27.207696    0.0420011405
  -45.038700     45.346161    0.0414504784
  -45.038700     63.484625    0.0406846429
  -45.038700     81.623089    0.0397735872
  -45.038700     99.761554    0.0388069785
  -45.038700    117.900018    0.0378913553
  -45.038700    136.038482    0.0371468806

  -39.033540   -136.038482    0.0273034963
  -39.033540   -117.900018    0.0276855401
  -39.033540    -99.761554    0.0282811653
  -39.033540    -81.623089    0.0289743424
  -39.033540    -63.484625    0.0296621264
  -39.033540    -45.346161    0.0302578223
  -39.033540    -27.207696    0.0306937628
  -39.033540     -9.069232    0.0309235354
  -39.033540      9.069232    0.0309235354
  -39.033540     27.207696    0.0306937628
  -39.033540     45.346161    0.0302578223
  -39.033540     63.484625    0.0296621264
  -39.033540     81.623089    0.0289743424
  -39.033540     99.761554    0.0282811653
  -39.033540    117.900018    0.0276855401
  -39.033540    136.038482    0.0273034963

  -33.028380   -136.038482    0.0193211116
  -33.028380   -117.900018    0.0193747716
  -33.028380    -99.761554    0.0196803185
  -33.028380    -81.623089    0.0201254853
  -33.028380    -63.484625    0.0206106376
  -33.028380    -45.346161    0.0210518425
  -33.028380    -27.207696    0.0213835713
  -33.028380     -9.069232    0.0215608690
  -33.028380      9.069232    0.0215608690
  -33.028380     27.207696    0.0213835713
  -33.028380     45.346161    0.0210518425
  -33.028380     63.484625    0.0206106376
  -33.028380     81.623089    0.0201254853
  -33.028380     99.761554    0.0196803185
  -33.028380    117.900018    0.0193747716
  -33.028380    136.038482    0.0193211116

  -27.023220   -136.038482    0.0130716427
  -27.023220   -117.900018    0.0128278121
  -27.023220    -99.761554    0.0128703455
  -27.023220    -81.623089    0.0130904711
  -27.023220    -63.484625    0.0133916394
  -27.023220    -45.346161    0.0136924988
  -27.023220    -27.207696    0.0139295226
  -27.023220     -9.069232    0.0140591215
  -27.023220      9.069232    0.0140591215
  -27.023220     27.207696    0.0139295226
  -27.023220     45.346161    0.0136924988
  -27.023220     63.484625    0.0133916394
  -27.023220     81.623089    0.0130904711
  -27.023220     99.761554    0.0128703455
  -27.023220    117.900018    0.0128278121
  -27.023220    136.038482    0.0130716427

  -21.018060   -136.038482    0.0084354216
  -21.018060   -117.900018    0.0079221147
  -21.018060    -99.761554    0.0077261318
  -21.018060    -81.623089    0.0077419882
  -21.018060    -63.484625    0.0078760331
  -21.018060    -45.346161    0.0080493383
  -21.018060    -27.207696    0.0082002554
  -21.018060     -9.069232    0.0082864763
  -21.018060      9.069232    0.0082864763
  -21.018060     27.207696    0.0082002554
  -21.018060     45.346161    0.0080493383
  -21.018060     63.484625    0.0078760331
  -21.018060     81.623089    0.0077419882
  -21.018060     99.761554    0.0077261318
  -21.018060    117.900018    0.0079221147
  -21.018060    136.038482    0.0084354216

  -15.012900   -136.038482    0.0053007454
  -15.012900   -117.900018    0.0045433572
  -15.012900    -99.761554    0.0041310440
  -15.012900    -81.623089    0.0039614328
  -15.012900    -63.484625    0.0039436102
  -15.012900    -45.346161    0.0040009328
  -15.012900    -27.207696    0.0040735209
  -15.012900     -9.069232    0.0041202721
  -15.012900      9.069232    0.0041202721
  -15.012900     27.207696    0.0040735209
  -15.012900     45.346161    0.0040009328
  -15.012900     63.484625    0.0039436102
  -15.012900     81.623089    0.0039614328
  -15.012900     99.761554    0.0041310440
  -15.012900    117.900018    0.0045433572
  -15.012900    136.038482    0.0053007454

   -9.007740   -136.038482    0.0035634372
   -9.007740   -117.900018    0.0025849863
   -9.007740    -99.761554    0.0019764480
   -9.007740    -81.623089    0.0016384006
   -9.007740    -63.484625    0.0014825243
   -9.007740    -45.346161    0.0014343380
   -9.007740    -27.207696    0.0014356348
   -9.007740     -9.069232    0.0014464518
   -9.007740      9.069232    0.0014464518
   -9.007740     27.207696    0.0014356348
   -9.007740     45.346161    0.0014343380
   -9.007740     63.484625    0.0014825243
   -9.007740     81.623089    0.0016384006
   -9.007740     99.761554    0.0019764480
   -9.007740    117.900018    0.0025849863
   -9.007740    136.038482    0.0035634372

   -3.002580   -136.038482    0.0031264182
   -3.002580   -117.900018    0.0019477745
   -3.002580    -99.761554    0.0011612410
   -3.002580    -81.623089    0.0006701965
   -3.002580    -63.484625    0.0003887831
   -3.002580    -45.346161    0.0002445736
   -3.002580    -27.207696    0.0001809502
   -3.002580     -9.069232    0.0001590328
   -3.002580      9.069232    0.0001590328
   -3.002580     27.207696    0.0001809502
   -3.002580     45.346161    0.0002445736
   -3.002580     63.484625    0.0003887831
   -3.002580     81.623089    0.0006701965
   -3.002580     99.761554    0.0011612410
   -3.002580    117.900018    0.0019477745
   -3.002580    136.038482    0.0031264182

    3.002580   -136.038482    0.0038992926
    3.002580   -117.900018    0.0025393880
    3.002580    -99.761554    0.0015913992
    3.002580    -81.623089    0.0009613619
    3.002580    -63.484625    0.0005657604
    3.002580    -45.346161    0.0003341243
    3.002580    -27.207696    0.0002113524
    3.002580     -9.069232    0.0001595987
    3.002580      9.069232    0.0001595987
    3.002580     27.207696    0.0002113524
    3.002580     45.346161    0.0003341243
    3.002580     63.484625    0.0005657604
    3.002580     81.623089    0.0009613619
    3.002580     99.761554    0.0015913992
    3.002580    117.900018    0.0025393880
    3.002580    136.038482    0.0038992926

    9.007740   -136.038482    0.0057979426
    9.007740   -117.900018    0.0042739667
    9.007740    -99.761554    0.0031795387
    9.007740    -81.623089    0.0024232198
    9.007740    -63.484625    0.0019237276
    9.007740    -45.346161    0.0016124624
    9.007740    -27.207696    0.0014357757
    9.007740     -9.069232    0.0013568132
    9.007740      9.069232    0.0013568132
    9.007740     27.207696    0.0014357757
    9.007740     45.346161    0.0016124624
    9.007740     63.484625    0.0019237276
    9.007740     81.623089    0.0024232198
    9.007740     99.761554    0.0031795387
    9.007740    117.900018    0.0042739667
    9.007740    136.038482    0.0057979426

   15.012900   -136.038482    0.0087441365
   15.012900   -117.900018    0.0070717157
   15.012900    -99.761554    0.0058444923
   15.012900    -81.623089    0.0049734372
   15.012900    -63.484625    0.0043794051
   15.012900    -45.346161    0.0039955910
   15.012900    -27.207696    0.0037697412
   15.012900     -9.069232    0.0036659552
   15.012900      9.069232    0.0036659552
   15.012900     27.207696    0.0037697412
   15.012900     45.346161    0.0039955910
   15.012900     63.484625    0.0043794051
   15.012900     81.623089    0.0049734372
   15.012900     99.761554    0.0058444923
   15.012900    117.900018    0.0070717157
   15.012900    136.038482    0.0087441365

   21.018060   -136.038482    0.0126651479
   21.018060   -117.900018    0.0108585085
   21.018060    -99.761554    0.0095108997
   21.018060    -81.623089    0.0085356055
   21.018060    -63.484625    0.0078555346
   21.018060    -45.346161    0.0074056084
   21.018060    -27.207696    0.0071349162
   21.018060     -9.069232    0.0070084760
   21.018060      9.069232    0.0070084760
   21.018060     27.207696    0.0071349162
   21.018060     45.346161    0.0074056084
   21.018060     63.484625    0.0078555346
   21.018060     81.623089    0.0085356055
   21.018060     99.761554    0.0095108997
   21.018060    117.900018    0.0108585085
   21.018060    136.038482    0.0126651479

   27.023220   -136.038482    0.0174933863
   27.023220   -117.900018    0.0155655020
   27.023220    -99.761554    0.0141088130
   27.023220    -81.623089    0.0130388383
   27.023220    -63.484625    0.0122804698
   27.023220    -45.346161    0.0117702941
   27.023220    -27.207696    0.0114586957
   27.023220     -9.069232    0.0113115777
   27.023220      9.069232    0.0113115777
   27.023220     27.207696    0.0114586957
   27.023220     45.346161    0.0117702941
   27.023220     63.484625    0.0122804698
   27.023220     81.623089    0.0130388383
   27.023220     99.761554    0.0141088130
   27.023220    117.900018    0.0155655020
   27.023220    136.038482    0.0174933863

   33.028380   -136.038482    0.0231660396
   33.028380   -117.900018    0.0211287632
   33.028380    -99.761554    0.0195733166
   33.028380    -81.623089    0.0184173873
   33.028380    -63.484625    0.0175877878
   33.028380    -45.346161    0.0170227150
   33.028380    -27.207696    0.0166738044
   33.028380     -9.069232    0.0165078136
   33.028380      9.069232    0.0165078136
   33.028380     27.207696    0.0166738044
   33.028380     45.346161    0.0170227150
   33.028380     63.484625    0.0175877878
   33.028380     81.623089    0.0184173873
   33.028380     99.761554    0.0195733166
   33.028380    117.900018    0.0211287632
   33.028380    136.038482    0.0231660396

   39.033540   -136.038482    0.0296247290
   39.033540   -117.900018    0.0274889074
   39.033540    -99.761554    0.0258441613
   39.033540    -81.623089    0.0246102756
   39.033540    -63.484625    0.0237159210
   39.033540    -45.346161    0.0231008538
   39.033540    -27.207696    0.0227179215
   39.033540     -9.069232    0.0225347099
   39.033540      9.069232    0.0225347099
   39.033540     27.207696    0.0227179215
   39.033540     45.346161    0.0231008538
   39.033540     63.484625    0.0237159210
   39.033540     81.623089    0.0246102756
   39.033540     99.761554    0.0258441613
   39.033540    117.900018    0.0274889074
   39.033540    136.038482    0.0296247290

   45.038700   -136.038482    0.0368151739
   45.038700   -117.900018    0.0345907478
   45.038700    -99.761554    0.0328654137
   45.038700    -81.623089    0.0315609482
   45.038700    -63.484625    0.0306078074
   45.038700    -45.346161    0.0299472576
   45.038700    -27.207696    0.0295333265
   45.038700     -9.069232    0.0293344096
   45.038700      9.069232    0.0293344096
   45.038700     27.207696    0.0295333265
   45.038700     45.346161    0.0299472576
   45.038700     63.484625    0.0306078074
   45.038700     81.623089    0.0315609482
   45.038700     99.761554    0.0328654137
   45.038700    117.900018    0.0345907478
   45.038700    136.038482    0.0368151739

