  -92.332122   -100.911229    0.0140332008
  -92.332122    -87.456398    0.0111682090
  -92.332122    -74.001568    0.0084069435
  -92.332122    -60.546737    0.0058698199
  -92.332122    -47.091907    0.0036733831
  -92.332122    -33.637076    0.0019227157
  -92.332122    -20.182246    0.0007041210
  -92.332122     -6.727415    0.0000789092
  -92.332122      6.727415    0.0000789092
  -92.332122     20.182246    0.0007041210
  -92.332122     33.637076    0.0019227157
  -92.332122     47.091907    0.0036733831
  -92.332122     60.546737    0.0058698199
  -92.332122     74.001568    0.0084069435
  -92.332122     87.456398    0.0111682090
  -92.332122    100.911229    0.0140332008

  -80.021172   -100.911229    0.0110667037
  -80.021172    -87.456398    0.0088100409
  -80.021172    -74.001568    0.0066458267
  -80.021172    -60.546737    0.0046493547
  -80.021172    -47.091907    0.0029131753
  -80.021172    -33.637076    0.0015256004
  -80.021172    -20.182246    0.0005587454
  -80.021172     -6.727415    0.0000626148
  -80.021172      6.727415    0.0000626148
  -80.021172     20.182246    0.0005587454
  -80.021172     33.637076    0.0015256004
  -80.021172     47.091907    0.0029131753
  -80.021172     60.546737    0.0046493547
  -80.021172     74.001568    0.0066458267
  -80.021172     87.456398    0.0088100409
  -80.021172    100.911229    0.0110667037

  -67.710222   -100.911229    0.0082633327
  -67.710222    -87.456398    0.0065918844
  -67.710222    -74.001568    0.0049761781
  -67.710222    -60.546737    0.0034832472
  -67.710222    -47.091907    0.0021841275
  -67.710222    -33.637076    0.0011447690
  -67.710222    -20.182246    0.0004195768
  -67.710222     -6.727415    0.0000470393
  -67.710222      6.727415    0.0000470393
  -67.710222     20.182246    0.0004195768
  -67.710222     33.637076    0.0011447690
  -67.710222     47.091907    0.0021841275
  -67.710222     60.546737    0.0034832472
  -67.710222     74.001568    0.0049761781
  -67.710222     87.456398    0.0065918844
  -67.710222    100.911229    0.0082633327

  -55.399273   -100.911229    0.0057301684
  -55.399273    -87.456398    0.0045794484
  -55.399273    -74.001568    0.0034591340
  -55.399273    -60.546737    0.0024224960
  -55.399273    -47.091907    0.0015199699
  -55.399273    -33.637076    0.0007972548
  -55.399273    -20.182246    0.0002923981
  -55.399273     -6.727415    0.0000327936
  -55.399273      6.727415    0.0000327936
  -55.399273     20.182246    0.0002923981
  -55.399273     33.637076    0.0007972548
  -55.399273     47.091907    0.0015199699
  -55.399273     60.546737    0.0024224960
  -55.399273     74.001568    0.0034591340
  -55.399273     87.456398    0.0045794484
  -55.399273    100.911229    0.0057301684

  -43.088323   -100.911229    0.0035663264
  -43.088323    -87.456398    0.0028529555
  -43.088323    -74.001568    0.0021568675
  -43.088323    -60.546737    0.0015116397
  -43.088323    -47.091907    0.0009490733
  -43.088323    -33.637076    0.0004980614
  -43.088323    -20.182246    0.0001827315
  -43.088323     -6.727415    0.0000204977
  -43.088323      6.727415    0.0000204977
  -43.088323     20.182246    0.0001827315
  -43.088323     33.637076    0.0004980614
  -43.088323     47.091907    0.0009490733
  -43.088323     60.546737    0.0015116397
  -43.088323     74.001568    0.0021568675
  -43.088323     87.456398    0.0028529555
  -43.088323    100.911229    0.0035663264

  -30.777374   -100.911229    0.0018590153
  -30.777374    -87.456398    0.0014875202
  -30.777374    -74.001568    0.0011257161
  -30.777374    -60.546737    0.0007896972
  -30.777374    -47.091907    0.0004961060
  -30.777374    -33.637076    0.0002604247
  -30.777374    -20.182246    0.0000955543
  -30.777374     -6.727415    0.0000107188
  -30.777374      6.727415    0.0000107188
  -30.777374     20.182246    0.0000955543
  -30.777374     33.637076    0.0002604247
  -30.777374     47.091907    0.0004961060
  -30.777374     60.546737    0.0007896972
  -30.777374     74.001568    0.0011257161
  -30.777374     87.456398    0.0014875202
  -30.777374    100.911229    0.0018590153

  -18.466424   -100.911229    0.0006789355
  -18.466424    -87.456398    0.0005431830
  -18.466424    -74.001568    0.0004114327
  -18.466424    -60.546737    0.0002888673
  -18.466424    -47.091907    0.0001815593
  -18.466424    -33.637076    0.0000953199
  -18.466424    -20.182246    0.0000349727
  -18.466424     -6.727415    0.0000039228
  -18.466424      6.727415    0.0000039228
  -18.466424     20.182246    0.0000349727
  -18.466424     33.637076    0.0000953199
  -18.466424     47.091907    0.0001815593
  -18.466424     60.546737    0.0002888673
  -18.466424     74.001568    0.0004114327
  -18.466424     87.456398    0.0005431830
  -18.466424    100.911229    0.0006789355

   -6.155475   -100.911229    0.0000759831
   -6.155475    -87.456398    0.0000607797
   -6.155475    -74.001568    0.0000460613
   -6.155475    -60.546737    0.0000323558
   -6.155475    -47.091907    0.0000203417
   -6.155475    -33.637076    0.0000106800
   -6.155475    -20.182246    0.0000039182
   -6.155475     -6.727415    0.0000004395
   -6.155475      6.727415    0.0000004395
   -6.155475     20.182246    0.0000039182
   -6.155475     33.637076    0.0000106800
   -6.155475     47.091907    0.0000203417
   -6.155475     60.546737    0.0000323558
   -6.155475     74.001568    0.0000460613
   -6.155475     87.456398    0.0000607797
   -6.155475    100.911229    0.0000759831

    6.155475   -100.911229    0.0000759831
    6.155475    -87.456398    0.0000607797
    6.155475    -74.001568    0.0000460613
    6.155475    -60.546737    0.0000323558
    6.155475    -47.091907    0.0000203417
    6.155475    -33.637076    0.0000106800
    6.155475    -20.182246    0.0000039182
    6.155475     -6.727415    0.0000004395
    6.155475      6.727415    0.0000004395
    6.155475     20.182246    0.0000039182
    6.155475     33.637076    0.0000106800
    6.155475     47.091907    0.0000203417
    6.155475     60.546737    0.0000323558
    6.155475     74.001568    0.0000460613
    6.155475     87.456398    0.0000607797
    6.155475    100.911229    0.0000759831

   18.466424   -100.911229    0.0006789355
   18.466424    -87.456398    0.0005431830
   18.466424    -74.001568    0.0004114327
   18.466424    -60.546737    0.0002888673
   18.466424    -47.091907    0.0001815593
   18.466424    -33.637076    0.0000953199
   18.466424    -20.182246    0.0000349727
   18.466424     -6.727415    0.0000039228
   18.466424      6.727415    0.0000039228
   18.466424     20.182246    0.0000349727
   18.466424     33.637076    0.0000953199
   18.466424     47.091907    0.0001815593
   18.466424     60.546737    0.0002888673
   18.466424     74.001568    0.0004114327
   18.466424     87.456398    0.0005431830
   18.466424    100.911229    0.0006789355

   30.777374   -100.911229    0.0018590153
   30.777374    -87.456398    0.0014875202
   30.777374    -74.001568    0.0011257161
   30.777374    -60.546737    0.0007896972
   30.777374    -47.091907    0.0004961060
   30.777374    -33.637076    0.0002604247
   30.777374    -20.182246    0.0000955543
   30.777374     -6.727415    0.0000107188
   30.777374      6.727415    0.0000107188
   30.777374     20.182246    0.0000955543
   30.777374     33.637076    0.0002604247
   30.777374     47.091907    0.0004961060
   30.777374     60.546737    0.0007896972
   30.777374     74.001568    0.0011257161
   30.777374     87.456398    0.0014875202
   30.777374    100.911229    0.0018590153

   43.088323   -100.911229    0.0035663264
   43.088323    -87.456398    0.0028529555
   43.088323    -74.001568    0.0021568675
   43.088323    -60.546737    0.0015116397
   43.088323    -47.091907    0.0009490733
   43.088323    -33.637076    0.0004980614
   43.088323    -20.182246    0.0001827315
   43.088323     -6.727415    0.0000204977
   43.088323      6.727415    0.0000204977
   43.088323     20.182246    0.0001827315
   43.088323     33.637076    0.0004980614
   43.088323     47.091907    0.0009490733
   43.088323     60.546737    0.0015116397
   43.088323     74.001568    0.0021568675
   43.088323     87.456398    0.0028529555
   43.088323    100.911229    0.0035663264

   55.399273   -100.911229    0.0057301684
   55.399273    -87.456398    0.0045794484
   55.399273    -74.001568    0.0034591340
   55.399273    -60.546737    0.0024224960
   55.399273    -47.091907    0.0015199699
   55.399273    -33.637076    0.0007972548
   55.399273    -20.182246    0.0002923981
   55.399273     -6.727415    0.0000327936
   55.399273      6.727415    0.0000327936
   55.399273     20.182246    0.0002923981
   55.399273     33.637076    0.0007972548
   55.399273     47.091907    0.0015199699
   55.399273     60.546737    0.0024224960
   55.399273     74.001568    0.0034591340
   55.399273     87.456398    0.0045794484
   55.399273    100.911229    0.0057301684

   67.710222   -100.911229    0.0082633327
   67.710222    -87.456398    0.0065918844
   67.710222    -74.001568    0.0049761781
   67.710222    -60.546737    0.0034832472
   67.710222    -47.091907    0.0021841275
   67.710222    -33.637076    0.0011447690
   67.710222    -20.182246    0.0004195768
   67.710222     -6.727415    0.0000470393
   67.710222      6.727415    0.0000470393
   67.710222     20.182246    0.0004195768
   67.710222     33.637076    0.0011447690
   67.710222     47.091907    0.0021841275
   67.710222     60.546737    0.0034832472
   67.710222     74.001568    0.0049761781
   67.710222     87.456398    0.0065918844
   67.710222    100.911229    0.0082633327

   80.021172   -100.911229    0.0110667037
   80.021172    -87.456398    0.0088100409
   80.021172    -74.001568    0.0066458267
   80.021172    -60.546737    0.0046493547
   80.021172    -47.091907    0.0029131753
   80.021172    -33.637076    0.0015256004
   80.021172    -20.182246    0.0005587454
   80.021172     -6.727415    0.0000626148
   80.021172      6.727415    0.0000626148
   80.021172     20.182246    0.0005587454
   80.021172     33.637076    0.0015256004
   80.021172     47.091907    0.0029131753
   80.021172     60.546737    0.0046493547
   80.021172     74.001568    0.0066458267
   80.021172     87.456398    0.0088100409
   80.021172    100.911229    0.0110667037

   92.332122   -100.911229    0.0140332008
   92.332122    -87.456398    0.0111682090
   92.332122    -74.001568    0.0084069435
   92.332122    -60.546737    0.0058698199
   92.332122    -47.091907    0.0036733831
   92.332122    -33.637076    0.0019227157
   92.332122    -20.182246    0.0007041210
   92.332122     -6.727415    0.0000789092
   92.332122      6.727415    0.0000789092
   92.332122     20.182246    0.0007041210
   92.332122     33.637076    0.0019227157
   92.332122     47.091907    0.0036733831
   92.332122     60.546737    0.0058698199
   92.332122     74.001568    0.0084069435
   92.332122     87.456398    0.0111682090
   92.332122    100.911229    0.0140332008

