  -25.746645    -48.902142    0.0755356498
  -25.746645    -42.381856    0.0716058385
  -25.746645    -35.861571    0.0683328894
  -25.746645    -29.341285    0.0656772089
  -25.746645    -22.821000    0.0636021897
  -25.746645    -16.300714    0.0620760437
  -25.746645     -9.780428    0.0610734053
  -25.746645     -3.260143    0.0605766154
  -25.746645      3.260143    0.0605766154
  -25.746645      9.780428    0.0610734053
  -25.746645     16.300714    0.0620760437
  -25.746645     22.821000    0.0636021897
  -25.746645     29.341285    0.0656772089
  -25.746645     35.861571    0.0683328894
  -25.746645     42.381856    0.0716058385
  -25.746645     48.902142    0.0755356498

  -21.065436    -48.902142    0.0553532828
  -21.065436    -42.381856    0.0506657931
  -21.065436    -35.861571    0.0467213457
  -21.065436    -29.341285    0.0434911083
  -21.065436    -22.821000    0.0409465237
  -21.065436    -16.300714    0.0390621961
  -21.065436     -9.780428    0.0378177843
  -21.065436     -3.260143    0.0371991806
  -21.065436      3.260143    0.0371991806
  -21.065436      9.780428    0.0378177843
  -21.065436     16.300714    0.0390621961
  -21.065436     22.821000    0.0409465237
  -21.065436     29.341285    0.0434911083
  -21.065436     35.861571    0.0467213457
  -21.065436     42.381856    0.0506657931
  -21.065436     48.902142    0.0553532828

  -16.384228    -48.902142    0.0412950290
  -16.384228    -42.381856    0.0360253909
  -16.384228    -35.861571    0.0315673663
  -16.384228    -29.341285    0.0278972826
  -16.384228    -22.821000    0.0249926758
  -16.384228    -16.300714    0.0228335869
  -16.384228     -9.780428    0.0214037949
  -16.384228     -3.260143    0.0206918572
  -16.384228      3.260143    0.0206918572
  -16.384228      9.780428    0.0214037949
  -16.384228     16.300714    0.0228335869
  -16.384228     22.821000    0.0249926758
  -16.384228     29.341285    0.0278972826
  -16.384228     35.861571    0.0315673663
  -16.384228     42.381856    0.0360253909
  -16.384228     48.902142    0.0412950290

  -11.703020    -48.902142    0.0322203348
  -11.703020    -42.381856    0.0265081365
  -11.703020    -35.861571    0.0216586255
  -11.703020    -29.341285    0.0176532290
  -11.703020    -22.821000    0.0144742398
  -11.703020    -16.300714    0.0121057288
  -11.703020     -9.780428    0.0105345792
  -11.703020     -3.260143    0.0097514387
  -11.703020      3.260143    0.0097514387
  -11.703020      9.780428    0.0105345792
  -11.703020     16.300714    0.0121057288
  -11.703020     22.821000    0.0144742398
  -11.703020     29.341285    0.0176532290
  -11.703020     35.861571    0.0216586255
  -11.703020     42.381856    0.0265081365
  -11.703020     48.902142    0.0322203348

   -7.021812    -48.902142    0.0271762464
   -7.021812    -42.381856    0.0211309061
   -7.021812    -35.861571    0.0159856672
   -7.021812    -29.341285    0.0117268137
   -7.021812    -22.821000    0.0083403939
   -7.021812    -16.300714    0.0058134943
   -7.021812     -9.780428    0.0041353610
   -7.021812     -3.260143    0.0032982988
   -7.021812      3.260143    0.0032982988
   -7.021812      9.780428    0.0041353610
   -7.021812     16.300714    0.0058134943
   -7.021812     22.821000    0.0083403939
   -7.021812     29.341285    0.0117268137
   -7.021812     35.861571    0.0159856672
   -7.021812     42.381856    0.0211309061
   -7.021812     48.902142    0.0271762464

   -2.340604    -48.902142    0.0253645843
   -2.340604    -42.381856    0.0190715601
   -2.340604    -35.861571    0.0137060425
   -2.340604    -29.341285    0.0092580356
   -2.340604    -22.821000    0.0057165655
   -2.340604    -16.300714    0.0030711366
   -2.340604     -9.780428    0.0013128828
   -2.340604     -3.260143    0.0004354219
   -2.340604      3.260143    0.0004354219
   -2.340604      9.780428    0.0013128828
   -2.340604     16.300714    0.0030711366
   -2.340604     22.821000    0.0057165655
   -2.340604     29.341285    0.0092580356
   -2.340604     35.861571    0.0137060425
   -2.340604     42.381856    0.0190715601
   -2.340604     48.902142    0.0253645843

    2.340604    -48.902142    0.0261150036
    2.340604    -42.381856    0.0196412510
    2.340604    -35.861571    0.0141147515
    2.340604    -29.341285    0.0095280439
    2.340604    -22.821000    0.0058725357
    2.340604    -16.300714    0.0031397543
    2.340604     -9.780428    0.0013223913
    2.340604     -3.260143    0.0004151132
    2.340604      3.260143    0.0004151132
    2.340604      9.780428    0.0013223913
    2.340604     16.300714    0.0031397543
    2.340604     22.821000    0.0058725357
    2.340604     29.341285    0.0095280439
    2.340604     35.861571    0.0141147515
    2.340604     42.381856    0.0196412510
    2.340604     48.902142    0.0261150036

    7.021812    -48.902142    0.0288629752
    7.021812    -42.381856    0.0222611677
    7.021812    -35.861571    0.0166200524
    7.021812    -29.341285    0.0119341051
    7.021812    -22.821000    0.0081966701
    7.021812    -16.300714    0.0054009463
    7.021812     -9.780428    0.0035409097
    7.021812     -3.260143    0.0026120823
    7.021812      3.260143    0.0026120823
    7.021812      9.780428    0.0035409097
    7.021812     16.300714    0.0054009463
    7.021812     22.821000    0.0081966701
    7.021812     29.341285    0.0119341051
    7.021812     35.861571    0.0166200524
    7.021812     42.381856    0.0222611677
    7.021812     48.902142    0.0288629752

   11.703020    -48.902142    0.0331318424
   11.703020    -42.381856    0.0264433803
   11.703020    -35.861571    0.0207237938
   11.703020    -29.341285    0.0159693948
   11.703020    -22.821000    0.0121751347
   11.703020    -16.300714    0.0093355572
   11.703020     -9.780428    0.0074456849
   11.703020     -3.260143    0.0065017572
   11.703020      3.260143    0.0065017572
   11.703020      9.780428    0.0074456849
   11.703020     16.300714    0.0093355572
   11.703020     22.821000    0.0121751347
   11.703020     29.341285    0.0159693948
   11.703020     35.861571    0.0207237938
   11.703020     42.381856    0.0264433803
   11.703020     48.902142    0.0331318424

   16.384228    -48.902142    0.0385182287
   16.384228    -42.381856    0.0317753711
   16.384228    -35.861571    0.0260055167
   16.384228    -29.341285    0.0212066697
   16.384228    -22.821000    0.0173751356
   16.384228    -16.300714    0.0145065644
   16.384228     -9.780428    0.0125968503
   16.384228     -3.260143    0.0116428435
   16.384228      3.260143    0.0116428435
   16.384228      9.780428    0.0125968503
   16.384228     16.300714    0.0145065644
   16.384228     22.821000    0.0173751356
   16.384228     29.341285    0.0212066697
   16.384228     35.861571    0.0260055167
   16.384228     42.381856    0.0317753711
   16.384228     48.902142    0.0385182287

   21.065436    -48.902142    0.0446801916
   21.065436    -42.381856    0.0379077599
   21.065436    -35.861571    0.0321096643
   21.065436    -29.341285    0.0272850561
   21.065436    -22.821000    0.0234313895
   21.065436    -16.300714    0.0205453134
   21.065436     -9.780428    0.0186234961
   21.065436     -3.260143    0.0176633078
   21.065436      3.260143    0.0176633078
   21.065436      9.780428    0.0186234961
   21.065436     16.300714    0.0205453134
   21.065436     22.821000    0.0234313895
   21.065436     29.341285    0.0272850561
   21.065436     35.861571    0.0321096643
   21.065436     42.381856    0.0379077599
   21.065436     48.902142    0.0446801916

   25.746645    -48.902142    0.0513276409
   25.746645    -42.381856    0.0445446500
   25.746645    -35.861571    0.0387353276
   25.746645    -29.341285    0.0338993682
   25.746645    -22.821000    0.0300352132
   25.746645    -16.300714    0.0271404598
   25.746645     -9.780428    0.0252124907
   25.746645     -3.260143    0.0242491228
   25.746645      3.260143    0.0242491228
   25.746645      9.780428    0.0252124907
   25.746645     16.300714    0.0271404598
   25.746645     22.821000    0.0300352132
   25.746645     29.341285    0.0338993682
   25.746645     35.861571    0.0387353276
   25.746645     42.381856    0.0445446500
   25.746645     48.902142    0.0513276409

   30.427853    -48.902142    0.0582146565
   30.427853    -42.381856    0.0514359477
   30.427853    -35.861571    0.0456280482
   30.427853    -29.341285    0.0407915541
   30.427853    -22.821000    0.0369257924
   30.427853    -16.300714    0.0340291296
   30.427853     -9.780428    0.0320995485
   30.427853     -3.260143    0.0311352724
   30.427853      3.260143    0.0311352724
   30.427853      9.780428    0.0320995485
   30.427853     16.300714    0.0340291296
   30.427853     22.821000    0.0369257924
   30.427853     29.341285    0.0407915541
   30.427853     35.861571    0.0456280482
   30.427853     42.381856    0.0514359477
   30.427853     48.902142    0.0582146565

   35.109061    -48.902142    0.0651334650
   35.109061    -42.381856    0.0583709256
   35.109061    -35.861571    0.0525732888
   35.109061    -29.341285    0.0477440415
   35.109061    -22.821000    0.0438833646
   35.109061    -16.300714    0.0409899639
   35.109061     -9.780428    0.0390621902
   35.109061     -3.260143    0.0380986786
   35.109061      3.260143    0.0380986786
   35.109061      9.780428    0.0390621902
   35.109061     16.300714    0.0409899639
   35.109061     22.821000    0.0438833646
   35.109061     29.341285    0.0477440415
   35.109061     35.861571    0.0525732888
   35.109061     42.381856    0.0583709256
   35.109061     48.902142    0.0651334650

   39.790269    -48.902142    0.0719099527
   39.790269    -42.381856    0.0651722231
   39.790269    -35.861571    0.0593912750
   39.790269    -29.341285    0.0545749407
   39.790269    -22.821000    0.0507242282
   39.790269    -16.300714    0.0478378638
   39.790269     -9.780428    0.0459143943
   39.790269     -3.260143    0.0449528689
   39.790269      3.260143    0.0449528689
   39.790269      9.780428    0.0459143943
   39.790269     16.300714    0.0478378638
   39.790269     22.821000    0.0507242282
   39.790269     29.341285    0.0545749407
   39.790269     35.861571    0.0593912750
   39.790269     42.381856    0.0651722231
   39.790269     48.902142    0.0719099527

   44.471477    -48.902142    0.0784007136
   44.471477    -42.381856    0.0716893998
   44.471477    -35.861571    0.0659330010
   44.471477    -29.341285    0.0611352379
   44.471477    -22.821000    0.0572976625
   44.471477    -16.300714    0.0544204094
   44.471477     -9.780428    0.0525028897
   44.471477     -3.260143    0.0515443671
   44.471477      3.260143    0.0515443671
   44.471477      9.780428    0.0525028897
   44.471477     16.300714    0.0544204094
   44.471477     22.821000    0.0572976625
   44.471477     29.341285    0.0611352379
   44.471477     35.861571    0.0659330010
   44.471477     42.381856    0.0716893998
   44.471477     48.902142    0.0784007136

