  -44.766107    -48.827424   -0.0001832454
  -44.766107    -42.317101    0.0000531897
  -44.766107    -35.806778    0.0001907305
  -44.766107    -29.296454    0.0002512830
  -44.766107    -22.786131    0.0002545325
  -44.766107    -16.275808    0.0002164813
  -44.766107     -9.765485    0.0001483037
  -44.766107     -3.255162    0.0000555365
  -44.766107      3.255162   -0.0000623809
  -44.766107      9.765485   -0.0002122056
  -44.766107     16.275808   -0.0004066237
  -44.766107     22.786131   -0.0006636103
  -44.766107     29.296454   -0.0010054212
  -44.766107     35.806778   -0.0014572160
  -44.766107     42.317101   -0.0020453250
  -44.766107     48.827424   -0.0027951670

  -40.053885    -48.827424    0.0003867132
  -40.053885    -42.317101    0.0004734398
  -40.053885    -35.806778    0.0004792494
  -40.053885    -29.296454    0.0004328069
  -40.053885    -22.786131    0.0003538326
  -40.053885    -16.275808    0.0002574119
  -40.053885     -9.765485    0.0001546190
  -40.053885     -3.255162    0.0000514901
  -40.053885      3.255162   -0.0000521771
  -40.053885      9.765485   -0.0001632803
  -40.053885     16.275808   -0.0002947710
  -40.053885     22.786131   -0.0004641150
  -40.053885     29.296454   -0.0006916190
  -40.053885     35.806778   -0.0009999435
  -40.053885     42.317101   -0.0014166867
  -40.053885     48.827424   -0.0019824775

  -35.341663    -48.827424    0.0008907559
  -35.341663    -42.317101    0.0008370030
  -35.341663    -35.806778    0.0007282825
  -35.341663    -29.296454    0.0005882463
  -35.341663    -22.786131    0.0004365946
  -35.341663    -16.275808    0.0002891656
  -35.341663     -9.765485    0.0001572816
  -35.341663     -3.255162    0.0000469001
  -35.341663      3.255162   -0.0000420324
  -35.341663      9.765485   -0.0001157775
  -35.341663     16.275808   -0.0001864553
  -35.341663     22.786131   -0.0002712032
  -35.341663     29.296454   -0.0003910475
  -35.341663     35.806778   -0.0005698443
  -35.341663     42.317101   -0.0008337940
  -35.341663     48.827424   -0.0012121888

  -30.629441    -48.827424    0.0013109959
  -30.629441    -42.317101    0.0011366805
  -30.629441    -35.806778    0.0009296939
  -30.629441    -29.296454    0.0007105329
  -30.629441    -22.786131    0.0004985594
  -30.629441    -16.275808    0.0003097738
  -30.629441     -9.765485    0.0001554800
  -30.629441     -3.255162    0.0000415562
  -30.629441      3.255162   -0.0000318721
  -30.629441      9.765485   -0.0000704855
  -30.629441     16.275808   -0.0000855973
  -30.629441     22.786131   -0.0000937236
  -30.629441     29.296454   -0.0001157866
  -30.629441     35.806778   -0.0001757639
  -30.629441     42.317101   -0.0002985177
  -30.629441     48.827424   -0.0005064562

  -25.917220    -48.827424    0.0016265906
  -25.917220    -42.317101    0.0013571257
  -25.917220    -35.806778    0.0010725078
  -25.917220    -29.296454    0.0007925022
  -25.917220    -22.786131    0.0005357102
  -25.917220    -16.275808    0.0003175234
  -25.917220     -9.765485    0.0001488808
  -25.917220     -3.255162    0.0000355781
  -25.917220      3.255162   -0.0000220512
  -25.917220      9.765485   -0.0000291961
  -25.917220     16.275808    0.0000035905
  -25.917220     22.786131    0.0000607957
  -25.917220     29.296454    0.0001226939
  -25.917220     35.806778    0.0001666046
  -25.917220     42.317101    0.0001688971
  -25.917220     48.827424    0.0001080492

  -21.204998    -48.827424    0.0018121830
  -21.204998    -42.317101    0.0014782200
  -21.204998    -35.806778    0.0011429696
  -21.204998    -29.296454    0.0008255367
  -21.204998    -22.786131    0.0005432499
  -21.204998    -16.275808    0.0003103764
  -21.204998     -9.765485    0.0001371619
  -21.204998     -3.255162    0.0000291726
  -21.204998      3.255162   -0.0000130772
  -21.204998      9.765485    0.0000057781
  -21.204998     16.275808    0.0000761343
  -21.204998     22.786131    0.0001838733
  -21.204998     29.296454    0.0003111100
  -21.204998     35.806778    0.0004372480
  -21.204998     42.317101    0.0005403693
  -21.204998     48.827424    0.0005989904

  -16.492776    -48.827424    0.0018364344
  -16.492776    -42.317101    0.0014756956
  -16.492776    -35.806778    0.0011240839
  -16.492776    -29.296454    0.0007987213
  -16.492776    -22.786131    0.0005150122
  -16.492776    -16.275808    0.0002856465
  -16.492776     -9.765485    0.0001197971
  -16.492776     -3.255162    0.0000225362
  -16.492776      3.255162   -0.0000055107
  -16.492776      9.765485    0.0000317388
  -16.492776     16.275808    0.0001259821
  -16.492776     22.786131    0.0002649452
  -16.492776     29.296454    0.0004330448
  -16.492776     35.806778    0.0006122861
  -16.492776     42.317101    0.0007833772
  -16.492776     48.827424    0.0009270368

  -11.780554    -48.827424    0.0016604907
  -11.780554    -42.317101    0.0013201328
  -11.780554    -35.806778    0.0009947889
  -11.780554    -29.296454    0.0006982313
  -11.780554    -22.786131    0.0004430843
  -11.780554    -16.275808    0.0002398067
  -11.780554     -9.765485    0.0000959794
  -11.780554     -3.255162    0.0000158414
  -11.780554      3.255162    0.0000000344
  -11.780554      9.765485    0.0000455337
  -11.780554     16.275808    0.0001457544
  -11.780554     22.786131    0.0002908453
  -11.780554     29.296454    0.0004681923
  -11.780554     35.806778    0.0006631742
  -11.780554     42.317101    0.0008602280
  -11.780554     48.827424    0.0010442954

   -7.068333    -48.827424    0.0012362155
   -7.068333    -42.317101    0.0009751475
   -7.068333    -35.806778    0.0007288600
   -7.068333    -29.296454    0.0005067240
   -7.068333    -22.786131    0.0003174586
   -7.068333    -16.275808    0.0001683225
   -7.068333     -9.765485    0.0000645935
   -7.068333     -3.255162    0.0000092570
   -7.068333      3.255162    0.0000028451
   -7.068333      9.765485    0.0000433912
   -7.068333     16.275808    0.0001264896
   -7.068333     22.786131    0.0002454706
   -7.068333     29.296454    0.0003917276
   -7.068333     35.806778    0.0005552522
   -7.068333     42.317101    0.0007254598
   -7.068333     48.827424    0.0008924098

   -2.356111    -48.827424    0.0005040080
   -2.356111    -42.317101    0.0003952684
   -2.356111    -35.806778    0.0002935643
   -2.356111    -29.296454    0.0002025476
   -2.356111    -22.786131    0.0001255733
   -2.356111    -16.275808    0.0000654339
   -2.356111     -9.765485    0.0000241737
   -2.356111     -3.255162    0.0000029691
   -2.356111      3.255162    0.0000020598
   -2.356111      9.765485    0.0000207279
   -2.356111     16.275808    0.0000573205
   -2.356111     22.786131    0.0001093214
   -2.356111     29.296454    0.0001734795
   -2.356111     35.806778    0.0002460080
   -2.356111     42.317101    0.0003228734
   -2.356111     48.827424    0.0004001976

    2.356111    -48.827424   -0.0006099811
    2.356111    -42.317101   -0.0004763089
    2.356111    -35.806778   -0.0003519767
    2.356111    -29.296454   -0.0002413647
    2.356111    -22.786131   -0.0001483568
    2.356111    -16.275808   -0.0000761721
    2.356111     -9.765485   -0.0000271926
    2.356111     -3.255162   -0.0000028176
    2.356111      3.255162   -0.0000033658
    2.356111      9.765485   -0.0000280406
    2.356111     16.275808   -0.0000749639
    2.356111     22.786131   -0.0001412796
    2.356111     29.296454   -0.0002233167
    2.356111     35.806778   -0.0003167982
    2.356111     42.317101   -0.0004170713
    2.356111     48.827424   -0.0005193286

    7.068333    -48.827424   -0.0021974373
    7.068333    -42.317101   -0.0017102169
    7.068333    -35.806778   -0.0012588317
    7.068333    -29.296454   -0.0008590065
    7.068333    -22.786131   -0.0005242756
    7.068333    -16.275808   -0.0002658286
    7.068333     -9.765485   -0.0000920337
    7.068333     -3.255162   -0.0000079006
    7.068333      3.255162   -0.0000146758
    7.068333      9.765485   -0.0001096903
    7.068333     16.275808   -0.0002865108
    7.068333     22.786131   -0.0005353715
    7.068333     29.296454   -0.0008437946
    7.068333     35.806778   -0.0011972355
    7.068333     42.317101   -0.0015795175
    7.068333     48.827424   -0.0019727495

   11.780554    -48.827424   -0.0043724840
   11.780554    -42.317101   -0.0033941025
   11.780554    -35.806778   -0.0024908910
   11.780554    -29.296454   -0.0016932541
   11.780554    -22.786131   -0.0010275016
   11.780554    -16.275808   -0.0005155058
   11.780554     -9.765485   -0.0001737237
   11.780554     -3.255162   -0.0000121137
   11.780554      3.255162   -0.0000333294
   11.780554      9.765485   -0.0002324262
   11.780554     16.275808   -0.0005971733
   11.780554     22.786131   -0.0011089129
   11.780554     29.296454   -0.0017437661
   11.780554     35.806778   -0.0024738366
   11.780554     42.317101   -0.0032679169
   11.780554     48.827424   -0.0040910571

   16.492776    -48.827424   -0.0072775179
   16.492776    -42.317101   -0.0056372582
   16.492776    -35.806778   -0.0041283368
   16.492776    -29.296454   -0.0027982593
   16.492776    -22.786131   -0.0016901987
   16.492776    -16.275808   -0.0008405618
   16.492776     -9.765485   -0.0002767443
   16.492776     -3.255162   -0.0000153474
   16.492776      3.255162   -0.0000610502
   16.492776      9.765485   -0.0004062457
   16.492776     16.275808   -0.0010314694
   16.492776     22.786131   -0.0019065661
   16.492776     29.296454   -0.0029924593
   16.492776     35.806778   -0.0042433044
   16.492776     42.317101   -0.0056087261
   16.492776     48.827424   -0.0070357575

   21.204998    -48.827424   -0.0110905100
   21.204998    -42.317101   -0.0085777657
   21.204998    -35.806778   -0.0062722695
   21.204998    -29.296454   -0.0042422252
   21.204998    -22.786131   -0.0025530314
   21.204998    -16.275808   -0.0012605882
   21.204998     -9.765485   -0.0004069192
   21.204998     -3.255162   -0.0000175159
   21.204998      3.255162   -0.0000999625
   21.204998      9.765485   -0.0006435488
   21.204998     16.275808   -0.0016197310
   21.204998     22.786131   -0.0029834506
   21.204998     29.296454   -0.0046754721
   21.204998     35.806778   -0.0066260515
   21.204998     42.317101   -0.0087603984
   21.204998     48.827424   -0.0110065447

   25.917220    -48.827424   -0.0160340151
   25.917220    -42.317101   -0.0123935361
   25.917220    -35.806778   -0.0090508772
   25.917220    -29.296454   -0.0061104611
   25.917220    -22.786131   -0.0036668965
   25.917220    -16.275808   -0.0018002884
   25.917220     -9.765485   -0.0005715417
   25.917220     -3.255162   -0.0000184163
   25.917220      3.255162   -0.0001528864
   25.917220      9.765485   -0.0009601504
   25.917220     16.275808   -0.0023994302
   25.917220     22.786131   -0.0044064933
   25.917220     29.296454   -0.0068976240
   25.917220     35.806778   -0.0097745645
   25.917220     42.317101   -0.0129297383
   25.917220     48.827424   -0.0162508643

