  -38.681015    -92.332122    0.0517187600
  -38.681015    -80.021172    0.0506943536
  -38.681015    -67.710222    0.0500944775
  -38.681015    -55.399273    0.0498018314
  -38.681015    -43.088323    0.0497099351
  -38.681015    -30.777374    0.0497272353
  -38.681015    -18.466424    0.0497810461
  -38.681015     -6.155475    0.0498208863
  -38.681015      6.155475    0.0498208863
  -38.681015     18.466424    0.0497810461
  -38.681015     30.777374    0.0497272353
  -38.681015     43.088323    0.0497099351
  -38.681015     55.399273    0.0498018314
  -38.681015     67.710222    0.0500944775
  -38.681015     80.021172    0.0506943536
  -38.681015     92.332122    0.0517187600

  -33.523546    -92.332122    0.0402726408
  -33.523546    -80.021172    0.0389344830
  -33.523546    -67.710222    0.0380574586
  -33.523546    -55.399273    0.0375280607
  -33.523546    -43.088323    0.0372429698
  -33.523546    -30.777374    0.0371131615
  -33.523546    -18.466424    0.0370678463
  -33.523546     -6.155475    0.0370578074
  -33.523546      6.155475    0.0370578074
  -33.523546     18.466424    0.0370678463
  -33.523546     30.777374    0.0371131615
  -33.523546     43.088323    0.0372429698
  -33.523546     55.399273    0.0375280607
  -33.523546     67.710222    0.0380574586
  -33.523546     80.021172    0.0389344830
  -33.523546     92.332122    0.0402726408

  -28.366078    -92.332122    0.0306323608
  -28.366078    -80.021172    0.0290310974
  -28.366078    -67.710222    0.0279217295
  -28.366078    -55.399273    0.0271938998
  -28.366078    -43.088323    0.0267469136
  -28.366078    -30.777374    0.0264938465
  -28.366078    -18.466424    0.0263654838
  -28.366078     -6.155475    0.0263136586
  -28.366078      6.155475    0.0263136586
  -28.366078     18.466424    0.0263654838
  -28.366078     30.777374    0.0264938465
  -28.366078     43.088323    0.0267469136
  -28.366078     55.399273    0.0271938998
  -28.366078     67.710222    0.0279217295
  -28.366078     80.021172    0.0290310974
  -28.366078     92.332122    0.0306323608

  -23.208609    -92.332122    0.0227177964
  -23.208609    -80.021172    0.0209013855
  -23.208609    -67.710222    0.0196020731
  -23.208609    -55.399273    0.0187120554
  -23.208609    -43.088323    0.0181327656
  -23.208609    -30.777374    0.0177789812
  -23.208609    -18.466424    0.0175827644
  -23.208609     -6.155475    0.0174967994
  -23.208609      6.155475    0.0174967994
  -23.208609     18.466424    0.0175827644
  -23.208609     30.777374    0.0177789812
  -23.208609     43.088323    0.0181327656
  -23.208609     55.399273    0.0187120554
  -23.208609     67.710222    0.0196020731
  -23.208609     80.021172    0.0209013855
  -23.208609     92.332122    0.0227177964

  -18.051140    -92.332122    0.0164633019
  -18.051140    -80.021172    0.0144774611
  -18.051140    -67.710222    0.0130285988
  -18.051140    -55.399273    0.0120109068
  -18.051140    -43.088323    0.0113274817
  -18.051140    -30.777374    0.0108944316
  -18.051140    -18.466424    0.0106448166
  -18.051140     -6.155475    0.0105319863
  -18.051140      6.155475    0.0105319863
  -18.051140     18.466424    0.0106448166
  -18.051140     30.777374    0.0108944316
  -18.051140     43.088323    0.0113274817
  -18.051140     55.399273    0.0120109068
  -18.051140     67.710222    0.0130285988
  -18.051140     80.021172    0.0144774611
  -18.051140     92.332122    0.0164633019

  -12.893672    -92.332122    0.0118170961
  -12.893672    -80.021172    0.0097057510
  -12.893672    -67.710222    0.0081461294
  -12.893672    -55.399273    0.0070338929
  -12.893672    -43.088323    0.0062733625
  -12.893672    -30.777374    0.0057816262
  -12.893672    -18.466424    0.0054924788
  -12.893672     -6.155475    0.0053597598
  -12.893672      6.155475    0.0053597598
  -12.893672     18.466424    0.0054924788
  -12.893672     30.777374    0.0057816262
  -12.893672     43.088323    0.0062733625
  -12.893672     55.399273    0.0070338929
  -12.893672     67.710222    0.0081461294
  -12.893672     80.021172    0.0097057510
  -12.893672     92.332122    0.0118170961

   -7.736203    -92.332122    0.0087407720
   -7.736203    -80.021172    0.0065465041
   -7.736203    -67.710222    0.0049137113
   -7.736203    -55.399273    0.0037390217
   -7.736203    -43.088323    0.0029275622
   -7.736203    -30.777374    0.0023970651
   -7.736203    -18.466424    0.0020818087
   -7.736203     -6.155475    0.0019359546
   -7.736203      6.155475    0.0019359546
   -7.736203     18.466424    0.0020818087
   -7.736203     30.777374    0.0023970651
   -7.736203     43.088323    0.0029275622
   -7.736203     55.399273    0.0037390217
   -7.736203     67.710222    0.0049137113
   -7.736203     80.021172    0.0065465041
   -7.736203     92.332122    0.0087407720

   -2.578734    -92.332122    0.0072089294
   -2.578734    -80.021172    0.0049734242
   -2.578734    -67.710222    0.0033042461
   -2.578734    -55.399273    0.0020985031
   -2.578734    -43.088323    0.0012617213
   -2.578734    -30.777374    0.0007119528
   -2.578734    -18.466424    0.0003837156
   -2.578734     -6.155475    0.0002313311
   -2.578734      6.155475    0.0002313311
   -2.578734     18.466424    0.0003837156
   -2.578734     30.777374    0.0007119528
   -2.578734     43.088323    0.0012617213
   -2.578734     55.399273    0.0020985031
   -2.578734     67.710222    0.0033042461
   -2.578734     80.021172    0.0049734242
   -2.578734     92.332122    0.0072089294

    2.578734    -92.332122    0.0072089294
    2.578734    -80.021172    0.0049734242
    2.578734    -67.710222    0.0033042461
    2.578734    -55.399273    0.0020985031
    2.578734    -43.088323    0.0012617213
    2.578734    -30.777374    0.0007119528
    2.578734    -18.466424    0.0003837156
    2.578734     -6.155475    0.0002313311
    2.578734      6.155475    0.0002313311
    2.578734     18.466424    0.0003837156
    2.578734     30.777374    0.0007119528
    2.578734     43.088323    0.0012617213
    2.578734     55.399273    0.0020985031
    2.578734     67.710222    0.0033042461
    2.578734     80.021172    0.0049734242
    2.578734     92.332122    0.0072089294

    7.736203    -92.332122    0.0087407720
    7.736203    -80.021172    0.0065465041
    7.736203    -67.710222    0.0049137113
    7.736203    -55.399273    0.0037390217
    7.736203    -43.088323    0.0029275622
    7.736203    -30.777374    0.0023970651
    7.736203    -18.466424    0.0020818087
    7.736203     -6.155475    0.0019359546
    7.736203      6.155475    0.0019359546
    7.736203     18.466424    0.0020818087
    7.736203     30.777374    0.0023970651
    7.736203     43.088323    0.0029275622
    7.736203     55.399273    0.0037390217
    7.736203     67.710222    0.0049137113
    7.736203     80.021172    0.0065465041
    7.736203     92.332122    0.0087407720

   12.893672    -92.332122    0.0118170961
   12.893672    -80.021172    0.0097057510
   12.893672    -67.710222    0.0081461294
   12.893672    -55.399273    0.0070338929
   12.893672    -43.088323    0.0062733625
   12.893672    -30.777374    0.0057816262
   12.893672    -18.466424    0.0054924788
   12.893672     -6.155475    0.0053597598
   12.893672      6.155475    0.0053597598
   12.893672     18.466424    0.0054924788
   12.893672     30.777374    0.0057816262
   12.893672     43.088323    0.0062733625
   12.893672     55.399273    0.0070338929
   12.893672     67.710222    0.0081461294
   12.893672     80.021172    0.0097057510
   12.893672     92.332122    0.0118170961

   18.051140    -92.332122    0.0164633019
   18.051140    -80.021172    0.0144774611
   18.051140    -67.710222    0.0130285988
   18.051140    -55.399273    0.0120109068
   18.051140    -43.088323    0.0113274817
   18.051140    -30.777374    0.0108944316
   18.051140    -18.466424    0.0106448166
   18.051140     -6.155475    0.0105319863
   18.051140      6.155475    0.0105319863
   18.051140     18.466424    0.0106448166
   18.051140     30.777374    0.0108944316
   18.051140     43.088323    0.0113274817
   18.051140     55.399273    0.0120109068
   18.051140     67.710222    0.0130285988
   18.051140     80.021172    0.0144774611
   18.051140     92.332122    0.0164633019

   23.208609    -92.332122    0.0227177964
   23.208609    -80.021172    0.0209013855
   23.208609    -67.710222    0.0196020731
   23.208609    -55.399273    0.0187120554
   23.208609    -43.088323    0.0181327656
   23.208609    -30.777374    0.0177789812
   23.208609    -18.466424    0.0175827644
   23.208609     -6.155475    0.0174967994
   23.208609      6.155475    0.0174967994
   23.208609     18.466424    0.0175827644
   23.208609     30.777374    0.0177789812
   23.208609     43.088323    0.0181327656
   23.208609     55.399273    0.0187120554
   23.208609     67.710222    0.0196020731
   23.208609     80.021172    0.0209013855
   23.208609     92.332122    0.0227177964

   28.366078    -92.332122    0.0306323608
   28.366078    -80.021172    0.0290310974
   28.366078    -67.710222    0.0279217295
   28.366078    -55.399273    0.0271938998
   28.366078    -43.088323    0.0267469136
   28.366078    -30.777374    0.0264938465
   28.366078    -18.466424    0.0263654838
   28.366078     -6.155475    0.0263136586
   28.366078      6.155475    0.0263136586
   28.366078     18.466424    0.0263654838
   28.366078     30.777374    0.0264938465
   28.366078     43.088323    0.0267469136
   28.366078     55.399273    0.0271938998
   28.366078     67.710222    0.0279217295
   28.366078     80.021172    0.0290310974
   28.366078     92.332122    0.0306323608

   33.523546    -92.332122    0.0402726408
   33.523546    -80.021172    0.0389344830
   33.523546    -67.710222    0.0380574586
   33.523546    -55.399273    0.0375280607
   33.523546    -43.088323    0.0372429698
   33.523546    -30.777374    0.0371131615
   33.523546    -18.466424    0.0370678463
   33.523546     -6.155475    0.0370578074
   33.523546      6.155475    0.0370578074
   33.523546     18.466424    0.0370678463
   33.523546     30.777374    0.0371131615
   33.523546     43.088323    0.0372429698
   33.523546     55.399273    0.0375280607
   33.523546     67.710222    0.0380574586
   33.523546     80.021172    0.0389344830
   33.523546     92.332122    0.0402726408

   38.681015    -92.332122    0.0517187600
   38.681015    -80.021172    0.0506943536
   38.681015    -67.710222    0.0500944775
   38.681015    -55.399273    0.0498018314
   38.681015    -43.088323    0.0497099351
   38.681015    -30.777374    0.0497272353
   38.681015    -18.466424    0.0497810461
   38.681015     -6.155475    0.0498208863
   38.681015      6.155475    0.0498208863
   38.681015     18.466424    0.0497810461
   38.681015     30.777374    0.0497272353
   38.681015     43.088323    0.0497099351
   38.681015     55.399273    0.0498018314
   38.681015     67.710222    0.0500944775
   38.681015     80.021172    0.0506943536
   38.681015     92.332122    0.0517187600

