  -50.619018    -62.630025   -0.0001722178
  -50.619018    -54.279355   -0.0001460825
  -50.619018    -45.928685   -0.0001206494
  -50.619018    -37.578015   -0.0000960507
  -50.619018    -29.227345   -0.0000724338
  -50.619018    -20.876675   -0.0000499618
  -50.619018    -12.526005   -0.0000288131
  -50.619018     -4.175335   -0.0000091818
  -50.619018      4.175335    0.0000087226
  -50.619018     12.526005    0.0000246750
  -50.619018     20.876675    0.0000384349
  -50.619018     29.227345    0.0000497461
  -50.619018     37.578015    0.0000583371
  -50.619018     45.928685    0.0000639208
  -50.619018     54.279355    0.0000661945
  -50.619018     62.630025    0.0000648402

  -43.869816    -62.630025   -0.0001292764
  -43.869816    -54.279355   -0.0001095483
  -43.869816    -45.928685   -0.0000903989
  -43.869816    -37.578015   -0.0000719158
  -43.869816    -29.227345   -0.0000541996
  -43.869816    -20.876675   -0.0000373644
  -43.869816    -12.526005   -0.0000215376
  -43.869816     -4.175335   -0.0000068601
  -43.869816      4.175335    0.0000065139
  -43.869816     12.526005    0.0000184170
  -43.869816     20.876675    0.0000286683
  -43.869816     29.227345    0.0000370735
  -43.869816     37.578015    0.0000434250
  -43.869816     45.928685    0.0000475019
  -43.869816     54.279355    0.0000490698
  -43.869816     62.630025    0.0000478810

  -37.120613    -62.630025   -0.0000925108
  -37.120613    -54.279355   -0.0000783260
  -37.120613    -45.928685   -0.0000645871
  -37.120613    -37.578015   -0.0000513495
  -37.120613    -29.227345   -0.0000386790
  -37.120613    -20.876675   -0.0000266523
  -37.120613    -12.526005   -0.0000153565
  -37.120613     -4.175335   -0.0000048893
  -37.120613      4.175335    0.0000046407
  -37.120613     12.526005    0.0000131146
  -37.120613     20.876675    0.0000204027
  -37.120613     29.227345    0.0000263649
  -37.120613     37.578015    0.0000308503
  -37.120613     45.928685    0.0000336974
  -37.120613     54.279355    0.0000347341
  -37.120613     62.630025    0.0000337778

  -30.371411    -62.630025   -0.0000619019
  -30.371411    -54.279355   -0.0000523729
  -30.371411    -45.928685   -0.0000431600
  -30.371411    -37.578015   -0.0000342961
  -30.371411    -29.227345   -0.0000258219
  -30.371411    -20.876675   -0.0000177860
  -30.371411    -12.526005   -0.0000102443
  -30.371411     -4.175335   -0.0000032606
  -30.371411      4.175335    0.0000030937
  -30.371411     12.526005    0.0000087392
  -30.371411     20.876675    0.0000135894
  -30.371411     29.227345    0.0000175495
  -30.371411     37.578015    0.0000205174
  -30.371411     45.928685    0.0000223832
  -30.371411     54.279355    0.0000230293
  -30.371411     62.630025    0.0000223304

  -23.622208    -62.630025   -0.0000374338
  -23.622208    -54.279355   -0.0000316532
  -23.622208    -45.928685   -0.0000260723
  -23.622208    -37.578015   -0.0000207091
  -23.622208    -29.227345   -0.0000155865
  -23.622208    -20.876675   -0.0000107325
  -23.622208    -12.526005   -0.0000061799
  -23.622208     -4.175335   -0.0000019664
  -23.622208      4.175335    0.0000018652
  -23.622208     12.526005    0.0000052674
  -23.622208     20.876675    0.0000081875
  -23.622208     29.227345    0.0000105681
  -23.622208     37.578015    0.0000123467
  -23.622208     45.928685    0.0000134560
  -23.622208     54.279355    0.0000138237
  -23.622208     62.630025    0.0000133725

  -16.873006    -62.630025   -0.0000190939
  -16.873006    -54.279355   -0.0000161385
  -16.873006    -45.928685   -0.0000132881
  -16.873006    -37.578015   -0.0000105513
  -16.873006    -29.227345   -0.0000079392
  -16.873006    -20.876675   -0.0000054655
  -16.873006    -12.526005   -0.0000031464
  -16.873006     -4.175335   -0.0000010010
  -16.873006      4.175335    0.0000009493
  -16.873006     12.526005    0.0000026800
  -16.873006     20.876675    0.0000041646
  -16.873006     29.227345    0.0000053734
  -16.873006     37.578015    0.0000062744
  -16.873006     45.928685    0.0000068330
  -16.873006     54.279355    0.0000070117
  -16.873006     62.630025    0.0000067706

  -10.123804    -62.630025   -0.0000068726
  -10.123804    -54.279355   -0.0000058072
  -10.123804    -45.928685   -0.0000047803
  -10.123804    -37.578015   -0.0000037950
  -10.123804    -29.227345   -0.0000028550
  -10.123804    -20.876675   -0.0000019651
  -10.123804    -12.526005   -0.0000011311
  -10.123804     -4.175335   -0.0000003598
  -10.123804      4.175335    0.0000003412
  -10.123804     12.526005    0.0000009630
  -10.123804     20.876675    0.0000014962
  -10.123804     29.227345    0.0000019300
  -10.123804     37.578015    0.0000022528
  -10.123804     45.928685    0.0000024521
  -10.123804     54.279355    0.0000025143
  -10.123804     62.630025    0.0000024249

   -3.374601    -62.630025   -0.0000007636
   -3.374601    -54.279355   -0.0000006451
   -3.374601    -45.928685   -0.0000005310
   -3.374601    -37.578015   -0.0000004215
   -3.374601    -29.227345   -0.0000003170
   -3.374601    -20.876675   -0.0000002182
   -3.374601    -12.526005   -0.0000001256
   -3.374601     -4.175335   -0.0000000399
   -3.374601      4.175335    0.0000000379
   -3.374601     12.526005    0.0000001069
   -3.374601     20.876675    0.0000001661
   -3.374601     29.227345    0.0000002142
   -3.374601     37.578015    0.0000002500
   -3.374601     45.928685    0.0000002720
   -3.374601     54.279355    0.0000002788
   -3.374601     62.630025    0.0000002687

    3.374601    -62.630025   -0.0000007636
    3.374601    -54.279355   -0.0000006451
    3.374601    -45.928685   -0.0000005310
    3.374601    -37.578015   -0.0000004215
    3.374601    -29.227345   -0.0000003170
    3.374601    -20.876675   -0.0000002182
    3.374601    -12.526005   -0.0000001256
    3.374601     -4.175335   -0.0000000399
    3.374601      4.175335    0.0000000379
    3.374601     12.526005    0.0000001069
    3.374601     20.876675    0.0000001661
    3.374601     29.227345    0.0000002142
    3.374601     37.578015    0.0000002500
    3.374601     45.928685    0.0000002720
    3.374601     54.279355    0.0000002788
    3.374601     62.630025    0.0000002687

   10.123804    -62.630025   -0.0000068726
   10.123804    -54.279355   -0.0000058072
   10.123804    -45.928685   -0.0000047803
   10.123804    -37.578015   -0.0000037950
   10.123804    -29.227345   -0.0000028550
   10.123804    -20.876675   -0.0000019651
   10.123804    -12.526005   -0.0000011311
   10.123804     -4.175335   -0.0000003598
   10.123804      4.175335    0.0000003412
   10.123804     12.526005    0.0000009630
   10.123804     20.876675    0.0000014962
   10.123804     29.227345    0.0000019300
   10.123804     37.578015    0.0000022528
   10.123804     45.928685    0.0000024521
   10.123804     54.279355    0.0000025143
   10.123804     62.630025    0.0000024249

   16.873006    -62.630025   -0.0000190939
   16.873006    -54.279355   -0.0000161385
   16.873006    -45.928685   -0.0000132881
   16.873006    -37.578015   -0.0000105513
   16.873006    -29.227345   -0.0000079392
   16.873006    -20.876675   -0.0000054655
   16.873006    -12.526005   -0.0000031464
   16.873006     -4.175335   -0.0000010010
   16.873006      4.175335    0.0000009493
   16.873006     12.526005    0.0000026800
   16.873006     20.876675    0.0000041646
   16.873006     29.227345    0.0000053734
   16.873006     37.578015    0.0000062744
   16.873006     45.928685    0.0000068330
   16.873006     54.279355    0.0000070117
   16.873006     62.630025    0.0000067706

   23.622208    -62.630025   -0.0000374338
   23.622208    -54.279355   -0.0000316532
   23.622208    -45.928685   -0.0000260723
   23.622208    -37.578015   -0.0000207091
   23.622208    -29.227345   -0.0000155865
   23.622208    -20.876675   -0.0000107325
   23.622208    -12.526005   -0.0000061799
   23.622208     -4.175335   -0.0000019664
   23.622208      4.175335    0.0000018652
   23.622208     12.526005    0.0000052674
   23.622208     20.876675    0.0000081875
   23.622208     29.227345    0.0000105681
   23.622208     37.578015    0.0000123467
   23.622208     45.928685    0.0000134560
   23.622208     54.279355    0.0000138237
   23.622208     62.630025    0.0000133725

   30.371411    -62.630025   -0.0000619019
   30.371411    -54.279355   -0.0000523729
   30.371411    -45.928685   -0.0000431600
   30.371411    -37.578015   -0.0000342961
   30.371411    -29.227345   -0.0000258219
   30.371411    -20.876675   -0.0000177860
   30.371411    -12.526005   -0.0000102443
   30.371411     -4.175335   -0.0000032606
   30.371411      4.175335    0.0000030937
   30.371411     12.526005    0.0000087392
   30.371411     20.876675    0.0000135894
   30.371411     29.227345    0.0000175495
   30.371411     37.578015    0.0000205174
   30.371411     45.928685    0.0000223832
   30.371411     54.279355    0.0000230293
   30.371411     62.630025    0.0000223304

   37.120613    -62.630025   -0.0000925108
   37.120613    -54.279355   -0.0000783260
   37.120613    -45.928685   -0.0000645871
   37.120613    -37.578015   -0.0000513495
   37.120613    -29.227345   -0.0000386790
   37.120613    -20.876675   -0.0000266523
   37.120613    -12.526005   -0.0000153565
   37.120613     -4.175335   -0.0000048893
   37.120613      4.175335    0.0000046407
   37.120613     12.526005    0.0000131146
   37.120613     20.876675    0.0000204027
   37.120613     29.227345    0.0000263649
   37.120613     37.578015    0.0000308503
   37.120613     45.928685    0.0000336974
   37.120613     54.279355    0.0000347341
   37.120613     62.630025    0.0000337778

   43.869816    -62.630025   -0.0001292764
   43.869816    -54.279355   -0.0001095483
   43.869816    -45.928685   -0.0000903989
   43.869816    -37.578015   -0.0000719158
   43.869816    -29.227345   -0.0000541996
   43.869816    -20.876675   -0.0000373644
   43.869816    -12.526005   -0.0000215376
   43.869816     -4.175335   -0.0000068601
   43.869816      4.175335    0.0000065139
   43.869816     12.526005    0.0000184170
   43.869816     20.876675    0.0000286683
   43.869816     29.227345    0.0000370735
   43.869816     37.578015    0.0000434250
   43.869816     45.928685    0.0000475019
   43.869816     54.279355    0.0000490698
   43.869816     62.630025    0.0000478810

   50.619018    -62.630025   -0.0001722178
   50.619018    -54.279355   -0.0001460825
   50.619018    -45.928685   -0.0001206494
   50.619018    -37.578015   -0.0000960507
   50.619018    -29.227345   -0.0000724338
   50.619018    -20.876675   -0.0000499618
   50.619018    -12.526005   -0.0000288131
   50.619018     -4.175335   -0.0000091818
   50.619018      4.175335    0.0000087226
   50.619018     12.526005    0.0000246750
   50.619018     20.876675    0.0000384349
   50.619018     29.227345    0.0000497461
   50.619018     37.578015    0.0000583371
   50.619018     45.928685    0.0000639208
   50.619018     54.279355    0.0000661945
   50.619018     62.630025    0.0000648402

