  -50.614883    -96.008735    0.0004129101
  -50.614883    -81.238160    0.0003392583
  -50.614883    -66.467585    0.0002687808
  -50.614883    -51.697011    0.0002018588
  -50.614883    -36.926436    0.0001388253
  -50.614883    -22.155862    0.0000799645
  -50.614883     -7.385287    0.0000255123
  -50.614883      7.385287   -0.0000243436
  -50.614883     22.155862   -0.0000694644
  -50.614883     36.926436   -0.0001097594
  -50.614883     51.697011   -0.0001451865
  -50.614883     66.467585   -0.0001757520
  -50.614883     81.238160   -0.0002015107
  -50.614883     96.008735   -0.0002225657
  -50.614883    110.779309   -0.0002390688
  -50.614883    125.549884   -0.0002512200

  -43.866232    -96.008735    0.0003135394
  -43.866232    -81.238160    0.0002574413
  -43.866232    -66.467585    0.0002037882
  -43.866232    -51.697011    0.0001528910
  -43.866232    -36.926436    0.0001050205
  -43.866232    -22.155862    0.0000604073
  -43.866232     -7.385287    0.0000192416
  -43.866232      7.385287   -0.0000183266
  -43.866232     22.155862   -0.0000521873
  -43.866232     36.926436   -0.0000822711
  -43.866232     51.697011   -0.0001085487
  -43.866232     66.467585   -0.0001310310
  -43.866232     81.238160   -0.0001497691
  -43.866232     96.008735   -0.0001648545
  -43.866232    110.779309   -0.0001764189
  -43.866232    125.549884   -0.0001846342

  -37.117581    -96.008735    0.0002265722
  -37.117581    -81.238160    0.0001859302
  -37.117581    -66.467585    0.0001470759
  -37.117581    -51.697011    0.0001102473
  -37.117581    -36.926436    0.0000756508
  -37.117581    -22.155862    0.0000434619
  -37.117581     -7.385287    0.0000138250
  -37.117581      7.385287   -0.0000131470
  -37.117581     22.155862   -0.0000373721
  -37.117581     36.926436   -0.0000587996
  -37.117581     51.697011   -0.0000774099
  -37.117581     66.467585   -0.0000932147
  -37.117581     81.238160   -0.0001062567
  -37.117581     96.008735   -0.0001166100
  -37.117581    110.779309   -0.0001243797
  -37.117581    125.549884   -0.0001297021

  -30.368930    -96.008735    0.0001528356
  -30.368930    -81.238160    0.0001253628
  -30.368930    -66.467585    0.0000991076
  -30.368930    -51.697011    0.0000742376
  -30.368930    -36.926436    0.0000508981
  -30.368930    -22.155862    0.0000292125
  -30.368930     -7.385287    0.0000092818
  -30.368930      7.385287   -0.0000088152
  -30.368930     22.155862   -0.0000250217
  -30.368930     36.926436   -0.0000393034
  -30.368930     51.697011   -0.0000516478
  -30.368930     66.467585   -0.0000620650
  -30.368930     81.238160   -0.0000705869
  -30.368930     96.008735   -0.0000772680
  -30.368930    110.779309   -0.0000821846
  -30.368930    125.549884   -0.0000854354

  -23.620279    -96.008735    0.0000930191
  -23.620279    -81.238160    0.0000762710
  -23.620279    -66.467585    0.0000602694
  -23.620279    -51.697011    0.0000451200
  -23.620279    -36.926436    0.0000309140
  -23.620279    -22.155862    0.0000177289
  -23.620279     -7.385287    0.0000056280
  -23.620279      7.385287   -0.0000053396
  -23.620279     22.155862   -0.0000151386
  -23.620279     36.926436   -0.0000237479
  -23.620279     51.697011   -0.0000311605
  -23.620279     66.467585   -0.0000373834
  -23.620279     81.238160   -0.0000424377
  -23.620279     96.008735   -0.0000463585
  -23.620279    110.779309   -0.0000491950
  -23.620279    125.549884   -0.0000510105

  -16.871628    -96.008735    0.0000476742
  -16.871628    -81.238160    0.0000390799
  -16.871628    -66.467585    0.0000308704
  -16.871628    -51.697011    0.0000231011
  -16.871628    -36.926436    0.0000158198
  -16.871628    -22.155862    0.0000090672
  -16.871628     -7.385287    0.0000028764
  -16.871628      7.385287   -0.0000027269
  -16.871628     22.155862   -0.0000077245
  -16.871628     36.926436   -0.0000121055
  -16.871628     51.697011   -0.0000158664
  -16.871628     66.467585   -0.0000190111
  -16.871628     81.238160   -0.0000215512
  -16.871628     96.008735   -0.0000235054
  -16.871628    110.779309   -0.0000248999
  -16.871628    125.549884   -0.0000257684

  -10.122977    -96.008735    0.0000172144
  -10.122977    -81.238160    0.0000141086
  -10.122977    -66.467585    0.0000111423
  -10.122977    -51.697011    0.0000083358
  -10.122977    -36.926436    0.0000057065
  -10.122977    -22.155862    0.0000032695
  -10.122977     -7.385287    0.0000010367
  -10.122977      7.385287   -0.0000009823
  -10.122977     22.155862   -0.0000027810
  -10.122977     36.926436   -0.0000043554
  -10.122977     51.697011   -0.0000057042
  -10.122977     66.467585   -0.0000068291
  -10.122977     81.238160   -0.0000077343
  -10.122977     96.008735   -0.0000084267
  -10.122977    110.779309   -0.0000089161
  -10.122977    125.549884   -0.0000092148

   -3.374326    -96.008735    0.0000019156
   -3.374326    -81.238160    0.0000015698
   -3.374326    -66.467585    0.0000012396
   -3.374326    -51.697011    0.0000009273
   -3.374326    -36.926436    0.0000006347
   -3.374326    -22.155862    0.0000003636
   -3.374326     -7.385287    0.0000001153
   -3.374326      7.385287   -0.0000001092
   -3.374326     22.155862   -0.0000003090
   -3.374326     36.926436   -0.0000004838
   -3.374326     51.697011   -0.0000006334
   -3.374326     66.467585   -0.0000007580
   -3.374326     81.238160   -0.0000008580
   -3.374326     96.008735   -0.0000009343
   -3.374326    110.779309   -0.0000009880
   -3.374326    125.549884   -0.0000010204

    3.374326    -96.008735    0.0000019156
    3.374326    -81.238160    0.0000015698
    3.374326    -66.467585    0.0000012396
    3.374326    -51.697011    0.0000009273
    3.374326    -36.926436    0.0000006347
    3.374326    -22.155862    0.0000003636
    3.374326     -7.385287    0.0000001153
    3.374326      7.385287   -0.0000001092
    3.374326     22.155862   -0.0000003090
    3.374326     36.926436   -0.0000004838
    3.374326     51.697011   -0.0000006334
    3.374326     66.467585   -0.0000007580
    3.374326     81.238160   -0.0000008580
    3.374326     96.008735   -0.0000009343
    3.374326    110.779309   -0.0000009880
    3.374326    125.549884   -0.0000010204

   10.122977    -96.008735    0.0000172144
   10.122977    -81.238160    0.0000141086
   10.122977    -66.467585    0.0000111423
   10.122977    -51.697011    0.0000083358
   10.122977    -36.926436    0.0000057065
   10.122977    -22.155862    0.0000032695
   10.122977     -7.385287    0.0000010367
   10.122977      7.385287   -0.0000009823
   10.122977     22.155862   -0.0000027810
   10.122977     36.926436   -0.0000043554
   10.122977     51.697011   -0.0000057042
   10.122977     66.467585   -0.0000068291
   10.122977     81.238160   -0.0000077343
   10.122977     96.008735   -0.0000084267
   10.122977    110.779309   -0.0000089161
   10.122977    125.549884   -0.0000092148

   16.871628    -96.008735    0.0000476742
   16.871628    -81.238160    0.0000390799
   16.871628    -66.467585    0.0000308704
   16.871628    -51.697011    0.0000231011
   16.871628    -36.926436    0.0000158198
   16.871628    -22.155862    0.0000090672
   16.871628     -7.385287    0.0000028764
   16.871628      7.385287   -0.0000027269
   16.871628     22.155862   -0.0000077245
   16.871628     36.926436   -0.0000121055
   16.871628     51.697011   -0.0000158664
   16.871628     66.467585   -0.0000190111
   16.871628     81.238160   -0.0000215512
   16.871628     96.008735   -0.0000235054
   16.871628    110.779309   -0.0000248999
   16.871628    125.549884   -0.0000257684

   23.620279    -96.008735    0.0000930191
   23.620279    -81.238160    0.0000762710
   23.620279    -66.467585    0.0000602694
   23.620279    -51.697011    0.0000451200
   23.620279    -36.926436    0.0000309140
   23.620279    -22.155862    0.0000177289
   23.620279     -7.385287    0.0000056280
   23.620279      7.385287   -0.0000053396
   23.620279     22.155862   -0.0000151386
   23.620279     36.926436   -0.0000237479
   23.620279     51.697011   -0.0000311605
   23.620279     66.467585   -0.0000373834
   23.620279     81.238160   -0.0000424377
   23.620279     96.008735   -0.0000463585
   23.620279    110.779309   -0.0000491950
   23.620279    125.549884   -0.0000510105

   30.368930    -96.008735    0.0001528356
   30.368930    -81.238160    0.0001253628
   30.368930    -66.467585    0.0000991076
   30.368930    -51.697011    0.0000742376
   30.368930    -36.926436    0.0000508981
   30.368930    -22.155862    0.0000292125
   30.368930     -7.385287    0.0000092818
   30.368930      7.385287   -0.0000088152
   30.368930     22.155862   -0.0000250217
   30.368930     36.926436   -0.0000393034
   30.368930     51.697011   -0.0000516478
   30.368930     66.467585   -0.0000620650
   30.368930     81.238160   -0.0000705869
   30.368930     96.008735   -0.0000772680
   30.368930    110.779309   -0.0000821846
   30.368930    125.549884   -0.0000854354

   37.117581    -96.008735    0.0002265722
   37.117581    -81.238160    0.0001859302
   37.117581    -66.467585    0.0001470759
   37.117581    -51.697011    0.0001102473
   37.117581    -36.926436    0.0000756508
   37.117581    -22.155862    0.0000434619
   37.117581     -7.385287    0.0000138250
   37.117581      7.385287   -0.0000131470
   37.117581     22.155862   -0.0000373721
   37.117581     36.926436   -0.0000587996
   37.117581     51.697011   -0.0000774099
   37.117581     66.467585   -0.0000932147
   37.117581     81.238160   -0.0001062567
   37.117581     96.008735   -0.0001166100
   37.117581    110.779309   -0.0001243797
   37.117581    125.549884   -0.0001297021

   43.866232    -96.008735    0.0003135394
   43.866232    -81.238160    0.0002574413
   43.866232    -66.467585    0.0002037882
   43.866232    -51.697011    0.0001528910
   43.866232    -36.926436    0.0001050205
   43.866232    -22.155862    0.0000604073
   43.866232     -7.385287    0.0000192416
   43.866232      7.385287   -0.0000183266
   43.866232     22.155862   -0.0000521873
   43.866232     36.926436   -0.0000822711
   43.866232     51.697011   -0.0001085487
   43.866232     66.467585   -0.0001310310
   43.866232     81.238160   -0.0001497691
   43.866232     96.008735   -0.0001648545
   43.866232    110.779309   -0.0001764189
   43.866232    125.549884   -0.0001846342

   50.614883    -96.008735    0.0004129101
   50.614883    -81.238160    0.0003392583
   50.614883    -66.467585    0.0002687808
   50.614883    -51.697011    0.0002018588
   50.614883    -36.926436    0.0001388253
   50.614883    -22.155862    0.0000799645
   50.614883     -7.385287    0.0000255123
   50.614883      7.385287   -0.0000243436
   50.614883     22.155862   -0.0000694644
   50.614883     36.926436   -0.0001097594
   50.614883     51.697011   -0.0001451865
   50.614883     66.467585   -0.0001757520
   50.614883     81.238160   -0.0002015107
   50.614883     96.008735   -0.0002225657
   50.614883    110.779309   -0.0002390688
   50.614883    125.549884   -0.0002512200

