  -45.038700    -50.619018   -0.0018230786
  -45.038700    -43.869816   -0.0013839250
  -45.038700    -37.120613   -0.0010001606
  -45.038700    -30.371411   -0.0006752467
  -45.038700    -23.622208   -0.0004115786
  -45.038700    -16.873006   -0.0002113002
  -45.038700    -10.123804   -0.0000764081
  -45.038700     -3.374601   -0.0000085096
  -45.038700      3.374601   -0.0000085096
  -45.038700     10.123804   -0.0000764081
  -45.038700     16.873006   -0.0002113002
  -45.038700     23.622208   -0.0004115786
  -45.038700     30.371411   -0.0006752467
  -45.038700     37.120613   -0.0010001606
  -45.038700     43.869816   -0.0013839250
  -45.038700     50.619018   -0.0018230786

  -39.033540    -50.619018   -0.0014148816
  -39.033540    -43.869816   -0.0010962246
  -39.033540    -37.120613   -0.0007837815
  -39.033540    -30.371411   -0.0005234008
  -39.033540    -23.622208   -0.0003188894
  -39.033540    -16.873006   -0.0001651730
  -39.033540    -10.123804   -0.0000604282
  -39.033540     -3.374601   -0.0000067825
  -39.033540      3.374601   -0.0000067825
  -39.033540     10.123804   -0.0000604282
  -39.033540     16.873006   -0.0001651730
  -39.033540     23.622208   -0.0003188894
  -39.033540     30.371411   -0.0005234008
  -39.033540     37.120613   -0.0007837815
  -39.033540     43.869816   -0.0010962246
  -39.033540     50.619018   -0.0014148816

  -33.028380    -50.619018   -0.0010676181
  -33.028380    -43.869816   -0.0008184198
  -33.028380    -37.120613   -0.0005905638
  -33.028380    -30.371411   -0.0003979943
  -33.028380    -23.622208   -0.0002429809
  -33.028380    -16.873006   -0.0001253095
  -33.028380    -10.123804   -0.0000455444
  -33.028380     -3.374601   -0.0000050889
  -33.028380      3.374601   -0.0000050889
  -33.028380     10.123804   -0.0000455444
  -33.028380     16.873006   -0.0001253095
  -33.028380     23.622208   -0.0002429809
  -33.028380     30.371411   -0.0003979943
  -33.028380     37.120613   -0.0005905638
  -33.028380     43.869816   -0.0008184198
  -33.028380     50.619018   -0.0010676181

  -27.023220    -50.619018   -0.0007751526
  -27.023220    -43.869816   -0.0005894600
  -27.023220    -37.120613   -0.0004287936
  -27.023220    -30.371411   -0.0002912708
  -27.023220    -23.622208   -0.0001782194
  -27.023220    -16.873006   -0.0000916428
  -27.023220    -10.123804   -0.0000331466
  -27.023220     -3.374601   -0.0000036909
  -27.023220      3.374601   -0.0000036909
  -27.023220     10.123804   -0.0000331466
  -27.023220     16.873006   -0.0000916428
  -27.023220     23.622208   -0.0001782194
  -27.023220     30.371411   -0.0002912708
  -27.023220     37.120613   -0.0004287936
  -27.023220     43.869816   -0.0005894600
  -27.023220     50.619018   -0.0007751526

  -21.018060    -50.619018   -0.0005319103
  -21.018060    -43.869816   -0.0004058531
  -21.018060    -37.120613   -0.0002956613
  -21.018060    -30.371411   -0.0002011016
  -21.018060    -23.622208   -0.0001232573
  -21.018060    -16.873006   -0.0000635019
  -21.018060    -10.123804   -0.0000230066
  -21.018060     -3.374601   -0.0000025643
  -21.018060      3.374601   -0.0000025643
  -21.018060     10.123804   -0.0000230066
  -21.018060     16.873006   -0.0000635019
  -21.018060     23.622208   -0.0001232573
  -21.018060     30.371411   -0.0002011016
  -21.018060     37.120613   -0.0002956613
  -21.018060     43.869816   -0.0004058531
  -21.018060     50.619018   -0.0005319103

  -15.012900    -50.619018   -0.0003328584
  -15.012900    -43.869816   -0.0002564110
  -15.012900    -37.120613   -0.0001864821
  -15.012900    -30.371411   -0.0001265994
  -15.012900    -23.622208   -0.0000777060
  -15.012900    -16.873006   -0.0000402042
  -15.012900    -10.123804   -0.0000146361
  -15.012900     -3.374601   -0.0000016364
  -15.012900      3.374601   -0.0000016364
  -15.012900     10.123804   -0.0000146361
  -15.012900     16.873006   -0.0000402042
  -15.012900     23.622208   -0.0000777060
  -15.012900     30.371411   -0.0001265994
  -15.012900     37.120613   -0.0001864821
  -15.012900     43.869816   -0.0002564110
  -15.012900     50.619018   -0.0003328584

   -9.007740    -50.619018   -0.0001734718
   -9.007740    -43.869816   -0.0001345345
   -9.007740    -37.120613   -0.0000979562
   -9.007740    -30.371411   -0.0000665432
   -9.007740    -23.622208   -0.0000409168
   -9.007740    -16.873006   -0.0000212273
   -9.007740    -10.123804   -0.0000077482
   -9.007740     -3.374601   -0.0000008677
   -9.007740      3.374601   -0.0000008677
   -9.007740     10.123804   -0.0000077482
   -9.007740     16.873006   -0.0000212273
   -9.007740     23.622208   -0.0000409168
   -9.007740     30.371411   -0.0000665432
   -9.007740     37.120613   -0.0000979562
   -9.007740     43.869816   -0.0001345345
   -9.007740     50.619018   -0.0001734718

   -3.002580    -50.619018   -0.0000496905
   -3.002580    -43.869816   -0.0000385004
   -3.002580    -37.120613   -0.0000282408
   -3.002580    -30.371411   -0.0000193100
   -3.002580    -23.622208   -0.0000119051
   -3.002580    -16.873006   -0.0000061719
   -3.002580    -10.123804   -0.0000022480
   -3.002580     -3.374601   -0.0000002513
   -3.002580      3.374601   -0.0000002513
   -3.002580     10.123804   -0.0000022480
   -3.002580     16.873006   -0.0000061719
   -3.002580     23.622208   -0.0000119051
   -3.002580     30.371411   -0.0000193100
   -3.002580     37.120613   -0.0000282408
   -3.002580     43.869816   -0.0000385004
   -3.002580     50.619018   -0.0000496905

    3.002580    -50.619018    0.0000421223
    3.002580    -43.869816    0.0000324584
    3.002580    -37.120613    0.0000241001
    3.002580    -30.371411    0.0000166587
    3.002580    -23.622208    0.0000103091
    3.002580    -16.873006    0.0000053319
    3.002580    -10.123804    0.0000019328
    3.002580     -3.374601    0.0000002153
    3.002580      3.374601    0.0000002153
    3.002580     10.123804    0.0000019328
    3.002580     16.873006    0.0000053319
    3.002580     23.622208    0.0000103091
    3.002580     30.371411    0.0000166587
    3.002580     37.120613    0.0000241001
    3.002580     43.869816    0.0000324584
    3.002580     50.619018    0.0000421223

    9.007740    -50.619018    0.0001052215
    9.007740    -43.869816    0.0000811568
    9.007740    -37.120613    0.0000609070
    9.007740    -30.371411    0.0000424949
    9.007740    -23.622208    0.0000264233
    9.007740    -16.873006    0.0000136777
    9.007740    -10.123804    0.0000049523
    9.007740     -3.374601    0.0000005511
    9.007740      3.374601    0.0000005511
    9.007740     10.123804    0.0000049523
    9.007740     16.873006    0.0000136777
    9.007740     23.622208    0.0000264233
    9.007740     30.371411    0.0000424949
    9.007740     37.120613    0.0000609070
    9.007740     43.869816    0.0000811568
    9.007740     50.619018    0.0001052215

   15.012900    -50.619018    0.0001425143
   15.012900    -43.869816    0.0001120948
   15.012900    -37.120613    0.0000843475
   15.012900    -30.371411    0.0000589585
   15.012900    -23.622208    0.0000368736
   15.012900    -16.873006    0.0000192550
   15.012900    -10.123804    0.0000070319
   15.012900     -3.374601    0.0000007866
   15.012900      3.374601    0.0000007866
   15.012900     10.123804    0.0000070319
   15.012900     16.873006    0.0000192550
   15.012900     23.622208    0.0000368736
   15.012900     30.371411    0.0000589585
   15.012900     37.120613    0.0000843475
   15.012900     43.869816    0.0001120948
   15.012900     50.619018    0.0001425143

   21.018060    -50.619018    0.0001565909
   21.018060    -43.869816    0.0001279431
   21.018060    -37.120613    0.0000960026
   21.018060    -30.371411    0.0000668830
   21.018060    -23.622208    0.0000421469
   21.018060    -16.873006    0.0000223588
   21.018060    -10.123804    0.0000083013
   21.018060     -3.374601    0.0000009382
   21.018060      3.374601    0.0000009382
   21.018060     10.123804    0.0000083013
   21.018060     16.873006    0.0000223588
   21.018060     23.622208    0.0000421469
   21.018060     30.371411    0.0000668830
   21.018060     37.120613    0.0000960026
   21.018060     43.869816    0.0001279431
   21.018060     50.619018    0.0001565909

   27.023220    -50.619018    0.0001497524
   27.023220    -43.869816    0.0001257655
   27.023220    -37.120613    0.0000958786
   27.023220    -30.371411    0.0000676590
   27.023220    -23.622208    0.0000431337
   27.023220    -16.873006    0.0000231093
   27.023220    -10.123804    0.0000086415
   27.023220     -3.374601    0.0000009803
   27.023220      3.374601    0.0000009803
   27.023220     10.123804    0.0000086415
   27.023220     16.873006    0.0000231093
   27.023220     23.622208    0.0000431337
   27.023220     30.371411    0.0000676590
   27.023220     37.120613    0.0000958786
   27.023220     43.869816    0.0001257655
   27.023220     50.619018    0.0001497524

   33.028380    -50.619018    0.0001240397
   33.028380    -43.869816    0.0000985337
   33.028380    -37.120613    0.0000828132
   33.028380    -30.371411    0.0000630702
   33.028380    -23.622208    0.0000410244
   33.028380    -16.873006    0.0000215138
   33.028380    -10.123804    0.0000077617
   33.028380     -3.374601    0.0000008585
   33.028380      3.374601    0.0000008585
   33.028380     10.123804    0.0000077617
   33.028380     16.873006    0.0000215138
   33.028380     23.622208    0.0000410244
   33.028380     30.371411    0.0000630702
   33.028380     37.120613    0.0000828132
   33.028380     43.869816    0.0000985337
   33.028380     50.619018    0.0001240397

   39.033540    -50.619018    0.0000812711
   39.033540    -43.869816    0.0000501614
   39.033540    -37.120613    0.0000584513
   39.033540    -30.371411    0.0000534642
   39.033540    -23.622208    0.0000360099
   39.033540    -16.873006    0.0000178576
   39.033540    -10.123804    0.0000058548
   39.033540     -3.374601    0.0000006009
   39.033540      3.374601    0.0000006009
   39.033540     10.123804    0.0000058548
   39.033540     16.873006    0.0000178576
   39.033540     23.622208    0.0000360099
   39.033540     30.371411    0.0000534642
   39.033540     37.120613    0.0000584513
   39.033540     43.869816    0.0000501614
   39.033540     50.619018    0.0000812711

   45.038700    -50.619018    0.0000230962
   45.038700    -43.869816    0.0000349519
   45.038700    -37.120613    0.0000376710
   45.038700    -30.371411    0.0000329083
   45.038700    -23.622208    0.0000238038
   45.038700    -16.873006    0.0000136692
   45.038700    -10.123804    0.0000052902
   45.038700     -3.374601    0.0000006084
   45.038700      3.374601    0.0000006084
   45.038700     10.123804    0.0000052902
   45.038700     16.873006    0.0000136692
   45.038700     23.622208    0.0000238038
   45.038700     30.371411    0.0000329083
   45.038700     37.120613    0.0000376710
   45.038700     43.869816    0.0000349519
   45.038700     50.619018    0.0000230962

