  -38.681015    -55.127356    0.0691933938
  -38.681015    -47.777042    0.0637417421
  -38.681015    -40.426728    0.0593564653
  -38.681015    -33.076414    0.0559398098
  -38.681015    -25.726100    0.0533849802
  -38.681015    -18.375785    0.0515851118
  -38.681015    -11.025471    0.0504452953
  -38.681015     -3.675157    0.0498944207
  -38.681015      3.675157    0.0498944207
  -38.681015     11.025471    0.0504452953
  -38.681015     18.375785    0.0515851118
  -38.681015     25.726100    0.0533849802
  -38.681015     33.076414    0.0559398098
  -38.681015     40.426728    0.0593564653
  -38.681015     47.777042    0.0637417421
  -38.681015     55.127356    0.0691933938

  -33.523546    -55.127356    0.0564801178
  -33.523546    -47.777042    0.0510143755
  -33.523546    -40.426728    0.0466170947
  -33.523546    -33.076414    0.0431904879
  -33.523546    -25.726100    0.0406277312
  -33.523546    -18.375785    0.0388219375
  -33.523546    -11.025471    0.0376781800
  -33.523546     -3.675157    0.0371253379
  -33.523546      3.675157    0.0371253379
  -33.523546     11.025471    0.0376781800
  -33.523546     18.375785    0.0388219375
  -33.523546     25.726100    0.0406277312
  -33.523546     33.076414    0.0431904879
  -33.523546     40.426728    0.0466170947
  -33.523546     47.777042    0.0510143755
  -33.523546     55.127356    0.0564801178

  -28.366078    -55.127356    0.0457788039
  -28.366078    -47.777042    0.0403009394
  -28.366078    -40.426728    0.0358933515
  -28.366078    -33.076414    0.0324582142
  -28.366078    -25.726100    0.0298886716
  -28.366078    -18.375785    0.0280778108
  -28.366078    -11.025471    0.0269306860
  -28.366078     -3.675157    0.0263761634
  -28.366078      3.675157    0.0263761634
  -28.366078     11.025471    0.0269306860
  -28.366078     18.375785    0.0280778108
  -28.366078     25.726100    0.0298886716
  -28.366078     33.076414    0.0324582142
  -28.366078     40.426728    0.0358933515
  -28.366078     47.777042    0.0403009394
  -28.366078     55.127356    0.0457788039

  -23.208609    -55.127356    0.0369977438
  -23.208609    -47.777042    0.0315097461
  -23.208609    -40.426728    0.0270935562
  -23.208609    -33.076414    0.0236513096
  -23.208609    -25.726100    0.0210761182
  -23.208609    -18.375785    0.0192610433
  -23.208609    -11.025471    0.0181111199
  -23.208609     -3.675157    0.0175552011
  -23.208609      3.675157    0.0175552011
  -23.208609     11.025471    0.0181111199
  -23.208609     18.375785    0.0192610433
  -23.208609     25.726100    0.0210761182
  -23.208609     33.076414    0.0236513096
  -23.208609     40.426728    0.0270935562
  -23.208609     47.777042    0.0315097461
  -23.208609     55.127356    0.0369977438

  -18.051140    -55.127356    0.0300616376
  -18.051140    -47.777042    0.0245655128
  -18.051140    -40.426728    0.0201424331
  -18.051140    -33.076414    0.0166944986
  -18.051140    -25.726100    0.0141147921
  -18.051140    -18.375785    0.0122963515
  -18.051140    -11.025471    0.0111441940
  -18.051140     -3.675157    0.0105871611
  -18.051140      3.675157    0.0105871611
  -18.051140     11.025471    0.0111441940
  -18.051140     18.375785    0.0122963515
  -18.051140     25.726100    0.0141147921
  -18.051140     33.076414    0.0166944986
  -18.051140     40.426728    0.0201424331
  -18.051140     47.777042    0.0245655128
  -18.051140     55.127356    0.0300616376

  -12.893672    -55.127356    0.0249109809
  -12.893672    -47.777042    0.0194087488
  -12.893672    -40.426728    0.0149804967
  -12.893672    -33.076414    0.0115282962
  -12.893672    -25.726100    0.0089452058
  -12.893672    -18.375785    0.0071242440
  -12.893672    -11.025471    0.0059704138
  -12.893672     -3.675157    0.0054125469
  -12.893672      3.675157    0.0054125469
  -12.893672     11.025471    0.0059704138
  -12.893672     18.375785    0.0071242440
  -12.893672     25.726100    0.0089452058
  -12.893672     33.076414    0.0115282962
  -12.893672     40.426728    0.0149804967
  -12.893672     47.777042    0.0194087488
  -12.893672     55.127356    0.0249109809

   -7.736203    -55.127356    0.0215015743
   -7.736203    -47.777042    0.0159952649
   -7.736203    -40.426728    0.0115635623
   -7.736203    -33.076414    0.0081085177
   -7.736203    -25.726100    0.0055231724
   -7.736203    -18.375785    0.0037005314
   -7.736203    -11.025471    0.0025455874
   -7.736203     -3.675157    0.0019871653
   -7.736203      3.675157    0.0019871653
   -7.736203     11.025471    0.0025455874
   -7.736203     18.375785    0.0037005314
   -7.736203     25.726100    0.0055231724
   -7.736203     33.076414    0.0081085177
   -7.736203     40.426728    0.0115635623
   -7.736203     47.777042    0.0159952649
   -7.736203     55.127356    0.0215015743

   -2.578734    -55.127356    0.0198041558
   -2.578734    -47.777042    0.0142958060
   -2.578734    -40.426728    0.0098623776
   -2.578734    -33.076414    0.0064059108
   -2.578734    -25.726100    0.0038194384
   -2.578734    -18.375785    0.0019959583
   -2.578734    -11.025471    0.0008404577
   -2.578734     -3.675157    0.0002817584
   -2.578734      3.675157    0.0002817584
   -2.578734     11.025471    0.0008404577
   -2.578734     18.375785    0.0019959583
   -2.578734     25.726100    0.0038194384
   -2.578734     33.076414    0.0064059108
   -2.578734     40.426728    0.0098623776
   -2.578734     47.777042    0.0142958060
   -2.578734     55.127356    0.0198041558

    2.578734    -55.127356    0.0198041558
    2.578734    -47.777042    0.0142958060
    2.578734    -40.426728    0.0098623776
    2.578734    -33.076414    0.0064059108
    2.578734    -25.726100    0.0038194384
    2.578734    -18.375785    0.0019959583
    2.578734    -11.025471    0.0008404577
    2.578734     -3.675157    0.0002817584
    2.578734      3.675157    0.0002817584
    2.578734     11.025471    0.0008404577
    2.578734     18.375785    0.0019959583
    2.578734     25.726100    0.0038194384
    2.578734     33.076414    0.0064059108
    2.578734     40.426728    0.0098623776
    2.578734     47.777042    0.0142958060
    2.578734     55.127356    0.0198041558

    7.736203    -55.127356    0.0215015743
    7.736203    -47.777042    0.0159952649
    7.736203    -40.426728    0.0115635623
    7.736203    -33.076414    0.0081085177
    7.736203    -25.726100    0.0055231724
    7.736203    -18.375785    0.0037005314
    7.736203    -11.025471    0.0025455874
    7.736203     -3.675157    0.0019871653
    7.736203      3.675157    0.0019871653
    7.736203     11.025471    0.0025455874
    7.736203     18.375785    0.0037005314
    7.736203     25.726100    0.0055231724
    7.736203     33.076414    0.0081085177
    7.736203     40.426728    0.0115635623
    7.736203     47.777042    0.0159952649
    7.736203     55.127356    0.0215015743

   12.893672    -55.127356    0.0249109809
   12.893672    -47.777042    0.0194087488
   12.893672    -40.426728    0.0149804967
   12.893672    -33.076414    0.0115282962
   12.893672    -25.726100    0.0089452058
   12.893672    -18.375785    0.0071242440
   12.893672    -11.025471    0.0059704138
   12.893672     -3.675157    0.0054125469
   12.893672      3.675157    0.0054125469
   12.893672     11.025471    0.0059704138
   12.893672     18.375785    0.0071242440
   12.893672     25.726100    0.0089452058
   12.893672     33.076414    0.0115282962
   12.893672     40.426728    0.0149804967
   12.893672     47.777042    0.0194087488
   12.893672     55.127356    0.0249109809

   18.051140    -55.127356    0.0300616376
   18.051140    -47.777042    0.0245655128
   18.051140    -40.426728    0.0201424331
   18.051140    -33.076414    0.0166944986
   18.051140    -25.726100    0.0141147921
   18.051140    -18.375785    0.0122963515
   18.051140    -11.025471    0.0111441940
   18.051140     -3.675157    0.0105871611
   18.051140      3.675157    0.0105871611
   18.051140     11.025471    0.0111441940
   18.051140     18.375785    0.0122963515
   18.051140     25.726100    0.0141147921
   18.051140     33.076414    0.0166944986
   18.051140     40.426728    0.0201424331
   18.051140     47.777042    0.0245655128
   18.051140     55.127356    0.0300616376

   23.208609    -55.127356    0.0369977438
   23.208609    -47.777042    0.0315097461
   23.208609    -40.426728    0.0270935562
   23.208609    -33.076414    0.0236513096
   23.208609    -25.726100    0.0210761182
   23.208609    -18.375785    0.0192610433
   23.208609    -11.025471    0.0181111199
   23.208609     -3.675157    0.0175552011
   23.208609      3.675157    0.0175552011
   23.208609     11.025471    0.0181111199
   23.208609     18.375785    0.0192610433
   23.208609     25.726100    0.0210761182
   23.208609     33.076414    0.0236513096
   23.208609     40.426728    0.0270935562
   23.208609     47.777042    0.0315097461
   23.208609     55.127356    0.0369977438

   28.366078    -55.127356    0.0457788039
   28.366078    -47.777042    0.0403009394
   28.366078    -40.426728    0.0358933515
   28.366078    -33.076414    0.0324582142
   28.366078    -25.726100    0.0298886716
   28.366078    -18.375785    0.0280778108
   28.366078    -11.025471    0.0269306860
   28.366078     -3.675157    0.0263761634
   28.366078      3.675157    0.0263761634
   28.366078     11.025471    0.0269306860
   28.366078     18.375785    0.0280778108
   28.366078     25.726100    0.0298886716
   28.366078     33.076414    0.0324582142
   28.366078     40.426728    0.0358933515
   28.366078     47.777042    0.0403009394
   28.366078     55.127356    0.0457788039

   33.523546    -55.127356    0.0564801178
   33.523546    -47.777042    0.0510143755
   33.523546    -40.426728    0.0466170947
   33.523546    -33.076414    0.0431904879
   33.523546    -25.726100    0.0406277312
   33.523546    -18.375785    0.0388219375
   33.523546    -11.025471    0.0376781800
   33.523546     -3.675157    0.0371253379
   33.523546      3.675157    0.0371253379
   33.523546     11.025471    0.0376781800
   33.523546     18.375785    0.0388219375
   33.523546     25.726100    0.0406277312
   33.523546     33.076414    0.0431904879
   33.523546     40.426728    0.0466170947
   33.523546     47.777042    0.0510143755
   33.523546     55.127356    0.0564801178

   38.681015    -55.127356    0.0691933938
   38.681015    -47.777042    0.0637417421
   38.681015    -40.426728    0.0593564653
   38.681015    -33.076414    0.0559398098
   38.681015    -25.726100    0.0533849802
   38.681015    -18.375785    0.0515851118
   38.681015    -11.025471    0.0504452953
   38.681015     -3.675157    0.0498944207
   38.681015      3.675157    0.0498944207
   38.681015     11.025471    0.0504452953
   38.681015     18.375785    0.0515851118
   38.681015     25.726100    0.0533849802
   38.681015     33.076414    0.0559398098
   38.681015     40.426728    0.0593564653
   38.681015     47.777042    0.0637417421
   38.681015     55.127356    0.0691933938

