  -38.681015    -47.136383    0.0081033207
  -38.681015    -40.851532    0.0070133206
  -38.681015    -34.566681    0.0059274874
  -38.681015    -28.281830    0.0048452434
  -38.681015    -21.996979    0.0037658960
  -38.681015    -15.712128    0.0026886875
  -38.681015     -9.427277    0.0016128413
  -38.681015     -3.142426    0.0005376061
  -38.681015      3.142426   -0.0005377028
  -38.681015      9.427277   -0.0016136650
  -38.681015     15.712128   -0.0026907188
  -38.681015     21.996979   -0.0037691275
  -38.681015     28.281830   -0.0048489492
  -38.681015     34.566681   -0.0059300082
  -38.681015     40.851532   -0.0070118698
  -38.681015     47.136383   -0.0080938174

  -33.523546    -47.136383    0.0060462190
  -33.523546    -40.851532    0.0052331249
  -33.523546    -34.566681    0.0044231055
  -33.523546    -28.281830    0.0036157050
  -33.523546    -21.996979    0.0028103936
  -33.523546    -15.712128    0.0020066003
  -33.523546     -9.427277    0.0012037439
  -33.523546     -3.142426    0.0004012627
  -33.523546      3.142426   -0.0004013557
  -33.523546      9.427277   -0.0012045461
  -33.523546     15.712128   -0.0020086385
  -33.523546     21.996979   -0.0028138310
  -33.523546     28.281830   -0.0036201646
  -33.523546     34.566681   -0.0044274981
  -33.523546     40.851532   -0.0052354841
  -33.523546     47.136383   -0.0060435462

  -28.366078    -47.136383    0.0043044706
  -28.366078    -40.851532    0.0037257518
  -28.366078    -34.566681    0.0031491699
  -28.366078    -28.281830    0.0025744113
  -28.366078    -21.996979    0.0020011015
  -28.366078    -15.712128    0.0014288314
  -28.366078     -9.427277    0.0008571827
  -28.366078     -3.142426    0.0002857512
  -28.366078      3.142426   -0.0002858306
  -28.366078      9.427277   -0.0008578724
  -28.366078     15.712128   -0.0014306069
  -28.366078     21.996979   -0.0020041712
  -28.366078     28.281830   -0.0025785901
  -28.366078     34.566681   -0.0031537607
  -28.366078     40.851532   -0.0037294383
  -28.366078     47.136383   -0.0043052236

  -23.208609    -47.136383    0.0028679616
  -23.208609    -40.851532    0.0024824677
  -23.208609    -34.566681    0.0020983537
  -23.208609    -28.281830    0.0017154294
  -23.208609    -21.996979    0.0013334516
  -23.208609    -15.712128    0.0009521467
  -23.208609     -9.427277    0.0005712320
  -23.208609     -3.142426    0.0001904340
  -23.208609      3.142426   -0.0001904946
  -23.208609      9.427277   -0.0005717595
  -23.208609     15.712128   -0.0009535125
  -23.208609     21.996979   -0.0013358405
  -23.208609     28.281830   -0.0017187563
  -23.208609     34.566681   -0.0021021919
  -23.208609     40.851532   -0.0024859934
  -23.208609     47.136383   -0.0028699184

  -18.051140    -47.136383    0.0017284297
  -18.051140    -40.851532    0.0014961537
  -18.051140    -34.566681    0.0012646821
  -18.051140    -28.281830    0.0010339144
  -18.051140    -21.996979    0.0008037092
  -18.051140    -15.712128    0.0005739012
  -18.051140     -9.427277    0.0003443174
  -18.051140     -3.142426    0.0001147903
  -18.051140      3.142426   -0.0001148306
  -18.051140      9.427277   -0.0003446688
  -18.051140     15.712128   -0.0005748135
  -18.051140     21.996979   -0.0008053139
  -18.051140     28.281830   -0.0010361753
  -18.051140     34.566681   -0.0012673577
  -18.051140     40.851532   -0.0014987762
  -18.051140     47.136383   -0.0017303028

  -12.893672    -47.136383    0.0008793740
  -12.893672    -40.851532    0.0007612189
  -12.893672    -34.566681    0.0006434608
  -12.893672    -28.281830    0.0005260556
  -12.893672    -21.996979    0.0004089339
  -12.893672    -15.712128    0.0002920114
  -12.893672     -9.427277    0.0001751990
  -12.893672     -3.142426    0.0000584102
  -12.893672      3.142426   -0.0000584322
  -12.893672      9.427277   -0.0001753909
  -12.893672     15.712128   -0.0002925100
  -12.893672     21.996979   -0.0004098130
  -12.893672     28.281830   -0.0005273017
  -12.893672     34.566681   -0.0006449564
  -12.893672     40.851532   -0.0007627376
  -12.893672     47.136383   -0.0008805894

   -7.736203    -47.136383    0.0003159822
   -7.736203    -40.851532    0.0002735310
   -7.736203    -34.566681    0.0002312192
   -7.736203    -28.281830    0.0001890330
   -7.736203    -21.996979    0.0001469479
   -7.736203    -15.712128    0.0001049339
   -7.736203     -9.427277    0.0000629585
   -7.736203     -3.142426    0.0000209903
   -7.736203      3.142426   -0.0000209986
   -7.736203      9.427277   -0.0000630306
   -7.736203     15.712128   -0.0001051213
   -7.736203     21.996979   -0.0001472788
   -7.736203     28.281830   -0.0001895034
   -7.736203     34.566681   -0.0002317881
   -7.736203     40.851532   -0.0002741200
   -7.736203     47.136383   -0.0003164814

   -2.578734    -47.136383    0.0000350763
   -2.578734    -40.851532    0.0000303642
   -2.578734    -34.566681    0.0000256674
   -2.578734    -28.281830    0.0000209844
   -2.578734    -21.996979    0.0000163127
   -2.578734    -15.712128    0.0000116488
   -2.578734     -9.427277    0.0000069891
   -2.578734     -3.142426    0.0000023302
   -2.578734      3.142426   -0.0000023311
   -2.578734      9.427277   -0.0000069973
   -2.578734     15.712128   -0.0000116700
   -2.578734     21.996979   -0.0000163502
   -2.578734     28.281830   -0.0000210379
   -2.578734     34.566681   -0.0000257323
   -2.578734     40.851532   -0.0000304319
   -2.578734     47.136383   -0.0000351352

    2.578734    -47.136383    0.0000350763
    2.578734    -40.851532    0.0000303642
    2.578734    -34.566681    0.0000256674
    2.578734    -28.281830    0.0000209844
    2.578734    -21.996979    0.0000163127
    2.578734    -15.712128    0.0000116488
    2.578734     -9.427277    0.0000069891
    2.578734     -3.142426    0.0000023302
    2.578734      3.142426   -0.0000023311
    2.578734      9.427277   -0.0000069973
    2.578734     15.712128   -0.0000116700
    2.578734     21.996979   -0.0000163502
    2.578734     28.281830   -0.0000210379
    2.578734     34.566681   -0.0000257323
    2.578734     40.851532   -0.0000304319
    2.578734     47.136383   -0.0000351352

    7.736203    -47.136383    0.0003159822
    7.736203    -40.851532    0.0002735310
    7.736203    -34.566681    0.0002312192
    7.736203    -28.281830    0.0001890330
    7.736203    -21.996979    0.0001469479
    7.736203    -15.712128    0.0001049339
    7.736203     -9.427277    0.0000629585
    7.736203     -3.142426    0.0000209903
    7.736203      3.142426   -0.0000209986
    7.736203      9.427277   -0.0000630306
    7.736203     15.712128   -0.0001051213
    7.736203     21.996979   -0.0001472788
    7.736203     28.281830   -0.0001895034
    7.736203     34.566681   -0.0002317881
    7.736203     40.851532   -0.0002741200
    7.736203     47.136383   -0.0003164814

   12.893672    -47.136383    0.0008793740
   12.893672    -40.851532    0.0007612189
   12.893672    -34.566681    0.0006434608
   12.893672    -28.281830    0.0005260556
   12.893672    -21.996979    0.0004089339
   12.893672    -15.712128    0.0002920114
   12.893672     -9.427277    0.0001751990
   12.893672     -3.142426    0.0000584102
   12.893672      3.142426   -0.0000584322
   12.893672      9.427277   -0.0001753909
   12.893672     15.712128   -0.0002925100
   12.893672     21.996979   -0.0004098130
   12.893672     28.281830   -0.0005273017
   12.893672     34.566681   -0.0006449564
   12.893672     40.851532   -0.0007627376
   12.893672     47.136383   -0.0008805894

   18.051140    -47.136383    0.0017284297
   18.051140    -40.851532    0.0014961537
   18.051140    -34.566681    0.0012646821
   18.051140    -28.281830    0.0010339144
   18.051140    -21.996979    0.0008037092
   18.051140    -15.712128    0.0005739012
   18.051140     -9.427277    0.0003443174
   18.051140     -3.142426    0.0001147903
   18.051140      3.142426   -0.0001148306
   18.051140      9.427277   -0.0003446688
   18.051140     15.712128   -0.0005748135
   18.051140     21.996979   -0.0008053139
   18.051140     28.281830   -0.0010361753
   18.051140     34.566681   -0.0012673577
   18.051140     40.851532   -0.0014987762
   18.051140     47.136383   -0.0017303028

   23.208609    -47.136383    0.0028679616
   23.208609    -40.851532    0.0024824677
   23.208609    -34.566681    0.0020983537
   23.208609    -28.281830    0.0017154294
   23.208609    -21.996979    0.0013334516
   23.208609    -15.712128    0.0009521467
   23.208609     -9.427277    0.0005712320
   23.208609     -3.142426    0.0001904340
   23.208609      3.142426   -0.0001904946
   23.208609      9.427277   -0.0005717595
   23.208609     15.712128   -0.0009535125
   23.208609     21.996979   -0.0013358405
   23.208609     28.281830   -0.0017187563
   23.208609     34.566681   -0.0021021919
   23.208609     40.851532   -0.0024859934
   23.208609     47.136383   -0.0028699184

   28.366078    -47.136383    0.0043044706
   28.366078    -40.851532    0.0037257518
   28.366078    -34.566681    0.0031491699
   28.366078    -28.281830    0.0025744113
   28.366078    -21.996979    0.0020011015
   28.366078    -15.712128    0.0014288314
   28.366078     -9.427277    0.0008571827
   28.366078     -3.142426    0.0002857512
   28.366078      3.142426   -0.0002858306
   28.366078      9.427277   -0.0008578724
   28.366078     15.712128   -0.0014306069
   28.366078     21.996979   -0.0020041712
   28.366078     28.281830   -0.0025785901
   28.366078     34.566681   -0.0031537607
   28.366078     40.851532   -0.0037294383
   28.366078     47.136383   -0.0043052236

   33.523546    -47.136383    0.0060462190
   33.523546    -40.851532    0.0052331249
   33.523546    -34.566681    0.0044231055
   33.523546    -28.281830    0.0036157050
   33.523546    -21.996979    0.0028103936
   33.523546    -15.712128    0.0020066003
   33.523546     -9.427277    0.0012037439
   33.523546     -3.142426    0.0004012627
   33.523546      3.142426   -0.0004013557
   33.523546      9.427277   -0.0012045461
   33.523546     15.712128   -0.0020086385
   33.523546     21.996979   -0.0028138310
   33.523546     28.281830   -0.0036201646
   33.523546     34.566681   -0.0044274981
   33.523546     40.851532   -0.0052354841
   33.523546     47.136383   -0.0060435462

   38.681015    -47.136383    0.0081033207
   38.681015    -40.851532    0.0070133206
   38.681015    -34.566681    0.0059274874
   38.681015    -28.281830    0.0048452434
   38.681015    -21.996979    0.0037658960
   38.681015    -15.712128    0.0026886875
   38.681015     -9.427277    0.0016128413
   38.681015     -3.142426    0.0005376061
   38.681015      3.142426   -0.0005377028
   38.681015      9.427277   -0.0016136650
   38.681015     15.712128   -0.0026907188
   38.681015     21.996979   -0.0037691275
   38.681015     28.281830   -0.0048489492
   38.681015     34.566681   -0.0059300082
   38.681015     40.851532   -0.0070118698
   38.681015     47.136383   -0.0080938174

