  -25.746645   -119.276109    0.0071322407
  -25.746645   -103.372628    0.0061140623
  -25.746645    -87.469147    0.0051152778
  -25.746645    -71.565666    0.0041372665
  -25.746645    -55.662184    0.0031808415
  -25.746645    -39.758703    0.0022462117
  -25.746645    -23.855222    0.0013329078
  -25.746645     -7.951741    0.0004396928
  -25.746645      7.951741   -0.0004355273
  -25.746645     23.855222   -0.0012957805
  -25.746645     39.758703   -0.0021450837
  -25.746645     55.662184   -0.0029884719
  -25.746645     71.565666   -0.0038319994
  -25.746645     87.469147   -0.0046827161
  -25.746645    103.372628   -0.0055486249
  -25.746645    119.276109   -0.0064386299

  -21.065436   -119.276109    0.0047894527
  -21.065436   -103.372628    0.0040856002
  -21.065436    -87.469147    0.0034017359
  -21.065436    -71.565666    0.0027378632
  -21.065436    -55.662184    0.0020944541
  -21.065436    -39.758703    0.0014716851
  -21.065436    -23.855222    0.0008690773
  -21.065436     -7.951741    0.0002853732
  -21.065436      7.951741   -0.0002814777
  -21.065436     23.855222   -0.0008343131
  -21.065436     39.758703   -0.0013767799
  -21.065436     55.662184   -0.0019133938
  -21.065436     71.565666   -0.0024496049
  -21.065436     87.469147   -0.0029918008
  -21.065436    103.372628   -0.0035471355
  -21.065436    119.276109   -0.0041230364

  -16.384228   -119.276109    0.0029791565
  -16.384228   -103.372628    0.0025242802
  -16.384228    -87.469147    0.0020865072
  -16.384228    -71.565666    0.0016667953
  -16.384228    -55.662184    0.0012655196
  -16.384228    -39.758703    0.0008825691
  -16.384228    -23.855222    0.0005173379
  -16.384228     -7.951741    0.0001686631
  -16.384228      7.951741   -0.0001652502
  -16.384228     23.855222   -0.0004868901
  -16.384228     39.758703   -0.0007994680
  -16.384228     55.662184   -0.0011069176
  -16.384228     71.565666   -0.0014138682
  -16.384228     87.469147   -0.0017256163
  -16.384228    103.372628   -0.0020481285
  -16.384228    119.276109   -0.0023881198

  -11.703020   -119.276109    0.0016338734
  -11.703020   -103.372628    0.0013697252
  -11.703020    -87.469147    0.0011191561
  -11.703020    -71.565666    0.0008832822
  -11.703020    -55.662184    0.0006623498
  -11.703020    -39.758703    0.0004561230
  -11.703020    -23.855222    0.0002640045
  -11.703020     -7.951741    0.0000850097
  -11.703020      7.951741   -0.0000823149
  -11.703020     23.855222   -0.0002399646
  -11.703020     39.758703   -0.0003905057
  -11.703020     55.662184   -0.0005370531
  -11.703020     71.565666   -0.0006832172
  -11.703020     87.469147   -0.0008330673
  -11.703020    103.372628   -0.0009911903
  -11.703020    119.276109   -0.0011629469

   -7.021812   -119.276109    0.0007023769
   -7.021812   -103.372628    0.0005776638
   -7.021812    -87.469147    0.0004622087
   -7.021812    -71.565666    0.0003566346
   -7.021812    -55.662184    0.0002610470
   -7.021812    -39.758703    0.0001752443
   -7.021812    -23.855222    0.0000987839
   -7.021812     -7.951741    0.0000309669
   -7.021812      7.951741   -0.0000292074
   -7.021812     23.855222   -0.0000830823
   -7.021812     39.758703   -0.0001323607
   -7.021812     55.662184   -0.0001790929
   -7.021812     71.565666   -0.0002256456
   -7.021812     87.469147   -0.0002746784
   -7.021812    103.372628   -0.0003291675
   -7.021812    119.276109   -0.0003925319

   -2.340604   -119.276109    0.0001463285
   -2.340604   -103.372628    0.0001153260
   -2.340604    -87.469147    0.0000878325
   -2.340604    -71.565666    0.0000639881
   -2.340604    -55.662184    0.0000438084
   -2.340604    -39.758703    0.0000272112
   -2.340604    -23.855222    0.0000140220
   -2.340604     -7.951741    0.0000039672
   -2.340604      7.951741   -0.0000033365
   -2.340604     23.855222   -0.0000083911
   -2.340604     39.758703   -0.0000118220
   -2.340604     55.662184   -0.0000143760
   -2.340604     71.565666   -0.0000169150
   -2.340604     87.469147   -0.0000204079
   -2.340604    103.372628   -0.0000259274
   -2.340604    119.276109   -0.0000346582

    2.340604   -119.276109   -0.0000622753
    2.340604   -103.372628   -0.0000413334
    2.340604    -87.469147   -0.0000243232
    2.340604    -71.565666   -0.0000113251
    2.340604    -55.662184   -0.0000023339
    2.340604    -39.758703    0.0000027510
    2.340604    -23.855222    0.0000041349
    2.340604     -7.951741    0.0000021360
    2.340604      7.951741   -0.0000028079
    2.340604     23.855222   -0.0000101345
    2.340604     39.758703   -0.0000191541
    2.340604     55.662184   -0.0000290499
    2.340604     71.565666   -0.0000388817
    2.340604     87.469147   -0.0000475944
    2.340604    103.372628   -0.0000540324
    2.340604    119.276109   -0.0000569611

    7.021812   -119.276109    0.0000568986
    7.021812   -103.372628    0.0000906462
    7.021812    -87.469147    0.0001113983
    7.021812    -71.565666    0.0001189920
    7.021812    -55.662184    0.0001135043
    7.021812    -39.758703    0.0000953178
    7.021812    -23.855222    0.0000651618
    7.021812     -7.951741    0.0000241377
    7.021812      7.951741   -0.0000262655
    7.021812     23.855222   -0.0000841622
    7.021812     39.758703   -0.0001472650
    7.021812     55.662184   -0.0002128884
    7.021812     71.565666   -0.0002779615
    7.021812     87.469147   -0.0003390601
    7.021812    103.372628   -0.0003924664
    7.021812    119.276109   -0.0004342678

   11.703020   -119.276109    0.0004908667
   11.703020   -103.372628    0.0004999889
   11.703020    -87.469147    0.0004855125
   11.703020    -71.565666    0.0004471775
   11.703020    -55.662184    0.0003852288
   11.703020    -39.758703    0.0003004840
   11.703020    -23.855222    0.0001943860
   11.703020     -7.951741    0.0000690420
   11.703020      7.951741   -0.0000727486
   11.703020     23.855222   -0.0002274786
   11.703020     39.758703   -0.0003909328
   11.703020     55.662184   -0.0005582039
   11.703020     71.565666   -0.0007237325
   11.703020     87.469147   -0.0008813749
   11.703020    103.372628   -0.0010245084
   11.703020    119.276109   -0.0011461822

   16.384228   -119.276109    0.0012318612
   16.384228   -103.372628    0.0011800191
   16.384228    -87.469147    0.0010923192
   16.384228    -71.565666    0.0009684608
   16.384228    -55.662184    0.0008089991
   16.384228    -39.758703    0.0006153793
   16.384228    -23.855222    0.0003899870
   16.384228     -7.951741    0.0001362018
   16.384228      7.951741   -0.0001415625
   16.384228     23.855222   -0.0004378372
   16.384228     39.758703   -0.0007461087
   16.384228     55.662184   -0.0010588623
   16.384228     71.565666   -0.0013676622
   16.384228     87.469147   -0.0016632703
   16.384228    103.372628   -0.0019357973
   16.384228    119.276109   -0.0021748855

   21.065436   -119.276109    0.0022759353
   21.065436   -103.372628    0.0021273629
   21.065436    -87.469147    0.0019287657
   21.065436    -71.565666    0.0016801083
   21.065436    -55.662184    0.0013824667
   21.065436    -39.758703    0.0010381310
   21.065436    -23.855222    0.0006506971
   21.065436     -7.951741    0.0002251366
   21.065436      7.951741   -0.0002321599
   21.065436     23.855222   -0.0007133747
   21.065436     39.758703   -0.0012092951
   21.065436     55.662184   -0.0017093894
   21.065436     71.565666   -0.0022019318
   21.065436     87.469147   -0.0026741769
   21.065436    103.372628   -0.0031125873
   21.065436    119.276109   -0.0035031131

   25.746645   -119.276109    0.0036215814
   25.746645   -103.372628    0.0033404857
   25.746645    -87.469147    0.0029932221
   25.746645    -71.565666    0.0025804376
   25.746645    -55.662184    0.0021039942
   25.746645    -39.758703    0.0015672902
   25.746645    -23.855222    0.0009754495
   25.746645     -7.951741    0.0003354154
   25.746645      7.951741   -0.0003440255
   25.746645     23.855222   -0.0010522696
   25.746645     39.758703   -0.0017769663
   25.746645     55.662184   -0.0025041317
   25.746645     71.565666   -0.0032183153
   25.746645     87.469147   -0.0039028400
   25.746645    103.372628   -0.0045401433
   25.746645    119.276109   -0.0051122575

   30.427853   -119.276109    0.0052683456
   30.427853   -103.372628    0.0048182231
   30.427853    -87.469147    0.0042842547
   30.427853    -71.565666    0.0036678300
   30.427853    -55.662184    0.0029718699
   30.427853    -39.758703    0.0022012467
   30.427853    -23.855222    0.0013630196
   30.427853     -7.951741    0.0004665370
   30.427853      7.951741   -0.0004765581
   30.427853     23.855222   -0.0014523920
   30.427853     39.758703   -0.0024449816
   30.427853     55.662184   -0.0034364088
   30.427853     71.565666   -0.0044070602
   30.427853     87.469147   -0.0053359531
   30.427853    103.372628   -0.0062011815
   30.427853    119.276109   -0.0069805293

   35.109061   -119.276109    0.0072154770
   35.109061   -103.372628    0.0065586442
   35.109061    -87.469147    0.0057995957
   35.109061    -71.565666    0.0049398226
   35.109061    -55.662184    0.0039835584
   35.109061    -39.758703    0.0029376674
   35.109061    -23.855222    0.0018116703
   35.109061     -7.951741    0.0006178061
   35.109061      7.951741   -0.0006289413
   35.109061     23.855222   -0.0019109044
   35.109061     39.758703   -0.0032079097
   35.109061     55.662184   -0.0044975735
   35.109061     71.565666   -0.0057556993
   35.109061     87.469147   -0.0069567330
   35.109061    103.372628   -0.0080742093
   35.109061    119.276109   -0.0090811022

   39.790269   -119.276109    0.0094606918
   39.790269   -103.372628    0.0085587727
   39.790269    -87.469147    0.0075356205
   39.790269    -71.565666    0.0063924189
   39.790269    -55.662184    0.0051350682
   39.790269    -39.758703    0.0037730123
   39.790269    -23.855222    0.0023188295
   39.790269     -7.951741    0.0007882061
   39.790269      7.951741   -0.0007999926
   39.790269     23.855222   -0.0024237548
   39.790269     39.758703   -0.0040581641
   39.790269     55.662184   -0.0056758699
   39.790269     71.565666   -0.0072477124
   39.790269     87.469147   -0.0087433417
   39.790269    103.372628   -0.0101315746
   39.790269    119.276109   -0.0113801495

   44.471477   -119.276109    0.0119991891
   44.471477   -103.372628    0.0108158766
   44.471477    -87.469147    0.0094877546
   44.471477    -71.565666    0.0080198067
   44.471477    -55.662184    0.0064205480
   44.471477    -39.758703    0.0047022105
   44.471477    -23.855222    0.0028808377
   44.471477     -7.951741    0.0009762714
   44.471477      7.951741   -0.0009879799
   44.471477     23.855222   -0.0029849961
   44.471477     39.758703   -0.0049848212
   44.471477     55.662184   -0.0069549542
   44.471477     71.565666   -0.0088609409
   44.471477     87.469147   -0.0106670465
   44.471477    103.372628   -0.0123369848
   44.471477    119.276109   -0.0138346726

