  -48.827424    -50.619018    0.0480401214
  -48.827424    -43.869816    0.0422640352
  -48.827424    -37.120613    0.0373389929
  -48.827424    -30.371411    0.0332596982
  -48.827424    -23.622208    0.0300161939
  -48.827424    -16.873006    0.0275968856
  -48.827424    -10.123804    0.0259909611
  -48.827424     -3.374601    0.0251902040
  -48.827424      3.374601    0.0251902040
  -48.827424     10.123804    0.0259909611
  -48.827424     16.873006    0.0275968856
  -48.827424     23.622208    0.0300161939
  -48.827424     30.371411    0.0332596982
  -48.827424     37.120613    0.0373389929
  -48.827424     43.869816    0.0422640352
  -48.827424     50.619018    0.0480401214

  -42.317101    -50.619018    0.0417147822
  -42.317101    -43.869816    0.0359451411
  -42.317101    -37.120613    0.0310321376
  -42.317101    -30.371411    0.0269674686
  -42.317101    -23.622208    0.0237386714
  -42.317101    -16.873006    0.0213321474
  -42.317101    -10.123804    0.0197355809
  -42.317101     -3.374601    0.0189397534
  -42.317101      3.374601    0.0189397534
  -42.317101     10.123804    0.0197355809
  -42.317101     16.873006    0.0213321474
  -42.317101     23.622208    0.0237386714
  -42.317101     30.371411    0.0269674686
  -42.317101     37.120613    0.0310321376
  -42.317101     43.869816    0.0359451411
  -42.317101     50.619018    0.0417147822

  -35.806778    -50.619018    0.0362790444
  -35.806778    -43.869816    0.0305188731
  -35.806778    -37.120613    0.0256199557
  -35.806778    -30.371411    0.0215712342
  -35.806778    -23.622208    0.0183579501
  -35.806778    -16.873006    0.0159646681
  -35.806778    -10.123804    0.0143776947
  -35.806778     -3.374601    0.0135868934
  -35.806778      3.374601    0.0135868934
  -35.806778     10.123804    0.0143776947
  -35.806778     16.873006    0.0159646681
  -35.806778     23.622208    0.0183579501
  -35.806778     30.371411    0.0215712342
  -35.806778     37.120613    0.0256199557
  -35.806778     43.869816    0.0305188731
  -35.806778     50.619018    0.0362790444

  -29.296454    -50.619018    0.0317412789
  -29.296454    -43.869816    0.0259914335
  -29.296454    -37.120613    0.0211065653
  -29.296454    -30.371411    0.0170732171
  -29.296454    -23.622208    0.0138746308
  -29.296454    -16.873006    0.0114937717
  -29.296454    -10.123804    0.0099157468
  -29.296454     -3.374601    0.0091296196
  -29.296454      3.374601    0.0091296196
  -29.296454     10.123804    0.0099157468
  -29.296454     16.873006    0.0114937717
  -29.296454     23.622208    0.0138746308
  -29.296454     30.371411    0.0170732171
  -29.296454     37.120613    0.0211065653
  -29.296454     43.869816    0.0259914335
  -29.296454     50.619018    0.0317412789

  -22.786131    -50.619018    0.0281068190
  -22.786131    -43.869816    0.0223664062
  -22.786131    -37.120613    0.0174938655
  -22.786131    -30.371411    0.0134737817
  -22.786131    -23.622208    0.0102877651
  -22.786131    -16.873006    0.0079174753
  -22.786131    -10.123804    0.0063470406
  -22.786131     -3.374601    0.0055648717
  -22.786131      3.374601    0.0055648717
  -22.786131     10.123804    0.0063470406
  -22.786131     16.873006    0.0079174753
  -22.786131     23.622208    0.0102877651
  -22.786131     30.371411    0.0134737817
  -22.786131     37.120613    0.0174938655
  -22.786131     43.869816    0.0223664062
  -22.786131     50.619018    0.0281068190

  -16.275808    -50.619018    0.0253795085
  -16.275808    -43.869816    0.0196463040
  -16.275808    -37.120613    0.0147830841
  -16.275808    -30.371411    0.0107729831
  -16.275808    -23.622208    0.0075964030
  -16.275808    -16.873006    0.0052340365
  -16.275808    -10.123804    0.0036692868
  -16.275808     -3.374601    0.0028900813
  -16.275808      3.374601    0.0028900813
  -16.275808     10.123804    0.0036692868
  -16.275808     16.873006    0.0052340365
  -16.275808     23.622208    0.0075964030
  -16.275808     30.371411    0.0107729831
  -16.275808     37.120613    0.0147830841
  -16.275808     43.869816    0.0196463040
  -16.275808     50.619018    0.0253795085

   -9.765485    -50.619018    0.0235628802
   -9.765485    -43.869816    0.0178337472
   -9.765485    -37.120613    0.0129759555
   -9.765485    -30.371411    0.0089717447
   -9.765485    -23.622208    0.0058007714
   -9.765485    -16.873006    0.0034431318
   -9.765485    -10.123804    0.0018817819
   -9.765485     -3.374601    0.0011043509
   -9.765485      3.374601    0.0011043509
   -9.765485     10.123804    0.0018817819
   -9.765485     16.873006    0.0034431318
   -9.765485     23.622208    0.0058007714
   -9.765485     30.371411    0.0089717447
   -9.765485     37.120613    0.0129759555
   -9.765485     43.869816    0.0178337472
   -9.765485     50.619018    0.0235628802

   -3.255162    -50.619018    0.0226609643
   -3.255162    -43.869816    0.0169322724
   -3.255162    -37.120613    0.0120755303
   -3.255162    -30.371411    0.0080726678
   -3.255162    -23.622208    0.0049030829
   -3.255162    -16.873006    0.0025466656
   -3.255162    -10.123804    0.0009862166
   -3.255162     -3.374601    0.0002092619
   -3.255162      3.374601    0.0002092619
   -3.255162     10.123804    0.0009862166
   -3.255162     16.873006    0.0025466656
   -3.255162     23.622208    0.0049030829
   -3.255162     30.371411    0.0080726678
   -3.255162     37.120613    0.0120755303
   -3.255162     43.869816    0.0169322724
   -3.255162     50.619018    0.0226609643

    3.255162    -50.619018    0.0226787284
    3.255162    -43.869816    0.0169467719
    3.255162    -37.120613    0.0120866143
    3.255162    -30.371411    0.0080804704
    3.255162    -23.622208    0.0049079756
    3.255162    -16.873006    0.0025492097
    3.255162    -10.123804    0.0009871158
    3.255162     -3.374601    0.0002093148
    3.255162      3.374601    0.0002093148
    3.255162     10.123804    0.0009871158
    3.255162     16.873006    0.0025492097
    3.255162     23.622208    0.0049079756
    3.255162     30.371411    0.0080804704
    3.255162     37.120613    0.0120866143
    3.255162     43.869816    0.0169467719
    3.255162     50.619018    0.0226787284

    9.765485    -50.619018    0.0236221474
    9.765485    -43.869816    0.0178835641
    9.765485    -37.120613    0.0130158390
    9.765485    -30.371411    0.0090020581
    9.765485    -23.622208    0.0058225827
    9.765485    -16.873006    0.0034580731
    9.765485    -10.123804    0.0018919082
    9.765485     -3.374601    0.0011119991
    9.765485      3.374601    0.0011119991
    9.765485     10.123804    0.0018919082
    9.765485     16.873006    0.0034580731
    9.765485     23.622208    0.0058225827
    9.765485     30.371411    0.0090020581
    9.765485     37.120613    0.0130158390
    9.765485     43.869816    0.0178835641
    9.765485     50.619018    0.0236221474

   16.275808    -50.619018    0.0254979041
   16.275808    -43.869816    0.0197500938
   16.275808    -37.120613    0.0148713620
   16.275808    -30.371411    0.0108462242
   16.275808    -23.622208    0.0076562335
   16.275808    -16.873006    0.0052830033
   16.275808    -10.123804    0.0037106275
   16.275808     -3.374601    0.0029274938
   16.275808      3.374601    0.0029274938
   16.275808     10.123804    0.0037106275
   16.275808     16.873006    0.0052830033
   16.275808     23.622208    0.0076562335
   16.275808     30.371411    0.0108462242
   16.275808     37.120613    0.0148713620
   16.275808     43.869816    0.0197500938
   16.275808     50.619018    0.0254979041

   22.786131    -50.619018    0.0283127208
   22.786131    -43.869816    0.0225542641
   22.786131    -37.120613    0.0176621982
   22.786131    -30.371411    0.0136229812
   22.786131    -23.622208    0.0104197847
   22.786131    -16.873006    0.0080355172
   22.786131    -10.123804    0.0064552436
   22.786131     -3.374601    0.0056679991
   22.786131      3.374601    0.0056679991
   22.786131     10.123804    0.0064552436
   22.786131     16.873006    0.0080355172
   22.786131     23.622208    0.0104197847
   22.786131     30.371411    0.0136229812
   22.786131     37.120613    0.0176621982
   22.786131     43.869816    0.0225542641
   22.786131     50.619018    0.0283127208

   29.296454    -50.619018    0.0320723207
   29.296454    -43.869816    0.0263033974
   29.296454    -37.120613    0.0213971821
   29.296454    -30.371411    0.0173425227
   29.296454    -23.622208    0.0141245823
   29.296454    -16.873006    0.0117278628
   29.296454    -10.123804    0.0101386239
   29.296454     -3.374601    0.0093466977
   29.296454      3.374601    0.0093466977
   29.296454     10.123804    0.0101386239
   29.296454     16.873006    0.0117278628
   29.296454     23.622208    0.0141245823
   29.296454     30.371411    0.0173425227
   29.296454     37.120613    0.0213971821
   29.296454     43.869816    0.0263033974
   29.296454     50.619018    0.0320723207

   35.806778    -50.619018    0.0367800209
   35.806778    -43.869816    0.0310028287
   35.806778    -37.120613    0.0260835598
   35.806778    -30.371411    0.0220138155
   35.806778    -23.622208    0.0187810537
   35.806778    -16.873006    0.0163716119
   35.806778    -10.123804    0.0147731267
   35.806778     -3.374601    0.0139763479
   35.806778      3.374601    0.0139763479
   35.806778     10.123804    0.0147731267
   35.806778     16.873006    0.0163716119
   35.806778     23.622208    0.0187810537
   35.806778     30.371411    0.0220138155
   35.806778     37.120613    0.0260835598
   35.806778     43.869816    0.0310028287
   35.806778     50.619018    0.0367800209

   42.317101    -50.619018    0.0424349549
   42.317101    -43.869816    0.0366541281
   42.317101    -37.120613    0.0317252123
   42.317101    -30.371411    0.0276428235
   42.317101    -23.622208    0.0243969314
   42.317101    -16.873006    0.0219758835
   42.317101    -10.123804    0.0203688234
   42.317101     -3.374601    0.0195675059
   42.317101      3.374601    0.0195675059
   42.317101     10.123804    0.0203688234
   42.317101     16.873006    0.0219758835
   42.317101     23.622208    0.0243969314
   42.317101     30.371411    0.0276428235
   42.317101     37.120613    0.0317252123
   42.317101     43.869816    0.0366541281
   42.317101     50.619018    0.0424349549

   48.827424    -50.619018    0.0490299266
   48.827424    -43.869816    0.0432529547
   48.827424    -37.120613    0.0383205092
   48.827424    -30.371411    0.0342303602
   48.827424    -23.622208    0.0309751059
   48.827424    -16.873006    0.0285451964
   48.827424    -10.123804    0.0269313526
   48.827424     -3.374601    0.0261263803
   48.827424      3.374601    0.0261263803
   48.827424     10.123804    0.0269313526
   48.827424     16.873006    0.0285451964
   48.827424     23.622208    0.0309751059
   48.827424     30.371411    0.0342303602
   48.827424     37.120613    0.0383205092
   48.827424     43.869816    0.0432529547
   48.827424     50.619018    0.0490299266

