  -48.902142   -136.038482   -0.0004729766
  -48.902142   -117.900018   -0.0003585250
  -48.902142    -99.761554   -0.0002587004
  -48.902142    -81.623089   -0.0001742981
  -48.902142    -63.484625   -0.0001059809
  -48.902142    -45.346161   -0.0000542790
  -48.902142    -27.207696   -0.0000195901
  -48.902142     -9.069232   -0.0000021794
  -48.902142      9.069232   -0.0000021794
  -48.902142     27.207696   -0.0000195901
  -48.902142     45.346161   -0.0000542790
  -48.902142     63.484625   -0.0001059809
  -48.902142     81.623089   -0.0001742981
  -48.902142     99.761554   -0.0002587004
  -48.902142    117.900018   -0.0003585250
  -48.902142    136.038482   -0.0004729766

  -42.381856   -136.038482   -0.0003510285
  -42.381856   -117.900018   -0.0002661023
  -42.381856    -99.761554   -0.0001920209
  -42.381856    -81.623089   -0.0001293786
  -42.381856    -63.484625   -0.0000786704
  -42.381856    -45.346161   -0.0000402927
  -42.381856    -27.207696   -0.0000145425
  -42.381856     -9.069232   -0.0000016179
  -42.381856      9.069232   -0.0000016179
  -42.381856     27.207696   -0.0000145425
  -42.381856     45.346161   -0.0000402927
  -42.381856     63.484625   -0.0000786704
  -42.381856     81.623089   -0.0001293786
  -42.381856     99.761554   -0.0001920209
  -42.381856    117.900018   -0.0002661023
  -42.381856    136.038482   -0.0003510285

  -35.861571   -136.038482   -0.0002487325
  -35.861571   -117.900018   -0.0001885654
  -35.861571    -99.761554   -0.0001360759
  -35.861571    -81.623089   -0.0000916877
  -35.861571    -63.484625   -0.0000557536
  -35.861571    -45.346161   -0.0000285560
  -35.861571    -27.207696   -0.0000103066
  -35.861571     -9.069232   -0.0000011467
  -35.861571      9.069232   -0.0000011467
  -35.861571     27.207696   -0.0000103066
  -35.861571     45.346161   -0.0000285560
  -35.861571     63.484625   -0.0000557536
  -35.861571     81.623089   -0.0000916877
  -35.861571     99.761554   -0.0001360759
  -35.861571    117.900018   -0.0001885654
  -35.861571    136.038482   -0.0002487325

  -29.341285   -136.038482   -0.0001650589
  -29.341285   -117.900018   -0.0001251377
  -29.341285    -99.761554   -0.0000903075
  -29.341285    -81.623089   -0.0000608510
  -29.341285    -63.484625   -0.0000370033
  -29.341285    -45.346161   -0.0000189528
  -29.341285    -27.207696   -0.0000068406
  -29.341285     -9.069232   -0.0000007611
  -29.341285      9.069232   -0.0000007611
  -29.341285     27.207696   -0.0000068406
  -29.341285     45.346161   -0.0000189528
  -29.341285     63.484625   -0.0000370033
  -29.341285     81.623089   -0.0000608510
  -29.341285     99.761554   -0.0000903075
  -29.341285    117.900018   -0.0001251377
  -29.341285    136.038482   -0.0001650589

  -22.821000   -136.038482   -0.0000991497
  -22.821000   -117.900018   -0.0000751721
  -22.821000    -99.761554   -0.0000542508
  -22.821000    -81.623089   -0.0000365561
  -22.821000    -63.484625   -0.0000222301
  -22.821000    -45.346161   -0.0000113863
  -22.821000    -27.207696   -0.0000041097
  -22.821000     -9.069232   -0.0000004572
  -22.821000      9.069232   -0.0000004572
  -22.821000     27.207696   -0.0000041097
  -22.821000     45.346161   -0.0000113863
  -22.821000     63.484625   -0.0000222301
  -22.821000     81.623089   -0.0000365561
  -22.821000     99.761554   -0.0000542508
  -22.821000    117.900018   -0.0000751721
  -22.821000    136.038482   -0.0000991497

  -16.300714   -136.038482   -0.0000503185
  -16.300714   -117.900018   -0.0000381509
  -16.300714    -99.761554   -0.0000275337
  -16.300714    -81.623089   -0.0000185535
  -16.300714    -63.484625   -0.0000112828
  -16.300714    -45.346161   -0.0000057791
  -16.300714    -27.207696   -0.0000020859
  -16.300714     -9.069232   -0.0000002321
  -16.300714      9.069232   -0.0000002321
  -16.300714     27.207696   -0.0000020859
  -16.300714     45.346161   -0.0000057791
  -16.300714     63.484625   -0.0000112828
  -16.300714     81.623089   -0.0000185535
  -16.300714     99.761554   -0.0000275337
  -16.300714    117.900018   -0.0000381509
  -16.300714    136.038482   -0.0000503185

   -9.780428   -136.038482   -0.0000180503
   -9.780428   -117.900018   -0.0000136858
   -9.780428    -99.761554   -0.0000098772
   -9.780428    -81.623089   -0.0000066559
   -9.780428    -63.484625   -0.0000040476
   -9.780428    -45.346161   -0.0000020732
   -9.780428    -27.207696   -0.0000007483
   -9.780428     -9.069232   -0.0000000833
   -9.780428      9.069232   -0.0000000833
   -9.780428     27.207696   -0.0000007483
   -9.780428     45.346161   -0.0000020732
   -9.780428     63.484625   -0.0000040476
   -9.780428     81.623089   -0.0000066559
   -9.780428     99.761554   -0.0000098772
   -9.780428    117.900018   -0.0000136858
   -9.780428    136.038482   -0.0000180503

   -3.260143   -136.038482   -0.0000020020
   -3.260143   -117.900018   -0.0000015179
   -3.260143    -99.761554   -0.0000010955
   -3.260143    -81.623089   -0.0000007382
   -3.260143    -63.484625   -0.0000004489
   -3.260143    -45.346161   -0.0000002300
   -3.260143    -27.207696   -0.0000000830
   -3.260143     -9.069232   -0.0000000092
   -3.260143      9.069232   -0.0000000092
   -3.260143     27.207696   -0.0000000830
   -3.260143     45.346161   -0.0000002300
   -3.260143     63.484625   -0.0000004489
   -3.260143     81.623089   -0.0000007382
   -3.260143     99.761554   -0.0000010955
   -3.260143    117.900018   -0.0000015179
   -3.260143    136.038482   -0.0000020020

    3.260143   -136.038482   -0.0000020020
    3.260143   -117.900018   -0.0000015179
    3.260143    -99.761554   -0.0000010955
    3.260143    -81.623089   -0.0000007382
    3.260143    -63.484625   -0.0000004489
    3.260143    -45.346161   -0.0000002300
    3.260143    -27.207696   -0.0000000830
    3.260143     -9.069232   -0.0000000092
    3.260143      9.069232   -0.0000000092
    3.260143     27.207696   -0.0000000830
    3.260143     45.346161   -0.0000002300
    3.260143     63.484625   -0.0000004489
    3.260143     81.623089   -0.0000007382
    3.260143     99.761554   -0.0000010955
    3.260143    117.900018   -0.0000015179
    3.260143    136.038482   -0.0000020020

    9.780428   -136.038482   -0.0000180503
    9.780428   -117.900018   -0.0000136858
    9.780428    -99.761554   -0.0000098772
    9.780428    -81.623089   -0.0000066559
    9.780428    -63.484625   -0.0000040476
    9.780428    -45.346161   -0.0000020732
    9.780428    -27.207696   -0.0000007483
    9.780428     -9.069232   -0.0000000833
    9.780428      9.069232   -0.0000000833
    9.780428     27.207696   -0.0000007483
    9.780428     45.346161   -0.0000020732
    9.780428     63.484625   -0.0000040476
    9.780428     81.623089   -0.0000066559
    9.780428     99.761554   -0.0000098772
    9.780428    117.900018   -0.0000136858
    9.780428    136.038482   -0.0000180503

   16.300714   -136.038482   -0.0000503185
   16.300714   -117.900018   -0.0000381509
   16.300714    -99.761554   -0.0000275337
   16.300714    -81.623089   -0.0000185535
   16.300714    -63.484625   -0.0000112828
   16.300714    -45.346161   -0.0000057791
   16.300714    -27.207696   -0.0000020859
   16.300714     -9.069232   -0.0000002321
   16.300714      9.069232   -0.0000002321
   16.300714     27.207696   -0.0000020859
   16.300714     45.346161   -0.0000057791
   16.300714     63.484625   -0.0000112828
   16.300714     81.623089   -0.0000185535
   16.300714     99.761554   -0.0000275337
   16.300714    117.900018   -0.0000381509
   16.300714    136.038482   -0.0000503185

   22.821000   -136.038482   -0.0000991497
   22.821000   -117.900018   -0.0000751721
   22.821000    -99.761554   -0.0000542508
   22.821000    -81.623089   -0.0000365561
   22.821000    -63.484625   -0.0000222301
   22.821000    -45.346161   -0.0000113863
   22.821000    -27.207696   -0.0000041097
   22.821000     -9.069232   -0.0000004572
   22.821000      9.069232   -0.0000004572
   22.821000     27.207696   -0.0000041097
   22.821000     45.346161   -0.0000113863
   22.821000     63.484625   -0.0000222301
   22.821000     81.623089   -0.0000365561
   22.821000     99.761554   -0.0000542508
   22.821000    117.900018   -0.0000751721
   22.821000    136.038482   -0.0000991497

   29.341285   -136.038482   -0.0001650589
   29.341285   -117.900018   -0.0001251377
   29.341285    -99.761554   -0.0000903075
   29.341285    -81.623089   -0.0000608510
   29.341285    -63.484625   -0.0000370033
   29.341285    -45.346161   -0.0000189528
   29.341285    -27.207696   -0.0000068406
   29.341285     -9.069232   -0.0000007611
   29.341285      9.069232   -0.0000007611
   29.341285     27.207696   -0.0000068406
   29.341285     45.346161   -0.0000189528
   29.341285     63.484625   -0.0000370033
   29.341285     81.623089   -0.0000608510
   29.341285     99.761554   -0.0000903075
   29.341285    117.900018   -0.0001251377
   29.341285    136.038482   -0.0001650589

   35.861571   -136.038482   -0.0002487325
   35.861571   -117.900018   -0.0001885654
   35.861571    -99.761554   -0.0001360759
   35.861571    -81.623089   -0.0000916877
   35.861571    -63.484625   -0.0000557536
   35.861571    -45.346161   -0.0000285560
   35.861571    -27.207696   -0.0000103066
   35.861571     -9.069232   -0.0000011467
   35.861571      9.069232   -0.0000011467
   35.861571     27.207696   -0.0000103066
   35.861571     45.346161   -0.0000285560
   35.861571     63.484625   -0.0000557536
   35.861571     81.623089   -0.0000916877
   35.861571     99.761554   -0.0001360759
   35.861571    117.900018   -0.0001885654
   35.861571    136.038482   -0.0002487325

   42.381856   -136.038482   -0.0003510285
   42.381856   -117.900018   -0.0002661023
   42.381856    -99.761554   -0.0001920209
   42.381856    -81.623089   -0.0001293786
   42.381856    -63.484625   -0.0000786704
   42.381856    -45.346161   -0.0000402927
   42.381856    -27.207696   -0.0000145425
   42.381856     -9.069232   -0.0000016179
   42.381856      9.069232   -0.0000016179
   42.381856     27.207696   -0.0000145425
   42.381856     45.346161   -0.0000402927
   42.381856     63.484625   -0.0000786704
   42.381856     81.623089   -0.0001293786
   42.381856     99.761554   -0.0001920209
   42.381856    117.900018   -0.0002661023
   42.381856    136.038482   -0.0003510285

   48.902142   -136.038482   -0.0004729766
   48.902142   -117.900018   -0.0003585250
   48.902142    -99.761554   -0.0002587004
   48.902142    -81.623089   -0.0001742981
   48.902142    -63.484625   -0.0001059809
   48.902142    -45.346161   -0.0000542790
   48.902142    -27.207696   -0.0000195901
   48.902142     -9.069232   -0.0000021794
   48.902142      9.069232   -0.0000021794
   48.902142     27.207696   -0.0000195901
   48.902142     45.346161   -0.0000542790
   48.902142     63.484625   -0.0001059809
   48.902142     81.623089   -0.0001742981
   48.902142     99.761554   -0.0002587004
   48.902142    117.900018   -0.0003585250
   48.902142    136.038482   -0.0004729766

