  -54.177403   -136.038482   -0.0040995161
  -54.177403   -117.900018   -0.0037521073
  -54.177403    -99.761554   -0.0033783507
  -54.177403    -81.623089   -0.0029561474
  -54.177403    -63.484625   -0.0024658809
  -54.177403    -45.346161   -0.0018907620
  -54.177403    -27.207696   -0.0012171031
  -54.177403     -9.069232   -0.0004344963
  -54.177403      9.069232    0.0004641223
  -54.177403     27.207696    0.0014825257
  -54.177403     45.346161    0.0026213639
  -54.177403     63.484625    0.0038784302
  -54.177403     81.623089    0.0052490006
  -54.177403     99.761554    0.0067262116
  -54.177403    117.900018    0.0083014293
  -54.177403    136.038482    0.0099645541

  -46.953749   -136.038482   -0.0026745210
  -46.953749   -117.900018   -0.0024499440
  -46.953749    -99.761554   -0.0022118564
  -46.953749    -81.623089   -0.0019495534
  -46.953749    -63.484625   -0.0016445210
  -46.953749    -45.346161   -0.0012781643
  -46.953749    -27.207696   -0.0008348732
  -46.953749     -9.069232   -0.0003025252
  -46.953749      9.069232    0.0003280130
  -46.953749     27.207696    0.0010633601
  -46.953749     45.346161    0.0019075825
  -46.953749     63.484625    0.0028616909
  -46.953749     81.623089    0.0039232570
  -46.953749     99.761554    0.0050872697
  -46.953749    117.900018    0.0063498895
  -46.953749    136.038482    0.0077172929

  -39.730095   -136.038482   -0.0016280749
  -39.730095   -117.900018   -0.0014718476
  -39.730095    -99.761554   -0.0013267471
  -39.730095    -81.623089   -0.0011768037
  -39.730095    -63.484625   -0.0010044450
  -39.730095    -45.346161   -0.0007928881
  -39.730095    -27.207696   -0.0005272148
  -39.730095     -9.069232   -0.0001946986
  -39.730095      9.069232    0.0002151887
  -39.730095     27.207696    0.0007108146
  -39.730095     45.346161    0.0012983319
  -39.730095     63.484625    0.0019815482
  -39.730095     81.623089    0.0027618776
  -39.730095     99.761554    0.0036386787
  -39.730095    117.900018    0.0046104322
  -39.730095    136.038482    0.0056773534

  -32.506442   -136.038482   -0.0009300050
  -32.506442   -117.900018   -0.0008088814
  -32.506442    -99.761554   -0.0007154368
  -32.506442    -81.623089   -0.0006324388
  -32.506442    -63.484625   -0.0005444981
  -32.506442    -45.346161   -0.0004372792
  -32.506442    -27.207696   -0.0002973938
  -32.506442     -9.069232   -0.0001126296
  -32.506442      9.069232    0.0001277431
  -32.506442     27.207696    0.0004327541
  -32.506442     45.346161    0.0008096785
  -32.506442     63.484625    0.0012641303
  -32.506442     81.623089    0.0018001955
  -32.506442     99.761554    0.0024204079
  -32.506442    117.900018    0.0031252774
  -32.506442    136.038482    0.0039119905

  -25.282788   -136.038482   -0.0005224416
  -25.282788   -117.900018   -0.0004170659
  -25.282788    -99.761554   -0.0003455345
  -25.282788    -81.623089   -0.0002942238
  -25.282788    -63.484625   -0.0002509863
  -25.282788    -45.346161   -0.0002042324
  -25.282788    -27.207696   -0.0001427617
  -25.282788     -9.069232   -0.0000559681
  -25.282788      9.069232    0.0000658535
  -25.282788     27.207696    0.0002312798
  -25.282788     45.346161    0.0004476857
  -25.282788     63.484625    0.0007213092
  -25.282788     81.623089    0.0010573346
  -25.282788     99.761554    0.0014597802
  -25.282788    117.900018    0.0019308759
  -25.282788    136.038482    0.0024695199

  -18.059134   -136.038482   -0.0003200732
  -18.059134   -117.900018   -0.0002247068
  -18.059134    -99.761554   -0.0001610949
  -18.059134    -81.623089   -0.0001205905
  -18.059134    -63.484625   -0.0000947736
  -18.059134    -45.346161   -0.0000752486
  -18.059134    -27.207696   -0.0000536939
  -18.059134     -9.069232   -0.0000220315
  -18.059134      9.069232    0.0000273810
  -18.059134     27.207696    0.0001015973
  -18.059134     45.346161    0.0002069964
  -18.059134     63.484625    0.0003492535
  -18.059134     81.623089    0.0005333251
  -18.059134     99.761554    0.0007633686
  -18.059134    117.900018    0.0010424819
  -18.059134    136.038482    0.0013721128

  -10.835481   -136.038482   -0.0002173718
  -10.835481   -117.900018   -0.0001410346
  -10.835481    -99.761554   -0.0000878339
  -10.835481    -81.623089   -0.0000533237
  -10.835481    -63.484625   -0.0000327915
  -10.835481    -45.346161   -0.0000213494
  -10.835481    -27.207696   -0.0000140317
  -10.835481     -9.069232   -0.0000058934
  -10.835481      9.069232    0.0000078967
  -10.835481     27.207696    0.0000319724
  -10.835481     45.346161    0.0000706971
  -10.835481     63.484625    0.0001281027
  -10.835481     81.623089    0.0002078384
  -10.835481     99.761554    0.0003131273
  -10.835481    117.900018    0.0004467257
  -10.835481    136.038482    0.0006108794

   -3.611827   -136.038482   -0.0000997003
   -3.611827   -117.900018   -0.0000658336
   -3.611827    -99.761554   -0.0000408612
   -3.611827    -81.623089   -0.0000234997
   -3.611827    -63.484625   -0.0000123451
   -3.611827    -45.346161   -0.0000058992
   -3.611827    -27.207696   -0.0000025947
   -3.611827     -9.069232   -0.0000008212
   -3.611827      9.069232    0.0000010482
   -3.611827     27.207696    0.0000046281
   -3.611827     45.346161    0.0000114928
   -3.611827     63.484625    0.0000231483
   -3.611827     81.623089    0.0000410086
   -3.611827     99.761554    0.0000663771
   -3.611827    117.900018    0.0001004393
   -3.611827    136.038482    0.0001442684

    3.611827   -136.038482    0.0001442684
    3.611827   -117.900018    0.0001004393
    3.611827    -99.761554    0.0000663771
    3.611827    -81.623089    0.0000410086
    3.611827    -63.484625    0.0000231483
    3.611827    -45.346161    0.0000114928
    3.611827    -27.207696    0.0000046281
    3.611827     -9.069232    0.0000010482
    3.611827      9.069232   -0.0000008212
    3.611827     27.207696   -0.0000025947
    3.611827     45.346161   -0.0000058992
    3.611827     63.484625   -0.0000123451
    3.611827     81.623089   -0.0000234997
    3.611827     99.761554   -0.0000408612
    3.611827    117.900018   -0.0000658336
    3.611827    136.038482   -0.0000997003

   10.835481   -136.038482    0.0006108794
   10.835481   -117.900018    0.0004467257
   10.835481    -99.761554    0.0003131273
   10.835481    -81.623089    0.0002078384
   10.835481    -63.484625    0.0001281027
   10.835481    -45.346161    0.0000706971
   10.835481    -27.207696    0.0000319724
   10.835481     -9.069232    0.0000078967
   10.835481      9.069232   -0.0000058934
   10.835481     27.207696   -0.0000140317
   10.835481     45.346161   -0.0000213494
   10.835481     63.484625   -0.0000327915
   10.835481     81.623089   -0.0000533237
   10.835481     99.761554   -0.0000878339
   10.835481    117.900018   -0.0001410346
   10.835481    136.038482   -0.0002173718

   18.059134   -136.038482    0.0013721128
   18.059134   -117.900018    0.0010424819
   18.059134    -99.761554    0.0007633686
   18.059134    -81.623089    0.0005333251
   18.059134    -63.484625    0.0003492535
   18.059134    -45.346161    0.0002069964
   18.059134    -27.207696    0.0001015973
   18.059134     -9.069232    0.0000273810
   18.059134      9.069232   -0.0000220315
   18.059134     27.207696   -0.0000536939
   18.059134     45.346161   -0.0000752486
   18.059134     63.484625   -0.0000947736
   18.059134     81.623089   -0.0001205905
   18.059134     99.761554   -0.0001610949
   18.059134    117.900018   -0.0002247068
   18.059134    136.038482   -0.0003200732

   25.282788   -136.038482    0.0024695199
   25.282788   -117.900018    0.0019308759
   25.282788    -99.761554    0.0014597802
   25.282788    -81.623089    0.0010573346
   25.282788    -63.484625    0.0007213092
   25.282788    -45.346161    0.0004476857
   25.282788    -27.207696    0.0002312798
   25.282788     -9.069232    0.0000658535
   25.282788      9.069232   -0.0000559681
   25.282788     27.207696   -0.0001427617
   25.282788     45.346161   -0.0002042324
   25.282788     63.484625   -0.0002509863
   25.282788     81.623089   -0.0002942238
   25.282788     99.761554   -0.0003455345
   25.282788    117.900018   -0.0004170659
   25.282788    136.038482   -0.0005224416

   32.506442   -136.038482    0.0039119905
   32.506442   -117.900018    0.0031252774
   32.506442    -99.761554    0.0024204079
   32.506442    -81.623089    0.0018001955
   32.506442    -63.484625    0.0012641303
   32.506442    -45.346161    0.0008096785
   32.506442    -27.207696    0.0004327541
   32.506442     -9.069232    0.0001277431
   32.506442      9.069232   -0.0001126296
   32.506442     27.207696   -0.0002973938
   32.506442     45.346161   -0.0004372792
   32.506442     63.484625   -0.0005444981
   32.506442     81.623089   -0.0006324388
   32.506442     99.761554   -0.0007154368
   32.506442    117.900018   -0.0008088814
   32.506442    136.038482   -0.0009300050

   39.730095   -136.038482    0.0056773534
   39.730095   -117.900018    0.0046104322
   39.730095    -99.761554    0.0036386787
   39.730095    -81.623089    0.0027618776
   39.730095    -63.484625    0.0019815482
   39.730095    -45.346161    0.0012983319
   39.730095    -27.207696    0.0007108146
   39.730095     -9.069232    0.0002151887
   39.730095      9.069232   -0.0001946986
   39.730095     27.207696   -0.0005272148
   39.730095     45.346161   -0.0007928881
   39.730095     63.484625   -0.0010044450
   39.730095     81.623089   -0.0011768037
   39.730095     99.761554   -0.0013267471
   39.730095    117.900018   -0.0014718476
   39.730095    136.038482   -0.0016280749

   46.953749   -136.038482    0.0077172929
   46.953749   -117.900018    0.0063498895
   46.953749    -99.761554    0.0050872697
   46.953749    -81.623089    0.0039232570
   46.953749    -63.484625    0.0028616909
   46.953749    -45.346161    0.0019075825
   46.953749    -27.207696    0.0010633601
   46.953749     -9.069232    0.0003280130
   46.953749      9.069232   -0.0003025252
   46.953749     27.207696   -0.0008348732
   46.953749     45.346161   -0.0012781643
   46.953749     63.484625   -0.0016445210
   46.953749     81.623089   -0.0019495534
   46.953749     99.761554   -0.0022118564
   46.953749    117.900018   -0.0024499440
   46.953749    136.038482   -0.0026745210

   54.177403   -136.038482    0.0099645541
   54.177403   -117.900018    0.0083014293
   54.177403    -99.761554    0.0067262116
   54.177403    -81.623089    0.0052490006
   54.177403    -63.484625    0.0038784302
   54.177403    -45.346161    0.0026213639
   54.177403    -27.207696    0.0014825257
   54.177403     -9.069232    0.0004641223
   54.177403      9.069232   -0.0004344963
   54.177403     27.207696   -0.0012171031
   54.177403     45.346161   -0.0018907620
   54.177403     63.484625   -0.0024658809
   54.177403     81.623089   -0.0029561474
   54.177403     99.761554   -0.0033783507
   54.177403    117.900018   -0.0037521073
   54.177403    136.038482   -0.0040995161

