  -61.469935    -62.630025    0.0403518888
  -61.469935    -54.279355    0.0348768496
  -61.469935    -45.928685    0.0302010693
  -61.469935    -37.578015    0.0262938877
  -61.469935    -29.227345    0.0231265481
  -61.469935    -20.876675    0.0206723473
  -61.469935    -12.526005    0.0189067375
  -61.469935     -4.175335    0.0178073795
  -61.469935      4.175335    0.0173541480
  -61.469935     12.526005    0.0175290873
  -61.469935     20.876675    0.0183163203
  -61.469935     29.227345    0.0197019074
  -61.469935     37.578015    0.0216736581
  -61.469935     45.928685    0.0242208939
  -61.469935     54.279355    0.0273341623
  -61.469935     62.630025    0.0310049032

  -53.273944    -62.630025    0.0347425176
  -53.273944    -54.279355    0.0294700105
  -53.273944    -45.928685    0.0249872540
  -53.273944    -37.578015    0.0212619522
  -53.273944    -29.227345    0.0182640063
  -53.273944    -20.876675    0.0159656650
  -53.273944    -12.526005    0.0143416258
  -53.273944     -4.175335    0.0133690891
  -53.273944      4.175335    0.0130277622
  -53.273944     12.526005    0.0132998166
  -53.273944     20.876675    0.0141697955
  -53.273944     29.227345    0.0156244738
  -53.273944     37.578015    0.0176526689
  -53.273944     45.928685    0.0202450041
  -53.273944     54.279355    0.0233936225
  -53.273944     62.630025    0.0270918534

  -45.077952    -62.630025    0.0299288076
  -45.077952    -54.279355    0.0248340112
  -45.077952    -45.928685    0.0205203535
  -45.077952    -37.578015    0.0169541059
  -45.077952    -29.227345    0.0141039964
  -45.077952    -20.876675    0.0119413601
  -45.077952    -12.526005    0.0104402407
  -45.077952     -4.175335    0.0095774436
  -45.077952      4.175335    0.0093325416
  -45.077952     12.526005    0.0096878304
  -45.077952     20.876675    0.0106282374
  -45.077952     29.227345    0.0121411809
  -45.077952     37.578015    0.0142163817
  -45.077952     45.928685    0.0168456256
  -45.077952     54.279355    0.0200224781
  -45.077952     62.630025    0.0237419499

  -36.881961    -62.630025    0.0259134365
  -36.881961    -54.279355    0.0209696318
  -36.881961    -45.928685    0.0167994633
  -36.881961    -37.578015    0.0133679871
  -36.881961    -29.227345    0.0106429374
  -36.881961    -20.876675    0.0085948774
  -36.881961    -12.526005    0.0071973004
  -36.881961     -4.175335    0.0064266836
  -36.881961      4.175335    0.0062624927
  -36.881961     12.526005    0.0066871385
  -36.881961     20.876675    0.0076858850
  -36.881961     29.227345    0.0092467091
  -36.881961     37.578015    0.0113601116
  -36.881961     45.928685    0.0140188803
  -36.881961     54.279355    0.0172178042
  -36.881961     62.630025    0.0209533395

  -28.685970    -62.630025    0.0226985880
  -28.685970    -54.279355    0.0178774744
  -28.685970    -45.928685    0.0138237819
  -28.685970    -37.578015    0.0105015799
  -28.685970    -29.227345    0.0078777974
  -28.685970    -20.876675    0.0059223728
  -28.685970    -12.526005    0.0046083560
  -28.685970     -4.175335    0.0039119614
  -28.685970      4.175335    0.0038125731
  -28.685970     12.526005    0.0042927012
  -28.685970     20.876675    0.0053378900
  -28.685970     29.227345    0.0069365775
  -28.685970     37.578015    0.0090799067
  -28.685970     45.928685    0.0117614885
  -28.685970     54.279355    0.0149771160
  -28.685970     62.630025    0.0187244303

  -20.489978    -62.630025    0.0202859779
  -20.489978    -54.279355    0.0155579896
  -20.489978    -45.928685    0.0115926366
  -20.489978    -37.578015    0.0083532403
  -20.489978    -29.227345    0.0058061194
  -20.489978    -20.876675    0.0039207398
  -20.489978    -12.526005    0.0026698167
  -20.489978     -4.175335    0.0020293677
  -20.489978      4.175335    0.0019787178
  -20.489978     12.526005    0.0025004557
  -20.489978     20.876675    0.0035803424
  -20.489978     29.227345    0.0052071701
  -20.489978     37.578015    0.0073725741
  -20.489978     45.928685    0.0100707951
  -20.489978     54.279355    0.0132983940
  -20.489978     62.630025    0.0170539176

  -12.293987    -62.630025    0.0186768745
  -12.293987    -54.279355    0.0140114969
  -12.293987    -45.928685    0.0101055049
  -12.293987    -37.578015    0.0069217172
  -12.293987    -29.227345    0.0044260427
  -12.293987    -20.876675    0.0025876305
  -12.293987    -12.526005    0.0013789716
  -12.293987     -4.175335    0.0007759524
  -12.293987      4.175335    0.0007578596
  -12.293987     12.526005    0.0013073366
  -12.293987     20.876675    0.0024102914
  -12.293987     29.227345    0.0040557568
  -12.293987     37.578015    0.0062357010
  -12.293987     45.928685    0.0089447908
  -12.293987     54.279355    0.0121801057
  -12.293987     62.630025    0.0159408044

   -4.097996    -62.630025    0.0178721149
   -4.097996    -54.279355    0.0132382008
   -4.097996    -45.928685    0.0093620296
   -4.097996    -37.578015    0.0062061677
   -4.097996    -29.227345    0.0037363180
   -4.097996    -20.876675    0.0019214706
   -4.097996    -12.526005    0.0007340043
   -4.097996     -4.175335    0.0001497399
   -4.097996      4.175335    0.0001479452
   -4.097996     12.526005    0.0007112914
   -4.097996     20.876675    0.0018257612
   -4.097996     29.227345    0.0034805087
   -4.097996     37.578015    0.0056676701
   -4.097996     45.928685    0.0083821269
   -4.097996     54.279355    0.0116212205
   -4.097996     62.630025    0.0153844174

    4.097996    -62.630025    0.0178721149
    4.097996    -54.279355    0.0132382008
    4.097996    -45.928685    0.0093620296
    4.097996    -37.578015    0.0062061677
    4.097996    -29.227345    0.0037363180
    4.097996    -20.876675    0.0019214706
    4.097996    -12.526005    0.0007340043
    4.097996     -4.175335    0.0001497399
    4.097996      4.175335    0.0001479452
    4.097996     12.526005    0.0007112914
    4.097996     20.876675    0.0018257612
    4.097996     29.227345    0.0034805087
    4.097996     37.578015    0.0056676701
    4.097996     45.928685    0.0083821269
    4.097996     54.279355    0.0116212205
    4.097996     62.630025    0.0153844174

   12.293987    -62.630025    0.0186768745
   12.293987    -54.279355    0.0140114969
   12.293987    -45.928685    0.0101055049
   12.293987    -37.578015    0.0069217172
   12.293987    -29.227345    0.0044260427
   12.293987    -20.876675    0.0025876305
   12.293987    -12.526005    0.0013789716
   12.293987     -4.175335    0.0007759524
   12.293987      4.175335    0.0007578596
   12.293987     12.526005    0.0013073366
   12.293987     20.876675    0.0024102914
   12.293987     29.227345    0.0040557568
   12.293987     37.578015    0.0062357010
   12.293987     45.928685    0.0089447908
   12.293987     54.279355    0.0121801057
   12.293987     62.630025    0.0159408044

   20.489978    -62.630025    0.0202859779
   20.489978    -54.279355    0.0155579896
   20.489978    -45.928685    0.0115926366
   20.489978    -37.578015    0.0083532403
   20.489978    -29.227345    0.0058061194
   20.489978    -20.876675    0.0039207398
   20.489978    -12.526005    0.0026698167
   20.489978     -4.175335    0.0020293677
   20.489978      4.175335    0.0019787178
   20.489978     12.526005    0.0025004557
   20.489978     20.876675    0.0035803424
   20.489978     29.227345    0.0052071701
   20.489978     37.578015    0.0073725741
   20.489978     45.928685    0.0100707951
   20.489978     54.279355    0.0132983940
   20.489978     62.630025    0.0170539176

   28.685970    -62.630025    0.0226985880
   28.685970    -54.279355    0.0178774744
   28.685970    -45.928685    0.0138237819
   28.685970    -37.578015    0.0105015799
   28.685970    -29.227345    0.0078777974
   28.685970    -20.876675    0.0059223728
   28.685970    -12.526005    0.0046083560
   28.685970     -4.175335    0.0039119614
   28.685970      4.175335    0.0038125731
   28.685970     12.526005    0.0042927012
   28.685970     20.876675    0.0053378900
   28.685970     29.227345    0.0069365775
   28.685970     37.578015    0.0090799067
   28.685970     45.928685    0.0117614885
   28.685970     54.279355    0.0149771160
   28.685970     62.630025    0.0187244303

   36.881961    -62.630025    0.0259134365
   36.881961    -54.279355    0.0209696318
   36.881961    -45.928685    0.0167994633
   36.881961    -37.578015    0.0133679871
   36.881961    -29.227345    0.0106429374
   36.881961    -20.876675    0.0085948774
   36.881961    -12.526005    0.0071973004
   36.881961     -4.175335    0.0064266836
   36.881961      4.175335    0.0062624927
   36.881961     12.526005    0.0066871385
   36.881961     20.876675    0.0076858850
   36.881961     29.227345    0.0092467091
   36.881961     37.578015    0.0113601116
   36.881961     45.928685    0.0140188803
   36.881961     54.279355    0.0172178042
   36.881961     62.630025    0.0209533395

   45.077952    -62.630025    0.0299288076
   45.077952    -54.279355    0.0248340112
   45.077952    -45.928685    0.0205203535
   45.077952    -37.578015    0.0169541059
   45.077952    -29.227345    0.0141039964
   45.077952    -20.876675    0.0119413601
   45.077952    -12.526005    0.0104402407
   45.077952     -4.175335    0.0095774436
   45.077952      4.175335    0.0093325416
   45.077952     12.526005    0.0096878304
   45.077952     20.876675    0.0106282374
   45.077952     29.227345    0.0121411809
   45.077952     37.578015    0.0142163817
   45.077952     45.928685    0.0168456256
   45.077952     54.279355    0.0200224781
   45.077952     62.630025    0.0237419499

   53.273944    -62.630025    0.0347425176
   53.273944    -54.279355    0.0294700105
   53.273944    -45.928685    0.0249872540
   53.273944    -37.578015    0.0212619522
   53.273944    -29.227345    0.0182640063
   53.273944    -20.876675    0.0159656650
   53.273944    -12.526005    0.0143416258
   53.273944     -4.175335    0.0133690891
   53.273944      4.175335    0.0130277622
   53.273944     12.526005    0.0132998166
   53.273944     20.876675    0.0141697955
   53.273944     29.227345    0.0156244738
   53.273944     37.578015    0.0176526689
   53.273944     45.928685    0.0202450041
   53.273944     54.279355    0.0233936225
   53.273944     62.630025    0.0270918534

   61.469935    -62.630025    0.0403518888
   61.469935    -54.279355    0.0348768496
   61.469935    -45.928685    0.0302010693
   61.469935    -37.578015    0.0262938877
   61.469935    -29.227345    0.0231265481
   61.469935    -20.876675    0.0206723473
   61.469935    -12.526005    0.0189067375
   61.469935     -4.175335    0.0178073795
   61.469935      4.175335    0.0173541480
   61.469935     12.526005    0.0175290873
   61.469935     20.876675    0.0183163203
   61.469935     29.227345    0.0197019074
   61.469935     37.578015    0.0216736581
   61.469935     45.928685    0.0242208939
   61.469935     54.279355    0.0273341623
   61.469935     62.630025    0.0310049032

