  -50.619018    -91.194683    0.0004490206
  -50.619018    -79.035392    0.0003420815
  -50.619018    -66.876101    0.0002478784
  -50.619018    -54.716810    0.0001675843
  -50.619018    -42.557519    0.0001021762
  -50.619018    -30.398228    0.0000524361
  -50.619018    -18.238937    0.0000189503
  -50.619018     -6.079646    0.0000021097
  -50.619018      6.079646    0.0000021097
  -50.619018     18.238937    0.0000189503
  -50.619018     30.398228    0.0000524361
  -50.619018     42.557519    0.0001021762
  -50.619018     54.716810    0.0001675843
  -50.619018     66.876101    0.0002478784
  -50.619018     79.035392    0.0003420815
  -50.619018     91.194683    0.0004490206

  -43.869816    -91.194683    0.0003506871
  -43.869816    -79.035392    0.0002672097
  -43.869816    -66.876101    0.0001936507
  -43.869816    -54.716810    0.0001309365
  -43.869816    -42.557519    0.0000798388
  -43.869816    -30.398228    0.0000409753
  -43.869816    -18.238937    0.0000148090
  -43.869816     -6.079646    0.0000016487
  -43.869816      6.079646    0.0000016487
  -43.869816     18.238937    0.0000148090
  -43.869816     30.398228    0.0000409753
  -43.869816     42.557519    0.0000798388
  -43.869816     54.716810    0.0001309365
  -43.869816     66.876101    0.0001936507
  -43.869816     79.035392    0.0002672097
  -43.869816     91.194683    0.0003506871

  -37.120613    -91.194683    0.0002593212
  -37.120613    -79.035392    0.0001976175
  -37.120613    -66.876101    0.0001432315
  -37.120613    -54.716810    0.0000968540
  -37.120613    -42.557519    0.0000590610
  -37.120613    -30.398228    0.0000303131
  -37.120613    -18.238937    0.0000109559
  -37.120613     -6.079646    0.0000012197
  -37.120613      6.079646    0.0000012197
  -37.120613     18.238937    0.0000109559
  -37.120613     30.398228    0.0000303131
  -37.120613     42.557519    0.0000590610
  -37.120613     54.716810    0.0000968540
  -37.120613     66.876101    0.0001432315
  -37.120613     79.035392    0.0001976175
  -37.120613     91.194683    0.0002593212

  -30.371411    -91.194683    0.0001781905
  -30.371411    -79.035392    0.0001358048
  -30.371411    -66.876101    0.0000984384
  -30.371411    -54.716810    0.0000665691
  -30.371411    -42.557519    0.0000405956
  -30.371411    -30.398228    0.0000208366
  -30.371411    -18.238937    0.0000075310
  -30.371411     -6.079646    0.0000008384
  -30.371411      6.079646    0.0000008384
  -30.371411     18.238937    0.0000075310
  -30.371411     30.398228    0.0000208366
  -30.371411     42.557519    0.0000405956
  -30.371411     54.716810    0.0000665691
  -30.371411     66.876101    0.0000984384
  -30.371411     79.035392    0.0001358048
  -30.371411     91.194683    0.0001781905

  -23.622208    -91.194683    0.0001100181
  -23.622208    -79.035392    0.0000838548
  -23.622208    -66.876101    0.0000607862
  -23.622208    -54.716810    0.0000411089
  -23.622208    -42.557519    0.0000250703
  -23.622208    -30.398228    0.0000128683
  -23.622208    -18.238937    0.0000046511
  -23.622208     -6.079646    0.0000005178
  -23.622208      6.079646    0.0000005178
  -23.622208     18.238937    0.0000046511
  -23.622208     30.398228    0.0000128683
  -23.622208     42.557519    0.0000250703
  -23.622208     54.716810    0.0000411089
  -23.622208     66.876101    0.0000607862
  -23.622208     79.035392    0.0000838548
  -23.622208     91.194683    0.0001100181

  -16.873006    -91.194683    0.0000569827
  -16.873006    -79.035392    0.0000434341
  -16.873006    -66.876101    0.0000314867
  -16.873006    -54.716810    0.0000212949
  -16.873006    -42.557519    0.0000129871
  -16.873006    -30.398228    0.0000066662
  -16.873006    -18.238937    0.0000024095
  -16.873006     -6.079646    0.0000002683
  -16.873006      6.079646    0.0000002683
  -16.873006     18.238937    0.0000024095
  -16.873006     30.398228    0.0000066662
  -16.873006     42.557519    0.0000129871
  -16.873006     54.716810    0.0000212949
  -16.873006     66.876101    0.0000314867
  -16.873006     79.035392    0.0000434341
  -16.873006     91.194683    0.0000569827

  -10.123804    -91.194683    0.0000207180
  -10.123804    -79.035392    0.0000157925
  -10.123804    -66.876101    0.0000114488
  -10.123804    -54.716810    0.0000077432
  -10.123804    -42.557519    0.0000047224
  -10.123804    -30.398228    0.0000024240
  -10.123804    -18.238937    0.0000008762
  -10.123804     -6.079646    0.0000000975
  -10.123804      6.079646    0.0000000975
  -10.123804     18.238937    0.0000008762
  -10.123804     30.398228    0.0000024240
  -10.123804     42.557519    0.0000047224
  -10.123804     54.716810    0.0000077432
  -10.123804     66.876101    0.0000114488
  -10.123804     79.035392    0.0000157925
  -10.123804     91.194683    0.0000207180

   -3.374601    -91.194683    0.0000023133
   -3.374601    -79.035392    0.0000017634
   -3.374601    -66.876101    0.0000012784
   -3.374601    -54.716810    0.0000008646
   -3.374601    -42.557519    0.0000005273
   -3.374601    -30.398228    0.0000002707
   -3.374601    -18.238937    0.0000000978
   -3.374601     -6.079646    0.0000000109
   -3.374601      6.079646    0.0000000109
   -3.374601     18.238937    0.0000000978
   -3.374601     30.398228    0.0000002707
   -3.374601     42.557519    0.0000005273
   -3.374601     54.716810    0.0000008646
   -3.374601     66.876101    0.0000012784
   -3.374601     79.035392    0.0000017634
   -3.374601     91.194683    0.0000023133

    3.374601    -91.194683    0.0000023133
    3.374601    -79.035392    0.0000017634
    3.374601    -66.876101    0.0000012784
    3.374601    -54.716810    0.0000008646
    3.374601    -42.557519    0.0000005273
    3.374601    -30.398228    0.0000002707
    3.374601    -18.238937    0.0000000978
    3.374601     -6.079646    0.0000000109
    3.374601      6.079646    0.0000000109
    3.374601     18.238937    0.0000000978
    3.374601     30.398228    0.0000002707
    3.374601     42.557519    0.0000005273
    3.374601     54.716810    0.0000008646
    3.374601     66.876101    0.0000012784
    3.374601     79.035392    0.0000017634
    3.374601     91.194683    0.0000023133

   10.123804    -91.194683    0.0000207180
   10.123804    -79.035392    0.0000157925
   10.123804    -66.876101    0.0000114488
   10.123804    -54.716810    0.0000077432
   10.123804    -42.557519    0.0000047224
   10.123804    -30.398228    0.0000024240
   10.123804    -18.238937    0.0000008762
   10.123804     -6.079646    0.0000000975
   10.123804      6.079646    0.0000000975
   10.123804     18.238937    0.0000008762
   10.123804     30.398228    0.0000024240
   10.123804     42.557519    0.0000047224
   10.123804     54.716810    0.0000077432
   10.123804     66.876101    0.0000114488
   10.123804     79.035392    0.0000157925
   10.123804     91.194683    0.0000207180

   16.873006    -91.194683    0.0000569827
   16.873006    -79.035392    0.0000434341
   16.873006    -66.876101    0.0000314867
   16.873006    -54.716810    0.0000212949
   16.873006    -42.557519    0.0000129871
   16.873006    -30.398228    0.0000066662
   16.873006    -18.238937    0.0000024095
   16.873006     -6.079646    0.0000002683
   16.873006      6.079646    0.0000002683
   16.873006     18.238937    0.0000024095
   16.873006     30.398228    0.0000066662
   16.873006     42.557519    0.0000129871
   16.873006     54.716810    0.0000212949
   16.873006     66.876101    0.0000314867
   16.873006     79.035392    0.0000434341
   16.873006     91.194683    0.0000569827

   23.622208    -91.194683    0.0001100181
   23.622208    -79.035392    0.0000838548
   23.622208    -66.876101    0.0000607862
   23.622208    -54.716810    0.0000411089
   23.622208    -42.557519    0.0000250703
   23.622208    -30.398228    0.0000128683
   23.622208    -18.238937    0.0000046511
   23.622208     -6.079646    0.0000005178
   23.622208      6.079646    0.0000005178
   23.622208     18.238937    0.0000046511
   23.622208     30.398228    0.0000128683
   23.622208     42.557519    0.0000250703
   23.622208     54.716810    0.0000411089
   23.622208     66.876101    0.0000607862
   23.622208     79.035392    0.0000838548
   23.622208     91.194683    0.0001100181

   30.371411    -91.194683    0.0001781905
   30.371411    -79.035392    0.0001358048
   30.371411    -66.876101    0.0000984384
   30.371411    -54.716810    0.0000665691
   30.371411    -42.557519    0.0000405956
   30.371411    -30.398228    0.0000208366
   30.371411    -18.238937    0.0000075310
   30.371411     -6.079646    0.0000008384
   30.371411      6.079646    0.0000008384
   30.371411     18.238937    0.0000075310
   30.371411     30.398228    0.0000208366
   30.371411     42.557519    0.0000405956
   30.371411     54.716810    0.0000665691
   30.371411     66.876101    0.0000984384
   30.371411     79.035392    0.0001358048
   30.371411     91.194683    0.0001781905

   37.120613    -91.194683    0.0002593212
   37.120613    -79.035392    0.0001976175
   37.120613    -66.876101    0.0001432315
   37.120613    -54.716810    0.0000968540
   37.120613    -42.557519    0.0000590610
   37.120613    -30.398228    0.0000303131
   37.120613    -18.238937    0.0000109559
   37.120613     -6.079646    0.0000012197
   37.120613      6.079646    0.0000012197
   37.120613     18.238937    0.0000109559
   37.120613     30.398228    0.0000303131
   37.120613     42.557519    0.0000590610
   37.120613     54.716810    0.0000968540
   37.120613     66.876101    0.0001432315
   37.120613     79.035392    0.0001976175
   37.120613     91.194683    0.0002593212

   43.869816    -91.194683    0.0003506871
   43.869816    -79.035392    0.0002672097
   43.869816    -66.876101    0.0001936507
   43.869816    -54.716810    0.0001309365
   43.869816    -42.557519    0.0000798388
   43.869816    -30.398228    0.0000409753
   43.869816    -18.238937    0.0000148090
   43.869816     -6.079646    0.0000016487
   43.869816      6.079646    0.0000016487
   43.869816     18.238937    0.0000148090
   43.869816     30.398228    0.0000409753
   43.869816     42.557519    0.0000798388
   43.869816     54.716810    0.0001309365
   43.869816     66.876101    0.0001936507
   43.869816     79.035392    0.0002672097
   43.869816     91.194683    0.0003506871

   50.619018    -91.194683    0.0004490206
   50.619018    -79.035392    0.0003420815
   50.619018    -66.876101    0.0002478784
   50.619018    -54.716810    0.0001675843
   50.619018    -42.557519    0.0001021762
   50.619018    -30.398228    0.0000524361
   50.619018    -18.238937    0.0000189503
   50.619018     -6.079646    0.0000021097
   50.619018      6.079646    0.0000021097
   50.619018     18.238937    0.0000189503
   50.619018     30.398228    0.0000524361
   50.619018     42.557519    0.0001021762
   50.619018     54.716810    0.0001675843
   50.619018     66.876101    0.0002478784
   50.619018     79.035392    0.0003420815
   50.619018     91.194683    0.0004490206

