  -42.952389    -62.630025    0.0041395628
  -42.952389    -54.279355    0.0036485405
  -42.952389    -45.928685    0.0031347370
  -42.952389    -37.578015    0.0026003823
  -42.952389    -29.227345    0.0020476916
  -42.952389    -20.876675    0.0014788499
  -42.952389    -12.526005    0.0008959988
  -42.952389     -4.175335    0.0003012245
  -42.952389      4.175335   -0.0003034538
  -42.952389     12.526005   -0.0009160928
  -42.952389     20.876675   -0.0015348338
  -42.952389     29.227345   -0.0021579091
  -42.952389     37.578015   -0.0027836482
  -42.952389     45.928685   -0.0034104817
  -42.952389     54.279355   -0.0040369444
  -42.952389     62.630025   -0.0046616768

  -37.225404    -62.630025    0.0030669870
  -37.225404    -54.279355    0.0027038031
  -37.225404    -45.928685    0.0023234719
  -37.225404    -37.578015    0.0019277219
  -37.225404    -29.227345    0.0015182332
  -37.225404    -20.876675    0.0010966394
  -37.225404    -12.526005    0.0006645283
  -37.225404     -4.175335    0.0002234412
  -37.225404      4.175335   -0.0002251294
  -37.225404     12.526005   -0.0006797421
  -37.225404     20.876675   -0.0011390120
  -37.225404     29.227345   -0.0016016154
  -37.225404     37.578015   -0.0020662974
  -37.225404     45.928685   -0.0025318796
  -37.225404     54.279355   -0.0029972693
  -37.225404     62.630025   -0.0034614705

  -31.498419    -62.630025    0.0021701538
  -31.498419    -54.279355    0.0019134777
  -31.498419    -45.928685    0.0016445995
  -31.498419    -37.578015    0.0013647122
  -31.498419    -29.227345    0.0010749931
  -31.498419    -20.876675    0.0007765985
  -31.498419    -12.526005    0.0004706590
  -31.498419     -4.175335    0.0001582747
  -31.498419      4.175335   -0.0001594894
  -31.498419     12.526005   -0.0004816069
  -31.498419     20.876675   -0.0008070941
  -31.498419     29.227345   -0.0011350132
  -31.498419     37.578015   -0.0014644756
  -31.498419     45.928685   -0.0017946444
  -31.498419     54.279355   -0.0021247372
  -31.498419     62.630025   -0.0024540281

  -25.771434    -62.630025    0.0014384913
  -25.771434    -54.279355    0.0012684916
  -25.771434    -45.928685    0.0010904112
  -25.771434    -37.578015    0.0009049873
  -25.771434    -29.227345    0.0007129770
  -25.771434    -20.876675    0.0005151428
  -25.771434    -12.526005    0.0003122411
  -25.771434     -4.175335    0.0001050122
  -25.771434      4.175335   -0.0001058276
  -25.771434     12.526005   -0.0003195916
  -25.771434     20.876675   -0.0005356263
  -25.771434     29.227345   -0.0007533129
  -25.771434     37.578015   -0.0009720668
  -25.771434     45.928685   -0.0011913348
  -25.771434     54.279355   -0.0014105906
  -25.771434     62.630025   -0.0016293277

  -20.044448    -62.630025    0.0008633390
  -20.044448    -54.279355    0.0007613643
  -20.044448    -45.928685    0.0006545618
  -20.044448    -37.578015    0.0005433333
  -20.044448    -29.227345    0.0004281151
  -20.044448    -20.876675    0.0003093614
  -20.044448    -12.526005    0.0001875306
  -20.044448     -4.175335    0.0000630749
  -20.044448      4.175335   -0.0000635688
  -20.044448     12.526005   -0.0001919842
  -20.044448     20.876675   -0.0003217786
  -20.044448     29.227345   -0.0004525834
  -20.044448     37.578015   -0.0005840517
  -20.044448     45.928685   -0.0007158536
  -20.044448     54.279355   -0.0008476685
  -20.044448     62.630025   -0.0009791748

  -14.317463    -62.630025    0.0004378661
  -14.317463    -54.279355    0.0003861636
  -14.317463    -45.928685    0.0003320264
  -14.317463    -37.578015    0.0002756385
  -14.317463    -29.227345    0.0002172120
  -14.317463    -20.876675    0.0001569755
  -14.317463    -12.526005    0.0000951638
  -14.317463     -4.175335    0.0000320097
  -14.317463      4.175335   -0.0000322618
  -14.317463     12.526005   -0.0000974377
  -14.317463     20.876675   -0.0001633186
  -14.317463     29.227345   -0.0002297191
  -14.317463     37.578015   -0.0002964654
  -14.317463     45.928685   -0.0003633914
  -14.317463     54.279355   -0.0004303322
  -14.317463     62.630025   -0.0004971165

   -8.590478    -62.630025    0.0001570067
   -8.590478    -54.279355    0.0001384710
   -8.590478    -45.928685    0.0001190665
   -8.590478    -37.578015    0.0000988537
   -8.590478    -29.227345    0.0000779062
   -8.590478    -20.876675    0.0000563054
   -8.590478    -12.526005    0.0000341360
   -8.590478     -4.175335    0.0000114826
   -8.590478      4.175335   -0.0000115733
   -8.590478     12.526005   -0.0000349548
   -8.590478     20.876675   -0.0000585904
   -8.590478     29.227345   -0.0000824139
   -8.590478     37.578015   -0.0001063638
   -8.590478     45.928685   -0.0001303807
   -8.590478     54.279355   -0.0001544051
   -8.590478     62.630025   -0.0001783731

   -2.863493    -62.630025    0.0000174105
   -2.863493    -54.279355    0.0000153553
   -2.863493    -45.928685    0.0000132039
   -2.863493    -37.578015    0.0000109629
   -2.863493    -29.227345    0.0000086402
   -2.863493    -20.876675    0.0000062448
   -2.863493    -12.526005    0.0000037861
   -2.863493     -4.175335    0.0000012736
   -2.863493      4.175335   -0.0000012837
   -2.863493     12.526005   -0.0000038771
   -2.863493     20.876675   -0.0000064987
   -2.863493     29.227345   -0.0000091413
   -2.863493     37.578015   -0.0000117980
   -2.863493     45.928685   -0.0000144623
   -2.863493     54.279355   -0.0000171276
   -2.863493     62.630025   -0.0000197866

    2.863493    -62.630025    0.0000174105
    2.863493    -54.279355    0.0000153553
    2.863493    -45.928685    0.0000132039
    2.863493    -37.578015    0.0000109629
    2.863493    -29.227345    0.0000086402
    2.863493    -20.876675    0.0000062448
    2.863493    -12.526005    0.0000037861
    2.863493     -4.175335    0.0000012736
    2.863493      4.175335   -0.0000012837
    2.863493     12.526005   -0.0000038771
    2.863493     20.876675   -0.0000064987
    2.863493     29.227345   -0.0000091413
    2.863493     37.578015   -0.0000117980
    2.863493     45.928685   -0.0000144623
    2.863493     54.279355   -0.0000171276
    2.863493     62.630025   -0.0000197866

    8.590478    -62.630025    0.0001570067
    8.590478    -54.279355    0.0001384710
    8.590478    -45.928685    0.0001190665
    8.590478    -37.578015    0.0000988537
    8.590478    -29.227345    0.0000779062
    8.590478    -20.876675    0.0000563054
    8.590478    -12.526005    0.0000341360
    8.590478     -4.175335    0.0000114826
    8.590478      4.175335   -0.0000115733
    8.590478     12.526005   -0.0000349548
    8.590478     20.876675   -0.0000585904
    8.590478     29.227345   -0.0000824139
    8.590478     37.578015   -0.0001063638
    8.590478     45.928685   -0.0001303807
    8.590478     54.279355   -0.0001544051
    8.590478     62.630025   -0.0001783731

   14.317463    -62.630025    0.0004378661
   14.317463    -54.279355    0.0003861636
   14.317463    -45.928685    0.0003320264
   14.317463    -37.578015    0.0002756385
   14.317463    -29.227345    0.0002172120
   14.317463    -20.876675    0.0001569755
   14.317463    -12.526005    0.0000951638
   14.317463     -4.175335    0.0000320097
   14.317463      4.175335   -0.0000322618
   14.317463     12.526005   -0.0000974377
   14.317463     20.876675   -0.0001633186
   14.317463     29.227345   -0.0002297191
   14.317463     37.578015   -0.0002964654
   14.317463     45.928685   -0.0003633914
   14.317463     54.279355   -0.0004303322
   14.317463     62.630025   -0.0004971165

   20.044448    -62.630025    0.0008633390
   20.044448    -54.279355    0.0007613643
   20.044448    -45.928685    0.0006545618
   20.044448    -37.578015    0.0005433333
   20.044448    -29.227345    0.0004281151
   20.044448    -20.876675    0.0003093614
   20.044448    -12.526005    0.0001875306
   20.044448     -4.175335    0.0000630749
   20.044448      4.175335   -0.0000635688
   20.044448     12.526005   -0.0001919842
   20.044448     20.876675   -0.0003217786
   20.044448     29.227345   -0.0004525834
   20.044448     37.578015   -0.0005840517
   20.044448     45.928685   -0.0007158536
   20.044448     54.279355   -0.0008476685
   20.044448     62.630025   -0.0009791748

   25.771434    -62.630025    0.0014384913
   25.771434    -54.279355    0.0012684916
   25.771434    -45.928685    0.0010904112
   25.771434    -37.578015    0.0009049873
   25.771434    -29.227345    0.0007129770
   25.771434    -20.876675    0.0005151428
   25.771434    -12.526005    0.0003122411
   25.771434     -4.175335    0.0001050122
   25.771434      4.175335   -0.0001058276
   25.771434     12.526005   -0.0003195916
   25.771434     20.876675   -0.0005356263
   25.771434     29.227345   -0.0007533129
   25.771434     37.578015   -0.0009720668
   25.771434     45.928685   -0.0011913348
   25.771434     54.279355   -0.0014105906
   25.771434     62.630025   -0.0016293277

   31.498419    -62.630025    0.0021701538
   31.498419    -54.279355    0.0019134777
   31.498419    -45.928685    0.0016445995
   31.498419    -37.578015    0.0013647122
   31.498419    -29.227345    0.0010749931
   31.498419    -20.876675    0.0007765985
   31.498419    -12.526005    0.0004706590
   31.498419     -4.175335    0.0001582747
   31.498419      4.175335   -0.0001594894
   31.498419     12.526005   -0.0004816069
   31.498419     20.876675   -0.0008070941
   31.498419     29.227345   -0.0011350132
   31.498419     37.578015   -0.0014644756
   31.498419     45.928685   -0.0017946444
   31.498419     54.279355   -0.0021247372
   31.498419     62.630025   -0.0024540281

   37.225404    -62.630025    0.0030669870
   37.225404    -54.279355    0.0027038031
   37.225404    -45.928685    0.0023234719
   37.225404    -37.578015    0.0019277219
   37.225404    -29.227345    0.0015182332
   37.225404    -20.876675    0.0010966394
   37.225404    -12.526005    0.0006645283
   37.225404     -4.175335    0.0002234412
   37.225404      4.175335   -0.0002251294
   37.225404     12.526005   -0.0006797421
   37.225404     20.876675   -0.0011390120
   37.225404     29.227345   -0.0016016154
   37.225404     37.578015   -0.0020662974
   37.225404     45.928685   -0.0025318796
   37.225404     54.279355   -0.0029972693
   37.225404     62.630025   -0.0034614705

   42.952389    -62.630025    0.0041395628
   42.952389    -54.279355    0.0036485405
   42.952389    -45.928685    0.0031347370
   42.952389    -37.578015    0.0026003823
   42.952389    -29.227345    0.0020476916
   42.952389    -20.876675    0.0014788499
   42.952389    -12.526005    0.0008959988
   42.952389     -4.175335    0.0003012245
   42.952389      4.175335   -0.0003034538
   42.952389     12.526005   -0.0009160928
   42.952389     20.876675   -0.0015348338
   42.952389     29.227345   -0.0021579091
   42.952389     37.578015   -0.0027836482
   42.952389     45.928685   -0.0034104817
   42.952389     54.279355   -0.0040369444
   42.952389     62.630025   -0.0046616768

