  -35.358766    -62.630025   -0.0001671748
  -35.358766    -54.279355   -0.0000955363
  -35.358766    -45.928685   -0.0000386521
  -35.358766    -37.578015    0.0000031396
  -35.358766    -29.227345    0.0000295927
  -35.358766    -20.876675    0.0000405533
  -35.358766    -12.526005    0.0000359602
  -35.358766     -4.175335    0.0000158442
  -35.358766      4.175335   -0.0000196715
  -35.358766     12.526005   -0.0000703713
  -35.358766     20.876675   -0.0001359474
  -35.358766     29.227345   -0.0002159997
  -35.358766     37.578015   -0.0003100355
  -35.358766     45.928685   -0.0004174702
  -35.358766     54.279355   -0.0005376265
  -35.358766     62.630025   -0.0006697351

  -30.644264    -62.630025   -0.0000924198
  -30.644264    -54.279355   -0.0000440326
  -30.644264    -45.928685   -0.0000064404
  -30.644264    -37.578015    0.0000201160
  -30.644264    -29.227345    0.0000354635
  -30.644264    -20.876675    0.0000394968
  -30.644264    -12.526005    0.0000321783
  -30.644264     -4.175335    0.0000135380
  -30.644264      4.175335   -0.0000163265
  -30.644264     12.526005   -0.0000572495
  -30.644264     20.876675   -0.0001089981
  -30.644264     29.227345   -0.0001712712
  -30.644264     37.578015   -0.0002437006
  -30.644264     45.928685   -0.0003258497
  -30.644264     54.279355   -0.0004172149
  -30.644264     62.630025   -0.0005172244

  -25.929762    -62.630025   -0.0000458283
  -25.929762    -54.279355   -0.0000145111
  -25.929762    -45.928685    0.0000092531
  -25.929762    -37.578015    0.0000253004
  -25.929762    -29.227345    0.0000335140
  -25.929762    -20.876675    0.0000338246
  -25.929762    -12.526005    0.0000262106
  -25.929762     -4.175335    0.0000106976
  -25.929762      4.175335   -0.0000126412
  -25.929762     12.526005   -0.0000436851
  -25.929762     20.876675   -0.0000822662
  -25.929762     29.227345   -0.0001281687
  -25.929762     37.578015   -0.0001811298
  -25.929762     45.928685   -0.0002408389
  -25.929762     54.279355   -0.0003069381
  -25.929762     62.630025   -0.0003790219

  -21.215260    -62.630025   -0.0000193305
  -21.215260    -54.279355   -0.0000002221
  -21.215260    -45.928685    0.0000139285
  -21.215260    -37.578015    0.0000230160
  -21.215260    -29.227345    0.0000269664
  -21.215260    -20.876675    0.0000257367
  -21.215260    -12.526005    0.0000193153
  -21.215260     -4.175335    0.0000077217
  -21.215260      4.175335   -0.0000089933
  -21.215260     12.526005   -0.0000307477
  -21.215260     20.876675   -0.0000574283
  -21.215260     29.227345   -0.0000888908
  -21.215260     37.578015   -0.0001249596
  -21.215260     45.928685   -0.0001654279
  -21.215260     54.279355   -0.0002100576
  -21.215260     62.630025   -0.0002585796

  -16.500757    -62.630025   -0.0000062020
  -16.500757    -54.279355    0.0000044593
  -16.500757    -45.928685    0.0000121689
  -16.500757    -37.578015    0.0000168654
  -16.500757    -29.227345    0.0000185059
  -16.500757    -20.876675    0.0000170663
  -16.500757    -12.526005    0.0000125408
  -16.500757     -4.175335    0.0000049424
  -16.500757      4.175335   -0.0000056973
  -16.500757     12.526005   -0.0000193282
  -16.500757     20.876675   -0.0000358815
  -16.500757     29.227345   -0.0000552698
  -16.500757     37.578015   -0.0000773871
  -16.500757     45.928685   -0.0001021088
  -16.500757     54.279355   -0.0001292916
  -16.500757     62.630025   -0.0001587738

  -11.786255    -62.630025   -0.0000010628
  -11.786255    -54.279355    0.0000040329
  -11.786255    -45.928685    0.0000076409
  -11.786255    -37.578015    0.0000097306
  -11.786255    -29.227345    0.0000102810
  -11.786255    -20.876675    0.0000092802
  -11.786255    -12.526005    0.0000067260
  -11.786255     -4.175335    0.0000026254
  -11.786255      4.175335   -0.0000030051
  -11.786255     12.526005   -0.0000101398
  -11.786255     20.876675   -0.0000187435
  -11.786255     29.227345   -0.0000287715
  -11.786255     37.578015   -0.0000401698
  -11.786255     45.928685   -0.0000528750
  -11.786255     54.279355   -0.0000668145
  -11.786255     62.630025   -0.0000819060

   -7.071753    -62.630025    0.0000001217
   -7.071753    -54.279355    0.0000018737
   -7.071753    -45.928685    0.0000030945
   -7.071753    -37.578015    0.0000037732
   -7.071753    -29.227345    0.0000039025
   -7.071753    -20.876675    0.0000034784
   -7.071753    -12.526005    0.0000025000
   -7.071753     -4.175335    0.0000009701
   -7.071753      4.175335   -0.0000011054
   -7.071753     12.526005   -0.0000037172
   -7.071753     20.876675   -0.0000068524
   -7.071753     29.227345   -0.0000104951
   -7.071753     37.578015   -0.0000146259
   -7.071753     45.928685   -0.0000192219
   -7.071753     54.279355   -0.0000242571
   -7.071753     62.630025   -0.0000297019

   -2.357251    -62.630025    0.0000000415
   -2.357251    -54.279355    0.0000002316
   -2.357251    -45.928685    0.0000003629
   -2.357251    -37.578015    0.0000004343
   -2.357251    -29.227345    0.0000004448
   -2.357251    -20.876675    0.0000003941
   -2.357251    -12.526005    0.0000002821
   -2.357251     -4.175335    0.0000001092
   -2.357251      4.175335   -0.0000001241
   -2.357251     12.526005   -0.0000004167
   -2.357251     20.876675   -0.0000007672
   -2.357251     29.227345   -0.0000011738
   -2.357251     37.578015   -0.0000016343
   -2.357251     45.928685   -0.0000021462
   -2.357251     54.279355   -0.0000027066
   -2.357251     62.630025   -0.0000033122

    2.357251    -62.630025    0.0000000415
    2.357251    -54.279355    0.0000002316
    2.357251    -45.928685    0.0000003629
    2.357251    -37.578015    0.0000004343
    2.357251    -29.227345    0.0000004448
    2.357251    -20.876675    0.0000003941
    2.357251    -12.526005    0.0000002821
    2.357251     -4.175335    0.0000001092
    2.357251      4.175335   -0.0000001241
    2.357251     12.526005   -0.0000004167
    2.357251     20.876675   -0.0000007672
    2.357251     29.227345   -0.0000011738
    2.357251     37.578015   -0.0000016343
    2.357251     45.928685   -0.0000021462
    2.357251     54.279355   -0.0000027066
    2.357251     62.630025   -0.0000033122

    7.071753    -62.630025    0.0000001217
    7.071753    -54.279355    0.0000018737
    7.071753    -45.928685    0.0000030945
    7.071753    -37.578015    0.0000037732
    7.071753    -29.227345    0.0000039025
    7.071753    -20.876675    0.0000034784
    7.071753    -12.526005    0.0000025000
    7.071753     -4.175335    0.0000009701
    7.071753      4.175335   -0.0000011054
    7.071753     12.526005   -0.0000037172
    7.071753     20.876675   -0.0000068524
    7.071753     29.227345   -0.0000104951
    7.071753     37.578015   -0.0000146259
    7.071753     45.928685   -0.0000192219
    7.071753     54.279355   -0.0000242571
    7.071753     62.630025   -0.0000297019

   11.786255    -62.630025   -0.0000010628
   11.786255    -54.279355    0.0000040329
   11.786255    -45.928685    0.0000076409
   11.786255    -37.578015    0.0000097306
   11.786255    -29.227345    0.0000102810
   11.786255    -20.876675    0.0000092802
   11.786255    -12.526005    0.0000067260
   11.786255     -4.175335    0.0000026254
   11.786255      4.175335   -0.0000030051
   11.786255     12.526005   -0.0000101398
   11.786255     20.876675   -0.0000187435
   11.786255     29.227345   -0.0000287715
   11.786255     37.578015   -0.0000401698
   11.786255     45.928685   -0.0000528750
   11.786255     54.279355   -0.0000668145
   11.786255     62.630025   -0.0000819060

   16.500757    -62.630025   -0.0000062020
   16.500757    -54.279355    0.0000044593
   16.500757    -45.928685    0.0000121689
   16.500757    -37.578015    0.0000168654
   16.500757    -29.227345    0.0000185059
   16.500757    -20.876675    0.0000170663
   16.500757    -12.526005    0.0000125408
   16.500757     -4.175335    0.0000049424
   16.500757      4.175335   -0.0000056973
   16.500757     12.526005   -0.0000193282
   16.500757     20.876675   -0.0000358815
   16.500757     29.227345   -0.0000552698
   16.500757     37.578015   -0.0000773871
   16.500757     45.928685   -0.0001021088
   16.500757     54.279355   -0.0001292916
   16.500757     62.630025   -0.0001587738

   21.215260    -62.630025   -0.0000193305
   21.215260    -54.279355   -0.0000002221
   21.215260    -45.928685    0.0000139285
   21.215260    -37.578015    0.0000230160
   21.215260    -29.227345    0.0000269664
   21.215260    -20.876675    0.0000257367
   21.215260    -12.526005    0.0000193153
   21.215260     -4.175335    0.0000077217
   21.215260      4.175335   -0.0000089933
   21.215260     12.526005   -0.0000307477
   21.215260     20.876675   -0.0000574283
   21.215260     29.227345   -0.0000888908
   21.215260     37.578015   -0.0001249596
   21.215260     45.928685   -0.0001654279
   21.215260     54.279355   -0.0002100576
   21.215260     62.630025   -0.0002585796

   25.929762    -62.630025   -0.0000458283
   25.929762    -54.279355   -0.0000145111
   25.929762    -45.928685    0.0000092531
   25.929762    -37.578015    0.0000253004
   25.929762    -29.227345    0.0000335140
   25.929762    -20.876675    0.0000338246
   25.929762    -12.526005    0.0000262106
   25.929762     -4.175335    0.0000106976
   25.929762      4.175335   -0.0000126412
   25.929762     12.526005   -0.0000436851
   25.929762     20.876675   -0.0000822662
   25.929762     29.227345   -0.0001281687
   25.929762     37.578015   -0.0001811298
   25.929762     45.928685   -0.0002408389
   25.929762     54.279355   -0.0003069381
   25.929762     62.630025   -0.0003790219

   30.644264    -62.630025   -0.0000924198
   30.644264    -54.279355   -0.0000440326
   30.644264    -45.928685   -0.0000064404
   30.644264    -37.578015    0.0000201160
   30.644264    -29.227345    0.0000354635
   30.644264    -20.876675    0.0000394968
   30.644264    -12.526005    0.0000321783
   30.644264     -4.175335    0.0000135380
   30.644264      4.175335   -0.0000163265
   30.644264     12.526005   -0.0000572495
   30.644264     20.876675   -0.0001089981
   30.644264     29.227345   -0.0001712712
   30.644264     37.578015   -0.0002437006
   30.644264     45.928685   -0.0003258497
   30.644264     54.279355   -0.0004172149
   30.644264     62.630025   -0.0005172244

   35.358766    -62.630025   -0.0001671748
   35.358766    -54.279355   -0.0000955363
   35.358766    -45.928685   -0.0000386521
   35.358766    -37.578015    0.0000031396
   35.358766    -29.227345    0.0000295927
   35.358766    -20.876675    0.0000405533
   35.358766    -12.526005    0.0000359602
   35.358766     -4.175335    0.0000158442
   35.358766      4.175335   -0.0000196715
   35.358766     12.526005   -0.0000703713
   35.358766     20.876675   -0.0001359474
   35.358766     29.227345   -0.0002159997
   35.358766     37.578015   -0.0003100355
   35.358766     45.928685   -0.0004174702
   35.358766     54.279355   -0.0005376265
   35.358766     62.630025   -0.0006697351

