  -42.952389    -96.008735    0.0392639815
  -42.952389    -81.238160    0.0371973149
  -42.952389    -66.467585    0.0355726775
  -42.952389    -51.697011    0.0343248367
  -42.952389    -36.926436    0.0333977579
  -42.952389    -22.155862    0.0327432849
  -42.952389     -7.385287    0.0323200276
  -42.952389      7.385287    0.0320924218
  -42.952389     22.155862    0.0320299310
  -42.952389     36.926436    0.0321063657
  -42.952389     51.697011    0.0322993004
  -42.952389     66.467585    0.0325895746
  -42.952389     81.238160    0.0329608672
  -42.952389     96.008735    0.0333993426
  -42.952389    110.779309    0.0338933665
  -42.952389    125.549884    0.0344333005

  -37.225404    -96.008735    0.0308284115
  -37.225404    -81.238160    0.0287978423
  -37.225404    -66.467585    0.0272129682
  -37.225404    -51.697011    0.0260083951
  -37.225404    -36.926436    0.0251279025
  -37.225404    -22.155862    0.0245231416
  -37.225404     -7.385287    0.0241525357
  -37.225404      7.385287    0.0239803483
  -37.225404     22.155862    0.0239758898
  -37.225404     36.926436    0.0241128371
  -37.225404     51.697011    0.0243686467
  -37.225404     66.467585    0.0247240482
  -37.225404     81.238160    0.0251626069
  -37.225404     96.008735    0.0256703531
  -37.225404    110.779309    0.0262354787
  -37.225404    125.549884    0.0268481068

  -31.498419    -96.008735    0.0236624986
  -31.498419    -81.238160    0.0216635805
  -31.498419    -66.467585    0.0201135327
  -31.498419    -51.697011    0.0189467467
  -31.498419    -36.926436    0.0181068217
  -31.498419    -22.155862    0.0175452513
  -31.498419     -7.385287    0.0172203153
  -31.498419      7.385287    0.0170961418
  -31.498419     22.155862    0.0171419102
  -31.498419     36.926436    0.0173311697
  -31.498419     51.697011    0.0176412539
  -31.498419     66.467585    0.0180527776
  -31.498419     81.238160    0.0185492060
  -31.498419     96.008735    0.0191164929
  -31.498419    110.779309    0.0197427876
  -31.498419    125.549884    0.0204182193

  -25.771434    -96.008735    0.0177362952
  -25.771434    -81.238160    0.0157642706
  -25.771434    -66.467585    0.0142437432
  -25.771434    -51.697011    0.0131089175
  -25.771434    -36.926436    0.0123032400
  -25.771434    -22.155862    0.0117780737
  -25.771434     -7.385287    0.0114915805
  -25.771434      7.385287    0.0114077770
  -25.771434     22.155862    0.0114957330
  -25.771434     36.926436    0.0117288893
  -25.771434     51.697011    0.0120844743
  -25.771434     66.467585    0.0125430050
  -25.771434     81.238160    0.0130878634
  -25.771434     96.008735    0.0137049450
  -25.771434    110.779309    0.0143823788
  -25.771434    125.549884    0.0151103270

  -20.044448    -96.008735    0.0130249646
  -20.044448    -81.238160    0.0110748026
  -20.044448    -66.467585    0.0095782038
  -20.044448    -51.697011    0.0084692421
  -20.044448    -36.926436    0.0076912470
  -20.044448    -22.155862    0.0071954752
  -20.044448     -7.385287    0.0069399902
  -20.044448      7.385287    0.0068887157
  -20.044448     22.155862    0.0070106334
  -20.044448     36.926436    0.0072791003
  -20.044448     51.697011    0.0076712656
  -20.044448     66.467585    0.0081675730
  -20.044448     81.238160    0.0087513396
  -20.044448     96.008735    0.0094084064
  -20.044448    110.779309    0.0101268628
  -20.044448    125.549884    0.0108968501

  -14.317463    -96.008735    0.0095087155
  -14.317463    -81.238160    0.0075751574
  -14.317463    -66.467585    0.0060966809
  -14.317463    -51.697011    0.0050072838
  -14.317463    -36.926436    0.0042502144
  -14.317463    -22.155862    0.0037766476
  -14.317463     -7.385287    0.0035445678
  -14.317463      7.385287    0.0035178252
  -14.317463     22.155862    0.0036653350
  -14.317463     36.926436    0.0039603949
  -14.317463     51.697011    0.0043801009
  -14.317463     66.467585    0.0049048479
  -14.317463     81.238160    0.0055179054
  -14.317463     96.008735    0.0062050638
  -14.317463    110.779309    0.0069543536
  -14.317463    125.549884    0.0077558425

   -8.590478    -96.008735    0.0071727502
   -8.590478    -81.238160    0.0052503614
   -8.590478    -66.467585    0.0037840478
   -8.590478    -51.697011    0.0027077710
   -8.590478    -36.926436    0.0019647295
   -8.590478    -22.155862    0.0015060420
   -8.590478     -7.385287    0.0012896369
   -8.590478      7.385287    0.0012793130
   -8.590478     22.155862    0.0014439410
   -8.590478     36.926436    0.0017567810
   -8.590478     51.697011    0.0021948980
   -8.590478     66.467585    0.0027386582
   -8.590478     81.238160    0.0033713001
   -8.590478     96.008735    0.0040785740
   -8.590478    110.779309    0.0048484517
   -8.590478    125.549884    0.0056709132

   -2.863493    -96.008735    0.0060072251
   -2.863493    -81.238160    0.0040904513
   -2.863493    -66.467585    0.0026302431
   -2.863493    -51.697011    0.0015605493
   -2.863493    -36.926436    0.0008245448
   -2.863493    -22.155862    0.0003733197
   -2.863493     -7.385287    0.0001647734
   -2.863493      7.385287    0.0001626781
   -2.863493     22.155862    0.0003358820
   -2.863493     36.926436    0.0006576274
   -2.863493     51.697011    0.0011049650
   -2.863493     66.467585    0.0016582483
   -2.863493     81.238160    0.0023007006
   -2.863493     96.008735    0.0030180497
   -2.863493    110.779309    0.0037982311
   -2.863493    125.549884    0.0046311672

    2.863493    -96.008735    0.0060072251
    2.863493    -81.238160    0.0040904513
    2.863493    -66.467585    0.0026302431
    2.863493    -51.697011    0.0015605493
    2.863493    -36.926436    0.0008245448
    2.863493    -22.155862    0.0003733197
    2.863493     -7.385287    0.0001647734
    2.863493      7.385287    0.0001626781
    2.863493     22.155862    0.0003358820
    2.863493     36.926436    0.0006576274
    2.863493     51.697011    0.0011049650
    2.863493     66.467585    0.0016582483
    2.863493     81.238160    0.0023007006
    2.863493     96.008735    0.0030180497
    2.863493    110.779309    0.0037982311
    2.863493    125.549884    0.0046311672

    8.590478    -96.008735    0.0071727502
    8.590478    -81.238160    0.0052503614
    8.590478    -66.467585    0.0037840478
    8.590478    -51.697011    0.0027077710
    8.590478    -36.926436    0.0019647295
    8.590478    -22.155862    0.0015060420
    8.590478     -7.385287    0.0012896369
    8.590478      7.385287    0.0012793130
    8.590478     22.155862    0.0014439410
    8.590478     36.926436    0.0017567810
    8.590478     51.697011    0.0021948980
    8.590478     66.467585    0.0027386582
    8.590478     81.238160    0.0033713001
    8.590478     96.008735    0.0040785740
    8.590478    110.779309    0.0048484517
    8.590478    125.549884    0.0056709132

   14.317463    -96.008735    0.0095087155
   14.317463    -81.238160    0.0075751574
   14.317463    -66.467585    0.0060966809
   14.317463    -51.697011    0.0050072838
   14.317463    -36.926436    0.0042502144
   14.317463    -22.155862    0.0037766476
   14.317463     -7.385287    0.0035445678
   14.317463      7.385287    0.0035178252
   14.317463     22.155862    0.0036653350
   14.317463     36.926436    0.0039603949
   14.317463     51.697011    0.0043801009
   14.317463     66.467585    0.0049048479
   14.317463     81.238160    0.0055179054
   14.317463     96.008735    0.0062050638
   14.317463    110.779309    0.0069543536
   14.317463    125.549884    0.0077558425

   20.044448    -96.008735    0.0130249646
   20.044448    -81.238160    0.0110748026
   20.044448    -66.467585    0.0095782038
   20.044448    -51.697011    0.0084692421
   20.044448    -36.926436    0.0076912470
   20.044448    -22.155862    0.0071954752
   20.044448     -7.385287    0.0069399902
   20.044448      7.385287    0.0068887157
   20.044448     22.155862    0.0070106334
   20.044448     36.926436    0.0072791003
   20.044448     51.697011    0.0076712656
   20.044448     66.467585    0.0081675730
   20.044448     81.238160    0.0087513396
   20.044448     96.008735    0.0094084064
   20.044448    110.779309    0.0101268628
   20.044448    125.549884    0.0108968501

   25.771434    -96.008735    0.0177362952
   25.771434    -81.238160    0.0157642706
   25.771434    -66.467585    0.0142437432
   25.771434    -51.697011    0.0131089175
   25.771434    -36.926436    0.0123032400
   25.771434    -22.155862    0.0117780737
   25.771434     -7.385287    0.0114915805
   25.771434      7.385287    0.0114077770
   25.771434     22.155862    0.0114957330
   25.771434     36.926436    0.0117288893
   25.771434     51.697011    0.0120844743
   25.771434     66.467585    0.0125430050
   25.771434     81.238160    0.0130878634
   25.771434     96.008735    0.0137049450
   25.771434    110.779309    0.0143823788
   25.771434    125.549884    0.0151103270

   31.498419    -96.008735    0.0236624986
   31.498419    -81.238160    0.0216635805
   31.498419    -66.467585    0.0201135327
   31.498419    -51.697011    0.0189467467
   31.498419    -36.926436    0.0181068217
   31.498419    -22.155862    0.0175452513
   31.498419     -7.385287    0.0172203153
   31.498419      7.385287    0.0170961418
   31.498419     22.155862    0.0171419102
   31.498419     36.926436    0.0173311697
   31.498419     51.697011    0.0176412539
   31.498419     66.467585    0.0180527776
   31.498419     81.238160    0.0185492060
   31.498419     96.008735    0.0191164929
   31.498419    110.779309    0.0197427876
   31.498419    125.549884    0.0204182193

   37.225404    -96.008735    0.0308284115
   37.225404    -81.238160    0.0287978423
   37.225404    -66.467585    0.0272129682
   37.225404    -51.697011    0.0260083951
   37.225404    -36.926436    0.0251279025
   37.225404    -22.155862    0.0245231416
   37.225404     -7.385287    0.0241525357
   37.225404      7.385287    0.0239803483
   37.225404     22.155862    0.0239758898
   37.225404     36.926436    0.0241128371
   37.225404     51.697011    0.0243686467
   37.225404     66.467585    0.0247240482
   37.225404     81.238160    0.0251626069
   37.225404     96.008735    0.0256703531
   37.225404    110.779309    0.0262354787
   37.225404    125.549884    0.0268481068

   42.952389    -96.008735    0.0392639815
   42.952389    -81.238160    0.0371973149
   42.952389    -66.467585    0.0355726775
   42.952389    -51.697011    0.0343248367
   42.952389    -36.926436    0.0333977579
   42.952389    -22.155862    0.0327432849
   42.952389     -7.385287    0.0323200276
   42.952389      7.385287    0.0320924218
   42.952389     22.155862    0.0320299310
   42.952389     36.926436    0.0321063657
   42.952389     51.697011    0.0322993004
   42.952389     66.467585    0.0325895746
   42.952389     81.238160    0.0329608672
   42.952389     96.008735    0.0333993426
   42.952389    110.779309    0.0338933665
   42.952389    125.549884    0.0344333005

