  -47.136383    -50.619018   -0.0008213757
  -47.136383    -43.869816   -0.0006067697
  -47.136383    -37.120613   -0.0004281886
  -47.136383    -30.371411   -0.0002831554
  -47.136383    -23.622208   -0.0001696058
  -47.136383    -16.873006   -0.0000858885
  -47.136383    -10.123804   -0.0000307650
  -47.136383     -3.374601   -0.0000034097
  -47.136383      3.374601   -0.0000034097
  -47.136383     10.123804   -0.0000307650
  -47.136383     16.873006   -0.0000858885
  -47.136383     23.622208   -0.0001696058
  -47.136383     30.371411   -0.0002831554
  -47.136383     37.120613   -0.0004281886
  -47.136383     43.869816   -0.0006067697
  -47.136383     50.619018   -0.0008213757

  -40.851532    -50.619018   -0.0006874067
  -40.851532    -43.869816   -0.0005084279
  -40.851532    -37.120613   -0.0003591798
  -40.851532    -30.371411   -0.0002377412
  -40.851532    -23.622208   -0.0001425114
  -40.851532    -16.873006   -0.0000722096
  -40.851532    -10.123804   -0.0000258754
  -40.851532     -3.374601   -0.0000028684
  -40.851532      3.374601   -0.0000028684
  -40.851532     10.123804   -0.0000258754
  -40.851532     16.873006   -0.0000722096
  -40.851532     23.622208   -0.0001425114
  -40.851532     30.371411   -0.0002377412
  -40.851532     37.120613   -0.0003591798
  -40.851532     43.869816   -0.0005084279
  -40.851532     50.619018   -0.0006874067

  -34.566681    -50.619018   -0.0005597344
  -34.566681    -43.869816   -0.0004145040
  -34.566681    -37.120613   -0.0002931427
  -34.566681    -30.371411   -0.0001942098
  -34.566681    -23.622208   -0.0001165043
  -34.566681    -16.873006   -0.0000590657
  -34.566681    -10.123804   -0.0000211736
  -34.566681     -3.374601   -0.0000023476
  -34.566681      3.374601   -0.0000023476
  -34.566681     10.123804   -0.0000211736
  -34.566681     16.873006   -0.0000590657
  -34.566681     23.622208   -0.0001165043
  -34.566681     30.371411   -0.0001942098
  -34.566681     37.120613   -0.0002931427
  -34.566681     43.869816   -0.0004145040
  -34.566681     50.619018   -0.0005597344

  -28.281830    -50.619018   -0.0004390982
  -28.281830    -43.869816   -0.0003255693
  -28.281830    -37.120613   -0.0002304965
  -28.281830    -30.371411   -0.0001528470
  -28.281830    -23.622208   -0.0000917602
  -28.281830    -16.873006   -0.0000465475
  -28.281830    -10.123804   -0.0000166925
  -28.281830     -3.374601   -0.0000018511
  -28.281830      3.374601   -0.0000018511
  -28.281830     10.123804   -0.0000166925
  -28.281830     16.873006   -0.0000465475
  -28.281830     23.622208   -0.0000917602
  -28.281830     30.371411   -0.0001528470
  -28.281830     37.120613   -0.0002304965
  -28.281830     43.869816   -0.0003255693
  -28.281830     50.619018   -0.0004390982

  -21.996979    -50.619018   -0.0003261750
  -21.996979    -43.869816   -0.0002421471
  -21.996979    -37.120613   -0.0001716247
  -21.996979    -30.371411   -0.0001139147
  -21.996979    -23.622208   -0.0000684397
  -21.996979    -16.873006   -0.0000347378
  -21.996979    -10.123804   -0.0000124623
  -21.996979     -3.374601   -0.0000013823
  -21.996979      3.374601   -0.0000013823
  -21.996979     10.123804   -0.0000124623
  -21.996979     16.873006   -0.0000347378
  -21.996979     23.622208   -0.0000684397
  -21.996979     30.371411   -0.0001139147
  -21.996979     37.120613   -0.0001716247
  -21.996979     43.869816   -0.0002421471
  -21.996979     50.619018   -0.0003261750

  -15.712128    -50.619018   -0.0002215796
  -15.712128    -43.869816   -0.0001647121
  -15.712128    -37.120613   -0.0001168752
  -15.712128    -30.371411   -0.0000776503
  -15.712128    -23.622208   -0.0000466889
  -15.712128    -16.873006   -0.0000237119
  -15.712128    -10.123804   -0.0000085101
  -15.712128     -3.374601   -0.0000009441
  -15.712128      3.374601   -0.0000009441
  -15.712128     10.123804   -0.0000085101
  -15.712128     16.873006   -0.0000237119
  -15.712128     23.622208   -0.0000466889
  -15.712128     30.371411   -0.0000776503
  -15.712128     37.120613   -0.0001168752
  -15.712128     43.869816   -0.0001647121
  -15.712128     50.619018   -0.0002215796

   -9.427277    -50.619018   -0.0001258649
   -9.427277    -43.869816   -0.0000936911
   -9.427277    -37.120613   -0.0000665605
   -9.427277    -30.371411   -0.0000442669
   -9.427277    -23.622208   -0.0000266383
   -9.427277    -16.873006   -0.0000135373
   -9.427277    -10.123804   -0.0000048605
   -9.427277     -3.374601   -0.0000005393
   -9.427277      3.374601   -0.0000005393
   -9.427277     10.123804   -0.0000048605
   -9.427277     16.873006   -0.0000135373
   -9.427277     23.622208   -0.0000266383
   -9.427277     30.371411   -0.0000442669
   -9.427277     37.120613   -0.0000665605
   -9.427277     43.869816   -0.0000936911
   -9.427277     50.619018   -0.0001258649

   -3.142426    -50.619018   -0.0000395213
   -3.142426    -43.869816   -0.0000294623
   -3.142426    -37.120613   -0.0000209577
   -3.142426    -30.371411   -0.0000139533
   -3.142426    -23.622208   -0.0000084040
   -3.142426    -16.873006   -0.0000042736
   -3.142426    -10.123804   -0.0000015351
   -3.142426     -3.374601   -0.0000001704
   -3.142426      3.374601   -0.0000001704
   -3.142426     10.123804   -0.0000015351
   -3.142426     16.873006   -0.0000042736
   -3.142426     23.622208   -0.0000084040
   -3.142426     30.371411   -0.0000139533
   -3.142426     37.120613   -0.0000209577
   -3.142426     43.869816   -0.0000294623
   -3.142426     50.619018   -0.0000395213

    3.142426    -50.619018    0.0000370227
    3.142426    -43.869816    0.0000276442
    3.142426    -37.120613    0.0000196919
    3.142426    -30.371411    0.0000131261
    3.142426    -23.622208    0.0000079133
    3.142426    -16.873006    0.0000040270
    3.142426    -10.123804    0.0000014472
    3.142426     -3.374601    0.0000001607
    3.142426      3.374601    0.0000001607
    3.142426     10.123804    0.0000014472
    3.142426     16.873006    0.0000040270
    3.142426     23.622208    0.0000079133
    3.142426     30.371411    0.0000131261
    3.142426     37.120613    0.0000196919
    3.142426     43.869816    0.0000276442
    3.142426     50.619018    0.0000370227

    9.427277    -50.619018    0.0001034011
    9.427277    -43.869816    0.0000773465
    9.427277    -37.120613    0.0000551823
    9.427277    -30.371411    0.0000368310
    9.427277    -23.622208    0.0000222276
    9.427277    -16.873006    0.0000113204
    9.427277    -10.123804    0.0000040705
    9.427277     -3.374601    0.0000004520
    9.427277      3.374601    0.0000004520
    9.427277     10.123804    0.0000040705
    9.427277     16.873006    0.0000113204
    9.427277     23.622208    0.0000222276
    9.427277     30.371411    0.0000368310
    9.427277     37.120613    0.0000551823
    9.427277     43.869816    0.0000773465
    9.427277     50.619018    0.0001034011

   15.712128    -50.619018    0.0001593096
   15.712128    -43.869816    0.0001194110
   15.712128    -37.120613    0.0000853432
   15.712128    -30.371411    0.0000570456
   15.712128    -23.622208    0.0000344679
   15.712128    -16.873006    0.0000175699
   15.712128    -10.123804    0.0000063214
   15.712128     -3.374601    0.0000007022
   15.712128      3.374601    0.0000007022
   15.712128     10.123804    0.0000063214
   15.712128     16.873006    0.0000175699
   15.712128     23.622208    0.0000344679
   15.712128     30.371411    0.0000570456
   15.712128     37.120613    0.0000853432
   15.712128     43.869816    0.0001194110
   15.712128     50.619018    0.0001593096

   21.996979    -50.619018    0.0002045064
   21.996979    -43.869816    0.0001536525
   21.996979    -37.120613    0.0001100395
   21.996979    -30.371411    0.0000736784
   21.996979    -23.622208    0.0000445784
   21.996979    -16.873006    0.0000227470
   21.996979    -10.123804    0.0000081896
   21.996979     -3.374601    0.0000009100
   21.996979      3.374601    0.0000009100
   21.996979     10.123804    0.0000081896
   21.996979     16.873006    0.0000227470
   21.996979     23.622208    0.0000445784
   21.996979     30.371411    0.0000736784
   21.996979     37.120613    0.0001100395
   21.996979     43.869816    0.0001536525
   21.996979     50.619018    0.0002045064

   28.281830    -50.619018    0.0002388117
   28.281830    -43.869816    0.0001799340
   28.281830    -37.120613    0.0001291720
   28.281830    -30.371411    0.0000866622
   28.281830    -23.622208    0.0000525180
   28.281830    -16.873006    0.0000268304
   28.281830    -10.123804    0.0000096675
   28.281830     -3.374601    0.0000010746
   28.281830      3.374601    0.0000010746
   28.281830     10.123804    0.0000096675
   28.281830     16.873006    0.0000268304
   28.281830     23.622208    0.0000525180
   28.281830     30.371411    0.0000866622
   28.281830     37.120613    0.0001291720
   28.281830     43.869816    0.0001799340
   28.281830     50.619018    0.0002388117

   34.566681    -50.619018    0.0002621080
   34.566681    -43.869816    0.0001981665
   34.566681    -37.120613    0.0001426769
   34.566681    -30.371411    0.0000959541
   34.566681    -23.622208    0.0000582607
   34.566681    -16.873006    0.0000298069
   34.566681    -10.123804    0.0000107502
   34.566681     -3.374601    0.0000011956
   34.566681      3.374601    0.0000011956
   34.566681     10.123804    0.0000107502
   34.566681     16.873006    0.0000298069
   34.566681     23.622208    0.0000582607
   34.566681     30.371411    0.0000959541
   34.566681     37.120613    0.0001426769
   34.566681     43.869816    0.0001981665
   34.566681     50.619018    0.0002621080

   40.851532    -50.619018    0.0002743399
   40.851532    -43.869816    0.0002083097
   40.851532    -37.120613    0.0001505257
   40.851532    -30.371411    0.0001015354
   40.851532    -23.622208    0.0000617954
   40.851532    -16.873006    0.0000316709
   40.851532    -10.123804    0.0000114358
   40.851532     -3.374601    0.0000012725
   40.851532      3.374601    0.0000012725
   40.851532     10.123804    0.0000114358
   40.851532     16.873006    0.0000316709
   40.851532     23.622208    0.0000617954
   40.851532     30.371411    0.0001015354
   40.851532     37.120613    0.0001505257
   40.851532     43.869816    0.0002083097
   40.851532     50.619018    0.0002743399

   47.136383    -50.619018    0.0002755140
   47.136383    -43.869816    0.0002103713
   47.136383    -37.120613    0.0001527257
   47.136383    -30.371411    0.0001034120
   47.136383    -23.622208    0.0000631261
   47.136383    -16.873006    0.0000324246
   47.136383    -10.123804    0.0000117251
   47.136383     -3.374601    0.0000013057
   47.136383      3.374601    0.0000013057
   47.136383     10.123804    0.0000117251
   47.136383     16.873006    0.0000324246
   47.136383     23.622208    0.0000631261
   47.136383     30.371411    0.0001034120
   47.136383     37.120613    0.0001527257
   47.136383     43.869816    0.0002103713
   47.136383     50.619018    0.0002755140

