  -54.177403    -55.127356    0.0086552486
  -54.177403    -47.777042    0.0075647521
  -54.177403    -40.426728    0.0061436338
  -54.177403    -33.076414    0.0045580850
  -54.177403    -25.726100    0.0029900278
  -54.177403    -18.375785    0.0016199908
  -54.177403    -11.025471    0.0006068443
  -54.177403     -3.675157    0.0000687744
  -54.177403      3.675157    0.0000687744
  -54.177403     11.025471    0.0006068443
  -54.177403     18.375785    0.0016199908
  -54.177403     25.726100    0.0029900278
  -54.177403     33.076414    0.0045580850
  -54.177403     40.426728    0.0061436338
  -54.177403     47.777042    0.0075647521
  -54.177403     55.127356    0.0086552486

  -46.953749    -55.127356    0.0074473307
  -46.953749    -47.777042    0.0064962904
  -46.953749    -40.426728    0.0052897758
  -46.953749    -33.076414    0.0039352061
  -46.953749    -25.726100    0.0025855934
  -46.953749    -18.375785    0.0014017297
  -46.953749    -11.025471    0.0005251146
  -46.953749     -3.675157    0.0000595067
  -46.953749      3.675157    0.0000595067
  -46.953749     11.025471    0.0005251146
  -46.953749     18.375785    0.0014017297
  -46.953749     25.726100    0.0025855934
  -46.953749     33.076414    0.0039352061
  -46.953749     40.426728    0.0052897758
  -46.953749     47.777042    0.0064962904
  -46.953749     55.127356    0.0074473307

  -39.730095    -55.127356    0.0059713446
  -39.730095    -47.777042    0.0052221394
  -39.730095    -40.426728    0.0042538507
  -39.730095    -33.076414    0.0031666515
  -39.730095    -25.726100    0.0020833410
  -39.730095    -18.375785    0.0011312422
  -39.730095    -11.025471    0.0004243740
  -39.730095     -3.675157    0.0000481290
  -39.730095      3.675157    0.0000481290
  -39.730095     11.025471    0.0004243740
  -39.730095     18.375785    0.0011312422
  -39.730095     25.726100    0.0020833410
  -39.730095     33.076414    0.0031666515
  -39.730095     40.426728    0.0042538507
  -39.730095     47.777042    0.0052221394
  -39.730095     55.127356    0.0059713446

  -32.506442    -55.127356    0.0043847277
  -32.506442    -47.777042    0.0038444160
  -32.506442    -40.426728    0.0031335788
  -32.506442    -33.076414    0.0023347861
  -32.506442    -25.726100    0.0015382624
  -32.506442    -18.375785    0.0008366318
  -32.506442    -11.025471    0.0003142880
  -32.506442     -3.675157    0.0000356719
  -32.506442      3.675157    0.0000356719
  -32.506442     11.025471    0.0003142880
  -32.506442     18.375785    0.0008366318
  -32.506442     25.726100    0.0015382624
  -32.506442     33.076414    0.0023347861
  -32.506442     40.426728    0.0031335787
  -32.506442     47.777042    0.0038444160
  -32.506442     55.127356    0.0043847277

  -25.282788    -55.127356    0.0028531979
  -25.282788    -47.777042    0.0025051005
  -25.282788    -40.426728    0.0020445688
  -25.282788    -33.076414    0.0015256122
  -25.282788    -25.726100    0.0010066513
  -25.282788    -18.375785    0.0005482286
  -25.282788    -11.025471    0.0002061504
  -25.282788     -3.675157    0.0000234105
  -25.282788      3.675157    0.0000234105
  -25.282788     11.025471    0.0002061504
  -25.282788     18.375785    0.0005482286
  -25.282788     25.726100    0.0010066513
  -25.282788     33.076414    0.0015256122
  -25.282788     40.426728    0.0020445688
  -25.282788     47.777042    0.0025051005
  -25.282788     55.127356    0.0028531979

  -18.059134    -55.127356    0.0015367026
  -18.059134    -47.777042    0.0013497120
  -18.059134    -40.426728    0.0011033726
  -18.059134    -33.076414    0.0008247079
  -18.059134    -25.726100    0.0005449126
  -18.059134    -18.375785    0.0002970466
  -18.059134    -11.025471    0.0001117640
  -18.059134     -3.675157    0.0000126954
  -18.059134      3.675157    0.0000126954
  -18.059134     11.025471    0.0001117640
  -18.059134     18.375785    0.0002970466
  -18.059134     25.726100    0.0005449126
  -18.059134     33.076414    0.0008247079
  -18.059134     40.426728    0.0011033726
  -18.059134     47.777042    0.0013497120
  -18.059134     55.127356    0.0015367026

  -10.835481    -55.127356    0.0005734003
  -10.835481    -47.777042    0.0005035464
  -10.835481    -40.426728    0.0004122333
  -10.835481    -33.076414    0.0003085680
  -10.835481    -25.726100    0.0002040909
  -10.835481    -18.375785    0.0001113222
  -10.835481    -11.025471    0.0000418975
  -10.835481     -3.675157    0.0000047597
  -10.835481      3.675157    0.0000047597
  -10.835481     11.025471    0.0000418975
  -10.835481     18.375785    0.0001113222
  -10.835481     25.726100    0.0002040909
  -10.835481     33.076414    0.0003085680
  -10.835481     40.426728    0.0004122333
  -10.835481     47.777042    0.0005035464
  -10.835481     55.127356    0.0005734003

   -3.611827    -55.127356    0.0000648584
   -3.611827    -47.777042    0.0000569449
   -3.611827    -40.426728    0.0000466572
   -3.611827    -33.076414    0.0000349531
   -3.611827    -25.726100    0.0000231311
   -3.611827    -18.375785    0.0000126206
   -3.611827    -11.025471    0.0000047505
   -3.611827     -3.675157    0.0000005397
   -3.611827      3.675157    0.0000005397
   -3.611827     11.025471    0.0000047505
   -3.611827     18.375785    0.0000126206
   -3.611827     25.726100    0.0000231311
   -3.611827     33.076414    0.0000349531
   -3.611827     40.426728    0.0000466572
   -3.611827     47.777042    0.0000569449
   -3.611827     55.127356    0.0000648584

    3.611827    -55.127356    0.0000648584
    3.611827    -47.777042    0.0000569449
    3.611827    -40.426728    0.0000466572
    3.611827    -33.076414    0.0000349531
    3.611827    -25.726100    0.0000231311
    3.611827    -18.375785    0.0000126206
    3.611827    -11.025471    0.0000047505
    3.611827     -3.675157    0.0000005397
    3.611827      3.675157    0.0000005397
    3.611827     11.025471    0.0000047505
    3.611827     18.375785    0.0000126206
    3.611827     25.726100    0.0000231311
    3.611827     33.076414    0.0000349531
    3.611827     40.426728    0.0000466572
    3.611827     47.777042    0.0000569449
    3.611827     55.127356    0.0000648584

   10.835481    -55.127356    0.0005734003
   10.835481    -47.777042    0.0005035464
   10.835481    -40.426728    0.0004122333
   10.835481    -33.076414    0.0003085680
   10.835481    -25.726100    0.0002040909
   10.835481    -18.375785    0.0001113222
   10.835481    -11.025471    0.0000418975
   10.835481     -3.675157    0.0000047597
   10.835481      3.675157    0.0000047597
   10.835481     11.025471    0.0000418975
   10.835481     18.375785    0.0001113222
   10.835481     25.726100    0.0002040909
   10.835481     33.076414    0.0003085680
   10.835481     40.426728    0.0004122333
   10.835481     47.777042    0.0005035464
   10.835481     55.127356    0.0005734003

   18.059134    -55.127356    0.0015367026
   18.059134    -47.777042    0.0013497120
   18.059134    -40.426728    0.0011033726
   18.059134    -33.076414    0.0008247079
   18.059134    -25.726100    0.0005449126
   18.059134    -18.375785    0.0002970466
   18.059134    -11.025471    0.0001117640
   18.059134     -3.675157    0.0000126954
   18.059134      3.675157    0.0000126954
   18.059134     11.025471    0.0001117640
   18.059134     18.375785    0.0002970466
   18.059134     25.726100    0.0005449126
   18.059134     33.076414    0.0008247079
   18.059134     40.426728    0.0011033726
   18.059134     47.777042    0.0013497120
   18.059134     55.127356    0.0015367026

   25.282788    -55.127356    0.0028531979
   25.282788    -47.777042    0.0025051005
   25.282788    -40.426728    0.0020445688
   25.282788    -33.076414    0.0015256122
   25.282788    -25.726100    0.0010066513
   25.282788    -18.375785    0.0005482286
   25.282788    -11.025471    0.0002061504
   25.282788     -3.675157    0.0000234105
   25.282788      3.675157    0.0000234105
   25.282788     11.025471    0.0002061504
   25.282788     18.375785    0.0005482286
   25.282788     25.726100    0.0010066513
   25.282788     33.076414    0.0015256122
   25.282788     40.426728    0.0020445688
   25.282788     47.777042    0.0025051005
   25.282788     55.127356    0.0028531979

   32.506442    -55.127356    0.0043847277
   32.506442    -47.777042    0.0038444160
   32.506442    -40.426728    0.0031335788
   32.506442    -33.076414    0.0023347861
   32.506442    -25.726100    0.0015382624
   32.506442    -18.375785    0.0008366318
   32.506442    -11.025471    0.0003142880
   32.506442     -3.675157    0.0000356719
   32.506442      3.675157    0.0000356719
   32.506442     11.025471    0.0003142880
   32.506442     18.375785    0.0008366318
   32.506442     25.726100    0.0015382624
   32.506442     33.076414    0.0023347861
   32.506442     40.426728    0.0031335787
   32.506442     47.777042    0.0038444160
   32.506442     55.127356    0.0043847277

   39.730095    -55.127356    0.0059713446
   39.730095    -47.777042    0.0052221394
   39.730095    -40.426728    0.0042538507
   39.730095    -33.076414    0.0031666515
   39.730095    -25.726100    0.0020833410
   39.730095    -18.375785    0.0011312422
   39.730095    -11.025471    0.0004243740
   39.730095     -3.675157    0.0000481290
   39.730095      3.675157    0.0000481290
   39.730095     11.025471    0.0004243740
   39.730095     18.375785    0.0011312422
   39.730095     25.726100    0.0020833410
   39.730095     33.076414    0.0031666515
   39.730095     40.426728    0.0042538507
   39.730095     47.777042    0.0052221394
   39.730095     55.127356    0.0059713446

   46.953749    -55.127356    0.0074473307
   46.953749    -47.777042    0.0064962904
   46.953749    -40.426728    0.0052897758
   46.953749    -33.076414    0.0039352061
   46.953749    -25.726100    0.0025855934
   46.953749    -18.375785    0.0014017297
   46.953749    -11.025471    0.0005251146
   46.953749     -3.675157    0.0000595067
   46.953749      3.675157    0.0000595067
   46.953749     11.025471    0.0005251146
   46.953749     18.375785    0.0014017297
   46.953749     25.726100    0.0025855934
   46.953749     33.076414    0.0039352061
   46.953749     40.426728    0.0052897758
   46.953749     47.777042    0.0064962904
   46.953749     55.127356    0.0074473307

   54.177403    -55.127356    0.0086552486
   54.177403    -47.777042    0.0075647521
   54.177403    -40.426728    0.0061436338
   54.177403    -33.076414    0.0045580850
   54.177403    -25.726100    0.0029900278
   54.177403    -18.375785    0.0016199908
   54.177403    -11.025471    0.0006068443
   54.177403     -3.675157    0.0000687744
   54.177403      3.675157    0.0000687744
   54.177403     11.025471    0.0006068443
   54.177403     18.375785    0.0016199908
   54.177403     25.726100    0.0029900278
   54.177403     33.076414    0.0045580850
   54.177403     40.426728    0.0061436338
   54.177403     47.777042    0.0075647521
   54.177403     55.127356    0.0086552486

