  -92.332122    -96.008735   -0.0002500231
  -92.332122    -81.238160   -0.0001696958
  -92.332122    -66.467585   -0.0001111628
  -92.332122    -51.697011   -0.0000696269
  -92.332122    -36.926436   -0.0000407666
  -92.332122    -22.155862   -0.0000207355
  -92.332122     -7.385287   -0.0000061628
  -92.332122      7.385287    0.0000058469
  -92.332122     22.155862    0.0000177138
  -92.332122     36.926436    0.0000313826
  -92.332122     51.697011    0.0000483225
  -92.332122     66.467585    0.0000695275
  -92.332122     81.238160    0.0000955160
  -92.332122     96.008735    0.0001263311
  -92.332122    110.779309    0.0001615406
  -92.332122    125.549884    0.0002002368

  -80.021172    -96.008735   -0.0001882659
  -80.021172    -81.238160   -0.0001281076
  -80.021172    -66.467585   -0.0000842966
  -80.021172    -51.697011   -0.0000531782
  -80.021172    -36.926436   -0.0000314619
  -80.021172    -22.155862   -0.0000162217
  -80.021172     -7.385287   -0.0000048959
  -80.021172      7.385287    0.0000047129
  -80.021172     22.155862    0.0000144376
  -80.021172     36.926436    0.0000257470
  -80.021172     51.697011    0.0000397453
  -80.021172     66.467585    0.0000571725
  -80.021172     81.238160    0.0000784041
  -80.021172     96.008735    0.0001034514
  -80.021172    110.779309    0.0001319611
  -80.021172    125.549884    0.0001632160

  -67.710222    -96.008735   -0.0001350829
  -67.710222    -81.238160   -0.0000921191
  -67.710222    -66.467585   -0.0000608459
  -67.710222    -51.697011   -0.0000386147
  -67.710222    -36.926436   -0.0000230425
  -67.710222    -22.155862   -0.0000120114
  -67.710222     -7.385287   -0.0000036692
  -67.710222      7.385287    0.0000035714
  -67.710222     22.155862    0.0000110321
  -67.710222     36.926436    0.0000197692
  -67.710222     51.697011    0.0000305738
  -67.710222     66.467585    0.0000439717
  -67.710222     81.238160    0.0000602233
  -67.710222     96.008735    0.0000793236
  -67.710222    110.779309    0.0001010023
  -67.710222    125.549884    0.0001247238

  -55.399273    -96.008735   -0.0000905886
  -55.399273    -81.238160   -0.0000618881
  -55.399273    -66.467585   -0.0000410058
  -55.399273    -51.697011   -0.0000261510
  -55.399273    -36.926436   -0.0000157133
  -55.399273    -22.155862   -0.0000082622
  -55.399273     -7.385287   -0.0000025476
  -55.399273      7.385287    0.0000025007
  -55.399273     22.155862    0.0000077728
  -55.399273     36.926436    0.0000139786
  -55.399273     51.697011    0.0000216478
  -55.399273     66.467585    0.0000311301
  -55.399273     81.238160    0.0000425952
  -55.399273     96.008735    0.0000560324
  -55.399273    110.779309    0.0000712510
  -55.399273    125.549884    0.0000878803

  -43.088323    -96.008735   -0.0000548785
  -43.088323    -81.238160   -0.0000375457
  -43.088323    -66.467585   -0.0000249387
  -43.088323    -51.697011   -0.0000159656
  -43.088323    -36.926436   -0.0000096450
  -43.088323    -22.155862   -0.0000051053
  -43.088323     -7.385287   -0.0000015854
  -43.088323      7.385287    0.0000015660
  -43.088323     22.155862    0.0000048897
  -43.088323     36.926436    0.0000088166
  -43.088323     51.697011    0.0000136671
  -43.088323     66.467585    0.0000196519
  -43.088323     81.238160    0.0000268711
  -43.088323     96.008735    0.0000353148
  -43.088323    110.779309    0.0000448630
  -43.088323    125.549884    0.0000552855

  -30.777374    -96.008735   -0.0000280291
  -30.777374    -81.238160   -0.0000191970
  -30.777374    -66.467585   -0.0000127746
  -30.777374    -51.697011   -0.0000082016
  -30.777374    -36.926436   -0.0000049743
  -30.777374    -22.155862   -0.0000026458
  -30.777374     -7.385287   -0.0000008258
  -30.777374      7.385287    0.0000008193
  -30.777374     22.155862    0.0000025666
  -30.777374     36.926436    0.0000046362
  -30.777374     51.697011    0.0000071917
  -30.777374     66.467585    0.0000103403
  -30.777374     81.238160    0.0000141320
  -30.777374     96.008735    0.0000185606
  -30.777374    110.779309    0.0000235630
  -30.777374    125.549884    0.0000290194

  -18.466424    -96.008735   -0.0000100976
  -18.466424    -81.238160   -0.0000069208
  -18.466424    -66.467585   -0.0000046110
  -18.466424    -51.697011   -0.0000029660
  -18.466424    -36.926436   -0.0000018035
  -18.466424    -22.155862   -0.0000009623
  -18.466424     -7.385287   -0.0000003013
  -18.466424      7.385287    0.0000002999
  -18.466424     22.155862    0.0000009412
  -18.466424     36.926436    0.0000017021
  -18.466424     51.697011    0.0000026415
  -18.466424     66.467585    0.0000037978
  -18.466424     81.238160    0.0000051889
  -18.466424     96.008735    0.0000068121
  -18.466424    110.779309    0.0000086444
  -18.466424    125.549884    0.0000106420

   -6.155475    -96.008735   -0.0000011224
   -6.155475    -81.238160   -0.0000007695
   -6.155475    -66.467585   -0.0000005130
   -6.155475    -51.697011   -0.0000003303
   -6.155475    -36.926436   -0.0000002011
   -6.155475    -22.155862   -0.0000001075
   -6.155475     -7.385287   -0.0000000337
   -6.155475      7.385287    0.0000000336
   -6.155475     22.155862    0.0000001055
   -6.155475     36.926436    0.0000001910
   -6.155475     51.697011    0.0000002964
   -6.155475     66.467585    0.0000004262
   -6.155475     81.238160    0.0000005822
   -6.155475     96.008735    0.0000007641
   -6.155475    110.779309    0.0000009695
   -6.155475    125.549884    0.0000011933

    6.155475    -96.008735   -0.0000011224
    6.155475    -81.238160   -0.0000007695
    6.155475    -66.467585   -0.0000005130
    6.155475    -51.697011   -0.0000003303
    6.155475    -36.926436   -0.0000002011
    6.155475    -22.155862   -0.0000001075
    6.155475     -7.385287   -0.0000000337
    6.155475      7.385287    0.0000000336
    6.155475     22.155862    0.0000001055
    6.155475     36.926436    0.0000001910
    6.155475     51.697011    0.0000002964
    6.155475     66.467585    0.0000004262
    6.155475     81.238160    0.0000005822
    6.155475     96.008735    0.0000007641
    6.155475    110.779309    0.0000009695
    6.155475    125.549884    0.0000011933

   18.466424    -96.008735   -0.0000100976
   18.466424    -81.238160   -0.0000069208
   18.466424    -66.467585   -0.0000046110
   18.466424    -51.697011   -0.0000029660
   18.466424    -36.926436   -0.0000018035
   18.466424    -22.155862   -0.0000009623
   18.466424     -7.385287   -0.0000003013
   18.466424      7.385287    0.0000002999
   18.466424     22.155862    0.0000009412
   18.466424     36.926436    0.0000017021
   18.466424     51.697011    0.0000026415
   18.466424     66.467585    0.0000037978
   18.466424     81.238160    0.0000051889
   18.466424     96.008735    0.0000068121
   18.466424    110.779309    0.0000086444
   18.466424    125.549884    0.0000106420

   30.777374    -96.008735   -0.0000280291
   30.777374    -81.238160   -0.0000191970
   30.777374    -66.467585   -0.0000127746
   30.777374    -51.697011   -0.0000082016
   30.777374    -36.926436   -0.0000049743
   30.777374    -22.155862   -0.0000026458
   30.777374     -7.385287   -0.0000008258
   30.777374      7.385287    0.0000008193
   30.777374     22.155862    0.0000025666
   30.777374     36.926436    0.0000046362
   30.777374     51.697011    0.0000071917
   30.777374     66.467585    0.0000103403
   30.777374     81.238160    0.0000141320
   30.777374     96.008735    0.0000185606
   30.777374    110.779309    0.0000235630
   30.777374    125.549884    0.0000290194

   43.088323    -96.008735   -0.0000548785
   43.088323    -81.238160   -0.0000375457
   43.088323    -66.467585   -0.0000249387
   43.088323    -51.697011   -0.0000159656
   43.088323    -36.926436   -0.0000096450
   43.088323    -22.155862   -0.0000051053
   43.088323     -7.385287   -0.0000015854
   43.088323      7.385287    0.0000015660
   43.088323     22.155862    0.0000048897
   43.088323     36.926436    0.0000088166
   43.088323     51.697011    0.0000136671
   43.088323     66.467585    0.0000196519
   43.088323     81.238160    0.0000268711
   43.088323     96.008735    0.0000353148
   43.088323    110.779309    0.0000448630
   43.088323    125.549884    0.0000552855

   55.399273    -96.008735   -0.0000905886
   55.399273    -81.238160   -0.0000618881
   55.399273    -66.467585   -0.0000410058
   55.399273    -51.697011   -0.0000261510
   55.399273    -36.926436   -0.0000157133
   55.399273    -22.155862   -0.0000082622
   55.399273     -7.385287   -0.0000025476
   55.399273      7.385287    0.0000025007
   55.399273     22.155862    0.0000077728
   55.399273     36.926436    0.0000139786
   55.399273     51.697011    0.0000216478
   55.399273     66.467585    0.0000311301
   55.399273     81.238160    0.0000425952
   55.399273     96.008735    0.0000560324
   55.399273    110.779309    0.0000712510
   55.399273    125.549884    0.0000878803

   67.710222    -96.008735   -0.0001350829
   67.710222    -81.238160   -0.0000921191
   67.710222    -66.467585   -0.0000608459
   67.710222    -51.697011   -0.0000386147
   67.710222    -36.926436   -0.0000230425
   67.710222    -22.155862   -0.0000120114
   67.710222     -7.385287   -0.0000036692
   67.710222      7.385287    0.0000035714
   67.710222     22.155862    0.0000110321
   67.710222     36.926436    0.0000197692
   67.710222     51.697011    0.0000305738
   67.710222     66.467585    0.0000439717
   67.710222     81.238160    0.0000602233
   67.710222     96.008735    0.0000793236
   67.710222    110.779309    0.0001010023
   67.710222    125.549884    0.0001247238

   80.021172    -96.008735   -0.0001882659
   80.021172    -81.238160   -0.0001281076
   80.021172    -66.467585   -0.0000842966
   80.021172    -51.697011   -0.0000531782
   80.021172    -36.926436   -0.0000314619
   80.021172    -22.155862   -0.0000162217
   80.021172     -7.385287   -0.0000048959
   80.021172      7.385287    0.0000047129
   80.021172     22.155862    0.0000144376
   80.021172     36.926436    0.0000257470
   80.021172     51.697011    0.0000397453
   80.021172     66.467585    0.0000571725
   80.021172     81.238160    0.0000784041
   80.021172     96.008735    0.0001034514
   80.021172    110.779309    0.0001319611
   80.021172    125.549884    0.0001632160

   92.332122    -96.008735   -0.0002500231
   92.332122    -81.238160   -0.0001696958
   92.332122    -66.467585   -0.0001111628
   92.332122    -51.697011   -0.0000696269
   92.332122    -36.926436   -0.0000407666
   92.332122    -22.155862   -0.0000207355
   92.332122     -7.385287   -0.0000061628
   92.332122      7.385287    0.0000058469
   92.332122     22.155862    0.0000177138
   92.332122     36.926436    0.0000313826
   92.332122     51.697011    0.0000483225
   92.332122     66.467585    0.0000695275
   92.332122     81.238160    0.0000955160
   92.332122     96.008735    0.0001263311
   92.332122    110.779309    0.0001615406
   92.332122    125.549884    0.0002002368

