  -35.358766    -44.510090    0.1084185059
  -35.358766    -39.273609    0.1010855128
  -35.358766    -34.037128    0.0945729169
  -35.358766    -28.800647    0.0889508845
  -35.358766    -23.564166    0.0842981478
  -35.358766    -18.327684    0.0807026312
  -35.358766    -13.091203    0.0782622257
  -35.358766     -7.854722    0.0770857104
  -35.358766     -2.618241    0.0772938220
  -35.358766      2.618241    0.0790204721
  -35.358766      7.854722    0.0824141116
  -35.358766     13.091203    0.0876392430
  -35.358766     18.327684    0.0948780807
  -35.358766     23.564166    0.1043323585
  -35.358766     28.800647    0.1162252845
  -35.358766     34.037128    0.1308036446

  -30.644264    -44.510090    0.0912475448
  -30.644264    -39.273609    0.0834331121
  -30.644264    -34.037128    0.0764383335
  -30.644264    -28.800647    0.0703341985
  -30.644264    -23.564166    0.0652001963
  -30.644264    -18.327684    0.0611249639
  -30.644264    -13.091203    0.0582070762
  -30.644264     -7.854722    0.0565559773
  -30.644264     -2.618241    0.0562930540
  -30.644264      2.618241    0.0575528514
  -30.644264      7.854722    0.0604844298
  -30.644264     13.091203    0.0652528640
  -30.644264     18.327684    0.0720408841
  -30.644264     23.564166    0.0810506583
  -30.644264     28.800647    0.0925057172
  -30.644264     34.037128    0.1066530210

  -25.929762    -44.510090    0.0773291231
  -25.929762    -39.273609    0.0691260621
  -25.929762    -34.037128    0.0617421250
  -25.929762    -28.800647    0.0552487471
  -25.929762    -23.564166    0.0497259007
  -25.929762    -18.327684    0.0452627266
  -25.929762    -13.091203    0.0419583102
  -25.929762     -7.854722    0.0399225995
  -25.929762     -2.618241    0.0392774671
  -25.929762      2.618241    0.0401579152
  -25.929762      7.854722    0.0427134237
  -25.929762     13.091203    0.0471094412
  -25.929762     18.327684    0.0535290198
  -25.929762     23.564166    0.0621745926
  -25.929762     28.800647    0.0732698944
  -25.929762     34.037128    0.0870620258

  -21.215260    -44.510090    0.0662757564
  -21.215260    -39.273609    0.0577651162
  -21.215260    -34.037128    0.0500730975
  -21.215260    -28.800647    0.0432714372
  -21.215260    -23.564166    0.0374404471
  -21.215260    -18.327684    0.0326696297
  -21.215260    -13.091203    0.0290584387
  -21.215260     -7.854722    0.0267171847
  -21.215260     -2.618241    0.0257680861
  -21.215260      2.618241    0.0263464640
  -21.215260      7.854722    0.0286020836
  -21.215260     13.091203    0.0327006389
  -21.215260     18.327684    0.0388253834
  -21.215260     23.564166    0.0471789058
  -21.215260     28.800647    0.0579850496
  -21.215260     34.037128    0.0714909794

  -16.500757    -44.510090    0.0577799275
  -16.500757    -39.273609    0.0490335132
  -16.500757    -34.037128    0.0411052050
  -16.500757    -28.800647    0.0340669965
  -16.500757    -23.564166    0.0279994597
  -16.500757    -18.327684    0.0229923575
  -16.500757    -13.091203    0.0191453992
  -16.500757     -7.854722    0.0165691421
  -16.500757     -2.618241    0.0153860373
  -16.500757      2.618241    0.0157316203
  -16.500757      7.854722    0.0177558466
  -16.500757     13.091203    0.0216245718
  -16.500757     18.327684    0.0275211768
  -16.500757     23.564166    0.0356483373
  -16.500757     28.800647    0.0462299388
  -16.500757     34.037128    0.0595131357

  -11.786255    -44.510090    0.0516056935
  -11.786255    -39.273609    0.0426882803
  -11.786255    -34.037128    0.0345884860
  -11.786255    -28.800647    0.0273785341
  -11.786255    -23.564166    0.0211391994
  -11.786255    -18.327684    0.0159604273
  -11.786255    -13.091203    0.0119420951
  -11.786255     -7.854722    0.0091949171
  -11.786255     -2.618241    0.0078414912
  -11.786255      2.618241    0.0080174893
  -11.786255      7.854722    0.0098729898
  -11.786255     13.091203    0.0135739534
  -11.786255     18.327684    0.0193038409
  -11.786255     23.564166    0.0272653749
  -11.786255     28.800647    0.0376824429
  -11.786255     34.037128    0.0508021442

   -7.071753    -44.510090    0.0475819722
   -7.071753    -39.273609    0.0385532758
   -7.071753    -34.037128    0.0303418134
   -7.071753    -28.800647    0.0230199896
   -7.071753    -23.564166    0.0166687229
   -7.071753    -18.327684    0.0113780760
   -7.071753    -13.091203    0.0072480266
   -7.071753     -7.854722    0.0043893793
   -7.071753     -2.618241    0.0029248158
   -7.071753      2.618241    0.0029900872
   -7.071753      7.854722    0.0047353453
   -7.071753     13.091203    0.0083266145
   -7.071753     18.327684    0.0139474034
   -7.071753     23.564166    0.0218004573
   -7.071753     28.800647    0.0321096507
   -7.071753     34.037128    0.0451220189

   -2.357251    -44.510090    0.0455975063
   -2.357251    -39.273609    0.0365139710
   -2.357251    -34.037128    0.0282474565
   -2.357251    -28.800647    0.0208704689
   -2.357251    -23.564166    0.0144640017
   -2.357251    -18.327684    0.0091181753
   -2.357251    -13.091203    0.0049330142
   -2.357251     -7.854722    0.0020193634
   -2.357251     -2.618241    0.0004999423
   -2.357251      2.618241    0.0005105382
   -2.357251      7.854722    0.0022013369
   -2.357251     13.091203    0.0057383930
   -2.357251     18.327684    0.0113052378
   -2.357251     23.564166    0.0191046259
   -2.357251     28.800647    0.0293604202
   -2.357251     34.037128    0.0423196155

    2.357251    -44.510090    0.0455975063
    2.357251    -39.273609    0.0365139710
    2.357251    -34.037128    0.0282474565
    2.357251    -28.800647    0.0208704689
    2.357251    -23.564166    0.0144640017
    2.357251    -18.327684    0.0091181753
    2.357251    -13.091203    0.0049330142
    2.357251     -7.854722    0.0020193634
    2.357251     -2.618241    0.0004999423
    2.357251      2.618241    0.0005105382
    2.357251      7.854722    0.0022013369
    2.357251     13.091203    0.0057383930
    2.357251     18.327684    0.0113052378
    2.357251     23.564166    0.0191046259
    2.357251     28.800647    0.0293604202
    2.357251     34.037128    0.0423196155

    7.071753    -44.510090    0.0475819722
    7.071753    -39.273609    0.0385532758
    7.071753    -34.037128    0.0303418134
    7.071753    -28.800647    0.0230199896
    7.071753    -23.564166    0.0166687229
    7.071753    -18.327684    0.0113780760
    7.071753    -13.091203    0.0072480266
    7.071753     -7.854722    0.0043893793
    7.071753     -2.618241    0.0029248158
    7.071753      2.618241    0.0029900872
    7.071753      7.854722    0.0047353453
    7.071753     13.091203    0.0083266145
    7.071753     18.327684    0.0139474034
    7.071753     23.564166    0.0218004573
    7.071753     28.800647    0.0321096507
    7.071753     34.037128    0.0451220189

   11.786255    -44.510090    0.0516056935
   11.786255    -39.273609    0.0426882803
   11.786255    -34.037128    0.0345884860
   11.786255    -28.800647    0.0273785341
   11.786255    -23.564166    0.0211391994
   11.786255    -18.327684    0.0159604273
   11.786255    -13.091203    0.0119420951
   11.786255     -7.854722    0.0091949171
   11.786255     -2.618241    0.0078414912
   11.786255      2.618241    0.0080174893
   11.786255      7.854722    0.0098729898
   11.786255     13.091203    0.0135739534
   11.786255     18.327684    0.0193038409
   11.786255     23.564166    0.0272653749
   11.786255     28.800647    0.0376824429
   11.786255     34.037128    0.0508021442

   16.500757    -44.510090    0.0577799275
   16.500757    -39.273609    0.0490335132
   16.500757    -34.037128    0.0411052050
   16.500757    -28.800647    0.0340669965
   16.500757    -23.564166    0.0279994597
   16.500757    -18.327684    0.0229923575
   16.500757    -13.091203    0.0191453992
   16.500757     -7.854722    0.0165691421
   16.500757     -2.618241    0.0153860373
   16.500757      2.618241    0.0157316203
   16.500757      7.854722    0.0177558466
   16.500757     13.091203    0.0216245718
   16.500757     18.327684    0.0275211768
   16.500757     23.564166    0.0356483373
   16.500757     28.800647    0.0462299388
   16.500757     34.037128    0.0595131357

   21.215260    -44.510090    0.0662757564
   21.215260    -39.273609    0.0577651162
   21.215260    -34.037128    0.0500730975
   21.215260    -28.800647    0.0432714372
   21.215260    -23.564166    0.0374404471
   21.215260    -18.327684    0.0326696297
   21.215260    -13.091203    0.0290584387
   21.215260     -7.854722    0.0267171847
   21.215260     -2.618241    0.0257680861
   21.215260      2.618241    0.0263464640
   21.215260      7.854722    0.0286020836
   21.215260     13.091203    0.0327006389
   21.215260     18.327684    0.0388253834
   21.215260     23.564166    0.0471789058
   21.215260     28.800647    0.0579850496
   21.215260     34.037128    0.0714909794

   25.929762    -44.510090    0.0773291231
   25.929762    -39.273609    0.0691260621
   25.929762    -34.037128    0.0617421250
   25.929762    -28.800647    0.0552487471
   25.929762    -23.564166    0.0497259007
   25.929762    -18.327684    0.0452627266
   25.929762    -13.091203    0.0419583102
   25.929762     -7.854722    0.0399225995
   25.929762     -2.618241    0.0392774671
   25.929762      2.618241    0.0401579152
   25.929762      7.854722    0.0427134237
   25.929762     13.091203    0.0471094412
   25.929762     18.327684    0.0535290198
   25.929762     23.564166    0.0621745926
   25.929762     28.800647    0.0732698944
   25.929762     34.037128    0.0870620258

   30.644264    -44.510090    0.0912475448
   30.644264    -39.273609    0.0834331121
   30.644264    -34.037128    0.0764383335
   30.644264    -28.800647    0.0703341985
   30.644264    -23.564166    0.0652001963
   30.644264    -18.327684    0.0611249639
   30.644264    -13.091203    0.0582070762
   30.644264     -7.854722    0.0565559773
   30.644264     -2.618241    0.0562930540
   30.644264      2.618241    0.0575528514
   30.644264      7.854722    0.0604844298
   30.644264     13.091203    0.0652528640
   30.644264     18.327684    0.0720408841
   30.644264     23.564166    0.0810506583
   30.644264     28.800647    0.0925057172
   30.644264     34.037128    0.1066530210

   35.358766    -44.510090    0.1084185059
   35.358766    -39.273609    0.1010855128
   35.358766    -34.037128    0.0945729169
   35.358766    -28.800647    0.0889508845
   35.358766    -23.564166    0.0842981478
   35.358766    -18.327684    0.0807026312
   35.358766    -13.091203    0.0782622257
   35.358766     -7.854722    0.0770857104
   35.358766     -2.618241    0.0772938220
   35.358766      2.618241    0.0790204721
   35.358766      7.854722    0.0824141116
   35.358766     13.091203    0.0876392430
   35.358766     18.327684    0.0948780807
   35.358766     23.564166    0.1043323585
   35.358766     28.800647    0.1162252845
   35.358766     34.037128    0.1308036446

