  -25.746645    -45.038700    0.1009379293
  -25.746645    -39.033540    0.0895858548
  -25.746645    -33.028380    0.0803249286
  -25.746645    -27.023220    0.0730037312
  -25.746645    -21.018060    0.0674814996
  -25.746645    -15.012900    0.0636274410
  -25.746645     -9.007740    0.0613200884
  -25.746645     -3.002580    0.0604466907
  -25.746645      3.002580    0.0609026374
  -25.746645      9.007740    0.0625909134
  -25.746645     15.012900    0.0654215833
  -25.746645     21.018060    0.0693113047
  -25.746645     27.023220    0.0741828689
  -25.746645     33.028380    0.0799647704
  -25.746645     39.033540    0.0865908069
  -25.746645     45.038700    0.0939997095

  -21.065436    -45.038700    0.0785675830
  -21.065436    -39.033540    0.0671187312
  -21.065436    -33.028380    0.0577465065
  -21.065436    -27.023220    0.0503005281
  -21.065436    -21.018060    0.0446414775
  -21.065436    -15.012900    0.0406400905
  -21.065436     -9.007740    0.0381763282
  -21.065436     -3.002580    0.0371386939
  -21.065436      3.002580    0.0374236611
  -21.065436      9.007740    0.0389351776
  -21.065436     15.012900    0.0415842157
  -21.065436     21.018060    0.0452883337
  -21.065436     27.023220    0.0499712215
  -21.065436     33.028380    0.0555621976
  -21.065436     39.033540    0.0619956299
  -21.065436     45.038700    0.0692102528

  -16.384228    -45.038700    0.0627104375
  -16.384228    -39.033540    0.0512148391
  -16.384228    -33.028380    0.0417798819
  -16.384228    -27.023220    0.0342572914
  -16.384228    -21.018060    0.0285094827
  -16.384228    -15.012900    0.0244086256
  -16.384228     -9.007740    0.0218359290
  -16.384228     -3.002580    0.0206810558
  -16.384228      3.002580    0.0208416021
  -16.384228      9.007740    0.0222225966
  -16.384228     15.012900    0.0247359992
  -16.384228     21.018060    0.0283002007
  -16.384228     27.023220    0.0328395468
  -16.384228     33.028380    0.0382839332
  -16.384228     39.033540    0.0445685418
  -16.384228     45.038700    0.0516338088

  -11.703020    -45.038700    0.0521197459
  -11.703020    -39.033540    0.0406183941
  -11.703020    -33.028380    0.0311622594
  -11.703020    -27.023220    0.0236041536
  -11.703020    -21.018060    0.0178080985
  -11.703020    -15.012900    0.0136478508
  -11.703020     -9.007740    0.0110060073
  -11.703020     -3.002580    0.0097734306
  -11.703020      3.002580    0.0098488042
  -11.703020      9.007740    0.0111381899
  -11.703020     15.012900    0.0135545277
  -11.703020     21.018060    0.0170170847
  -11.703020     27.023220    0.0214509240
  -11.703020     33.028380    0.0267865332
  -11.703020     39.033540    0.0329598149
  -11.703020     45.038700    0.0399127129

   -7.021812    -45.038700    0.0457623532
   -7.021812    -39.033540    0.0342905303
   -7.021812    -33.028380    0.0248478329
   -7.021812    -27.023220    0.0172886388
   -7.021812    -21.018060    0.0114785606
   -7.021812    -15.012900    0.0072928636
   -7.021812     -9.007740    0.0046155219
   -7.021812     -3.002580    0.0033386363
   -7.021812      3.002580    0.0033620039
   -7.021812      9.007740    0.0045927010
   -7.021812     15.012900    0.0069446076
   -7.021812     21.018060    0.0103378710
   -7.021812     27.023220    0.0146983767
   -7.021812     33.028380    0.0199573602
   -7.021812     39.033540    0.0260513654
   -7.021812     45.038700    0.0329228236

   -2.340604    -45.038700    0.0427796050
   -2.340604    -39.033540    0.0313675497
   -2.340604    -33.028380    0.0219674182
   -2.340604    -27.023220    0.0144361723
   -2.340604    -21.018060    0.0086410887
   -2.340604    -15.012900    0.0044587917
   -2.340604     -9.007740    0.0017745455
   -2.340604     -3.002580    0.0004817008
   -2.340604      3.002580    0.0004812156
   -2.340604      9.007740    0.0016811977
   -2.340604     15.012900    0.0039964398
   -2.340604     21.018060    0.0073479448
   -2.340604     27.023220    0.0116624638
   -2.340604     33.028380    0.0168720950
   -2.340604     39.033540    0.0229140182
   -2.340604     45.038700    0.0297304618

    2.340604    -45.038700    0.0424556708
    2.340604    -39.033540    0.0311287609
    2.340604    -33.028380    0.0217962288
    2.340604    -27.023220    0.0143177829
    2.340604    -21.018060    0.0085623965
    2.340604    -15.012900    0.0044080398
    2.340604     -9.007740    0.0017412519
    2.340604     -3.002580    0.0004566320
    2.340604      3.002580    0.0004563099
    2.340604      9.007740    0.0016494377
    2.340604     15.012900    0.0039517243
    2.340604     21.018060    0.0072850159
    2.340604     27.023220    0.0115769057
    2.340604     33.028380    0.0167603390
    2.340604     39.033540    0.0227731568
    2.340604     45.038700    0.0295575069

    7.021812    -45.038700    0.0441919838
    7.021812    -39.033540    0.0329713396
    7.021812    -33.028380    0.0237281121
    7.021812    -27.023220    0.0163238909
    7.021812    -21.018060    0.0106292977
    7.021812    -15.012900    0.0065237899
    7.021812     -9.007740    0.0038952669
    7.021812     -3.002580    0.0026395750
    7.021812      3.002580    0.0026599824
    7.021812      9.007740    0.0038666755
    7.021812     15.012900    0.0061763023
    7.021812     21.018060    0.0095115666
    7.021812     27.023220    0.0138008538
    7.021812     33.028380    0.0189778459
    7.021812     39.033540    0.0249810596
    7.021812     45.038700    0.0317532210

   11.703020    -45.038700    0.0474866645
   11.703020    -39.033540    0.0363901955
   11.703020    -33.028380    0.0272548431
   11.703020    -27.023220    0.0199431823
   11.703020    -21.018060    0.0143274217
   11.703020    -15.012900    0.0102886469
   11.703020     -9.007740    0.0077162069
   11.703020     -3.002580    0.0065071937
   11.703020      3.002580    0.0065659748
   11.703020      9.007740    0.0078037523
   11.703020     15.012900    0.0101381312
   11.703020     21.018060    0.0134926935
   11.703020     27.023220    0.0177965843
   11.703020     33.028380    0.0229841294
   11.703020     39.033540    0.0289945137
   11.703020     45.038700    0.0357715627

   16.384228    -45.038700    0.0519179680
   16.384228    -39.033540    0.0409613859
   16.384228    -33.028380    0.0319493576
   16.384228    -27.023220    0.0247456742
   16.384228    -21.018060    0.0192241530
   16.384228    -15.012900    0.0152674728
   16.384228     -9.007740    0.0127664047
   16.384228     -3.002580    0.0116192782
   16.384228      3.002580    0.0117315619
   16.384228      9.007740    0.0130154724
   16.384228     15.012900    0.0153895653
   16.384228     21.018060    0.0187782957
   16.384228     27.023220    0.0231115761
   16.384228     33.028380    0.0283243936
   16.384228     39.033540    0.0343565890
   16.384228     45.038700    0.0411529333

   21.065436    -45.038700    0.0571309577
   21.065436    -39.033540    0.0463281681
   21.065436    -33.028380    0.0374520850
   21.065436    -27.023220    0.0303691827
   21.065436    -21.018060    0.0249550062
   21.065436    -15.012900    0.0210936012
   21.065436     -9.007740    0.0186770013
   21.065436     -3.002580    0.0176047556
   21.065436      3.002580    0.0177834818
   21.065436      9.007740    0.0191264362
   21.065436     15.012900    0.0215530952
   21.065436     21.018060    0.0249887483
   21.065436     27.023220    0.0293641077
   21.065436     33.028380    0.0346149424
   21.065436     39.033540    0.0406817505
   21.065436     45.038700    0.0475094886

   25.746645    -45.038700    0.0628267826
   25.746645    -39.033540    0.0521893384
   25.746645    -33.028380    0.0434598257
   25.746645    -27.023220    0.0365085104
   25.746645    -21.018060    0.0312127491
   25.746645    -15.012900    0.0274577744
   25.746645     -9.007740    0.0251367557
   25.746645     -3.002580    0.0241504445
   25.746645      3.002580    0.0244066429
   25.746645      9.007740    0.0258196644
   25.746645     15.012900    0.0283098800
   25.746645     21.018060    0.0318033772
   25.746645     27.023220    0.0362316818
   25.746645     33.028380    0.0415314263
   25.746645     39.033540    0.0476437734
   25.746645     45.038700    0.0545133334

   30.427853    -45.038700    0.0687540972
   30.427853    -39.033540    0.0582900584
   30.427853    -33.028380    0.0497168962
   30.427853    -27.023220    0.0429067758
   30.427853    -21.018060    0.0377386812
   30.427853    -15.012900    0.0340992945
   30.427853     -9.007740    0.0318831041
   30.427853     -3.002580    0.0309920698
   30.427853      3.002580    0.0313350988
   30.427853      9.007740    0.0328275093
   30.427853     15.012900    0.0353905839
   30.427853     21.018060    0.0389512397
   30.427853     27.023220    0.0434417637
   30.427853     33.028380    0.0487994909
   30.427853     39.033540    0.0549662216
   30.427853     45.038700    0.0618871037

   35.109061    -45.038700    0.0747023386
   35.109061    -39.033540    0.0644159223
   35.109061    -33.028380    0.0560085505
   35.109061    -27.023220    0.0493484134
   35.109061    -21.018060    0.0443155798
   35.109061    -15.012900    0.0407990313
   35.109061     -9.007740    0.0386951750
   35.109061     -3.002580    0.0379072197
   35.109061      3.002580    0.0383449429
   35.109061      9.007740    0.0399245173
   35.109061     15.012900    0.0425682078
   35.109061     21.018060    0.0462038915
   35.109061     27.023220    0.0507644970
   35.109061     33.028380    0.0561875977
   35.109061     39.033540    0.0624155397
   35.109061     45.038700    0.0693966243

   39.790269    -45.038700    0.0804967368
   39.790269    -39.033540    0.0703915751
   39.790269    -33.028380    0.0621569641
   39.790269    -27.023220    0.0556534786
   39.790269    -21.018060    0.0507619182
   39.790269    -15.012900    0.0473740766
   39.790269     -9.007740    0.0453886437
   39.790269     -3.002580    0.0447100972
   39.790269      3.002580    0.0452489315
   39.790269      9.007740    0.0469220691
   39.790269     15.012900    0.0496527898
   39.790269     21.018060    0.0533700090
   39.790269     27.023220    0.0580072303
   39.790269     33.028380    0.0635019893
   39.790269     39.033540    0.0697971018
   39.790269     45.038700    0.0768455217

   44.471477    -45.038700    0.0859951072
   44.471477    -39.033540    0.0760857425
   44.471477    -33.028380    0.0680203522
   44.471477    -27.023220    0.0616729981
   44.471477    -21.018060    0.0569270643
   44.471477    -15.012900    0.0536739871
   44.471477     -9.007740    0.0518124862
   44.471477     -3.002580    0.0512480909
   44.471477      3.002580    0.0518928032
   44.471477      9.007740    0.0536647871
   44.471477     15.012900    0.0564880233
   44.471477     21.018060    0.0602919135
   44.471477     27.023220    0.0650108714
   44.471477     33.028380    0.0705839804
   44.471477     39.033540    0.0769548505
   44.471477     45.038700    0.0840718523

