  -35.358766    -61.469935    0.0945732119
  -35.358766    -53.273944    0.0903529379
  -35.358766    -45.077952    0.0867595522
  -35.358766    -36.881961    0.0837864777
  -35.358766    -28.685970    0.0814281300
  -35.358766    -20.489978    0.0796799445
  -35.358766    -12.293987    0.0785383962
  -35.358766     -4.097996    0.0780010163
  -35.358766      4.097996    0.0780664021
  -35.358766     12.293987    0.0787342221
  -35.358766     20.489978    0.0800052166
  -35.358766     28.685970    0.0818811917
  -35.358766     36.881961    0.0843650096
  -35.358766     45.077952    0.0874605725
  -35.358766     53.273944    0.0911728019
  -35.358766     61.469935    0.0955076124

  -30.644264    -61.469935    0.0736410435
  -30.644264    -53.273944    0.0693684898
  -30.644264    -45.077952    0.0657262336
  -30.644264    -36.881961    0.0627078604
  -30.644264    -28.685970    0.0603079317
  -30.644264    -20.489978    0.0585220110
  -30.644264    -12.293987    0.0573466852
  -30.644264     -4.097996    0.0567795793
  -30.644264      4.097996    0.0568193677
  -30.644264     12.293987    0.0574657791
  -30.644264     20.489978    0.0587195963
  -30.644264     28.685970    0.0605826513
  -30.644264     36.881961    0.0630578145
  -30.644264     45.077952    0.0661489796
  -30.644264     53.273944    0.0698610423
  -30.644264     61.469935    0.0741998744

  -25.929762    -61.469935    0.0566622763
  -25.929762    -53.273944    0.0523498685
  -25.929762    -45.077952    0.0486704988
  -25.929762    -36.881961    0.0456178843
  -25.929762    -28.685970    0.0431867050
  -25.929762    -20.489978    0.0413726301
  -25.929762    -12.293987    0.0401723386
  -25.929762     -4.097996    0.0395835351
  -25.929762      4.097996    0.0396049602
  -25.929762     12.293987    0.0402363957
  -25.929762     20.489978    0.0414786645
  -25.929762     28.685970    0.0433336256
  -25.929762     36.881961    0.0458041635
  -25.929762     45.077952    0.0488941726
  -25.929762     53.273944    0.0526085365
  -25.929762     61.469935    0.0569531016

  -21.215260    -61.469935    0.0431635995
  -21.215260    -53.273944    0.0388220594
  -21.215260    -45.077952    0.0351157010
  -21.215260    -36.881961    0.0320383474
  -21.215260    -28.685970    0.0295847749
  -21.215260    -20.489978    0.0277507392
  -21.215260    -12.293987    0.0265329960
  -21.215260     -4.097996    0.0259293169
  -21.215260      4.097996    0.0259384996
  -21.215260     12.293987    0.0265603735
  -21.215260     20.489978    0.0277957993
  -21.215260     28.685970    0.0296466637
  -21.215260     36.881961    0.0321158696
  -21.215260     45.077952    0.0352073198
  -21.215260     53.273944    0.0389258965
  -21.215260     61.469935    0.0432774351

  -16.500757    -61.469935    0.0327725002
  -16.500757    -53.273944    0.0284109483
  -16.500757    -45.077952    0.0246861833
  -16.500757    -36.881961    0.0215921136
  -16.500757    -28.685970    0.0191235934
  -16.500757    -20.489978    0.0172764495
  -16.500757    -12.293987    0.0160475015
  -16.500757     -4.097996    0.0154345779
  -16.500757      4.097996    0.0154365265
  -16.500757     12.293987    0.0160532192
  -16.500757     20.489978    0.0172855524
  -16.500757     28.685970    0.0191354418
  -16.500757     36.881961    0.0216058116
  -16.500757     45.077952    0.0247005794
  -16.500757     53.273944    0.0284246347
  -16.500757     61.469935    0.0327838135

  -11.786255    -61.469935    0.0252060625
  -11.786255    -53.273944    0.0208321210
  -11.786255    -45.077952    0.0170960788
  -11.786255    -36.881961    0.0139919124
  -11.786255    -28.685970    0.0115145397
  -11.786255    -20.489978    0.0096598458
  -11.786255    -12.293987    0.0084247043
  -11.786255     -4.097996    0.0078069925
  -11.786255      4.097996    0.0078056020
  -11.786255     12.293987    0.0084204441
  -11.786255     20.489978    0.0096524495
  -11.786255     28.685970    0.0115035632
  -11.786255     36.881961    0.0139767341
  -11.786255     45.077952    0.0170758994
  -11.786255     53.273944    0.0208059636
  -11.786255     61.469935    0.0251727726

   -7.071753    -61.469935    0.0202620083
   -7.071753    -53.273944    0.0158819038
   -7.071753    -45.077952    0.0121403503
   -7.071753    -36.881961    0.0090313793
   -7.071753    -28.685970    0.0065499602
   -7.071753    -20.489978    0.0046920269
   -7.071753    -12.293987    0.0034544986
   -7.071753     -4.097996    0.0028352952
   -7.071753      4.097996    0.0028333480
   -7.071753     12.293987    0.0034486048
   -7.071753     20.489978    0.0046820297
   -7.071753     28.685970    0.0065355984
   -7.071753     36.881961    0.0090122872
   -7.071753     45.077952    0.0121160577
   -7.071753     53.273944    0.0158518359
   -7.071753     61.469935    0.0202254861

   -2.357251    -61.469935    0.0178119768
   -2.357251    -53.273944    0.0134306428
   -2.357251    -45.077952    0.0096880706
   -2.357251    -36.881961    0.0065783352
   -2.357251    -28.685970    0.0040964484
   -2.357251    -20.489978    0.0022383850
   -2.357251    -12.293987    0.0010011033
   -2.357251     -4.097996    0.0003825614
   -2.357251      4.097996    0.0003817268
   -2.357251     12.293987    0.0009985824
   -2.357251     20.489978    0.0022341260
   -2.357251     28.685970    0.0040903652
   -2.357251     36.881961    0.0065703070
   -2.357251     45.077952    0.0096779423
   -2.357251     53.273944    0.0134182246
   -2.357251     61.469935    0.0177970447

    2.357251    -61.469935    0.0177970447
    2.357251    -53.273944    0.0134182246
    2.357251    -45.077952    0.0096779423
    2.357251    -36.881961    0.0065703070
    2.357251    -28.685970    0.0040903652
    2.357251    -20.489978    0.0022341260
    2.357251    -12.293987    0.0009985824
    2.357251     -4.097996    0.0003817268
    2.357251      4.097996    0.0003825614
    2.357251     12.293987    0.0010011033
    2.357251     20.489978    0.0022383850
    2.357251     28.685970    0.0040964484
    2.357251     36.881961    0.0065783352
    2.357251     45.077952    0.0096880706
    2.357251     53.273944    0.0134306428
    2.357251     61.469935    0.0178119768

    7.071753    -61.469935    0.0202254861
    7.071753    -53.273944    0.0158518359
    7.071753    -45.077952    0.0121160577
    7.071753    -36.881961    0.0090122872
    7.071753    -28.685970    0.0065355984
    7.071753    -20.489978    0.0046820297
    7.071753    -12.293987    0.0034486048
    7.071753     -4.097996    0.0028333480
    7.071753      4.097996    0.0028352952
    7.071753     12.293987    0.0034544986
    7.071753     20.489978    0.0046920269
    7.071753     28.685970    0.0065499602
    7.071753     36.881961    0.0090313793
    7.071753     45.077952    0.0121403503
    7.071753     53.273944    0.0158819038
    7.071753     61.469935    0.0202620083

   11.786255    -61.469935    0.0251727726
   11.786255    -53.273944    0.0208059636
   11.786255    -45.077952    0.0170758994
   11.786255    -36.881961    0.0139767341
   11.786255    -28.685970    0.0115035632
   11.786255    -20.489978    0.0096524495
   11.786255    -12.293987    0.0084204441
   11.786255     -4.097996    0.0078056020
   11.786255      4.097996    0.0078069925
   11.786255     12.293987    0.0084247043
   11.786255     20.489978    0.0096598458
   11.786255     28.685970    0.0115145397
   11.786255     36.881961    0.0139919124
   11.786255     45.077952    0.0170960788
   11.786255     53.273944    0.0208321210
   11.786255     61.469935    0.0252060625

   16.500757    -61.469935    0.0327838135
   16.500757    -53.273944    0.0284246347
   16.500757    -45.077952    0.0247005794
   16.500757    -36.881961    0.0216058116
   16.500757    -28.685970    0.0191354418
   16.500757    -20.489978    0.0172855524
   16.500757    -12.293987    0.0160532192
   16.500757     -4.097996    0.0154365265
   16.500757      4.097996    0.0154345779
   16.500757     12.293987    0.0160475015
   16.500757     20.489978    0.0172764495
   16.500757     28.685970    0.0191235934
   16.500757     36.881961    0.0215921136
   16.500757     45.077952    0.0246861833
   16.500757     53.273944    0.0284109483
   16.500757     61.469935    0.0327725002

   21.215260    -61.469935    0.0432774351
   21.215260    -53.273944    0.0389258965
   21.215260    -45.077952    0.0352073198
   21.215260    -36.881961    0.0321158696
   21.215260    -28.685970    0.0296466637
   21.215260    -20.489978    0.0277957993
   21.215260    -12.293987    0.0265603735
   21.215260     -4.097996    0.0259384996
   21.215260      4.097996    0.0259293169
   21.215260     12.293987    0.0265329960
   21.215260     20.489978    0.0277507392
   21.215260     28.685970    0.0295847749
   21.215260     36.881961    0.0320383474
   21.215260     45.077952    0.0351157010
   21.215260     53.273944    0.0388220594
   21.215260     61.469935    0.0431635995

   25.929762    -61.469935    0.0569531016
   25.929762    -53.273944    0.0526085365
   25.929762    -45.077952    0.0488941726
   25.929762    -36.881961    0.0458041635
   25.929762    -28.685970    0.0433336256
   25.929762    -20.489978    0.0414786645
   25.929762    -12.293987    0.0402363957
   25.929762     -4.097996    0.0396049602
   25.929762      4.097996    0.0395835351
   25.929762     12.293987    0.0401723386
   25.929762     20.489978    0.0413726301
   25.929762     28.685970    0.0431867050
   25.929762     36.881961    0.0456178843
   25.929762     45.077952    0.0486704988
   25.929762     53.273944    0.0523498685
   25.929762     61.469935    0.0566622763

   30.644264    -61.469935    0.0741998744
   30.644264    -53.273944    0.0698610423
   30.644264    -45.077952    0.0661489796
   30.644264    -36.881961    0.0630578145
   30.644264    -28.685970    0.0605826513
   30.644264    -20.489978    0.0587195963
   30.644264    -12.293987    0.0574657791
   30.644264     -4.097996    0.0568193677
   30.644264      4.097996    0.0567795793
   30.644264     12.293987    0.0573466852
   30.644264     20.489978    0.0585220110
   30.644264     28.685970    0.0603079317
   30.644264     36.881961    0.0627078604
   30.644264     45.077952    0.0657262336
   30.644264     53.273944    0.0693684898
   30.644264     61.469935    0.0736410435

   35.358766    -61.469935    0.0955076124
   35.358766    -53.273944    0.0911728019
   35.358766    -45.077952    0.0874605725
   35.358766    -36.881961    0.0843650096
   35.358766    -28.685970    0.0818811917
   35.358766    -20.489978    0.0800052166
   35.358766    -12.293987    0.0787342221
   35.358766     -4.097996    0.0780664021
   35.358766      4.097996    0.0780010163
   35.358766     12.293987    0.0785383962
   35.358766     20.489978    0.0796799445
   35.358766     28.685970    0.0814281300
   35.358766     36.881961    0.0837864777
   35.358766     45.077952    0.0867595522
   35.358766     53.273944    0.0903529379
   35.358766     61.469935    0.0945732119

