  -50.619018   -100.911229    0.0059055458
  -50.619018    -87.456398    0.0048457565
  -50.619018    -74.001568    0.0037408332
  -50.619018    -60.546737    0.0026655731
  -50.619018    -47.091907    0.0016947795
  -50.619018    -33.637076    0.0008974592
  -50.619018    -20.182246    0.0003311800
  -50.619018     -6.727415    0.0000372553
  -50.619018      6.727415    0.0000372553
  -50.619018     20.182246    0.0003311800
  -50.619018     33.637076    0.0008974592
  -50.619018     47.091907    0.0016947795
  -50.619018     60.546737    0.0026655731
  -50.619018     74.001568    0.0037408332
  -50.619018     87.456398    0.0048457565
  -50.619018    100.911229    0.0059055458

  -43.869816   -100.911229    0.0047345043
  -43.869816    -87.456398    0.0038619040
  -43.869816    -74.001568    0.0029986779
  -43.869816    -60.546737    0.0021481882
  -43.869816    -47.091907    0.0013681009
  -43.869816    -33.637076    0.0007234990
  -43.869816    -20.182246    0.0002663340
  -43.869816     -6.727415    0.0000299084
  -43.869816      6.727415    0.0000299084
  -43.869816     20.182246    0.0002663340
  -43.869816     33.637076    0.0007234990
  -43.869816     47.091907    0.0013681009
  -43.869816     60.546737    0.0021481882
  -43.869816     74.001568    0.0029986779
  -43.869816     87.456398    0.0038619040
  -43.869816    100.911229    0.0047345043

  -37.120613   -100.911229    0.0035853593
  -37.120613    -87.456398    0.0029416423
  -37.120613    -74.001568    0.0022799286
  -37.120613    -60.546737    0.0016304792
  -37.120613    -47.091907    0.0010387884
  -37.120613    -33.637076    0.0005504466
  -37.120613    -20.182246    0.0002031077
  -37.120613     -6.727415    0.0000228430
  -37.120613      6.727415    0.0000228430
  -37.120613     20.182246    0.0002031077
  -37.120613     33.637076    0.0005504466
  -37.120613     47.091907    0.0010387884
  -37.120613     60.546737    0.0016304792
  -37.120613     74.001568    0.0022799286
  -37.120613     87.456398    0.0029416423
  -37.120613    100.911229    0.0035853593

  -30.371411   -100.911229    0.0025149653
  -30.371411    -87.456398    0.0020742973
  -30.371411    -74.001568    0.0016049675
  -30.371411    -60.546737    0.0011459702
  -30.371411    -47.091907    0.0007303582
  -30.371411    -33.637076    0.0003877176
  -30.371411    -20.182246    0.0001433689
  -30.371411     -6.727415    0.0000161465
  -30.371411      6.727415    0.0000161465
  -30.371411     20.182246    0.0001433689
  -30.371411     33.637076    0.0003877176
  -30.371411     47.091907    0.0007303582
  -30.371411     60.546737    0.0011459702
  -30.371411     74.001568    0.0016049675
  -30.371411     87.456398    0.0020742973
  -30.371411    100.911229    0.0025149653

  -23.622208   -100.911229    0.0015792544
  -23.622208    -87.456398    0.0013041899
  -23.622208    -74.001568    0.0010096762
  -23.622208    -60.546737    0.0007213050
  -23.622208    -47.091907    0.0004599972
  -23.622208    -33.637076    0.0002443533
  -23.622208    -20.182246    0.0000904047
  -23.622208     -6.727415    0.0000101847
  -23.622208      6.727415    0.0000101847
  -23.622208     20.182246    0.0000904047
  -23.622208     33.637076    0.0002443533
  -23.622208     47.091907    0.0004599972
  -23.622208     60.546737    0.0007213050
  -23.622208     74.001568    0.0010096762
  -23.622208     87.456398    0.0013041899
  -23.622208    100.911229    0.0015792544

  -16.873006   -100.911229    0.0008285569
  -16.873006    -87.456398    0.0006828732
  -16.873006    -74.001568    0.0005299025
  -16.873006    -60.546737    0.0003793816
  -16.873006    -47.091907    0.0002421375
  -16.873006    -33.637076    0.0001285826
  -16.873006    -20.182246    0.0000475356
  -16.873006     -6.727415    0.0000053521
  -16.873006      6.727415    0.0000053521
  -16.873006     20.182246    0.0000475356
  -16.873006     33.637076    0.0001285826
  -16.873006     47.091907    0.0002421375
  -16.873006     60.546737    0.0003793816
  -16.873006     74.001568    0.0005299025
  -16.873006     87.456398    0.0006828732
  -16.873006    100.911229    0.0008285569

  -10.123804   -100.911229    0.0003038719
  -10.123804    -87.456398    0.0002496582
  -10.123804    -74.001568    0.0001942600
  -10.123804    -60.546737    0.0001394302
  -10.123804    -47.091907    0.0000890555
  -10.123804    -33.637076    0.0000472575
  -10.123804    -20.182246    0.0000174492
  -10.123804     -6.727415    0.0000019629
  -10.123804      6.727415    0.0000019629
  -10.123804     20.182246    0.0000174492
  -10.123804     33.637076    0.0000472575
  -10.123804     47.091907    0.0000890555
  -10.123804     60.546737    0.0001394302
  -10.123804     74.001568    0.0001942600
  -10.123804     87.456398    0.0002496582
  -10.123804    100.911229    0.0003038719

   -3.374601   -100.911229    0.0000340780
   -3.374601    -87.456398    0.0000279371
   -3.374601    -74.001568    0.0000217763
   -3.374601    -60.546737    0.0000156552
   -3.374601    -47.091907    0.0000100035
   -3.374601    -33.637076    0.0000053056
   -3.374601    -20.182246    0.0000019573
   -3.374601     -6.727415    0.0000002201
   -3.374601      6.727415    0.0000002201
   -3.374601     20.182246    0.0000019573
   -3.374601     33.637076    0.0000053056
   -3.374601     47.091907    0.0000100035
   -3.374601     60.546737    0.0000156552
   -3.374601     74.001568    0.0000217763
   -3.374601     87.456398    0.0000279371
   -3.374601    100.911229    0.0000340780

    3.374601   -100.911229    0.0000340780
    3.374601    -87.456398    0.0000279371
    3.374601    -74.001568    0.0000217763
    3.374601    -60.546737    0.0000156552
    3.374601    -47.091907    0.0000100035
    3.374601    -33.637076    0.0000053056
    3.374601    -20.182246    0.0000019573
    3.374601     -6.727415    0.0000002201
    3.374601      6.727415    0.0000002201
    3.374601     20.182246    0.0000019573
    3.374601     33.637076    0.0000053056
    3.374601     47.091907    0.0000100035
    3.374601     60.546737    0.0000156552
    3.374601     74.001568    0.0000217763
    3.374601     87.456398    0.0000279371
    3.374601    100.911229    0.0000340780

   10.123804   -100.911229    0.0003038719
   10.123804    -87.456398    0.0002496582
   10.123804    -74.001568    0.0001942600
   10.123804    -60.546737    0.0001394302
   10.123804    -47.091907    0.0000890555
   10.123804    -33.637076    0.0000472575
   10.123804    -20.182246    0.0000174492
   10.123804     -6.727415    0.0000019629
   10.123804      6.727415    0.0000019629
   10.123804     20.182246    0.0000174492
   10.123804     33.637076    0.0000472575
   10.123804     47.091907    0.0000890555
   10.123804     60.546737    0.0001394302
   10.123804     74.001568    0.0001942600
   10.123804     87.456398    0.0002496582
   10.123804    100.911229    0.0003038719

   16.873006   -100.911229    0.0008285569
   16.873006    -87.456398    0.0006828732
   16.873006    -74.001568    0.0005299025
   16.873006    -60.546737    0.0003793816
   16.873006    -47.091907    0.0002421375
   16.873006    -33.637076    0.0001285826
   16.873006    -20.182246    0.0000475356
   16.873006     -6.727415    0.0000053521
   16.873006      6.727415    0.0000053521
   16.873006     20.182246    0.0000475356
   16.873006     33.637076    0.0001285826
   16.873006     47.091907    0.0002421375
   16.873006     60.546737    0.0003793816
   16.873006     74.001568    0.0005299025
   16.873006     87.456398    0.0006828732
   16.873006    100.911229    0.0008285569

   23.622208   -100.911229    0.0015792544
   23.622208    -87.456398    0.0013041899
   23.622208    -74.001568    0.0010096762
   23.622208    -60.546737    0.0007213050
   23.622208    -47.091907    0.0004599972
   23.622208    -33.637076    0.0002443533
   23.622208    -20.182246    0.0000904047
   23.622208     -6.727415    0.0000101847
   23.622208      6.727415    0.0000101847
   23.622208     20.182246    0.0000904047
   23.622208     33.637076    0.0002443533
   23.622208     47.091907    0.0004599972
   23.622208     60.546737    0.0007213050
   23.622208     74.001568    0.0010096762
   23.622208     87.456398    0.0013041899
   23.622208    100.911229    0.0015792544

   30.371411   -100.911229    0.0025149653
   30.371411    -87.456398    0.0020742973
   30.371411    -74.001568    0.0016049675
   30.371411    -60.546737    0.0011459702
   30.371411    -47.091907    0.0007303582
   30.371411    -33.637076    0.0003877176
   30.371411    -20.182246    0.0001433689
   30.371411     -6.727415    0.0000161465
   30.371411      6.727415    0.0000161465
   30.371411     20.182246    0.0001433689
   30.371411     33.637076    0.0003877176
   30.371411     47.091907    0.0007303582
   30.371411     60.546737    0.0011459702
   30.371411     74.001568    0.0016049675
   30.371411     87.456398    0.0020742973
   30.371411    100.911229    0.0025149653

   37.120613   -100.911229    0.0035853593
   37.120613    -87.456398    0.0029416423
   37.120613    -74.001568    0.0022799286
   37.120613    -60.546737    0.0016304792
   37.120613    -47.091907    0.0010387884
   37.120613    -33.637076    0.0005504466
   37.120613    -20.182246    0.0002031077
   37.120613     -6.727415    0.0000228430
   37.120613      6.727415    0.0000228430
   37.120613     20.182246    0.0002031077
   37.120613     33.637076    0.0005504466
   37.120613     47.091907    0.0010387884
   37.120613     60.546737    0.0016304792
   37.120613     74.001568    0.0022799286
   37.120613     87.456398    0.0029416423
   37.120613    100.911229    0.0035853593

   43.869816   -100.911229    0.0047345043
   43.869816    -87.456398    0.0038619040
   43.869816    -74.001568    0.0029986779
   43.869816    -60.546737    0.0021481882
   43.869816    -47.091907    0.0013681009
   43.869816    -33.637076    0.0007234990
   43.869816    -20.182246    0.0002663340
   43.869816     -6.727415    0.0000299084
   43.869816      6.727415    0.0000299084
   43.869816     20.182246    0.0002663340
   43.869816     33.637076    0.0007234990
   43.869816     47.091907    0.0013681009
   43.869816     60.546737    0.0021481882
   43.869816     74.001568    0.0029986779
   43.869816     87.456398    0.0038619040
   43.869816    100.911229    0.0047345043

   50.619018   -100.911229    0.0059055458
   50.619018    -87.456398    0.0048457565
   50.619018    -74.001568    0.0037408332
   50.619018    -60.546737    0.0026655731
   50.619018    -47.091907    0.0016947795
   50.619018    -33.637076    0.0008974592
   50.619018    -20.182246    0.0003311800
   50.619018     -6.727415    0.0000372553
   50.619018      6.727415    0.0000372553
   50.619018     20.182246    0.0003311800
   50.619018     33.637076    0.0008974592
   50.619018     47.091907    0.0016947795
   50.619018     60.546737    0.0026655731
   50.619018     74.001568    0.0037408332
   50.619018     87.456398    0.0048457565
   50.619018    100.911229    0.0059055458

