  -42.952389   -136.038482   -0.0022191727
  -42.952389   -117.900018   -0.0016872436
  -42.952389    -99.761554   -0.0012207984
  -42.952389    -81.623089   -0.0008244732
  -42.952389    -63.484625   -0.0005023088
  -42.952389    -45.346161   -0.0002576538
  -42.952389    -27.207696   -0.0000930875
  -42.952389     -9.069232   -0.0000103616
  -42.952389      9.069232   -0.0000103616
  -42.952389     27.207696   -0.0000930875
  -42.952389     45.346161   -0.0002576538
  -42.952389     63.484625   -0.0005023088
  -42.952389     81.623089   -0.0008244732
  -42.952389     99.761554   -0.0012207984
  -42.952389    117.900018   -0.0016872436
  -42.952389    136.038482   -0.0022191727

  -37.225404   -136.038482   -0.0016524966
  -37.225404   -117.900018   -0.0012563503
  -37.225404    -99.761554   -0.0009090013
  -37.225404    -81.623089   -0.0006138864
  -37.225404    -63.484625   -0.0003740036
  -37.225404    -45.346161   -0.0001918391
  -37.225404    -27.207696   -0.0000693089
  -37.225404     -9.069232   -0.0000077148
  -37.225404      9.069232   -0.0000077148
  -37.225404     27.207696   -0.0000693089
  -37.225404     45.346161   -0.0001918391
  -37.225404     63.484625   -0.0003740036
  -37.225404     81.623089   -0.0006138864
  -37.225404     99.761554   -0.0009090013
  -37.225404    117.900018   -0.0012563503
  -37.225404    136.038482   -0.0016524966

  -31.498419   -136.038482   -0.0011743939
  -31.498419   -117.900018   -0.0008928366
  -31.498419    -99.761554   -0.0006459738
  -31.498419    -81.623089   -0.0004362434
  -31.498419    -63.484625   -0.0002657717
  -31.498419    -45.346161   -0.0001363214
  -31.498419    -27.207696   -0.0000492507
  -31.498419     -9.069232   -0.0000054821
  -31.498419      9.069232   -0.0000054821
  -31.498419     27.207696   -0.0000492507
  -31.498419     45.346161   -0.0001363214
  -31.498419     63.484625   -0.0002657717
  -31.498419     81.623089   -0.0004362434
  -31.498419     99.761554   -0.0006459738
  -31.498419    117.900018   -0.0008928366
  -31.498419    136.038482   -0.0011743939

  -25.771434   -136.038482   -0.0007813049
  -25.771434   -117.900018   -0.0005939780
  -25.771434    -99.761554   -0.0004297383
  -25.771434    -81.623089   -0.0002902077
  -25.771434    -63.484625   -0.0001767994
  -25.771434    -45.346161   -0.0000906838
  -25.771434    -27.207696   -0.0000327622
  -25.771434     -9.069232   -0.0000036467
  -25.771434      9.069232   -0.0000036467
  -25.771434     27.207696   -0.0000327622
  -25.771434     45.346161   -0.0000906838
  -25.771434     63.484625   -0.0001767994
  -25.771434     81.623089   -0.0002902077
  -25.771434     99.761554   -0.0004297383
  -25.771434    117.900018   -0.0005939780
  -25.771434    136.038482   -0.0007813049

  -20.044448   -136.038482   -0.0004702990
  -20.044448   -117.900018   -0.0003575347
  -20.044448    -99.761554   -0.0002586690
  -20.044448    -81.623089   -0.0001746792
  -20.044448    -63.484625   -0.0001064156
  -20.044448    -45.346161   -0.0000545818
  -20.044448    -27.207696   -0.0000197191
  -20.044448     -9.069232   -0.0000021949
  -20.044448      9.069232   -0.0000021949
  -20.044448     27.207696   -0.0000197191
  -20.044448     45.346161   -0.0000545818
  -20.044448     63.484625   -0.0001064156
  -20.044448     81.623089   -0.0001746792
  -20.044448     99.761554   -0.0002586690
  -20.044448    117.900018   -0.0003575347
  -20.044448    136.038482   -0.0004702990

  -14.317463   -136.038482   -0.0002390550
  -14.317463   -117.900018   -0.0001817349
  -14.317463    -99.761554   -0.0001314797
  -14.317463    -81.623089   -0.0000887870
  -14.317463    -63.484625   -0.0000540888
  -14.317463    -45.346161   -0.0000277424
  -14.317463    -27.207696   -0.0000100226
  -14.317463     -9.069232   -0.0000011156
  -14.317463      9.069232   -0.0000011156
  -14.317463     27.207696   -0.0000100226
  -14.317463     45.346161   -0.0000277424
  -14.317463     63.484625   -0.0000540888
  -14.317463     81.623089   -0.0000887870
  -14.317463     99.761554   -0.0001314797
  -14.317463    117.900018   -0.0001817349
  -14.317463    136.038482   -0.0002390550

   -8.590478   -136.038482   -0.0000858459
   -8.590478   -117.900018   -0.0000652616
   -8.590478    -99.761554   -0.0000472144
   -8.590478    -81.623089   -0.0000318831
   -8.590478    -63.484625   -0.0000194229
   -8.590478    -45.346161   -0.0000099620
   -8.590478    -27.207696   -0.0000035990
   -8.590478     -9.069232   -0.0000004006
   -8.590478      9.069232   -0.0000004006
   -8.590478     27.207696   -0.0000035990
   -8.590478     45.346161   -0.0000099620
   -8.590478     63.484625   -0.0000194229
   -8.590478     81.623089   -0.0000318831
   -8.590478     99.761554   -0.0000472144
   -8.590478    117.900018   -0.0000652616
   -8.590478    136.038482   -0.0000858459

   -2.863493   -136.038482   -0.0000095266
   -2.863493   -117.900018   -0.0000072423
   -2.863493    -99.761554   -0.0000052395
   -2.863493    -81.623089   -0.0000035381
   -2.863493    -63.484625   -0.0000021554
   -2.863493    -45.346161   -0.0000011055
   -2.863493    -27.207696   -0.0000003994
   -2.863493     -9.069232   -0.0000000445
   -2.863493      9.069232   -0.0000000445
   -2.863493     27.207696   -0.0000003994
   -2.863493     45.346161   -0.0000011055
   -2.863493     63.484625   -0.0000021554
   -2.863493     81.623089   -0.0000035381
   -2.863493     99.761554   -0.0000052395
   -2.863493    117.900018   -0.0000072423
   -2.863493    136.038482   -0.0000095266

    2.863493   -136.038482   -0.0000095266
    2.863493   -117.900018   -0.0000072423
    2.863493    -99.761554   -0.0000052395
    2.863493    -81.623089   -0.0000035381
    2.863493    -63.484625   -0.0000021554
    2.863493    -45.346161   -0.0000011055
    2.863493    -27.207696   -0.0000003994
    2.863493     -9.069232   -0.0000000445
    2.863493      9.069232   -0.0000000445
    2.863493     27.207696   -0.0000003994
    2.863493     45.346161   -0.0000011055
    2.863493     63.484625   -0.0000021554
    2.863493     81.623089   -0.0000035381
    2.863493     99.761554   -0.0000052395
    2.863493    117.900018   -0.0000072423
    2.863493    136.038482   -0.0000095266

    8.590478   -136.038482   -0.0000858459
    8.590478   -117.900018   -0.0000652616
    8.590478    -99.761554   -0.0000472144
    8.590478    -81.623089   -0.0000318831
    8.590478    -63.484625   -0.0000194229
    8.590478    -45.346161   -0.0000099620
    8.590478    -27.207696   -0.0000035990
    8.590478     -9.069232   -0.0000004006
    8.590478      9.069232   -0.0000004006
    8.590478     27.207696   -0.0000035990
    8.590478     45.346161   -0.0000099620
    8.590478     63.484625   -0.0000194229
    8.590478     81.623089   -0.0000318831
    8.590478     99.761554   -0.0000472144
    8.590478    117.900018   -0.0000652616
    8.590478    136.038482   -0.0000858459

   14.317463   -136.038482   -0.0002390550
   14.317463   -117.900018   -0.0001817349
   14.317463    -99.761554   -0.0001314797
   14.317463    -81.623089   -0.0000887870
   14.317463    -63.484625   -0.0000540888
   14.317463    -45.346161   -0.0000277424
   14.317463    -27.207696   -0.0000100226
   14.317463     -9.069232   -0.0000011156
   14.317463      9.069232   -0.0000011156
   14.317463     27.207696   -0.0000100226
   14.317463     45.346161   -0.0000277424
   14.317463     63.484625   -0.0000540888
   14.317463     81.623089   -0.0000887870
   14.317463     99.761554   -0.0001314797
   14.317463    117.900018   -0.0001817349
   14.317463    136.038482   -0.0002390550

   20.044448   -136.038482   -0.0004702990
   20.044448   -117.900018   -0.0003575347
   20.044448    -99.761554   -0.0002586690
   20.044448    -81.623089   -0.0001746792
   20.044448    -63.484625   -0.0001064156
   20.044448    -45.346161   -0.0000545818
   20.044448    -27.207696   -0.0000197191
   20.044448     -9.069232   -0.0000021949
   20.044448      9.069232   -0.0000021949
   20.044448     27.207696   -0.0000197191
   20.044448     45.346161   -0.0000545818
   20.044448     63.484625   -0.0001064156
   20.044448     81.623089   -0.0001746792
   20.044448     99.761554   -0.0002586690
   20.044448    117.900018   -0.0003575347
   20.044448    136.038482   -0.0004702990

   25.771434   -136.038482   -0.0007813049
   25.771434   -117.900018   -0.0005939780
   25.771434    -99.761554   -0.0004297383
   25.771434    -81.623089   -0.0002902077
   25.771434    -63.484625   -0.0001767994
   25.771434    -45.346161   -0.0000906838
   25.771434    -27.207696   -0.0000327622
   25.771434     -9.069232   -0.0000036467
   25.771434      9.069232   -0.0000036467
   25.771434     27.207696   -0.0000327622
   25.771434     45.346161   -0.0000906838
   25.771434     63.484625   -0.0001767994
   25.771434     81.623089   -0.0002902077
   25.771434     99.761554   -0.0004297383
   25.771434    117.900018   -0.0005939780
   25.771434    136.038482   -0.0007813049

   31.498419   -136.038482   -0.0011743939
   31.498419   -117.900018   -0.0008928366
   31.498419    -99.761554   -0.0006459738
   31.498419    -81.623089   -0.0004362434
   31.498419    -63.484625   -0.0002657717
   31.498419    -45.346161   -0.0001363214
   31.498419    -27.207696   -0.0000492507
   31.498419     -9.069232   -0.0000054821
   31.498419      9.069232   -0.0000054821
   31.498419     27.207696   -0.0000492507
   31.498419     45.346161   -0.0001363214
   31.498419     63.484625   -0.0002657717
   31.498419     81.623089   -0.0004362434
   31.498419     99.761554   -0.0006459738
   31.498419    117.900018   -0.0008928366
   31.498419    136.038482   -0.0011743939

   37.225404   -136.038482   -0.0016524966
   37.225404   -117.900018   -0.0012563503
   37.225404    -99.761554   -0.0009090013
   37.225404    -81.623089   -0.0006138864
   37.225404    -63.484625   -0.0003740036
   37.225404    -45.346161   -0.0001918391
   37.225404    -27.207696   -0.0000693089
   37.225404     -9.069232   -0.0000077148
   37.225404      9.069232   -0.0000077148
   37.225404     27.207696   -0.0000693089
   37.225404     45.346161   -0.0001918391
   37.225404     63.484625   -0.0003740036
   37.225404     81.623089   -0.0006138864
   37.225404     99.761554   -0.0009090013
   37.225404    117.900018   -0.0012563503
   37.225404    136.038482   -0.0016524966

   42.952389   -136.038482   -0.0022191727
   42.952389   -117.900018   -0.0016872436
   42.952389    -99.761554   -0.0012207984
   42.952389    -81.623089   -0.0008244732
   42.952389    -63.484625   -0.0005023088
   42.952389    -45.346161   -0.0002576538
   42.952389    -27.207696   -0.0000930875
   42.952389     -9.069232   -0.0000103616
   42.952389      9.069232   -0.0000103616
   42.952389     27.207696   -0.0000930875
   42.952389     45.346161   -0.0002576538
   42.952389     63.484625   -0.0005023088
   42.952389     81.623089   -0.0008244732
   42.952389     99.761554   -0.0012207984
   42.952389    117.900018   -0.0016872436
   42.952389    136.038482   -0.0022191727

