  -61.469935   -119.276109   -0.0020934925
  -61.469935   -103.372628   -0.0019101607
  -61.469935    -87.469147   -0.0016974946
  -61.469935    -71.565666   -0.0014544626
  -61.469935    -55.662184   -0.0011808346
  -61.469935    -39.758703   -0.0008772592
  -61.469935    -23.855222   -0.0005453142
  -61.469935     -7.951741   -0.0001875302
  -61.469935      7.951741    0.0001926113
  -61.469935     23.855222    0.0005907072
  -61.469935     39.758703    0.0010014883
  -61.469935     55.662184    0.0014189011
  -61.469935     71.565666    0.0018362166
  -61.469935     87.469147    0.0022461652
  -61.469935    103.372628    0.0026410980
  -61.469935    119.276109    0.0030131754

  -53.273944   -119.276109   -0.0015923714
  -53.273944   -103.372628   -0.0014539450
  -53.273944    -87.469147   -0.0012929334
  -53.273944    -71.565666   -0.0011084850
  -53.273944    -55.662184   -0.0009004057
  -53.273944    -39.758703   -0.0006692047
  -53.273944    -23.855222   -0.0004161218
  -53.273944     -7.951741   -0.0001431367
  -53.273944      7.951741    0.0001470398
  -53.273944     23.855222    0.0004509926
  -53.273944     39.758703    0.0007646474
  -53.273944     55.662184    0.0010833330
  -53.273944     71.565666    0.0014018630
  -53.273944     87.469147    0.0017146344
  -53.273944    103.372628    0.0020157447
  -53.273944    119.276109    0.0022991271

  -45.077952   -119.276109   -0.0011529490
  -45.077952   -103.372628   -0.0010533583
  -45.077952    -87.469147   -0.0009372121
  -45.077952    -71.565666   -0.0008038857
  -45.077952    -55.662184   -0.0006532417
  -45.077952    -39.758703   -0.0004856625
  -45.077952    -23.855222   -0.0003020687
  -45.077952     -7.951741   -0.0001039243
  -45.077952      7.951741    0.0001067713
  -45.077952     23.855222    0.0003275042
  -45.077952     39.758703    0.0005552803
  -45.077952     55.662184    0.0007866730
  -45.077952     71.565666    0.0010178840
  -45.077952     87.469147    0.0012448168
  -45.077952    103.372628    0.0014631646
  -45.077952    119.276109    0.0016685099

  -36.881961   -119.276109   -0.0007792694
  -36.881961   -103.372628   -0.0007123158
  -36.881961    -87.469147   -0.0006340431
  -36.881961    -71.565666   -0.0005440396
  -36.881961    -55.662184   -0.0004422213
  -36.881961    -39.758703   -0.0003288563
  -36.881961    -23.855222   -0.0002045786
  -36.881961     -7.951741   -0.0000703934
  -36.881961      7.951741    0.0000723282
  -36.881961     23.855222    0.0002218636
  -36.881961     39.758703    0.0003761634
  -36.881961     55.662184    0.0005328849
  -36.881961     71.565666    0.0006894362
  -36.881961     87.469147    0.0008430291
  -36.881961    103.372628    0.0009907428
  -36.881961    119.276109    0.0011295959

  -28.685970   -119.276109   -0.0004751363
  -28.685970   -103.372628   -0.0004344887
  -28.685970    -87.469147   -0.0003868704
  -28.685970    -71.565666   -0.0003320418
  -28.685970    -55.662184   -0.0002699586
  -28.685970    -39.758703   -0.0002007897
  -28.685970    -23.855222   -0.0001249270
  -28.685970     -7.951741   -0.0000429904
  -28.685970      7.951741    0.0000441747
  -28.685970     23.855222    0.0001355069
  -28.685970     39.758703    0.0002297432
  -28.685970     55.662184    0.0003254419
  -28.685970     71.565666    0.0004210103
  -28.685970     87.469147    0.0005147404
  -28.685970    103.372628    0.0006048496
  -28.685970    119.276109    0.0006895295

  -20.489978   -119.276109   -0.0002438769
  -20.489978   -103.372628   -0.0002230809
  -20.489978    -87.469147   -0.0001986786
  -20.489978    -71.565666   -0.0001705533
  -20.489978    -55.662184   -0.0001386856
  -20.489978    -39.758703   -0.0001031643
  -20.489978    -23.855222   -0.0000641929
  -20.489978     -7.951741   -0.0000220919
  -20.489978      7.951741    0.0000227014
  -20.489978     23.855222    0.0000696376
  -20.489978     39.758703    0.0001180635
  -20.489978     55.662184    0.0001672336
  -20.489978     71.565666    0.0002163258
  -20.489978     87.469147    0.0002644603
  -20.489978    103.372628    0.0003107229
  -20.489978    119.276109    0.0003541908

  -12.293987   -119.276109   -0.0000881521
  -12.293987   -103.372628   -0.0000806514
  -12.293987    -87.469147   -0.0000718401
  -12.293987    -71.565666   -0.0000616776
  -12.293987    -55.662184   -0.0000501581
  -12.293987    -39.758703   -0.0000373142
  -12.293987    -23.855222   -0.0000232198
  -12.293987     -7.951741   -0.0000079914
  -12.293987      7.951741    0.0000082121
  -12.293987     23.855222    0.0000251911
  -12.293987     39.758703    0.0000427081
  -12.293987     55.662184    0.0000604925
  -12.293987     71.565666    0.0000782458
  -12.293987     87.469147    0.0000956496
  -12.293987    103.372628    0.0001123735
  -12.293987    119.276109    0.0001280857

   -4.097996   -119.276109   -0.0000098147
   -4.097996   -103.372628   -0.0000089805
   -4.097996    -87.469147   -0.0000079999
   -4.097996    -71.565666   -0.0000068687
   -4.097996    -55.662184   -0.0000055861
   -4.097996    -39.758703   -0.0000041558
   -4.097996    -23.855222   -0.0000025861
   -4.097996     -7.951741   -0.0000008901
   -4.097996      7.951741    0.0000009147
   -4.097996     23.855222    0.0000028058
   -4.097996     39.758703    0.0000047568
   -4.097996     55.662184    0.0000067375
   -4.097996     71.565666    0.0000087145
   -4.097996     87.469147    0.0000106525
   -4.097996    103.372628    0.0000125145
   -4.097996    119.276109    0.0000142639

    4.097996   -119.276109   -0.0000098147
    4.097996   -103.372628   -0.0000089805
    4.097996    -87.469147   -0.0000079999
    4.097996    -71.565666   -0.0000068687
    4.097996    -55.662184   -0.0000055861
    4.097996    -39.758703   -0.0000041558
    4.097996    -23.855222   -0.0000025861
    4.097996     -7.951741   -0.0000008901
    4.097996      7.951741    0.0000009147
    4.097996     23.855222    0.0000028058
    4.097996     39.758703    0.0000047568
    4.097996     55.662184    0.0000067375
    4.097996     71.565666    0.0000087145
    4.097996     87.469147    0.0000106525
    4.097996    103.372628    0.0000125145
    4.097996    119.276109    0.0000142639

   12.293987   -119.276109   -0.0000881521
   12.293987   -103.372628   -0.0000806514
   12.293987    -87.469147   -0.0000718401
   12.293987    -71.565666   -0.0000616776
   12.293987    -55.662184   -0.0000501581
   12.293987    -39.758703   -0.0000373142
   12.293987    -23.855222   -0.0000232198
   12.293987     -7.951741   -0.0000079914
   12.293987      7.951741    0.0000082121
   12.293987     23.855222    0.0000251911
   12.293987     39.758703    0.0000427081
   12.293987     55.662184    0.0000604925
   12.293987     71.565666    0.0000782458
   12.293987     87.469147    0.0000956496
   12.293987    103.372628    0.0001123735
   12.293987    119.276109    0.0001280857

   20.489978   -119.276109   -0.0002438769
   20.489978   -103.372628   -0.0002230809
   20.489978    -87.469147   -0.0001986786
   20.489978    -71.565666   -0.0001705533
   20.489978    -55.662184   -0.0001386856
   20.489978    -39.758703   -0.0001031643
   20.489978    -23.855222   -0.0000641929
   20.489978     -7.951741   -0.0000220919
   20.489978      7.951741    0.0000227014
   20.489978     23.855222    0.0000696376
   20.489978     39.758703    0.0001180635
   20.489978     55.662184    0.0001672336
   20.489978     71.565666    0.0002163258
   20.489978     87.469147    0.0002644603
   20.489978    103.372628    0.0003107229
   20.489978    119.276109    0.0003541908

   28.685970   -119.276109   -0.0004751363
   28.685970   -103.372628   -0.0004344887
   28.685970    -87.469147   -0.0003868704
   28.685970    -71.565666   -0.0003320418
   28.685970    -55.662184   -0.0002699586
   28.685970    -39.758703   -0.0002007897
   28.685970    -23.855222   -0.0001249270
   28.685970     -7.951741   -0.0000429904
   28.685970      7.951741    0.0000441747
   28.685970     23.855222    0.0001355069
   28.685970     39.758703    0.0002297432
   28.685970     55.662184    0.0003254419
   28.685970     71.565666    0.0004210103
   28.685970     87.469147    0.0005147404
   28.685970    103.372628    0.0006048496
   28.685970    119.276109    0.0006895295

   36.881961   -119.276109   -0.0007792694
   36.881961   -103.372628   -0.0007123158
   36.881961    -87.469147   -0.0006340431
   36.881961    -71.565666   -0.0005440396
   36.881961    -55.662184   -0.0004422213
   36.881961    -39.758703   -0.0003288563
   36.881961    -23.855222   -0.0002045786
   36.881961     -7.951741   -0.0000703934
   36.881961      7.951741    0.0000723282
   36.881961     23.855222    0.0002218636
   36.881961     39.758703    0.0003761634
   36.881961     55.662184    0.0005328849
   36.881961     71.565666    0.0006894362
   36.881961     87.469147    0.0008430291
   36.881961    103.372628    0.0009907428
   36.881961    119.276109    0.0011295959

   45.077952   -119.276109   -0.0011529490
   45.077952   -103.372628   -0.0010533583
   45.077952    -87.469147   -0.0009372121
   45.077952    -71.565666   -0.0008038857
   45.077952    -55.662184   -0.0006532417
   45.077952    -39.758703   -0.0004856625
   45.077952    -23.855222   -0.0003020687
   45.077952     -7.951741   -0.0001039243
   45.077952      7.951741    0.0001067713
   45.077952     23.855222    0.0003275042
   45.077952     39.758703    0.0005552803
   45.077952     55.662184    0.0007866730
   45.077952     71.565666    0.0010178840
   45.077952     87.469147    0.0012448168
   45.077952    103.372628    0.0014631646
   45.077952    119.276109    0.0016685099

   53.273944   -119.276109   -0.0015923714
   53.273944   -103.372628   -0.0014539450
   53.273944    -87.469147   -0.0012929334
   53.273944    -71.565666   -0.0011084850
   53.273944    -55.662184   -0.0009004057
   53.273944    -39.758703   -0.0006692047
   53.273944    -23.855222   -0.0004161218
   53.273944     -7.951741   -0.0001431367
   53.273944      7.951741    0.0001470398
   53.273944     23.855222    0.0004509926
   53.273944     39.758703    0.0007646474
   53.273944     55.662184    0.0010833330
   53.273944     71.565666    0.0014018630
   53.273944     87.469147    0.0017146344
   53.273944    103.372628    0.0020157447
   53.273944    119.276109    0.0022991271

   61.469935   -119.276109   -0.0020934925
   61.469935   -103.372628   -0.0019101607
   61.469935    -87.469147   -0.0016974946
   61.469935    -71.565666   -0.0014544626
   61.469935    -55.662184   -0.0011808346
   61.469935    -39.758703   -0.0008772592
   61.469935    -23.855222   -0.0005453142
   61.469935     -7.951741   -0.0001875302
   61.469935      7.951741    0.0001926113
   61.469935     23.855222    0.0005907072
   61.469935     39.758703    0.0010014883
   61.469935     55.662184    0.0014189011
   61.469935     71.565666    0.0018362166
   61.469935     87.469147    0.0022461652
   61.469935    103.372628    0.0026410980
   61.469935    119.276109    0.0030131754

