  -47.456659    -55.127356    0.0491604489
  -47.456659    -47.777042    0.0435511171
  -47.456659    -40.426728    0.0389580621
  -47.456659    -33.076414    0.0353085703
  -47.456659    -25.726100    0.0325232439
  -47.456659    -18.375785    0.0305220916
  -47.456659    -11.025471    0.0292335670
  -47.456659     -3.675157    0.0286037768
  -47.456659      3.675157    0.0286037768
  -47.456659     11.025471    0.0292335670
  -47.456659     18.375785    0.0305220916
  -47.456659     25.726100    0.0325232439
  -47.456659     33.076414    0.0353085703
  -47.456659     40.426728    0.0389580621
  -47.456659     47.777042    0.0435511171
  -47.456659     55.127356    0.0491604489

  -41.129105    -55.127356    0.0418397022
  -41.129105    -47.777042    0.0362428896
  -41.129105    -40.426728    0.0316769444
  -41.129105    -33.076414    0.0280632604
  -41.129105    -25.726100    0.0253164065
  -41.129105    -18.375785    0.0233504910
  -41.129105    -11.025471    0.0220887573
  -41.129105     -3.675157    0.0214734086
  -41.129105      3.675157    0.0214734086
  -41.129105     11.025471    0.0220887573
  -41.129105     18.375785    0.0233504910
  -41.129105     25.726100    0.0253164065
  -41.129105     33.076414    0.0280632604
  -41.129105     40.426728    0.0316769444
  -41.129105     47.777042    0.0362428896
  -41.129105     55.127356    0.0418397022

  -34.801550    -55.127356    0.0355427719
  -34.801550    -47.777042    0.0299629781
  -34.801550    -40.426728    0.0254264440
  -34.801550    -33.076414    0.0218495309
  -34.801550    -25.726100    0.0191411565
  -34.801550    -18.375785    0.0172098905
  -34.801550    -11.025471    0.0159741987
  -34.801550     -3.675157    0.0153727914
  -34.801550      3.675157    0.0153727914
  -34.801550     11.025471    0.0159741987
  -34.801550     18.375785    0.0172098905
  -34.801550     25.726100    0.0191411565
  -34.801550     33.076414    0.0218495309
  -34.801550     40.426728    0.0254264440
  -34.801550     47.777042    0.0299629781
  -34.801550     55.127356    0.0355427719

  -28.473996    -55.127356    0.0302812208
  -28.473996    -47.777042    0.0247202265
  -28.473996    -40.426728    0.0202130047
  -28.473996    -33.076414    0.0166713363
  -28.473996    -25.726100    0.0139991367
  -28.473996    -18.375785    0.0121001037
  -28.473996    -11.025471    0.0108884975
  -28.473996     -3.675157    0.0102999468
  -28.473996      3.675157    0.0102999468
  -28.473996     11.025471    0.0108884975
  -28.473996     18.375785    0.0121001037
  -28.473996     25.726100    0.0139991367
  -28.473996     33.076414    0.0166713363
  -28.473996     40.426728    0.0202130047
  -28.473996     47.777042    0.0247202265
  -28.473996     55.127356    0.0302812208

  -22.146441    -55.127356    0.0260635679
  -22.146441    -47.777042    0.0205208367
  -22.146441    -40.426728    0.0160403816
  -22.146441    -33.076414    0.0125300746
  -22.146441    -25.726100    0.0098896480
  -22.146441    -18.375785    0.0080187314
  -22.146441    -11.025471    0.0068280590
  -22.146441     -3.675157    0.0062506630
  -22.146441      3.675157    0.0062506630
  -22.146441     11.025471    0.0068280590
  -22.146441     18.375785    0.0080187314
  -22.146441     25.726100    0.0098896480
  -22.146441     33.076414    0.0125300746
  -22.146441     40.426728    0.0160403816
  -22.146441     47.777042    0.0205208367
  -22.146441     55.127356    0.0260635679

  -15.818886    -55.127356    0.0228958269
  -15.818886    -47.777042    0.0173688057
  -15.818886    -40.426728    0.0129104137
  -15.818886    -33.076414    0.0094255386
  -15.818886    -25.726100    0.0068106692
  -15.818886    -18.375785    0.0049622647
  -15.818886    -11.025471    0.0037883081
  -15.818886     -3.675157    0.0032198063
  -15.818886      3.675157    0.0032198063
  -15.818886     11.025471    0.0037883081
  -15.818886     18.375785    0.0049622647
  -15.818886     25.726100    0.0068106692
  -15.818886     33.076414    0.0094255386
  -15.818886     40.426728    0.0129104137
  -15.818886     47.777042    0.0173688057
  -15.818886     55.127356    0.0228958269

   -9.491332    -55.127356    0.0207820067
   -9.491332    -47.777042    0.0152664754
   -9.491332    -40.426728    0.0108237503
   -9.491332    -33.076414    0.0073567606
   -9.491332    -25.726100    0.0047597806
   -9.491332    -18.375785    0.0029270871
   -9.491332    -11.025471    0.0017647724
   -9.491332     -3.675157    0.0012024575
   -9.491332      3.675157    0.0012024575
   -9.491332     11.025471    0.0017647724
   -9.491332     18.375785    0.0029270871
   -9.491332     25.726100    0.0047597806
   -9.491332     33.076414    0.0073567606
   -9.491332     40.426728    0.0108237503
   -9.491332     47.777042    0.0152664754
   -9.491332     55.127356    0.0207820067

   -3.163777    -55.127356    0.0197245298
   -3.163777    -47.777042    0.0142150615
   -3.163777    -40.426728    0.0097804585
   -3.163777    -33.076414    0.0063226946
   -3.163777    -25.726100    0.0037349208
   -3.163777    -18.375785    0.0019102986
   -3.163777    -11.025471    0.0007539571
   -3.163777     -3.675157    0.0001948138
   -3.163777      3.675157    0.0001948138
   -3.163777     11.025471    0.0007539571
   -3.163777     18.375785    0.0019102986
   -3.163777     25.726100    0.0037349208
   -3.163777     33.076414    0.0063226946
   -3.163777     40.426728    0.0097804585
   -3.163777     47.777042    0.0142150615
   -3.163777     55.127356    0.0197245298

    3.163777    -55.127356    0.0197245298
    3.163777    -47.777042    0.0142150615
    3.163777    -40.426728    0.0097804585
    3.163777    -33.076414    0.0063226946
    3.163777    -25.726100    0.0037349208
    3.163777    -18.375785    0.0019102986
    3.163777    -11.025471    0.0007539571
    3.163777     -3.675157    0.0001948138
    3.163777      3.675157    0.0001948138
    3.163777     11.025471    0.0007539571
    3.163777     18.375785    0.0019102986
    3.163777     25.726100    0.0037349208
    3.163777     33.076414    0.0063226946
    3.163777     40.426728    0.0097804585
    3.163777     47.777042    0.0142150615
    3.163777     55.127356    0.0197245298

    9.491332    -55.127356    0.0207820067
    9.491332    -47.777042    0.0152664754
    9.491332    -40.426728    0.0108237503
    9.491332    -33.076414    0.0073567606
    9.491332    -25.726100    0.0047597806
    9.491332    -18.375785    0.0029270871
    9.491332    -11.025471    0.0017647724
    9.491332     -3.675157    0.0012024575
    9.491332      3.675157    0.0012024575
    9.491332     11.025471    0.0017647724
    9.491332     18.375785    0.0029270871
    9.491332     25.726100    0.0047597806
    9.491332     33.076414    0.0073567606
    9.491332     40.426728    0.0108237503
    9.491332     47.777042    0.0152664754
    9.491332     55.127356    0.0207820067

   15.818886    -55.127356    0.0228958269
   15.818886    -47.777042    0.0173688057
   15.818886    -40.426728    0.0129104137
   15.818886    -33.076414    0.0094255386
   15.818886    -25.726100    0.0068106692
   15.818886    -18.375785    0.0049622647
   15.818886    -11.025471    0.0037883081
   15.818886     -3.675157    0.0032198063
   15.818886      3.675157    0.0032198063
   15.818886     11.025471    0.0037883081
   15.818886     18.375785    0.0049622647
   15.818886     25.726100    0.0068106692
   15.818886     33.076414    0.0094255386
   15.818886     40.426728    0.0129104137
   15.818886     47.777042    0.0173688057
   15.818886     55.127356    0.0228958269

   22.146441    -55.127356    0.0260635679
   22.146441    -47.777042    0.0205208367
   22.146441    -40.426728    0.0160403816
   22.146441    -33.076414    0.0125300746
   22.146441    -25.726100    0.0098896480
   22.146441    -18.375785    0.0080187314
   22.146441    -11.025471    0.0068280590
   22.146441     -3.675157    0.0062506630
   22.146441      3.675157    0.0062506630
   22.146441     11.025471    0.0068280590
   22.146441     18.375785    0.0080187314
   22.146441     25.726100    0.0098896480
   22.146441     33.076414    0.0125300746
   22.146441     40.426728    0.0160403816
   22.146441     47.777042    0.0205208367
   22.146441     55.127356    0.0260635679

   28.473996    -55.127356    0.0302812208
   28.473996    -47.777042    0.0247202265
   28.473996    -40.426728    0.0202130047
   28.473996    -33.076414    0.0166713363
   28.473996    -25.726100    0.0139991367
   28.473996    -18.375785    0.0121001037
   28.473996    -11.025471    0.0108884975
   28.473996     -3.675157    0.0102999468
   28.473996      3.675157    0.0102999468
   28.473996     11.025471    0.0108884975
   28.473996     18.375785    0.0121001037
   28.473996     25.726100    0.0139991367
   28.473996     33.076414    0.0166713363
   28.473996     40.426728    0.0202130047
   28.473996     47.777042    0.0247202265
   28.473996     55.127356    0.0302812208

   34.801550    -55.127356    0.0355427719
   34.801550    -47.777042    0.0299629781
   34.801550    -40.426728    0.0254264440
   34.801550    -33.076414    0.0218495309
   34.801550    -25.726100    0.0191411565
   34.801550    -18.375785    0.0172098905
   34.801550    -11.025471    0.0159741987
   34.801550     -3.675157    0.0153727914
   34.801550      3.675157    0.0153727914
   34.801550     11.025471    0.0159741987
   34.801550     18.375785    0.0172098905
   34.801550     25.726100    0.0191411565
   34.801550     33.076414    0.0218495309
   34.801550     40.426728    0.0254264440
   34.801550     47.777042    0.0299629781
   34.801550     55.127356    0.0355427719

   41.129105    -55.127356    0.0418397022
   41.129105    -47.777042    0.0362428896
   41.129105    -40.426728    0.0316769444
   41.129105    -33.076414    0.0280632604
   41.129105    -25.726100    0.0253164065
   41.129105    -18.375785    0.0233504910
   41.129105    -11.025471    0.0220887573
   41.129105     -3.675157    0.0214734086
   41.129105      3.675157    0.0214734086
   41.129105     11.025471    0.0220887573
   41.129105     18.375785    0.0233504910
   41.129105     25.726100    0.0253164065
   41.129105     33.076414    0.0280632604
   41.129105     40.426728    0.0316769444
   41.129105     47.777042    0.0362428896
   41.129105     55.127356    0.0418397022

   47.456659    -55.127356    0.0491604489
   47.456659    -47.777042    0.0435511171
   47.456659    -40.426728    0.0389580621
   47.456659    -33.076414    0.0353085703
   47.456659    -25.726100    0.0325232439
   47.456659    -18.375785    0.0305220916
   47.456659    -11.025471    0.0292335670
   47.456659     -3.675157    0.0286037768
   47.456659      3.675157    0.0286037768
   47.456659     11.025471    0.0292335670
   47.456659     18.375785    0.0305220916
   47.456659     25.726100    0.0325232439
   47.456659     33.076414    0.0353085703
   47.456659     40.426728    0.0389580621
   47.456659     47.777042    0.0435511171
   47.456659     55.127356    0.0491604489

