  -50.619018    -62.630025    0.0401538271
  -50.619018    -54.279355    0.0355499887
  -50.619018    -45.928685    0.0317029848
  -50.619018    -37.578015    0.0285752180
  -50.619018    -29.227345    0.0261322181
  -50.619018    -20.876675    0.0243427922
  -50.619018    -12.526005    0.0231791265
  -50.619018     -4.175335    0.0226168396
  -50.619018      4.175335    0.0226349874
  -50.619018     12.526005    0.0232160197
  -50.619018     20.876675    0.0243456879
  -50.619018     29.227345    0.0260129051
  -50.619018     37.578015    0.0282095571
  -50.619018     45.928685    0.0309302654
  -50.619018     54.279355    0.0341721013
  -50.619018     62.630025    0.0379342519

  -43.869816    -62.630025    0.0344668960
  -43.869816    -54.279355    0.0298566503
  -43.869816    -45.928685    0.0260033627
  -43.869816    -37.578015    0.0228694803
  -43.869816    -29.227345    0.0204205797
  -43.869816    -20.876675    0.0186255170
  -43.869816    -12.526005    0.0174565294
  -43.869816     -4.175335    0.0168892887
  -43.869816      4.175335    0.0169029062
  -43.869816     12.526005    0.0174798891
  -43.869816     20.876675    0.0186060487
  -43.869816     29.227345    0.0202703598
  -43.869816     37.578015    0.0224647724
  -43.869816     45.928685    0.0251839739
  -43.869816     54.279355    0.0284251039
  -43.869816     62.630025    0.0321874202

  -37.120613    -62.630025    0.0296457597
  -37.120613    -54.279355    0.0250299707
  -37.120613    -45.928685    0.0211712726
  -37.120613    -37.578015    0.0180321447
  -37.120613    -29.227345    0.0155781984
  -37.120613    -20.876675    0.0137783272
  -37.120613    -12.526005    0.0126048086
  -37.120613     -4.175335    0.0120333575
  -37.120613      4.175335    0.0120431310
  -37.120613     12.526005    0.0126166847
  -37.120613     20.876675    0.0137398812
  -37.120613     29.227345    0.0154017493
  -37.120613     37.578015    0.0175942958
  -37.120613     45.928685    0.0203122675
  -37.120613     54.279355    0.0235528663
  -37.120613     62.630025    0.0273154150

  -30.371411    -62.630025    0.0256724354
  -30.371411    -54.279355    0.0210519906
  -30.371411    -45.928685    0.0171887666
  -30.371411    -37.578015    0.0140452650
  -30.371411    -29.227345    0.0115871223
  -30.371411    -20.876675    0.0097832603
  -30.371411    -12.526005    0.0086059876
  -30.371411     -4.175335    0.0080310531
  -30.371411      4.175335    0.0080376508
  -30.371411     12.526005    0.0086083762
  -30.371411     20.876675    0.0097291347
  -30.371411     29.227345    0.0113890008
  -30.371411     37.578015    0.0135800298
  -30.371411     45.928685    0.0162970202
  -30.371411     54.279355    0.0195372284
  -30.371411     62.630025    0.0233000345

  -23.622208    -62.630025    0.0225263939
  -23.622208    -54.279355    0.0179022008
  -23.622208    -45.928685    0.0140353448
  -23.622208    -37.578015    0.0108883425
  -23.622208    -29.227345    0.0084268482
  -23.622208    -20.876675    0.0066198043
  -23.622208    -12.526005    0.0054395425
  -23.622208     -4.175335    0.0048618378
  -23.622208      4.175335    0.0048659128
  -23.622208     12.526005    0.0054343948
  -23.622208     20.876675    0.0065532233
  -23.622208     29.227345    0.0082115098
  -23.622208     37.578015    0.0104013495
  -23.622208     45.928685    0.0131175835
  -23.622208     54.279355    0.0163575132
  -23.622208     62.630025    0.0201205670

  -16.873006    -62.630025    0.0201875833
  -16.873006    -54.279355    0.0155605650
  -16.873006    -45.928685    0.0116909784
  -16.873006    -37.578015    0.0085413496
  -16.873006    -29.227345    0.0060773449
  -16.873006    -20.876675    0.0042679207
  -16.873006    -12.526005    0.0030854254
  -16.873006     -4.175335    0.0025056526
  -16.873006      4.175335    0.0025078463
  -16.873006     12.526005    0.0030746569
  -16.873006     20.876675    0.0041920498
  -16.873006     29.227345    0.0058491646
  -16.873006     37.578015    0.0080381267
  -16.873006     45.928685    0.0107538099
  -16.873006     54.279355    0.0139935507
  -16.873006     62.630025    0.0177568146

  -10.123804    -62.630025    0.0186388478
  -10.123804    -54.279355    0.0140099395
  -10.123804    -45.928685    0.0101385293
  -10.123804    -37.578015    0.0069871492
  -10.123804    -29.227345    0.0045214724
  -10.123804    -20.876675    0.0027104643
  -10.123804    -12.526005    0.0015264839
  -10.123804     -4.175335    0.0009453370
  -10.123804      4.175335    0.0009462814
  -10.123804     12.526005    0.0015119831
  -10.123804     20.876675    0.0026284246
  -10.123804     29.227345    0.0042847644
  -10.123804     37.578015    0.0064731483
  -10.123804     45.928685    0.0091884722
  -10.123804     54.279355    0.0124280965
  -10.123804     62.630025    0.0161915121

   -3.374601    -62.630025    0.0178677425
   -3.374601    -54.279355    0.0132378872
   -3.374601    -45.928685    0.0093655644
   -3.374601    -37.578015    0.0062133083
   -3.374601    -29.227345    0.0037467959
   -3.374601    -20.876675    0.0019349968
   -3.374601    -12.526005    0.0007502750
   -3.374601     -4.175335    0.0001684425
   -3.374601      4.175335    0.0001687637
   -3.374601     12.526005    0.0007339126
   -3.374601     20.876675    0.0018498801
   -3.374601     29.227345    0.0035058342
   -3.374601     37.578015    0.0056939311
   -3.374601     45.928685    0.0084090777
   -3.374601     54.279355    0.0116486466
   -3.374601     62.630025    0.0154121416

    3.374601    -62.630025    0.0178677425
    3.374601    -54.279355    0.0132378872
    3.374601    -45.928685    0.0093655644
    3.374601    -37.578015    0.0062133083
    3.374601    -29.227345    0.0037467959
    3.374601    -20.876675    0.0019349968
    3.374601    -12.526005    0.0007502750
    3.374601     -4.175335    0.0001684425
    3.374601      4.175335    0.0001687637
    3.374601     12.526005    0.0007339126
    3.374601     20.876675    0.0018498801
    3.374601     29.227345    0.0035058342
    3.374601     37.578015    0.0056939311
    3.374601     45.928685    0.0084090777
    3.374601     54.279355    0.0116486466
    3.374601     62.630025    0.0154121416

   10.123804    -62.630025    0.0186388478
   10.123804    -54.279355    0.0140099395
   10.123804    -45.928685    0.0101385293
   10.123804    -37.578015    0.0069871492
   10.123804    -29.227345    0.0045214724
   10.123804    -20.876675    0.0027104643
   10.123804    -12.526005    0.0015264839
   10.123804     -4.175335    0.0009453370
   10.123804      4.175335    0.0009462814
   10.123804     12.526005    0.0015119831
   10.123804     20.876675    0.0026284246
   10.123804     29.227345    0.0042847644
   10.123804     37.578015    0.0064731483
   10.123804     45.928685    0.0091884722
   10.123804     54.279355    0.0124280965
   10.123804     62.630025    0.0161915121

   16.873006    -62.630025    0.0201875833
   16.873006    -54.279355    0.0155605650
   16.873006    -45.928685    0.0116909784
   16.873006    -37.578015    0.0085413496
   16.873006    -29.227345    0.0060773449
   16.873006    -20.876675    0.0042679207
   16.873006    -12.526005    0.0030854254
   16.873006     -4.175335    0.0025056526
   16.873006      4.175335    0.0025078463
   16.873006     12.526005    0.0030746569
   16.873006     20.876675    0.0041920498
   16.873006     29.227345    0.0058491646
   16.873006     37.578015    0.0080381267
   16.873006     45.928685    0.0107538099
   16.873006     54.279355    0.0139935507
   16.873006     62.630025    0.0177568146

   23.622208    -62.630025    0.0225263939
   23.622208    -54.279355    0.0179022008
   23.622208    -45.928685    0.0140353448
   23.622208    -37.578015    0.0108883425
   23.622208    -29.227345    0.0084268482
   23.622208    -20.876675    0.0066198043
   23.622208    -12.526005    0.0054395425
   23.622208     -4.175335    0.0048618378
   23.622208      4.175335    0.0048659128
   23.622208     12.526005    0.0054343948
   23.622208     20.876675    0.0065532233
   23.622208     29.227345    0.0082115098
   23.622208     37.578015    0.0104013495
   23.622208     45.928685    0.0131175835
   23.622208     54.279355    0.0163575132
   23.622208     62.630025    0.0201205670

   30.371411    -62.630025    0.0256724354
   30.371411    -54.279355    0.0210519906
   30.371411    -45.928685    0.0171887666
   30.371411    -37.578015    0.0140452650
   30.371411    -29.227345    0.0115871223
   30.371411    -20.876675    0.0097832603
   30.371411    -12.526005    0.0086059876
   30.371411     -4.175335    0.0080310531
   30.371411      4.175335    0.0080376508
   30.371411     12.526005    0.0086083762
   30.371411     20.876675    0.0097291347
   30.371411     29.227345    0.0113890008
   30.371411     37.578015    0.0135800298
   30.371411     45.928685    0.0162970202
   30.371411     54.279355    0.0195372284
   30.371411     62.630025    0.0233000345

   37.120613    -62.630025    0.0296457597
   37.120613    -54.279355    0.0250299707
   37.120613    -45.928685    0.0211712726
   37.120613    -37.578015    0.0180321447
   37.120613    -29.227345    0.0155781984
   37.120613    -20.876675    0.0137783272
   37.120613    -12.526005    0.0126048086
   37.120613     -4.175335    0.0120333575
   37.120613      4.175335    0.0120431310
   37.120613     12.526005    0.0126166847
   37.120613     20.876675    0.0137398812
   37.120613     29.227345    0.0154017493
   37.120613     37.578015    0.0175942958
   37.120613     45.928685    0.0203122675
   37.120613     54.279355    0.0235528663
   37.120613     62.630025    0.0273154150

   43.869816    -62.630025    0.0344668960
   43.869816    -54.279355    0.0298566503
   43.869816    -45.928685    0.0260033627
   43.869816    -37.578015    0.0228694803
   43.869816    -29.227345    0.0204205797
   43.869816    -20.876675    0.0186255170
   43.869816    -12.526005    0.0174565294
   43.869816     -4.175335    0.0168892887
   43.869816      4.175335    0.0169029062
   43.869816     12.526005    0.0174798891
   43.869816     20.876675    0.0186060487
   43.869816     29.227345    0.0202703598
   43.869816     37.578015    0.0224647724
   43.869816     45.928685    0.0251839739
   43.869816     54.279355    0.0284251039
   43.869816     62.630025    0.0321874202

   50.619018    -62.630025    0.0401538271
   50.619018    -54.279355    0.0355499887
   50.619018    -45.928685    0.0317029848
   50.619018    -37.578015    0.0285752180
   50.619018    -29.227345    0.0261322181
   50.619018    -20.876675    0.0243427922
   50.619018    -12.526005    0.0231791265
   50.619018     -4.175335    0.0226168396
   50.619018      4.175335    0.0226349874
   50.619018     12.526005    0.0232160197
   50.619018     20.876675    0.0243456879
   50.619018     29.227345    0.0260129051
   50.619018     37.578015    0.0282095571
   50.619018     45.928685    0.0309302654
   50.619018     54.279355    0.0341721013
   50.619018     62.630025    0.0379342519

