  -50.614883   -119.276109    0.0267291811
  -50.614883   -103.372628    0.0256422359
  -50.614883    -87.469147    0.0247365060
  -50.614883    -71.565666    0.0239994976
  -50.614883    -55.662184    0.0234215271
  -50.614883    -39.758703    0.0229959244
  -50.614883    -23.855222    0.0227192082
  -50.614883     -7.951741    0.0225912369
  -50.614883      7.951741    0.0226153323
  -50.614883     23.855222    0.0227983784
  -50.614883     39.758703    0.0231508927
  -50.614883     55.662184    0.0236870735
  -50.614883     71.565666    0.0244248192
  -50.614883     87.469147    0.0253857228
  -50.614883    103.372628    0.0265950401
  -50.614883    119.276109    0.0280816317

  -43.866232   -119.276109    0.0209559809
  -43.866232   -103.372628    0.0198828641
  -43.866232    -87.469147    0.0189885465
  -43.866232    -71.565666    0.0182603361
  -43.866232    -55.662184    0.0176883914
  -43.866232    -39.758703    0.0172659235
  -43.866232    -23.855222    0.0169893725
  -43.866232     -7.951741    0.0168585577
  -43.866232      7.951741    0.0168768018
  -43.866232     23.855222    0.0170510291
  -43.866232     39.758703    0.0173918377
  -43.866232     55.662184    0.0179135458
  -43.866232     71.565666    0.0186342115
  -43.866232     87.469147    0.0195756276
  -43.866232    103.372628    0.0207632892
  -43.866232    119.276109    0.0222263360

  -37.117581   -119.276109    0.0160547079
  -37.117581   -103.372628    0.0149947739
  -37.117581    -87.469147    0.0141114131
  -37.117581    -71.565666    0.0133917439
  -37.117581    -55.662184    0.0128257723
  -37.117581    -39.758703    0.0124065942
  -37.117581    -23.855222    0.0121305718
  -37.117581     -7.951741    0.0119974837
  -37.117581      7.951741    0.0120106488
  -37.117581     23.855222    0.0121770252
  -37.117581     39.758703    0.0125072818
  -37.117581     55.662184    0.0130158448
  -37.117581     71.565666    0.0137209176
  -37.117581     87.469147    0.0146444754
  -37.117581    103.372628    0.0158122329
  -37.117581    119.276109    0.0172535867

  -30.368930   -119.276109    0.0120100162
  -30.368930   -103.372628    0.0109620056
  -30.368930    -87.469147    0.0100886039
  -30.368930    -71.565666    0.0093767573
  -30.368930    -55.662184    0.0088163330
  -30.368930    -39.758703    0.0084003216
  -30.368930    -23.855222    0.0081250127
  -30.368930     -7.951741    0.0079901456
  -30.368930      7.951741    0.0079990335
  -30.368930     23.855222    0.0081586616
  -30.368930     39.758703    0.0084797593
  -30.368930     55.662184    0.0089768463
  -30.368930     71.565666    0.0096682531
  -30.368930     87.469147    0.0105761147
  -30.368930    103.372628    0.0117263392
  -30.368930    119.276109    0.0131485496

  -23.620279   -119.276109    0.0088037578
  -23.620279   -103.372628    0.0077658999
  -23.620279    -87.469147    0.0069010076
  -23.620279    -71.565666    0.0061958806
  -23.620279    -55.662184    0.0056402672
  -23.620279    -39.758703    0.0052270673
  -23.620279    -23.855222    0.0049525078
  -23.620279     -7.951741    0.0048162932
  -23.620279      7.951741    0.0048217301
  -23.620279     23.855222    0.0049758248
  -23.620279     39.758703    0.0052893560
  -23.620279     55.662184    0.0057769208
  -23.620279     71.565666    0.0064569549
  -23.620279     87.469147    0.0073517266
  -23.620279    103.372628    0.0084873052
  -23.620279    119.276109    0.0098935032

  -16.871628   -119.276109    0.0064179065
  -16.871628   -103.372628    0.0053880211
  -16.871628    -87.469147    0.0045298273
  -16.871628    -71.565666    0.0038300091
  -16.871628    -55.662184    0.0032782215
  -16.871628    -39.758703    0.0028672925
  -16.871628    -23.855222    0.0025933992
  -16.871628     -7.951741    0.0024562182
  -16.871628      7.951741    0.0024590497
  -16.871628     23.855222    0.0026089157
  -16.871628     39.758703    0.0029166325
  -16.871628     55.662184    0.0033968565
  -16.871628     71.565666    0.0040681045
  -16.871628     87.469147    0.0049527479
  -16.871628    103.372628    0.0060769808
  -16.871628    119.276109    0.0074707625

  -10.122977   -119.276109    0.0048368962
  -10.122977   -103.372628    0.0038124965
  -10.122977    -87.469147    0.0029589188
  -10.122977    -71.565666    0.0022627681
  -10.122977    -55.662184    0.0017136346
  -10.122977    -39.758703    0.0013042969
  -10.122977    -23.855222    0.0010308974
  -10.122977     -7.951741    0.0008930930
  -10.122977      7.951741    0.0008941794
  -10.122977     23.855222    0.0010411889
  -10.122977     39.758703    0.0013449630
  -10.122977     55.662184    0.0018201982
  -10.122977     71.565666    0.0024854666
  -10.122977     87.469147    0.0033632097
  -10.122977    103.372628    0.0044797069
  -10.122977    119.276109    0.0058650172

   -3.374326   -119.276109    0.0040493753
   -3.374326   -103.372628    0.0030277694
   -3.374326    -87.469147    0.0021765451
   -3.374326    -71.565666    0.0014822665
   -3.374326    -55.662184    0.0009344912
   -3.374326    -39.758703    0.0005259722
   -3.374326    -23.855222    0.0002528345
   -3.374326     -7.951741    0.0001147248
   -3.374326      7.951741    0.0001149362
   -3.374326     23.855222    0.0002605062
   -3.374326     39.758703    0.0005622890
   -3.374326     55.662184    0.0010350014
   -3.374326     71.565666    0.0016972433
   -3.374326     87.469147    0.0025714919
   -3.374326    103.372628    0.0036840695
   -3.374326    119.276109    0.0050650860

    3.374326   -119.276109    0.0040493753
    3.374326   -103.372628    0.0030277694
    3.374326    -87.469147    0.0021765451
    3.374326    -71.565666    0.0014822665
    3.374326    -55.662184    0.0009344912
    3.374326    -39.758703    0.0005259722
    3.374326    -23.855222    0.0002528345
    3.374326     -7.951741    0.0001147248
    3.374326      7.951741    0.0001149362
    3.374326     23.855222    0.0002605062
    3.374326     39.758703    0.0005622890
    3.374326     55.662184    0.0010350014
    3.374326     71.565666    0.0016972433
    3.374326     87.469147    0.0025714919
    3.374326    103.372628    0.0036840695
    3.374326    119.276109    0.0050650860

   10.122977   -119.276109    0.0048368962
   10.122977   -103.372628    0.0038124965
   10.122977    -87.469147    0.0029589188
   10.122977    -71.565666    0.0022627681
   10.122977    -55.662184    0.0017136346
   10.122977    -39.758703    0.0013042969
   10.122977    -23.855222    0.0010308974
   10.122977     -7.951741    0.0008930930
   10.122977      7.951741    0.0008941794
   10.122977     23.855222    0.0010411889
   10.122977     39.758703    0.0013449630
   10.122977     55.662184    0.0018201982
   10.122977     71.565666    0.0024854666
   10.122977     87.469147    0.0033632097
   10.122977    103.372628    0.0044797069
   10.122977    119.276109    0.0058650172

   16.871628   -119.276109    0.0064179065
   16.871628   -103.372628    0.0053880211
   16.871628    -87.469147    0.0045298273
   16.871628    -71.565666    0.0038300091
   16.871628    -55.662184    0.0032782215
   16.871628    -39.758703    0.0028672925
   16.871628    -23.855222    0.0025933992
   16.871628     -7.951741    0.0024562182
   16.871628      7.951741    0.0024590497
   16.871628     23.855222    0.0026089157
   16.871628     39.758703    0.0029166325
   16.871628     55.662184    0.0033968565
   16.871628     71.565666    0.0040681045
   16.871628     87.469147    0.0049527479
   16.871628    103.372628    0.0060769808
   16.871628    119.276109    0.0074707625

   23.620279   -119.276109    0.0088037578
   23.620279   -103.372628    0.0077658999
   23.620279    -87.469147    0.0069010076
   23.620279    -71.565666    0.0061958806
   23.620279    -55.662184    0.0056402672
   23.620279    -39.758703    0.0052270673
   23.620279    -23.855222    0.0049525078
   23.620279     -7.951741    0.0048162932
   23.620279      7.951741    0.0048217301
   23.620279     23.855222    0.0049758248
   23.620279     39.758703    0.0052893560
   23.620279     55.662184    0.0057769208
   23.620279     71.565666    0.0064569549
   23.620279     87.469147    0.0073517266
   23.620279    103.372628    0.0084873052
   23.620279    119.276109    0.0098935032

   30.368930   -119.276109    0.0120100162
   30.368930   -103.372628    0.0109620056
   30.368930    -87.469147    0.0100886039
   30.368930    -71.565666    0.0093767573
   30.368930    -55.662184    0.0088163330
   30.368930    -39.758703    0.0084003216
   30.368930    -23.855222    0.0081250127
   30.368930     -7.951741    0.0079901456
   30.368930      7.951741    0.0079990335
   30.368930     23.855222    0.0081586616
   30.368930     39.758703    0.0084797593
   30.368930     55.662184    0.0089768463
   30.368930     71.565666    0.0096682531
   30.368930     87.469147    0.0105761147
   30.368930    103.372628    0.0117263392
   30.368930    119.276109    0.0131485496

   37.117581   -119.276109    0.0160547079
   37.117581   -103.372628    0.0149947739
   37.117581    -87.469147    0.0141114131
   37.117581    -71.565666    0.0133917439
   37.117581    -55.662184    0.0128257723
   37.117581    -39.758703    0.0124065942
   37.117581    -23.855222    0.0121305718
   37.117581     -7.951741    0.0119974837
   37.117581      7.951741    0.0120106488
   37.117581     23.855222    0.0121770252
   37.117581     39.758703    0.0125072818
   37.117581     55.662184    0.0130158448
   37.117581     71.565666    0.0137209176
   37.117581     87.469147    0.0146444754
   37.117581    103.372628    0.0158122329
   37.117581    119.276109    0.0172535867

   43.866232   -119.276109    0.0209559809
   43.866232   -103.372628    0.0198828641
   43.866232    -87.469147    0.0189885465
   43.866232    -71.565666    0.0182603361
   43.866232    -55.662184    0.0176883914
   43.866232    -39.758703    0.0172659235
   43.866232    -23.855222    0.0169893725
   43.866232     -7.951741    0.0168585577
   43.866232      7.951741    0.0168768018
   43.866232     23.855222    0.0170510291
   43.866232     39.758703    0.0173918377
   43.866232     55.662184    0.0179135458
   43.866232     71.565666    0.0186342115
   43.866232     87.469147    0.0195756276
   43.866232    103.372628    0.0207632892
   43.866232    119.276109    0.0222263360

   50.614883   -119.276109    0.0267291811
   50.614883   -103.372628    0.0256422359
   50.614883    -87.469147    0.0247365060
   50.614883    -71.565666    0.0239994976
   50.614883    -55.662184    0.0234215271
   50.614883    -39.758703    0.0229959244
   50.614883    -23.855222    0.0227192082
   50.614883     -7.951741    0.0225912369
   50.614883      7.951741    0.0226153323
   50.614883     23.855222    0.0227983784
   50.614883     39.758703    0.0231508927
   50.614883     55.662184    0.0236870735
   50.614883     71.565666    0.0244248192
   50.614883     87.469147    0.0253857228
   50.614883    103.372628    0.0265950401
   50.614883    119.276109    0.0280816317

