  -55.127356   -136.038482    0.0259987531
  -55.127356   -117.900018    0.0240422894
  -55.127356    -99.761554    0.0225493290
  -55.127356    -81.623089    0.0214406290
  -55.127356    -63.484625    0.0206455651
  -55.127356    -45.346161    0.0201044460
  -55.127356    -27.207696    0.0197705529
  -55.127356     -9.069232    0.0196117800
  -55.127356      9.069232    0.0196117800
  -55.127356     27.207696    0.0197705529
  -55.127356     45.346161    0.0201044460
  -55.127356     63.484625    0.0206455651
  -55.127356     81.623089    0.0214406290
  -55.127356     99.761554    0.0225493290
  -55.127356    117.900018    0.0240422894
  -55.127356    136.038482    0.0259987531

  -47.777042   -136.038482    0.0201051263
  -47.777042   -117.900018    0.0182331042
  -47.777042    -99.761554    0.0168205432
  -47.777042    -81.623089    0.0157821015
  -47.777042    -63.484625    0.0150449067
  -47.777042    -45.346161    0.0145482588
  -47.777042    -27.207696    0.0142446469
  -47.777042     -9.069232    0.0141012422
  -47.777042      9.069232    0.0141012422
  -47.777042     27.207696    0.0142446469
  -47.777042     45.346161    0.0145482588
  -47.777042     63.484625    0.0150449067
  -47.777042     81.623089    0.0157821015
  -47.777042     99.761554    0.0168205432
  -47.777042    117.900018    0.0182331042
  -47.777042    136.038482    0.0201051263

  -40.426728   -136.038482    0.0151755216
  -40.426728   -117.900018    0.0134177073
  -40.426728    -99.761554    0.0121062595
  -40.426728    -81.623089    0.0111562385
  -40.426728    -63.484625    0.0104929341
  -40.426728    -45.346161    0.0100535166
  -40.426728    -27.207696    0.0097888479
  -40.426728     -9.069232    0.0096651281
  -40.426728      9.069232    0.0096651281
  -40.426728     27.207696    0.0097888479
  -40.426728     45.346161    0.0100535166
  -40.426728     63.484625    0.0104929341
  -40.426728     81.623089    0.0111562385
  -40.426728     99.761554    0.0121062595
  -40.426728    117.900018    0.0134177073
  -40.426728    136.038482    0.0151755216

  -33.076414   -136.038482    0.0111662168
  -33.076414   -117.900018    0.0095343792
  -33.076414    -99.761554    0.0083359387
  -33.076414    -81.623089    0.0074848278
  -33.076414    -63.484625    0.0069040615
  -33.076414    -45.346161    0.0065285505
  -33.076414    -27.207696    0.0063074089
  -33.076414     -9.069232    0.0062057179
  -33.076414      9.069232    0.0062057179
  -33.076414     27.207696    0.0063074089
  -33.076414     45.346161    0.0065285505
  -33.076414     63.484625    0.0069040615
  -33.076414     81.623089    0.0074848278
  -33.076414     99.761554    0.0083359387
  -33.076414    117.900018    0.0095343792
  -33.076414    136.038482    0.0111662168

  -25.726100   -136.038482    0.0080307283
  -25.726100   -117.900018    0.0065225280
  -25.726100    -99.761554    0.0054366811
  -25.726100    -81.623089    0.0046842433
  -25.726100    -63.484625    0.0041856951
  -25.726100    -45.346161    0.0038738156
  -25.726100    -27.207696    0.0036960530
  -25.726100     -9.069232    0.0036163432
  -25.726100      9.069232    0.0036163432
  -25.726100     27.207696    0.0036960530
  -25.726100     45.346161    0.0038738156
  -25.726100     63.484625    0.0041856951
  -25.726100     81.623089    0.0046842433
  -25.726100     99.761554    0.0054366811
  -25.726100    117.900018    0.0065225280
  -25.726100    136.038482    0.0080307283

  -18.375785   -136.038482    0.0057246959
  -18.375785   -117.900018    0.0043245690
  -18.375785    -99.761554    0.0033377134
  -18.375785    -81.623089    0.0026721427
  -18.375785    -63.484625    0.0022459947
  -18.375785    -45.346161    0.0019901701
  -18.375785    -27.207696    0.0018506449
  -18.375785     -9.069232    0.0017903220
  -18.375785      9.069232    0.0017903220
  -18.375785     27.207696    0.0018506449
  -18.375785     45.346161    0.0019901701
  -18.375785     63.484625    0.0022459947
  -18.375785     81.623089    0.0026721427
  -18.375785     99.761554    0.0033377134
  -18.375785    117.900018    0.0043245690
  -18.375785    136.038482    0.0057246959

  -11.025471   -136.038482    0.0042103866
  -11.025471   -117.900018    0.0028905448
  -11.025471    -99.761554    0.0019771908
  -11.025471    -81.623089    0.0013761909
  -11.025471    -63.484625    0.0010039242
  -11.025471    -45.346161    0.0007898491
  -11.025471    -27.207696    0.0006788133
  -11.025471     -9.069232    0.0006329366
  -11.025471      9.069232    0.0006329366
  -11.025471     27.207696    0.0006788133
  -11.025471     45.346161    0.0007898491
  -11.025471     63.484625    0.0010039242
  -11.025471     81.623089    0.0013761909
  -11.025471     99.761554    0.0019771908
  -11.025471    117.900018    0.0028905448
  -11.025471    136.038482    0.0042103866

   -3.675157   -136.038482    0.0034604206
   -3.675157   -117.900018    0.0021834079
   -3.675157    -99.761554    0.0013091742
   -3.675157    -81.623089    0.0007425663
   -3.675157    -63.484625    0.0003990306
   -3.675157    -45.346161    0.0002072325
   -3.675157    -27.207696    0.0001114013
   -3.675157     -9.069232    0.0000732339
   -3.675157      9.069232    0.0000732339
   -3.675157     27.207696    0.0001114013
   -3.675157     45.346161    0.0002072325
   -3.675157     63.484625    0.0003990306
   -3.675157     81.623089    0.0007425663
   -3.675157     99.761554    0.0013091742
   -3.675157    117.900018    0.0021834079
   -3.675157    136.038482    0.0034604206

    3.675157   -136.038482    0.0034604206
    3.675157   -117.900018    0.0021834079
    3.675157    -99.761554    0.0013091742
    3.675157    -81.623089    0.0007425663
    3.675157    -63.484625    0.0003990306
    3.675157    -45.346161    0.0002072325
    3.675157    -27.207696    0.0001114013
    3.675157     -9.069232    0.0000732339
    3.675157      9.069232    0.0000732339
    3.675157     27.207696    0.0001114013
    3.675157     45.346161    0.0002072325
    3.675157     63.484625    0.0003990306
    3.675157     81.623089    0.0007425663
    3.675157     99.761554    0.0013091742
    3.675157    117.900018    0.0021834079
    3.675157    136.038482    0.0034604206

   11.025471   -136.038482    0.0042103866
   11.025471   -117.900018    0.0028905448
   11.025471    -99.761554    0.0019771908
   11.025471    -81.623089    0.0013761909
   11.025471    -63.484625    0.0010039242
   11.025471    -45.346161    0.0007898491
   11.025471    -27.207696    0.0006788133
   11.025471     -9.069232    0.0006329366
   11.025471      9.069232    0.0006329366
   11.025471     27.207696    0.0006788133
   11.025471     45.346161    0.0007898491
   11.025471     63.484625    0.0010039242
   11.025471     81.623089    0.0013761909
   11.025471     99.761554    0.0019771908
   11.025471    117.900018    0.0028905448
   11.025471    136.038482    0.0042103866

   18.375785   -136.038482    0.0057246959
   18.375785   -117.900018    0.0043245690
   18.375785    -99.761554    0.0033377134
   18.375785    -81.623089    0.0026721427
   18.375785    -63.484625    0.0022459947
   18.375785    -45.346161    0.0019901701
   18.375785    -27.207696    0.0018506449
   18.375785     -9.069232    0.0017903220
   18.375785      9.069232    0.0017903220
   18.375785     27.207696    0.0018506449
   18.375785     45.346161    0.0019901701
   18.375785     63.484625    0.0022459947
   18.375785     81.623089    0.0026721427
   18.375785     99.761554    0.0033377134
   18.375785    117.900018    0.0043245690
   18.375785    136.038482    0.0057246959

   25.726100   -136.038482    0.0080307283
   25.726100   -117.900018    0.0065225280
   25.726100    -99.761554    0.0054366811
   25.726100    -81.623089    0.0046842433
   25.726100    -63.484625    0.0041856951
   25.726100    -45.346161    0.0038738156
   25.726100    -27.207696    0.0036960530
   25.726100     -9.069232    0.0036163432
   25.726100      9.069232    0.0036163432
   25.726100     27.207696    0.0036960530
   25.726100     45.346161    0.0038738156
   25.726100     63.484625    0.0041856951
   25.726100     81.623089    0.0046842433
   25.726100     99.761554    0.0054366811
   25.726100    117.900018    0.0065225280
   25.726100    136.038482    0.0080307283

   33.076414   -136.038482    0.0111662168
   33.076414   -117.900018    0.0095343792
   33.076414    -99.761554    0.0083359387
   33.076414    -81.623089    0.0074848278
   33.076414    -63.484625    0.0069040615
   33.076414    -45.346161    0.0065285505
   33.076414    -27.207696    0.0063074089
   33.076414     -9.069232    0.0062057179
   33.076414      9.069232    0.0062057179
   33.076414     27.207696    0.0063074089
   33.076414     45.346161    0.0065285505
   33.076414     63.484625    0.0069040615
   33.076414     81.623089    0.0074848278
   33.076414     99.761554    0.0083359387
   33.076414    117.900018    0.0095343792
   33.076414    136.038482    0.0111662168

   40.426728   -136.038482    0.0151755216
   40.426728   -117.900018    0.0134177073
   40.426728    -99.761554    0.0121062595
   40.426728    -81.623089    0.0111562385
   40.426728    -63.484625    0.0104929341
   40.426728    -45.346161    0.0100535166
   40.426728    -27.207696    0.0097888479
   40.426728     -9.069232    0.0096651281
   40.426728      9.069232    0.0096651281
   40.426728     27.207696    0.0097888479
   40.426728     45.346161    0.0100535166
   40.426728     63.484625    0.0104929341
   40.426728     81.623089    0.0111562385
   40.426728     99.761554    0.0121062595
   40.426728    117.900018    0.0134177073
   40.426728    136.038482    0.0151755216

   47.777042   -136.038482    0.0201051263
   47.777042   -117.900018    0.0182331042
   47.777042    -99.761554    0.0168205432
   47.777042    -81.623089    0.0157821015
   47.777042    -63.484625    0.0150449067
   47.777042    -45.346161    0.0145482588
   47.777042    -27.207696    0.0142446469
   47.777042     -9.069232    0.0141012422
   47.777042      9.069232    0.0141012422
   47.777042     27.207696    0.0142446469
   47.777042     45.346161    0.0145482588
   47.777042     63.484625    0.0150449067
   47.777042     81.623089    0.0157821015
   47.777042     99.761554    0.0168205432
   47.777042    117.900018    0.0182331042
   47.777042    136.038482    0.0201051263

   55.127356   -136.038482    0.0259987531
   55.127356   -117.900018    0.0240422894
   55.127356    -99.761554    0.0225493290
   55.127356    -81.623089    0.0214406290
   55.127356    -63.484625    0.0206455651
   55.127356    -45.346161    0.0201044460
   55.127356    -27.207696    0.0197705529
   55.127356     -9.069232    0.0196117800
   55.127356      9.069232    0.0196117800
   55.127356     27.207696    0.0197705529
   55.127356     45.346161    0.0201044460
   55.127356     63.484625    0.0206455651
   55.127356     81.623089    0.0214406290
   55.127356     99.761554    0.0225493290
   55.127356    117.900018    0.0240422894
   55.127356    136.038482    0.0259987531

