 -119.276109   -100.911229    0.0109225602
 -119.276109    -87.456398    0.0085029016
 -119.276109    -74.001568    0.0067701002
 -119.276109    -60.546737    0.0055827343
 -119.276109    -47.091907    0.0048103256
 -119.276109    -33.637076    0.0043392729
 -119.276109    -20.182246    0.0040785530
 -119.276109     -6.727415    0.0039645521
 -119.276109      6.727415    0.0039645521
 -119.276109     20.182246    0.0040785530
 -119.276109     33.637076    0.0043392729
 -119.276109     47.091907    0.0048103256
 -119.276109     60.546737    0.0055827343
 -119.276109     74.001568    0.0067701002
 -119.276109     87.456398    0.0085029016
 -119.276109    100.911229    0.0109225602

 -103.372628   -100.911229    0.0096813747
 -103.372628    -87.456398    0.0073081766
 -103.372628    -74.001568    0.0056192383
 -103.372628    -60.546737    0.0044715476
 -103.372628    -47.091907    0.0037330725
 -103.372628    -33.637076    0.0032888192
 -103.372628    -20.182246    0.0030466330
 -103.372628     -6.727415    0.0029421041
 -103.372628      6.727415    0.0029421041
 -103.372628     20.182246    0.0030466330
 -103.372628     33.637076    0.0032888192
 -103.372628     47.091907    0.0037330725
 -103.372628     60.546737    0.0044715476
 -103.372628     74.001568    0.0056192383
 -103.372628     87.456398    0.0073081766
 -103.372628    100.911229    0.0096813747

  -87.469147   -100.911229    0.0086504788
  -87.469147    -87.456398    0.0063148161
  -87.469147    -74.001568    0.0046616376
  -87.469147    -60.546737    0.0035464781
  -87.469147    -47.091907    0.0028359259
  -87.469147    -33.637076    0.0024137736
  -87.469147    -20.182246    0.0021868915
  -87.469147     -6.727415    0.0020901894
  -87.469147      6.727415    0.0020901894
  -87.469147     20.182246    0.0021868915
  -87.469147     33.637076    0.0024137736
  -87.469147     47.091907    0.0028359259
  -87.469147     60.546737    0.0035464781
  -87.469147     74.001568    0.0046616376
  -87.469147     87.456398    0.0063148161
  -87.469147    100.911229    0.0086504788

  -71.565666   -100.911229    0.0078177864
  -71.565666    -87.456398    0.0055104645
  -71.565666    -74.001568    0.0038846282
  -71.565666    -60.546737    0.0027945749
  -71.565666    -47.091907    0.0021057201
  -71.565666    -33.637076    0.0017008247
  -71.565666    -20.182246    0.0014859313
  -71.565666     -6.727415    0.0013953718
  -71.565666      6.727415    0.0013953718
  -71.565666     20.182246    0.0014859313
  -71.565666     33.637076    0.0017008247
  -71.565666     47.091907    0.0021057201
  -71.565666     60.546737    0.0027945749
  -71.565666     74.001568    0.0038846282
  -71.565666     87.456398    0.0055104645
  -71.565666    100.911229    0.0078177864

  -55.662184   -100.911229    0.0071738813
  -55.662184    -87.456398    0.0048854913
  -55.662184    -74.001568    0.0032783568
  -55.662184    -60.546737    0.0022057860
  -55.662184    -47.091907    0.0015322425
  -55.662184    -33.637076    0.0011396427
  -55.662184    -20.182246    0.0009333469
  -55.662184     -6.727415    0.0008472092
  -55.662184      6.727415    0.0008472092
  -55.662184     20.182246    0.0009333469
  -55.662184     33.637076    0.0011396427
  -55.662184     47.091907    0.0015322425
  -55.662184     60.546737    0.0022057860
  -55.662184     74.001568    0.0032783568
  -55.662184     87.456398    0.0048854913
  -55.662184    100.911229    0.0071738813

  -39.758703   -100.911229    0.0067121939
  -39.758703    -87.456398    0.0044331818
  -39.758703    -74.001568    0.0028359734
  -39.758703    -60.546737    0.0017731392
  -39.758703    -47.091907    0.0011084166
  -39.758703    -33.637076    0.0007230681
  -39.758703    -20.182246    0.0005219214
  -39.758703     -6.727415    0.0004384552
  -39.758703      6.727415    0.0004384552
  -39.758703     20.182246    0.0005219214
  -39.758703     33.637076    0.0007230681
  -39.758703     47.091907    0.0011084166
  -39.758703     60.546737    0.0017731392
  -39.758703     74.001568    0.0028359734
  -39.758703     87.456398    0.0044331818
  -39.758703    100.911229    0.0067121939

  -23.855222   -100.911229    0.0064291596
  -23.855222    -87.456398    0.0041499061
  -23.855222    -74.001568    0.0025537959
  -23.855222    -60.546737    0.0014929027
  -23.855222    -47.091907    0.0008304620
  -23.855222    -33.637076    0.0004472772
  -23.855222    -20.182246    0.0002477978
  -23.855222     -6.727415    0.0001652346
  -23.855222      6.727415    0.0001652346
  -23.855222     20.182246    0.0002477978
  -23.855222     33.637076    0.0004472772
  -23.855222     47.091907    0.0008304620
  -23.855222     60.546737    0.0014929027
  -23.855222     74.001568    0.0025537959
  -23.855222     87.456398    0.0041499061
  -23.855222    100.911229    0.0064291596

   -7.951741   -100.911229    0.0063243595
   -7.951741    -87.456398    0.0040352671
   -7.951741    -74.001568    0.0024314539
   -7.951741    -60.546737    0.0013647249
   -7.951741    -47.091907    0.0006980347
   -7.951741    -33.637076    0.0003119246
   -7.951741    -20.182246    0.0001106260
   -7.951741     -6.727415    0.0000271938
   -7.951741      6.727415    0.0000271938
   -7.951741     20.182246    0.0001106260
   -7.951741     33.637076    0.0003119246
   -7.951741     47.091907    0.0006980347
   -7.951741     60.546737    0.0013647249
   -7.951741     74.001568    0.0024314539
   -7.951741     87.456398    0.0040352671
   -7.951741    100.911229    0.0063243595

    7.951741   -100.911229    0.0064006422
    7.951741    -87.456398    0.0040922260
    7.951741    -74.001568    0.0024720108
    7.951741    -60.546737    0.0013917526
    7.951741    -47.091907    0.0007143440
    7.951741    -33.637076    0.0003202629
    7.951741    -20.182246    0.0001136849
    7.951741     -6.727415    0.0000276238
    7.951741      6.727415    0.0000276238
    7.951741     20.182246    0.0001136849
    7.951741     33.637076    0.0003202629
    7.951741     47.091907    0.0007143440
    7.951741     60.546737    0.0013917526
    7.951741     74.001568    0.0024720108
    7.951741     87.456398    0.0040922260
    7.951741    100.911229    0.0064006422

   23.855222   -100.911229    0.0066642282
   23.855222    -87.456398    0.0043272065
   23.855222    -74.001568    0.0026820646
   23.855222    -60.546737    0.0015807293
   23.855222    -47.091907    0.0008862500
   23.855222    -33.637076    0.0004792394
   23.855222    -20.182246    0.0002639799
   23.855222     -6.727415    0.0001735592
   23.855222      6.727415    0.0001735592
   23.855222     20.182246    0.0002639799
   23.855222     33.637076    0.0004792394
   23.855222     47.091907    0.0008862500
   23.855222     60.546737    0.0015807293
   23.855222     74.001568    0.0026820646
   23.855222     87.456398    0.0043272065
   23.855222    100.911229    0.0066642282

   39.758703   -100.911229    0.0071247948
   39.758703    -87.456398    0.0047501770
   39.758703    -74.001568    0.0030718279
   39.758703    -60.546737    0.0019420726
   39.758703    -47.091907    0.0012243382
   39.758703    -33.637076    0.0007995697
   39.758703    -20.182246    0.0005723157
   39.758703     -6.727415    0.0004758500
   39.758703      6.727415    0.0004758500
   39.758703     20.182246    0.0005723157
   39.758703     33.637076    0.0007995697
   39.758703     47.091907    0.0012243382
   39.758703     60.546737    0.0019420726
   39.758703     74.001568    0.0030718279
   39.758703     87.456398    0.0047501770
   39.758703    100.911229    0.0071247948

   55.662184   -100.911229    0.0077955444
   55.662184    -87.456398    0.0053747117
   55.662184    -74.001568    0.0036551853
   55.662184    -60.546737    0.0024899296
   55.662184    -47.091907    0.0017429735
   55.662184    -33.637076    0.0012957882
   55.662184    -20.182246    0.0010533441
   55.662184     -6.727415    0.0009492080
   55.662184      6.727415    0.0009492080
   55.662184     20.182246    0.0010533441
   55.662184     33.637076    0.0012957882
   55.662184     47.091907    0.0017429735
   55.662184     60.546737    0.0024899296
   55.662184     74.001568    0.0036551853
   55.662184     87.456398    0.0053747117
   55.662184    100.911229    0.0077955444

   71.565666   -100.911229    0.0086932530
   71.565666    -87.456398    0.0062180292
   71.565666    -74.001568    0.0044497309
   71.565666    -60.546737    0.0032422132
   71.565666    -47.091907    0.0024603321
   71.565666    -33.637076    0.0019862766
   71.565666    -20.182246    0.0017255875
   71.565666     -6.727415    0.0016122277
   71.565666      6.727415    0.0016122277
   71.565666     20.182246    0.0017255875
   71.565666     33.637076    0.0019862766
   71.565666     47.091907    0.0024603321
   71.565666     60.546737    0.0032422132
   71.565666     74.001568    0.0044497309
   71.565666     87.456398    0.0062180292
   71.565666    100.911229    0.0086932530

   87.469147   -100.911229    0.0098383017
   87.469147    -87.456398    0.0073010101
   87.469147    -74.001568    0.0054767834
   87.469147    -60.546737    0.0042206160
   87.469147    -47.091907    0.0033984131
   87.469147    -33.637076    0.0028932680
   87.469147    -20.182246    0.0026114376
   87.469147     -6.727415    0.0024873806
   87.469147      6.727415    0.0024873806
   87.469147     20.182246    0.0026114376
   87.469147     33.637076    0.0028932680
   87.469147     47.091907    0.0033984131
   87.469147     60.546737    0.0042206160
   87.469147     74.001568    0.0054767834
   87.469147     87.456398    0.0073010101
   87.469147    100.911229    0.0098383017

  103.372628   -100.911229    0.0112546888
  103.372628    -87.456398    0.0086481923
  103.372628    -74.001568    0.0067613802
  103.372628    -60.546737    0.0054506048
  103.372628    -47.091907    0.0045830276
  103.372628    -33.637076    0.0040428289
  103.372628    -20.182246    0.0037371288
  103.372628     -6.727415    0.0036009840
  103.372628      6.727415    0.0036009840
  103.372628     20.182246    0.0037371288
  103.372628     33.637076    0.0040428289
  103.372628     47.091907    0.0045830276
  103.372628     60.546737    0.0054506048
  103.372628     74.001568    0.0067613802
  103.372628     87.456398    0.0086481923
  103.372628    100.911229    0.0112546888

  119.276109   -100.911229    0.0129700250
  119.276109    -87.456398    0.0102877450
  119.276109    -74.001568    0.0083322503
  119.276109    -60.546737    0.0069613927
  119.276109    -47.091907    0.0060437666
  119.276109    -33.637076    0.0054648185
  119.276109    -20.182246    0.0051326879
  119.276109     -6.727415    0.0049831445
  119.276109      6.727415    0.0049831445
  119.276109     20.182246    0.0051326879
  119.276109     33.637076    0.0054648185
  119.276109     47.091907    0.0060437666
  119.276109     60.546737    0.0069613927
  119.276109     74.001568    0.0083322503
  119.276109     87.456398    0.0102877450
  119.276109    100.911229    0.0129700250

