  -35.358766    -91.194683    0.0805286947
  -35.358766    -79.035392    0.0797058610
  -35.358766    -66.876101    0.0791019058
  -35.358766    -54.716810    0.0786688371
  -35.358766    -42.557519    0.0783668623
  -35.358766    -30.398228    0.0781643358
  -35.358766    -18.238937    0.0780377117
  -35.358766     -6.079646    0.0779715030
  -35.358766      6.079646    0.0779582457
  -35.358766     18.238937    0.0779984699
  -35.358766     30.398228    0.0781006753
  -35.358766     42.557519    0.0782813137
  -35.358766     54.716810    0.0785647765
  -35.358766     66.876101    0.0789833884
  -35.358766     79.035392    0.0795774069
  -35.358766     91.194683    0.0803950273

  -30.644264    -91.194683    0.0605099272
  -30.644264    -79.035392    0.0593896737
  -30.644264    -66.876101    0.0585270292
  -30.644264    -54.716810    0.0578759582
  -30.644264    -42.557519    0.0573982955
  -30.644264    -30.398228    0.0570636843
  -30.644264    -18.238937    0.0568495233
  -30.644264     -6.079646    0.0567409226
  -30.644264      6.079646    0.0567306664
  -30.644264     18.238937    0.0568191859
  -30.644264     30.398228    0.0570145389
  -30.644264     42.557519    0.0573323986
  -30.644264     54.716810    0.0577960507
  -30.644264     66.876101    0.0584363978
  -30.644264     79.035392    0.0592919738
  -30.644264     91.194683    0.0604089650

  -25.929762    -91.194683    0.0442584181
  -25.929762    -79.035392    0.0429043146
  -25.929762    -66.876101    0.0418385085
  -25.929762    -54.716810    0.0410163772
  -25.929762    -42.557519    0.0404009540
  -25.929762    -30.398228    0.0399628456
  -25.929762    -18.238937    0.0396801639
  -25.929762     -6.079646    0.0395384699
  -25.929762      6.079646    0.0395307311
  -25.929762     18.238937    0.0396572927
  -25.929762     30.398228    0.0399258608
  -25.929762     42.557519    0.0403515002
  -25.929762     54.716810    0.0409566441
  -25.929762     66.876101    0.0417711181
  -25.929762     79.035392    0.0428321765
  -25.929762     91.194683    0.0441845522

  -21.215260    -91.194683    0.0313344837
  -21.215260    -79.035392    0.0297994746
  -21.215260    -66.876101    0.0285766381
  -21.215260    -54.716810    0.0276223941
  -21.215260    -42.557519    0.0269006595
  -21.215260    -30.398228    0.0263827506
  -21.215260    -18.238937    0.0260473007
  -21.215260     -6.079646    0.0258801967
  -21.215260      6.079646    0.0258745315
  -21.215260     18.238937    0.0260305745
  -21.215260     30.398228    0.0263557584
  -21.215260     42.557519    0.0268646838
  -21.215260     54.716810    0.0275791409
  -21.215260     66.876101    0.0285281478
  -21.215260     79.035392    0.0297480065
  -21.215260     91.194683    0.0312823761

  -16.500757    -91.194683    0.0213890073
  -16.500757    -79.035392    0.0197179113
  -16.500757    -66.876101    0.0183770260
  -16.500757    -54.716810    0.0173235452
  -16.500757    -42.557519    0.0165220298
  -16.500757    -30.398228    0.0159443030
  -16.500757    -18.238937    0.0155693638
  -16.500757     -6.079646    0.0153833205
  -16.500757      6.079646    0.0153793422
  -16.500757     18.238937    0.0155576305
  -16.500757     30.398228    0.0159254096
  -16.500757     42.557519    0.0164969357
  -16.500757     54.716810    0.0172935256
  -16.500757     66.876101    0.0183436041
  -16.500757     79.035392    0.0196827710
  -16.500757     91.194683    0.0213538870

  -11.786255    -91.194683    0.0141539443
  -11.786255    -79.035392    0.0123855630
  -11.786255    -66.876101    0.0109603447
  -11.786255    -54.716810    0.0098360411
  -11.786255    -42.557519    0.0089776629
  -11.786255    -30.398228    0.0083573761
  -11.786255    -18.238937    0.0079544184
  -11.786255     -6.079646    0.0077550336
  -11.786255      6.079646    0.0077524268
  -11.786255     18.238937    0.0079467376
  -11.786255     30.398228    0.0083450342
  -11.786255     42.557519    0.0089613249
  -11.786255     54.716810    0.0098165909
  -11.786255     66.876101    0.0109388369
  -11.786255     79.035392    0.0123631620
  -11.786255     91.194683    0.0141318496

   -7.071753    -91.194683    0.0094347314
   -7.071753    -79.035392    0.0076036457
   -7.071753    -66.876101    0.0061241360
   -7.071753    -54.716810    0.0049543189
   -7.071753    -42.557519    0.0040594871
   -7.071753    -30.398228    0.0034120117
   -7.071753    -18.238937    0.0029912630
   -7.071753     -6.079646    0.0027835506
   -7.071753      6.079646    0.0027820820
   -7.071753     18.238937    0.0029869393
   -7.071753     30.398228    0.0034050758
   -7.071753     42.557519    0.0040503303
   -7.071753     54.716810    0.0049434606
   -7.071753     66.876101    0.0061121960
   -7.071753     79.035392    0.0075913075
   -7.071753     91.194683    0.0094226980

   -2.357251    -91.194683    0.0071046003
   -2.357251    -79.035392    0.0052427307
   -2.357251    -66.876101    0.0037366690
   -2.357251    -54.716810    0.0025447109
   -2.357251    -42.557519    0.0016322770
   -2.357251    -30.398228    0.0009718208
   -2.357251    -18.238937    0.0005427548
   -2.357251     -6.079646    0.0003313945
   -2.357251      6.079646    0.0003309210
   -2.357251     18.238937    0.0005413615
   -2.357251     30.398228    0.0009695879
   -2.357251     42.557519    0.0016293335
   -2.357251     54.716810    0.0025412282
   -2.357251     66.876101    0.0037328516
   -2.357251     79.035392    0.0052388039
   -2.357251     91.194683    0.0071007958

    2.357251    -91.194683    0.0071007958
    2.357251    -79.035392    0.0052388039
    2.357251    -66.876101    0.0037328516
    2.357251    -54.716810    0.0025412282
    2.357251    -42.557519    0.0016293335
    2.357251    -30.398228    0.0009695879
    2.357251    -18.238937    0.0005413615
    2.357251     -6.079646    0.0003309210
    2.357251      6.079646    0.0003313945
    2.357251     18.238937    0.0005427548
    2.357251     30.398228    0.0009718208
    2.357251     42.557519    0.0016322770
    2.357251     54.716810    0.0025447109
    2.357251     66.876101    0.0037366690
    2.357251     79.035392    0.0052427307
    2.357251     91.194683    0.0071046003

    7.071753    -91.194683    0.0094226980
    7.071753    -79.035392    0.0075913075
    7.071753    -66.876101    0.0061121960
    7.071753    -54.716810    0.0049434606
    7.071753    -42.557519    0.0040503303
    7.071753    -30.398228    0.0034050758
    7.071753    -18.238937    0.0029869393
    7.071753     -6.079646    0.0027820820
    7.071753      6.079646    0.0027835506
    7.071753     18.238937    0.0029912630
    7.071753     30.398228    0.0034120117
    7.071753     42.557519    0.0040594871
    7.071753     54.716810    0.0049543189
    7.071753     66.876101    0.0061241360
    7.071753     79.035392    0.0076036457
    7.071753     91.194683    0.0094347314

   11.786255    -91.194683    0.0141318496
   11.786255    -79.035392    0.0123631620
   11.786255    -66.876101    0.0109388369
   11.786255    -54.716810    0.0098165909
   11.786255    -42.557519    0.0089613249
   11.786255    -30.398228    0.0083450342
   11.786255    -18.238937    0.0079467376
   11.786255     -6.079646    0.0077524268
   11.786255      6.079646    0.0077550336
   11.786255     18.238937    0.0079544184
   11.786255     30.398228    0.0083573761
   11.786255     42.557519    0.0089776629
   11.786255     54.716810    0.0098360411
   11.786255     66.876101    0.0109603447
   11.786255     79.035392    0.0123855630
   11.786255     91.194683    0.0141539443

   16.500757    -91.194683    0.0213538870
   16.500757    -79.035392    0.0196827710
   16.500757    -66.876101    0.0183436041
   16.500757    -54.716810    0.0172935256
   16.500757    -42.557519    0.0164969357
   16.500757    -30.398228    0.0159254096
   16.500757    -18.238937    0.0155576305
   16.500757     -6.079646    0.0153793422
   16.500757      6.079646    0.0153833205
   16.500757     18.238937    0.0155693638
   16.500757     30.398228    0.0159443030
   16.500757     42.557519    0.0165220298
   16.500757     54.716810    0.0173235452
   16.500757     66.876101    0.0183770260
   16.500757     79.035392    0.0197179113
   16.500757     91.194683    0.0213890073

   21.215260    -91.194683    0.0312823761
   21.215260    -79.035392    0.0297480065
   21.215260    -66.876101    0.0285281478
   21.215260    -54.716810    0.0275791409
   21.215260    -42.557519    0.0268646838
   21.215260    -30.398228    0.0263557584
   21.215260    -18.238937    0.0260305745
   21.215260     -6.079646    0.0258745315
   21.215260      6.079646    0.0258801967
   21.215260     18.238937    0.0260473007
   21.215260     30.398228    0.0263827506
   21.215260     42.557519    0.0269006595
   21.215260     54.716810    0.0276223941
   21.215260     66.876101    0.0285766381
   21.215260     79.035392    0.0297994746
   21.215260     91.194683    0.0313344837

   25.929762    -91.194683    0.0441845522
   25.929762    -79.035392    0.0428321765
   25.929762    -66.876101    0.0417711181
   25.929762    -54.716810    0.0409566441
   25.929762    -42.557519    0.0403515002
   25.929762    -30.398228    0.0399258608
   25.929762    -18.238937    0.0396572927
   25.929762     -6.079646    0.0395307311
   25.929762      6.079646    0.0395384699
   25.929762     18.238937    0.0396801639
   25.929762     30.398228    0.0399628456
   25.929762     42.557519    0.0404009540
   25.929762     54.716810    0.0410163772
   25.929762     66.876101    0.0418385085
   25.929762     79.035392    0.0429043146
   25.929762     91.194683    0.0442584181

   30.644264    -91.194683    0.0604089650
   30.644264    -79.035392    0.0592919738
   30.644264    -66.876101    0.0584363978
   30.644264    -54.716810    0.0577960507
   30.644264    -42.557519    0.0573323986
   30.644264    -30.398228    0.0570145389
   30.644264    -18.238937    0.0568191859
   30.644264     -6.079646    0.0567306664
   30.644264      6.079646    0.0567409226
   30.644264     18.238937    0.0568495233
   30.644264     30.398228    0.0570636843
   30.644264     42.557519    0.0573982955
   30.644264     54.716810    0.0578759582
   30.644264     66.876101    0.0585270292
   30.644264     79.035392    0.0593896737
   30.644264     91.194683    0.0605099272

   35.358766    -91.194683    0.0803950273
   35.358766    -79.035392    0.0795774069
   35.358766    -66.876101    0.0789833884
   35.358766    -54.716810    0.0785647765
   35.358766    -42.557519    0.0782813137
   35.358766    -30.398228    0.0781006753
   35.358766    -18.238937    0.0779984699
   35.358766     -6.079646    0.0779582457
   35.358766      6.079646    0.0779715030
   35.358766     18.238937    0.0780377117
   35.358766     30.398228    0.0781643358
   35.358766     42.557519    0.0783668623
   35.358766     54.716810    0.0786688371
   35.358766     66.876101    0.0791019058
   35.358766     79.035392    0.0797058610
   35.358766     91.194683    0.0805286947

