  -25.746645    -92.332122    0.0647606520
  -25.746645    -80.021172    0.0631745608
  -25.746645    -67.710222    0.0620786155
  -25.746645    -55.399273    0.0613642150
  -25.746645    -43.088323    0.0609300914
  -25.746645    -30.777374    0.0606880532
  -25.746645    -18.466424    0.0605677096
  -25.746645     -6.155475    0.0605200894
  -25.746645      6.155475    0.0605200894
  -25.746645     18.466424    0.0605677096
  -25.746645     30.777374    0.0606880532
  -25.746645     43.088323    0.0609300914
  -25.746645     55.399273    0.0613642150
  -25.746645     67.710222    0.0620786155
  -25.746645     80.021172    0.0631745608
  -25.746645     92.332122    0.0647606520

  -21.065436    -92.332122    0.0420638349
  -21.065436    -80.021172    0.0403080241
  -21.065436    -67.710222    0.0390681735
  -21.065436    -55.399273    0.0382307239
  -21.065436    -43.088323    0.0376954368
  -21.065436    -30.777374    0.0373762446
  -21.065436    -18.466424    0.0372041378
  -21.065436     -6.155475    0.0371306192
  -21.065436      6.155475    0.0371306192
  -21.065436     18.466424    0.0372041378
  -21.065436     30.777374    0.0373762446
  -21.065436     43.088323    0.0376954368
  -21.065436     55.399273    0.0382307239
  -21.065436     67.710222    0.0390681735
  -21.065436     80.021172    0.0403080241
  -21.065436     92.332122    0.0420638349

  -16.384228    -92.332122    0.0261260764
  -16.384228    -80.021172    0.0242355566
  -16.384228    -67.710222    0.0228714952
  -16.384228    -55.399273    0.0219288584
  -16.384228    -43.088323    0.0213089245
  -16.384228    -30.777374    0.0209255327
  -16.384228    -18.466424    0.0207099385
  -16.384228     -6.155475    0.0206143724
  -16.384228      6.155475    0.0206143724
  -16.384228     18.466424    0.0207099385
  -16.384228     30.777374    0.0209255327
  -16.384228     43.088323    0.0213089245
  -16.384228     55.399273    0.0219288584
  -16.384228     67.710222    0.0228714952
  -16.384228     80.021172    0.0242355566
  -16.384228     92.332122    0.0261260764

  -11.703020    -92.332122    0.0156719198
  -11.703020    -80.021172    0.0136650599
  -11.703020    -67.710222    0.0121973356
  -11.703020    -55.399273    0.0111660017
  -11.703020    -43.088323    0.0104735957
  -11.703020    -30.777374    0.0100348672
  -11.703020    -18.466424    0.0097818512
  -11.703020     -6.155475    0.0096673985
  -11.703020      6.155475    0.0096673985
  -11.703020     18.466424    0.0097818512
  -11.703020     30.777374    0.0100348672
  -11.703020     43.088323    0.0104735957
  -11.703020     55.399273    0.0111660017
  -11.703020     67.710222    0.0121973356
  -11.703020     80.021172    0.0136650599
  -11.703020     92.332122    0.0156719198

   -7.021812    -92.332122    0.0096438565
   -7.021812    -80.021172    0.0075348022
   -7.021812    -67.710222    0.0059781930
   -7.021812    -55.399273    0.0048700787
   -7.021812    -43.088323    0.0041141366
   -7.021812    -30.777374    0.0036266120
   -7.021812    -18.466424    0.0033406202
   -7.021812     -6.155475    0.0032095758
   -7.021812      6.155475    0.0032095758
   -7.021812     18.466424    0.0033406202
   -7.021812     30.777374    0.0036266120
   -7.021812     43.088323    0.0041141366
   -7.021812     55.399273    0.0048700787
   -7.021812     67.710222    0.0059781930
   -7.021812     80.021172    0.0075348022
   -7.021812     92.332122    0.0096438565

   -2.340604    -92.332122    0.0071625384
   -2.340604    -80.021172    0.0049633602
   -2.340604    -67.710222    0.0033271203
   -2.340604    -55.399273    0.0021500001
   -2.340604    -43.088323    0.0013369067
   -2.340604    -30.777374    0.0008054035
   -2.340604    -18.466424    0.0004896022
   -2.340604     -6.155475    0.0003435188
   -2.340604      6.155475    0.0003435188
   -2.340604     18.466424    0.0004896022
   -2.340604     30.777374    0.0008054035
   -2.340604     43.088323    0.0013369067
   -2.340604     55.399273    0.0021500001
   -2.340604     67.710222    0.0033271203
   -2.340604     80.021172    0.0049633602
   -2.340604     92.332122    0.0071625384

    2.340604    -92.332122    0.0074944658
    2.340604    -80.021172    0.0052141022
    2.340604    -67.710222    0.0035041069
    2.340604    -55.399273    0.0022630020
    2.340604    -43.088323    0.0013970598
    2.340604    -30.777374    0.0008248553
    2.340604    -18.466424    0.0004813534
    2.340604     -6.155475    0.0003212342
    2.340604      6.155475    0.0003212342
    2.340604     18.466424    0.0004813534
    2.340604     30.777374    0.0008248553
    2.340604     43.088323    0.0013970598
    2.340604     55.399273    0.0022630020
    2.340604     67.710222    0.0035041069
    2.340604     80.021172    0.0052141022
    2.340604     92.332122    0.0074944658

    7.021812    -92.332122    0.0100258456
    7.021812    -80.021172    0.0076694218
    7.021812    -67.710222    0.0058897326
    7.021812    -55.399273    0.0045879328
    7.021812    -43.088323    0.0036717264
    7.021812    -30.777374    0.0030607152
    7.021812    -18.466424    0.0026907423
    7.021812     -6.155475    0.0025171890
    7.021812      6.155475    0.0025171890
    7.021812     18.466424    0.0026907423
    7.021812     30.777374    0.0030607152
    7.021812     43.088323    0.0036717264
    7.021812     55.399273    0.0045879328
    7.021812     67.710222    0.0058897326
    7.021812     80.021172    0.0076694218
    7.021812     92.332122    0.0100258456

   11.703020    -92.332122    0.0142414834
   11.703020    -80.021172    0.0118110342
   11.703020    -67.710222    0.0099642280
   11.703020    -55.399273    0.0086036048
   11.703020    -43.088323    0.0076383157
   11.703020    -30.777374    0.0069892647
   11.703020    -18.466424    0.0065933345
   11.703020     -6.155475    0.0064066213
   11.703020      6.155475    0.0064066213
   11.703020     18.466424    0.0065933345
   11.703020     30.777374    0.0069892647
   11.703020     43.088323    0.0076383157
   11.703020     55.399273    0.0086036048
   11.703020     67.710222    0.0099642280
   11.703020     80.021172    0.0118110342
   11.703020     92.332122    0.0142414834

   16.384228    -92.332122    0.0197077414
   16.384228    -80.021172    0.0172037448
   16.384228    -67.710222    0.0152905037
   16.384228    -55.399273    0.0138713982
   16.384228    -43.088323    0.0128570823
   16.384228    -30.777374    0.0121699368
   16.384228    -18.466424    0.0117479945
   16.384228     -6.155475    0.0115480964
   16.384228      6.155475    0.0115480964
   16.384228     18.466424    0.0117479945
   16.384228     30.777374    0.0121699368
   16.384228     43.088323    0.0128570823
   16.384228     55.399273    0.0138713982
   16.384228     67.710222    0.0152905037
   16.384228     80.021172    0.0172037448
   16.384228     92.332122    0.0197077414

   21.065436    -92.332122    0.0260587642
   21.065436    -80.021172    0.0234811967
   21.065436    -67.710222    0.0215001418
   21.065436    -55.399273    0.0200213706
   21.065436    -43.088323    0.0189571921
   21.065436    -30.777374    0.0182313104
   21.065436    -18.466424    0.0177828533
   21.065436     -6.155475    0.0175694774
   21.065436      6.155475    0.0175694774
   21.065436     18.466424    0.0177828533
   21.065436     30.777374    0.0182313104
   21.065436     43.088323    0.0189571921
   21.065436     55.399273    0.0200213706
   21.065436     67.710222    0.0215001418
   21.065436     80.021172    0.0234811967
   21.065436     92.332122    0.0260587642

   25.746645    -92.332122    0.0329853397
   25.746645    -80.021172    0.0303332050
   25.746645    -67.710222    0.0282817731
   25.746645    -55.399273    0.0267411942
   25.746645    -43.088323    0.0256256080
   25.746645    -30.777374    0.0248598263
   25.746645    -18.466424    0.0243839882
   25.746645     -6.155475    0.0241566494
   25.746645      6.155475    0.0241566494
   25.746645     18.466424    0.0243839882
   25.746645     30.777374    0.0248598263
   25.746645     43.088323    0.0256256080
   25.746645     55.399273    0.0267411942
   25.746645     67.710222    0.0282817731
   25.746645     80.021172    0.0303332050
   25.746645     92.332122    0.0329853397

   30.427853    -92.332122    0.0402259368
   30.427853    -80.021172    0.0374953826
   30.427853    -67.710222    0.0353716942
   30.427853    -55.399273    0.0337673082
   30.427853    -43.088323    0.0325982063
   30.427853    -30.777374    0.0317907551
   30.427853    -18.466424    0.0312863643
   30.427853     -6.155475    0.0310445071
   30.427853      6.155475    0.0310445071
   30.427853     18.466424    0.0312863643
   30.427853     30.777374    0.0317907551
   30.427853     43.088323    0.0325982063
   30.427853     55.399273    0.0337673082
   30.427853     67.710222    0.0353716942
   30.427853     80.021172    0.0374953826
   30.427853     92.332122    0.0402259368

   35.109061    -92.332122    0.0475596240
   35.109061    -80.021172    0.0447428615
   35.109061    -67.710222    0.0425470085
   35.109061    -55.399273    0.0408777447
   35.109061    -43.088323    0.0396526209
   35.109061    -30.777374    0.0388011286
   35.109061    -18.466424    0.0382667852
   35.109061     -6.155475    0.0380098824
   35.109061      6.155475    0.0380098824
   35.109061     18.466424    0.0382667852
   35.109061     30.777374    0.0388011286
   35.109061     43.088323    0.0396526209
   35.109061     55.399273    0.0408777447
   35.109061     67.710222    0.0425470085
   35.109061     80.021172    0.0447428615
   35.109061     92.332122    0.0475596240

   39.790269    -92.332122    0.0548007472
   39.790269    -80.021172    0.0518910125
   39.790269    -67.710222    0.0496220050
   39.790269    -55.399273    0.0478861498
   39.790269    -43.088323    0.0466024012
   39.790269    -30.777374    0.0457045361
   39.790269    -18.466424    0.0451388042
   39.790269     -6.155475    0.0448662589
   39.790269      6.155475    0.0448662589
   39.790269     18.466424    0.0451388042
   39.790269     30.777374    0.0457045361
   39.790269     43.088323    0.0466024012
   39.790269     55.399273    0.0478861498
   39.790269     67.710222    0.0496220050
   39.790269     80.021172    0.0518910125
   39.790269     92.332122    0.0548007472

   44.471477    -92.332122    0.0617954091
   44.471477    -80.021172    0.0588071647
   44.471477    -67.710222    0.0564489194
   44.471477    -55.399273    0.0546365936
   44.471477    -43.088323    0.0532921587
   44.471477    -30.777374    0.0523478662
   44.471477    -18.466424    0.0517497450
   44.471477     -6.155475    0.0514602909
   44.471477      6.155475    0.0514602909
   44.471477     18.466424    0.0517497450
   44.471477     30.777374    0.0523478662
   44.471477     43.088323    0.0532921587
   44.471477     55.399273    0.0546365936
   44.471477     67.710222    0.0564489194
   44.471477     80.021172    0.0588071647
   44.471477     92.332122    0.0617954091

