  -48.827424    -55.127356    0.0451058744
  -48.827424    -47.777042    0.0395868697
  -48.827424    -40.426728    0.0350942201
  -48.827424    -33.076414    0.0315530837
  -48.827424    -25.726100    0.0288757579
  -48.827424    -18.375785    0.0269706524
  -48.827424    -11.025471    0.0257543134
  -48.827424     -3.675157    0.0251632683
  -48.827424      3.675157    0.0251632683
  -48.827424     11.025471    0.0257543134
  -48.827424     18.375785    0.0269706524
  -48.827424     25.726100    0.0288757579
  -48.827424     33.076414    0.0315530837
  -48.827424     40.426728    0.0350942201
  -48.827424     47.777042    0.0395868697
  -48.827424     55.127356    0.0451058744

  -42.317101    -55.127356    0.0387585363
  -42.317101    -47.777042    0.0332473862
  -42.317101    -40.426728    0.0287701281
  -42.317101    -33.076414    0.0252479236
  -42.317101    -25.726100    0.0225897397
  -42.317101    -18.375785    0.0207013218
  -42.317101    -11.025471    0.0194972180
  -42.317101     -3.675157    0.0189126236
  -42.317101      3.675157    0.0189126236
  -42.317101     11.025471    0.0194972180
  -42.317101     18.375785    0.0207013218
  -42.317101     25.726100    0.0225897397
  -42.317101     33.076414    0.0252479236
  -42.317101     40.426728    0.0287701281
  -42.317101     47.777042    0.0332473862
  -42.317101     55.127356    0.0387585363

  -35.806778    -55.127356    0.0333190970
  -35.806778    -47.777042    0.0278141832
  -35.806778    -40.426728    0.0233504313
  -35.806778    -33.076414    0.0198452362
  -35.806778    -25.726100    0.0172044264
  -35.806778    -18.375785    0.0153312362
  -35.806778    -11.025471    0.0141383304
  -35.806778     -3.675157    0.0135596489
  -35.806778      3.675157    0.0135596489
  -35.806778     11.025471    0.0141383304
  -35.806778     18.375785    0.0153312362
  -35.806778     25.726100    0.0172044264
  -35.806778     33.076414    0.0198452362
  -35.806778     40.426728    0.0233504313
  -35.806778     47.777042    0.0278141832
  -35.806778     55.127356    0.0333190970

  -29.296454    -55.127356    0.0287870695
  -29.296454    -47.777042    0.0232865145
  -29.296454    -40.426728    0.0188340913
  -29.296454    -33.076414    0.0153436906
  -29.296454    -25.726100    0.0127182205
  -29.296454    -18.375785    0.0108585793
  -29.296454    -11.025471    0.0096756796
  -29.296454     -3.675157    0.0091022931
  -29.296454      3.675157    0.0091022931
  -29.296454     11.025471    0.0096756796
  -29.296454     18.375785    0.0108585793
  -29.296454     25.726100    0.0127182205
  -29.296454     33.076414    0.0153436906
  -29.296454     40.426728    0.0188340913
  -29.296454     47.777042    0.0232865145
  -29.296454     55.127356    0.0287870695

  -22.786131    -55.127356    0.0251606572
  -22.786131    -47.777042    0.0196623745
  -22.786131    -40.426728    0.0152188617
  -22.786131    -33.076414    0.0117407961
  -22.786131    -25.726100    0.0091284077
  -22.786131    -18.375785    0.0072804524
  -22.786131    -11.025471    0.0061062359
  -22.786131     -3.675157    0.0055374589
  -22.786131      3.675157    0.0055374589
  -22.786131     11.025471    0.0061062359
  -22.786131     18.375785    0.0072804524
  -22.786131     25.726100    0.0091284077
  -22.786131     33.076414    0.0117407961
  -22.786131     40.426728    0.0152188617
  -22.786131     47.777042    0.0196623745
  -22.786131     55.127356    0.0251606572

  -16.275808    -55.127356    0.0224383015
  -16.275808    -47.777042    0.0169400455
  -16.275808    -40.426728    0.0125028354
  -16.275808    -33.076414    0.0090344500
  -16.275808    -25.726100    0.0064327042
  -16.275808    -18.375785    0.0045944215
  -16.275808    -11.025471    0.0034274585
  -16.275808     -3.675157    0.0028625497
  -16.275808      3.675157    0.0028625497
  -16.275808     11.025471    0.0034274585
  -16.275808     18.375785    0.0045944215
  -16.275808     25.726100    0.0064327042
  -16.275808     33.076414    0.0090344500
  -16.275808     40.426728    0.0125028354
  -16.275808     47.777042    0.0169400455
  -16.275808     55.127356    0.0224383015

   -9.765485    -55.127356    0.0206198603
   -9.765485    -47.777042    0.0151192766
   -9.765485    -40.426728    0.0106856229
   -9.765485    -33.076414    0.0072241160
   -9.765485    -25.726100    0.0046304353
   -9.765485    -18.375785    0.0027996961
   -9.765485    -11.025471    0.0016384740
   -9.765485     -3.675157    0.0010766491
   -9.765485      3.675157    0.0010766491
   -9.765485     11.025471    0.0016384740
   -9.765485     18.375785    0.0027996961
   -9.765485     25.726100    0.0046304353
   -9.765485     33.076414    0.0072241160
   -9.765485     40.426728    0.0106856229
   -9.765485     47.777042    0.0151192766
   -9.765485     55.127356    0.0206198603

   -3.255162    -55.127356    0.0197074168
   -3.255162    -47.777042    0.0142020920
   -3.255162    -40.426728    0.0097691618
   -3.255162    -33.076414    0.0063116331
   -3.255162    -25.726100    0.0037233444
   -3.255162    -18.375785    0.0018979381
   -3.255162    -11.025471    0.0007408849
   -3.255162     -3.675157    0.0001813286
   -3.255162      3.675157    0.0001813286
   -3.255162     11.025471    0.0007408849
   -3.255162     18.375785    0.0018979381
   -3.255162     25.726100    0.0037233444
   -3.255162     33.076414    0.0063116331
   -3.255162     40.426728    0.0097691618
   -3.255162     47.777042    0.0142020920
   -3.255162     55.127356    0.0197074168

    3.255162    -55.127356    0.0197057190
    3.255162    -47.777042    0.0141932312
    3.255162    -40.426728    0.0097581554
    3.255162    -33.076414    0.0063016551
    3.255162    -25.726100    0.0037160324
    3.255162    -18.375785    0.0018937010
    3.255162    -11.025471    0.0007392098
    3.255162     -3.675157    0.0001810881
    3.255162      3.675157    0.0001810881
    3.255162     11.025471    0.0007392098
    3.255162     18.375785    0.0018937010
    3.255162     25.726100    0.0037160324
    3.255162     33.076414    0.0063016551
    3.255162     40.426728    0.0097581554
    3.255162     47.777042    0.0141932312
    3.255162     55.127356    0.0197057190

    9.765485    -55.127356    0.0206222499
    9.765485    -47.777042    0.0151002185
    9.765485    -40.426728    0.0106601436
    9.765485    -33.076414    0.0072017205
    9.765485    -25.726100    0.0046160278
    9.765485    -18.375785    0.0027945003
    9.765485    -11.025471    0.0016409529
    9.765485     -3.675157    0.0010834255
    9.765485      3.675157    0.0010834255
    9.765485     11.025471    0.0016409529
    9.765485     18.375785    0.0027945003
    9.765485     25.726100    0.0046160278
    9.765485     33.076414    0.0072017205
    9.765485     40.426728    0.0106601436
    9.765485     47.777042    0.0151002185
    9.765485     55.127356    0.0206222499

   16.275808    -55.127356    0.0224669282
   16.275808    -47.777042    0.0169330640
   16.275808    -40.426728    0.0124852032
   16.275808    -33.076414    0.0090219536
   16.275808    -25.726100    0.0064334873
   16.275808    -18.375785    0.0046105141
   16.275808    -11.025471    0.0034563050
   16.275808     -3.675157    0.0028985374
   16.275808      3.675157    0.0028985374
   16.275808     11.025471    0.0034563050
   16.275808     18.375785    0.0046105141
   16.275808     25.726100    0.0064334873
   16.275808     33.076414    0.0090219536
   16.275808     40.426728    0.0124852032
   16.275808     47.777042    0.0169330640
   16.275808     55.127356    0.0224669282

   22.786131    -55.127356    0.0252514394
   22.786131    -47.777042    0.0197035948
   22.786131    -40.426728    0.0152452794
   22.786131    -33.076414    0.0117743955
   22.786131    -25.726100    0.0091805274
   22.786131    -18.375785    0.0073539143
   22.786131    -11.025471    0.0061974746
   22.786131     -3.675157    0.0056386505
   22.786131      3.675157    0.0056386505
   22.786131     11.025471    0.0061974746
   22.786131     18.375785    0.0073539143
   22.786131     25.726100    0.0091805274
   22.786131     33.076414    0.0117743955
   22.786131     40.426728    0.0152452794
   22.786131     47.777042    0.0197035948
   22.786131     55.127356    0.0252514394

   29.296454    -55.127356    0.0289881980
   29.296454    -47.777042    0.0234244168
   29.296454    -40.426728    0.0189531473
   29.296454    -33.076414    0.0154719661
   29.296454    -25.726100    0.0128701858
   29.296454    -18.375785    0.0110378286
   29.296454    -11.025471    0.0098776500
   29.296454     -3.675157    0.0093169836
   29.296454      3.675157    0.0093169836
   29.296454     11.025471    0.0098776500
   29.296454     18.375785    0.0110378286
   29.296454     25.726100    0.0128701858
   29.296454     33.076414    0.0154719661
   29.296454     40.426728    0.0189531473
   29.296454     47.777042    0.0234244168
   29.296454     55.127356    0.0289881980

   35.806778    -55.127356    0.0336889395
   35.806778    -47.777042    0.0281075075
   35.806778    -40.426728    0.0236210049
   35.806778    -33.076414    0.0201270563
   35.806778    -25.726100    0.0175150143
   35.806778    -18.375785    0.0156749329
   35.806778    -11.025471    0.0145095916
   35.806778     -3.675157    0.0139463398
   35.806778      3.675157    0.0139463398
   35.806778     11.025471    0.0145095916
   35.806778     18.375785    0.0156749329
   35.806778     25.726100    0.0175150143
   35.806778     33.076414    0.0201270563
   35.806778     40.426728    0.0236210049
   35.806778     47.777042    0.0281075075
   35.806778     55.127356    0.0336889395

   42.317101    -55.127356    0.0393629439
   42.317101    -47.777042    0.0337624384
   42.317101    -40.426728    0.0292586957
   42.317101    -33.076414    0.0257497515
   42.317101    -25.726100    0.0231253017
   42.317101    -18.375785    0.0212756744
   42.317101    -11.025471    0.0201038547
   42.317101     -3.675157    0.0195373295
   42.317101      3.675157    0.0195373295
   42.317101     11.025471    0.0201038547
   42.317101     18.375785    0.0212756744
   42.317101     25.726100    0.0231253017
   42.317101     33.076414    0.0257497515
   42.317101     40.426728    0.0292586957
   42.317101     47.777042    0.0337624384
   42.317101     55.127356    0.0393629439

   48.827424    -55.127356    0.0460148890
   48.827424    -47.777042    0.0403942294
   48.827424    -40.426728    0.0358715623
   48.827424    -33.076414    0.0323456849
   48.827424    -25.726100    0.0297069272
   48.827424    -18.375785    0.0278461249
   48.827424    -11.025471    0.0266666439
   48.827424     -3.675157    0.0260962245
   48.827424      3.675157    0.0260962245
   48.827424     11.025471    0.0266666439
   48.827424     18.375785    0.0278461249
   48.827424     25.726100    0.0297069272
   48.827424     33.076414    0.0323456849
   48.827424     40.426728    0.0358715623
   48.827424     47.777042    0.0403942294
   48.827424     55.127356    0.0460148890

