  -50.614883   -119.276109    0.0001941727
  -50.614883   -103.372628    0.0001284817
  -50.614883    -87.469147    0.0000736800
  -50.614883    -71.565666    0.0000307142
  -50.614883    -55.662184    0.0000003479
  -50.614883    -39.758703   -0.0000168394
  -50.614883    -23.855222   -0.0000204512
  -50.614883     -7.951741   -0.0000102750
  -50.614883      7.951741    0.0000137186
  -50.614883     23.855222    0.0000513750
  -50.614883     39.758703    0.0001023565
  -50.614883     55.662184    0.0001661416
  -50.614883     71.565666    0.0002420254
  -50.614883     87.469147    0.0003291193
  -50.614883    103.372628    0.0004263513
  -50.614883    119.276109    0.0005324659

  -43.866232   -119.276109    0.0001562030
  -43.866232   -103.372628    0.0001043404
  -43.866232    -87.469147    0.0000609508
  -43.866232    -71.565666    0.0000267832
  -43.866232    -55.662184    0.0000024426
  -43.866232    -39.758703   -0.0000116098
  -43.866232    -23.855222   -0.0000150564
  -43.866232     -7.951741   -0.0000077237
  -43.866232      7.951741    0.0000104185
  -43.866232     23.855222    0.0000392562
  -43.866232     39.758703    0.0000785320
  -43.866232     55.662184    0.0001278443
  -43.866232     71.565666    0.0001866481
  -43.866232     87.469147    0.0002542545
  -43.866232    103.372628    0.0003298308
  -43.866232    119.276109    0.0004124006

  -37.117581   -119.276109    0.0001181941
  -37.117581   -103.372628    0.0000795143
  -37.117581    -87.469147    0.0000470816
  -37.117581    -71.565666    0.0000214551
  -37.117581    -55.662184    0.0000030875
  -37.117581    -39.758703   -0.0000076750
  -37.117581    -23.855222   -0.0000105930
  -37.117581     -7.951741   -0.0000055336
  -37.117581      7.951741    0.0000075296
  -37.117581     23.855222    0.0000285164
  -37.117581     39.758703    0.0000572401
  -37.117581     55.662184    0.0000934074
  -37.117581     71.565666    0.0001366183
  -37.117581     87.469147    0.0001863664
  -37.117581    103.372628    0.0002420386
  -37.117581    119.276109    0.0003029154

  -30.368930   -119.276109    0.0000826677
  -30.368930   -103.372628    0.0000559113
  -30.368930    -87.469147    0.0000334376
  -30.368930    -71.565666    0.0000156338
  -30.368930    -55.662184    0.0000028136
  -30.368930    -39.758703   -0.0000047823
  -30.368930    -23.855222   -0.0000069869
  -30.368930     -7.951741   -0.0000037064
  -30.368930      7.951741    0.0000050796
  -30.368930     23.855222    0.0000193182
  -30.368930     39.758703    0.0000388829
  -30.368930     55.662184    0.0000635743
  -30.368930     71.565666    0.0000931191
  -30.368930     87.469147    0.0001271710
  -30.368930    103.372628    0.0001653102
  -30.368930    119.276109    0.0002070436

  -23.620279   -119.276109    0.0000517249
  -23.620279   -103.372628    0.0000351212
  -23.620279    -87.469147    0.0000211570
  -23.620279    -71.565666    0.0000100727
  -23.620279    -55.662184    0.0000020635
  -23.620279    -39.758703   -0.0000027209
  -23.620279    -23.855222   -0.0000041762
  -23.620279     -7.951741   -0.0000022431
  -23.620279      7.951741    0.0000030918
  -23.620279     23.855222    0.0000117969
  -23.620279     39.758703    0.0000237953
  -23.620279     55.662184    0.0000389644
  -23.620279     71.565666    0.0000571365
  -23.620279     87.469147    0.0000780985
  -23.620279    103.372628    0.0001015920
  -23.620279    119.276109    0.0001273129

  -16.871628   -119.276109    0.0000270469
  -16.871628   -103.372628    0.0000184158
  -16.871628    -87.469147    0.0000111500
  -16.871628    -71.565666    0.0000053746
  -16.871628    -55.662184    0.0000011911
  -16.871628    -39.758703   -0.0000013224
  -16.871628    -23.855222   -0.0000021114
  -16.871628     -7.951741   -0.0000011448
  -16.871628      7.951741    0.0000015847
  -16.871628     23.855222    0.0000060612
  -16.871628     39.758703    0.0000122451
  -16.871628     55.662184    0.0000200734
  -16.871628     71.565666    0.0000294594
  -16.871628     87.469147    0.0000402931
  -16.871628    103.372628    0.0000524408
  -16.871628    119.276109    0.0000657455

  -10.122977   -119.276109    0.0000098945
  -10.122977   -103.372628    0.0000067489
  -10.122977    -87.469147    0.0000040993
  -10.122977    -71.565666    0.0000019913
  -10.122977    -55.662184    0.0000004620
  -10.122977    -39.758703   -0.0000004603
  -10.122977    -23.855222   -0.0000007555
  -10.122977     -7.951741   -0.0000004122
  -10.122977      7.951741    0.0000005722
  -10.122977     23.855222    0.0000021922
  -10.122977     39.758703    0.0000044334
  -10.122977     55.662184    0.0000072729
  -10.122977     71.565666    0.0000106793
  -10.122977     87.469147    0.0000146128
  -10.122977    103.372628    0.0000190247
  -10.122977    119.276109    0.0000238580

   -3.374326   -119.276109    0.0000011081
   -3.374326   -103.372628    0.0000007565
   -3.374326    -87.469147    0.0000004602
   -3.374326    -71.565666    0.0000002244
   -3.374326    -55.662184    0.0000000532
   -3.374326    -39.758703   -0.0000000503
   -3.374326    -23.855222   -0.0000000837
   -3.374326     -7.951741   -0.0000000458
   -3.374326      7.951741    0.0000000637
   -3.374326     23.855222    0.0000002441
   -3.374326     39.758703    0.0000004940
   -3.374326     55.662184    0.0000008107
   -3.374326     71.565666    0.0000011907
   -3.374326     87.469147    0.0000016296
   -3.374326    103.372628    0.0000021220
   -3.374326    119.276109    0.0000026614

    3.374326   -119.276109    0.0000011081
    3.374326   -103.372628    0.0000007565
    3.374326    -87.469147    0.0000004602
    3.374326    -71.565666    0.0000002244
    3.374326    -55.662184    0.0000000532
    3.374326    -39.758703   -0.0000000503
    3.374326    -23.855222   -0.0000000837
    3.374326     -7.951741   -0.0000000458
    3.374326      7.951741    0.0000000637
    3.374326     23.855222    0.0000002441
    3.374326     39.758703    0.0000004940
    3.374326     55.662184    0.0000008107
    3.374326     71.565666    0.0000011907
    3.374326     87.469147    0.0000016296
    3.374326    103.372628    0.0000021220
    3.374326    119.276109    0.0000026614

   10.122977   -119.276109    0.0000098945
   10.122977   -103.372628    0.0000067489
   10.122977    -87.469147    0.0000040993
   10.122977    -71.565666    0.0000019913
   10.122977    -55.662184    0.0000004620
   10.122977    -39.758703   -0.0000004603
   10.122977    -23.855222   -0.0000007555
   10.122977     -7.951741   -0.0000004122
   10.122977      7.951741    0.0000005722
   10.122977     23.855222    0.0000021922
   10.122977     39.758703    0.0000044334
   10.122977     55.662184    0.0000072729
   10.122977     71.565666    0.0000106793
   10.122977     87.469147    0.0000146128
   10.122977    103.372628    0.0000190247
   10.122977    119.276109    0.0000238580

   16.871628   -119.276109    0.0000270469
   16.871628   -103.372628    0.0000184158
   16.871628    -87.469147    0.0000111500
   16.871628    -71.565666    0.0000053746
   16.871628    -55.662184    0.0000011911
   16.871628    -39.758703   -0.0000013224
   16.871628    -23.855222   -0.0000021114
   16.871628     -7.951741   -0.0000011448
   16.871628      7.951741    0.0000015847
   16.871628     23.855222    0.0000060612
   16.871628     39.758703    0.0000122451
   16.871628     55.662184    0.0000200734
   16.871628     71.565666    0.0000294594
   16.871628     87.469147    0.0000402931
   16.871628    103.372628    0.0000524408
   16.871628    119.276109    0.0000657455

   23.620279   -119.276109    0.0000517249
   23.620279   -103.372628    0.0000351212
   23.620279    -87.469147    0.0000211570
   23.620279    -71.565666    0.0000100727
   23.620279    -55.662184    0.0000020635
   23.620279    -39.758703   -0.0000027209
   23.620279    -23.855222   -0.0000041762
   23.620279     -7.951741   -0.0000022431
   23.620279      7.951741    0.0000030918
   23.620279     23.855222    0.0000117969
   23.620279     39.758703    0.0000237953
   23.620279     55.662184    0.0000389644
   23.620279     71.565666    0.0000571365
   23.620279     87.469147    0.0000780985
   23.620279    103.372628    0.0001015920
   23.620279    119.276109    0.0001273129

   30.368930   -119.276109    0.0000826677
   30.368930   -103.372628    0.0000559113
   30.368930    -87.469147    0.0000334376
   30.368930    -71.565666    0.0000156338
   30.368930    -55.662184    0.0000028136
   30.368930    -39.758703   -0.0000047823
   30.368930    -23.855222   -0.0000069869
   30.368930     -7.951741   -0.0000037064
   30.368930      7.951741    0.0000050796
   30.368930     23.855222    0.0000193182
   30.368930     39.758703    0.0000388829
   30.368930     55.662184    0.0000635743
   30.368930     71.565666    0.0000931191
   30.368930     87.469147    0.0001271710
   30.368930    103.372628    0.0001653102
   30.368930    119.276109    0.0002070436

   37.117581   -119.276109    0.0001181941
   37.117581   -103.372628    0.0000795143
   37.117581    -87.469147    0.0000470816
   37.117581    -71.565666    0.0000214551
   37.117581    -55.662184    0.0000030875
   37.117581    -39.758703   -0.0000076750
   37.117581    -23.855222   -0.0000105930
   37.117581     -7.951741   -0.0000055336
   37.117581      7.951741    0.0000075296
   37.117581     23.855222    0.0000285164
   37.117581     39.758703    0.0000572401
   37.117581     55.662184    0.0000934074
   37.117581     71.565666    0.0001366183
   37.117581     87.469147    0.0001863664
   37.117581    103.372628    0.0002420386
   37.117581    119.276109    0.0003029154

   43.866232   -119.276109    0.0001562030
   43.866232   -103.372628    0.0001043404
   43.866232    -87.469147    0.0000609508
   43.866232    -71.565666    0.0000267832
   43.866232    -55.662184    0.0000024426
   43.866232    -39.758703   -0.0000116098
   43.866232    -23.855222   -0.0000150564
   43.866232     -7.951741   -0.0000077237
   43.866232      7.951741    0.0000104185
   43.866232     23.855222    0.0000392562
   43.866232     39.758703    0.0000785320
   43.866232     55.662184    0.0001278443
   43.866232     71.565666    0.0001866481
   43.866232     87.469147    0.0002542545
   43.866232    103.372628    0.0003298308
   43.866232    119.276109    0.0004124006

   50.614883   -119.276109    0.0001941727
   50.614883   -103.372628    0.0001284817
   50.614883    -87.469147    0.0000736800
   50.614883    -71.565666    0.0000307142
   50.614883    -55.662184    0.0000003479
   50.614883    -39.758703   -0.0000168394
   50.614883    -23.855222   -0.0000204512
   50.614883     -7.951741   -0.0000102750
   50.614883      7.951741    0.0000137186
   50.614883     23.855222    0.0000513750
   50.614883     39.758703    0.0001023565
   50.614883     55.662184    0.0001661416
   50.614883     71.565666    0.0002420254
   50.614883     87.469147    0.0003291193
   50.614883    103.372628    0.0004263513
   50.614883    119.276109    0.0005324659

