  -25.746645    -50.614883   -0.0006343582
  -25.746645    -43.866232   -0.0005047452
  -25.746645    -37.117581   -0.0003787358
  -25.746645    -30.368930   -0.0002632127
  -25.746645    -23.620279   -0.0001639115
  -25.746645    -16.871628   -0.0000854207
  -25.746645    -10.122977   -0.0000311816
  -25.746645     -3.374326   -0.0000034885
  -25.746645      3.374326   -0.0000034885
  -25.746645     10.122977   -0.0000311816
  -25.746645     16.871628   -0.0000854207
  -25.746645     23.620279   -0.0001639115
  -25.746645     30.368930   -0.0002632127
  -25.746645     37.117581   -0.0003787358
  -25.746645     43.866232   -0.0005047452
  -25.746645     50.614883   -0.0006343582

  -21.065436    -50.614883   -0.0004954484
  -21.065436    -43.866232   -0.0003950830
  -21.065436    -37.117581   -0.0002969521
  -21.065436    -30.368930   -0.0002066417
  -21.065436    -23.620279   -0.0001288072
  -21.065436    -16.871628   -0.0000671727
  -21.065436    -10.122977   -0.0000245313
  -21.065436     -3.374326   -0.0000027451
  -21.065436      3.374326   -0.0000027451
  -21.065436     10.122977   -0.0000245313
  -21.065436     16.871628   -0.0000671727
  -21.065436     23.620279   -0.0001288072
  -21.065436     30.368930   -0.0002066417
  -21.065436     37.117581   -0.0002969521
  -21.065436     43.866232   -0.0003950830
  -21.065436     50.614883   -0.0004954484

  -16.384228    -50.614883   -0.0003677159
  -16.384228    -43.866232   -0.0002938679
  -16.384228    -37.117581   -0.0002212480
  -16.384228    -30.368930   -0.0001541583
  -16.384228    -23.620279   -0.0000961842
  -16.384228    -16.871628   -0.0000501940
  -16.384228    -10.122977   -0.0000183387
  -16.384228     -3.374326   -0.0000020526
  -16.384228      3.374326   -0.0000020526
  -16.384228     10.122977   -0.0000183387
  -16.384228     16.871628   -0.0000501940
  -16.384228     23.620279   -0.0000961842
  -16.384228     30.368930   -0.0001541583
  -16.384228     37.117581   -0.0002212480
  -16.384228     43.866232   -0.0002938679
  -16.384228     50.614883   -0.0003677159

  -11.703020    -50.614883   -0.0002504666
  -11.703020    -43.866232   -0.0002006080
  -11.703020    -37.117581   -0.0001512893
  -11.703020    -30.368930   -0.0001055488
  -11.703020    -23.620279   -0.0000659181
  -11.703020    -16.871628   -0.0000344229
  -11.703020    -10.122977   -0.0000125821
  -11.703020     -3.374326   -0.0000014086
  -11.703020      3.374326   -0.0000014086
  -11.703020     10.122977   -0.0000125821
  -11.703020     16.871628   -0.0000344229
  -11.703020     23.620279   -0.0000659181
  -11.703020     30.368930   -0.0001055488
  -11.703020     37.117581   -0.0001512893
  -11.703020     43.866232   -0.0002006080
  -11.703020     50.614883   -0.0002504666

   -7.021812    -50.614883   -0.0001431558
   -7.021812    -43.866232   -0.0001149184
   -7.021812    -37.117581   -0.0000868155
   -7.021812    -30.368930   -0.0000606470
   -7.021812    -23.620279   -0.0000379125
   -7.021812    -16.871628   -0.0000198118
   -7.021812    -10.122977   -0.0000072447
   -7.021812     -3.374326   -0.0000008112
   -7.021812      3.374326   -0.0000008112
   -7.021812     10.122977   -0.0000072447
   -7.021812     16.871628   -0.0000198118
   -7.021812     23.620279   -0.0000379125
   -7.021812     30.368930   -0.0000606470
   -7.021812     37.117581   -0.0000868155
   -7.021812     43.866232   -0.0001149184
   -7.021812     50.614883   -0.0001431558

   -2.340604    -50.614883   -0.0000453880
   -2.340604    -43.866232   -0.0000365213
   -2.340604    -37.117581   -0.0000276396
   -2.340604    -30.368930   -0.0000193344
   -2.340604    -23.620279   -0.0000120987
   -2.340604    -16.871628   -0.0000063269
   -2.340604    -10.122977   -0.0000023146
   -2.340604     -3.374326   -0.0000002592
   -2.340604      3.374326   -0.0000002592
   -2.340604     10.122977   -0.0000023146
   -2.340604     16.871628   -0.0000063269
   -2.340604     23.620279   -0.0000120987
   -2.340604     30.368930   -0.0000193344
   -2.340604     37.117581   -0.0000276396
   -2.340604     43.866232   -0.0000365213
   -2.340604     50.614883   -0.0000453880

    2.340604    -50.614883    0.0000430828
    2.340604    -43.866232    0.0000347538
    2.340604    -37.117581    0.0000263519
    2.340604    -30.368930    0.0000184601
    2.340604    -23.620279    0.0000115638
    2.340604    -16.871628    0.0000060517
    2.340604    -10.122977    0.0000022150
    2.340604     -3.374326    0.0000002481
    2.340604      3.374326    0.0000002481
    2.340604     10.122977    0.0000022150
    2.340604     16.871628    0.0000060517
    2.340604     23.620279    0.0000115638
    2.340604     30.368930    0.0000184601
    2.340604     37.117581    0.0000263519
    2.340604     43.866232    0.0000347538
    2.340604     50.614883    0.0000430828

    7.021812    -50.614883    0.0001223533
    7.021812    -43.866232    0.0000989704
    7.021812    -37.117581    0.0000751990
    7.021812    -30.368930    0.0000527601
    7.021812    -23.620279    0.0000330879
    7.021812    -16.871628    0.0000173297
    7.021812    -10.122977    0.0000063463
    7.021812     -3.374326    0.0000007111
    7.021812      3.374326    0.0000007111
    7.021812     10.122977    0.0000063463
    7.021812     16.871628    0.0000173297
    7.021812     23.620279    0.0000330879
    7.021812     30.368930    0.0000527601
    7.021812     37.117581    0.0000751990
    7.021812     43.866232    0.0000989704
    7.021812     50.614883    0.0001223533

   11.703020    -50.614883    0.0001923708
   11.703020    -43.866232    0.0001560850
   11.703020    -37.117581    0.0001188678
   11.703020    -30.368930    0.0000835416
   11.703020    -23.620279    0.0000524583
   11.703020    -16.871628    0.0000274994
   11.703020    -10.122977    0.0000100762
   11.703020     -3.374326    0.0000011294
   11.703020      3.374326    0.0000011294
   11.703020     10.122977    0.0000100762
   11.703020     16.871628    0.0000274994
   11.703020     23.620279    0.0000524583
   11.703020     30.368930    0.0000835416
   11.703020     37.117581    0.0001188678
   11.703020     43.866232    0.0001560850
   11.703020     50.614883    0.0001923708

   16.384228    -50.614883    0.0002529333
   16.384228    -43.866232    0.0002059468
   16.384228    -37.117581    0.0001572512
   16.384228    -30.368930    0.0001107332
   16.384228    -23.620279    0.0000696320
   16.384228    -16.871628    0.0000365387
   16.384228    -10.122977    0.0000133969
   16.384228     -3.374326    0.0000015020
   16.384228      3.374326    0.0000015020
   16.384228     10.122977    0.0000133969
   16.384228     16.871628    0.0000365387
   16.384228     23.620279    0.0000696320
   16.384228     30.368930    0.0001107332
   16.384228     37.117581    0.0001572512
   16.384228     43.866232    0.0002059468
   16.384228     50.614883    0.0002529333

   21.065436    -50.614883    0.0003036893
   21.065436    -43.866232    0.0002482980
   21.065436    -37.117581    0.0001901682
   21.065436    -30.368930    0.0001342159
   21.065436    -23.620279    0.0000845380
   21.065436    -16.871628    0.0000444119
   21.065436    -10.122977    0.0000162955
   21.065436     -3.374326    0.0000018277
   21.065436      3.374326    0.0000018277
   21.065436     10.122977    0.0000162955
   21.065436     16.871628    0.0000444119
   21.065436     23.620279    0.0000845380
   21.065436     30.368930    0.0001342159
   21.065436     37.117581    0.0001901682
   21.065436     43.866232    0.0002482980
   21.065436     50.614883    0.0003036893

   25.746645    -50.614883    0.0003441380
   25.746645    -43.866232    0.0002827736
   25.746645    -37.117581    0.0002173644
   25.746645    -30.368930    0.0001538233
   25.746645    -23.620279    0.0000970776
   25.746645    -16.871628    0.0000510692
   25.746645    -10.122977    0.0000187545
   25.746645     -3.374326    0.0000021044
   25.746645      3.374326    0.0000021044
   25.746645     10.122977    0.0000187545
   25.746645     16.871628    0.0000510692
   25.746645     23.620279    0.0000970776
   25.746645     30.368930    0.0001538233
   25.746645     37.117581    0.0002173644
   25.746645     43.866232    0.0002827736
   25.746645     50.614883    0.0003441380

   30.427853    -50.614883    0.0003736294
   30.427853    -43.866232    0.0003089016
   30.427853    -37.117581    0.0002385119
   30.427853    -30.368930    0.0001693413
   30.427853    -23.620279    0.0001071239
   30.427853    -16.871628    0.0000564470
   30.427853    -10.122977    0.0000207510
   30.427853     -3.374326    0.0000023296
   30.427853      3.374326    0.0000023296
   30.427853     10.122977    0.0000207510
   30.427853     16.871628    0.0000564470
   30.427853     23.620279    0.0001071239
   30.427853     30.368930    0.0001693413
   30.427853     37.117581    0.0002385119
   30.427853     43.866232    0.0003089016
   30.427853     50.614883    0.0003736294

   35.109061    -50.614883    0.0003913640
   35.109061    -43.866232    0.0003261028
   35.109061    -37.117581    0.0002532091
   35.109061    -30.368930    0.0001805084
   35.109061    -23.620279    0.0001145222
   35.109061    -16.871628    0.0000604676
   35.109061    -10.122977    0.0000222575
   35.109061     -3.374326    0.0000025002
   35.109061      3.374326    0.0000025002
   35.109061     10.122977    0.0000222575
   35.109061     16.871628    0.0000604676
   35.109061     23.620279    0.0001145222
   35.109061     30.368930    0.0001805084
   35.109061     37.117581    0.0002532091
   35.109061     43.866232    0.0003261028
   35.109061     50.614883    0.0003913640

   39.790269    -50.614883    0.0003963927
   39.790269    -43.866232    0.0003336909
   39.790269    -37.117581    0.0002609807
   39.790269    -30.368930    0.0001870156
   39.790269    -23.620279    0.0001190901
   39.790269    -16.871628    0.0000630398
   39.790269    -10.122977    0.0000232414
   39.790269     -3.374326    0.0000026128
   39.790269      3.374326    0.0000026128
   39.790269     10.122977    0.0000232414
   39.790269     16.871628    0.0000630398
   39.790269     23.620279    0.0001190901
   39.790269     30.368930    0.0001870156
   39.790269     37.117581    0.0002609807
   39.790269     43.866232    0.0003336909
   39.790269     50.614883    0.0003963927

   44.471477    -50.614883    0.0003876175
   44.471477    -43.866232    0.0003308725
   44.471477    -37.117581    0.0002612781
   44.471477    -30.368930    0.0001885063
   44.471477    -23.620279    0.0001206170
   44.471477    -16.871628    0.0000640580
   44.471477    -10.122977    0.0000236654
   44.471477     -3.374326    0.0000026631
   44.471477      3.374326    0.0000026631
   44.471477     10.122977    0.0000236654
   44.471477     16.871628    0.0000640580
   44.471477     23.620279    0.0001206170
   44.471477     30.368930    0.0001885063
   44.471477     37.117581    0.0002612781
   44.471477     43.866232    0.0003308725
   44.471477     50.614883    0.0003876175

