  -48.827424    -92.332122    0.0324645232
  -48.827424    -80.021172    0.0301821443
  -48.827424    -67.710222    0.0284478602
  -48.827424    -55.399273    0.0271702843
  -48.827424    -43.088323    0.0262645307
  -48.827424    -30.777374    0.0256563218
  -48.827424    -18.466424    0.0252859284
  -48.827424     -6.155475    0.0251115070
  -48.827424      6.155475    0.0251115070
  -48.827424     18.466424    0.0252859284
  -48.827424     30.777374    0.0256563218
  -48.827424     43.088323    0.0262645307
  -48.827424     55.399273    0.0271702843
  -48.827424     67.710222    0.0284478602
  -48.827424     80.021172    0.0301821443
  -48.827424     92.332122    0.0324645232

  -42.317101    -92.332122    0.0261944079
  -42.317101    -80.021172    0.0239072374
  -42.317101    -67.710222    0.0221740377
  -42.317101    -55.399273    0.0209010261
  -42.317101    -43.088323    0.0200013201
  -42.317101    -30.777374    0.0193990446
  -42.317101    -18.466424    0.0190332723
  -42.317101     -6.155475    0.0188613612
  -42.317101      6.155475    0.0188613612
  -42.317101     18.466424    0.0190332723
  -42.317101     30.777374    0.0193990446
  -42.317101     43.088323    0.0200013201
  -42.317101     55.399273    0.0209010261
  -42.317101     67.710222    0.0221740377
  -42.317101     80.021172    0.0239072374
  -42.317101     92.332122    0.0261944079

  -35.806778    -92.332122    0.0208017632
  -35.806778    -80.021172    0.0185153539
  -35.806778    -67.710222    0.0167877121
  -35.806778    -55.399273    0.0155227910
  -35.806778    -43.088323    0.0146318214
  -35.806778    -30.777374    0.0140374189
  -35.806778    -18.466424    0.0136775242
  -35.806778     -6.155475    0.0135087405
  -35.806778      6.155475    0.0135087405
  -35.806778     18.466424    0.0136775242
  -35.806778     30.777374    0.0140374189
  -35.806778     43.088323    0.0146318214
  -35.806778     55.399273    0.0155227910
  -35.806778     67.710222    0.0167877121
  -35.806778     80.021172    0.0185153539
  -35.806778     92.332122    0.0208017632

  -29.296454    -92.332122    0.0162928378
  -29.296454    -80.021172    0.0140110614
  -29.296454    -67.710222    0.0122918059
  -29.296454    -55.399273    0.0110369865
  -29.296454    -43.088323    0.0101561360
  -29.296454    -30.777374    0.0095705115
  -29.296454    -18.466424    0.0092170349
  -29.296454     -6.155475    0.0090516300
  -29.296454      6.155475    0.0090516300
  -29.296454     18.466424    0.0092170349
  -29.296454     30.777374    0.0095705115
  -29.296454     43.088323    0.0101561360
  -29.296454     55.399273    0.0110369865
  -29.296454     67.710222    0.0122918059
  -29.296454     80.021172    0.0140110614
  -29.296454     92.332122    0.0162928378

  -22.786131    -92.332122    0.0126711444
  -22.786131    -80.021172    0.0103965385
  -22.786131    -67.710222    0.0086871887
  -22.786131    -55.399273    0.0074432752
  -22.786131    -43.088323    0.0065728846
  -22.786131    -30.777374    0.0059961172
  -22.786131    -18.466424    0.0056490273
  -22.786131     -6.155475    0.0054869605
  -22.786131      6.155475    0.0054869605
  -22.786131     18.466424    0.0056490273
  -22.786131     30.777374    0.0059961172
  -22.786131     43.088323    0.0065728846
  -22.786131     55.399273    0.0074432752
  -22.786131     67.710222    0.0086871887
  -22.786131     80.021172    0.0103965385
  -22.786131     92.332122    0.0126711444

  -16.275808    -92.332122    0.0099390074
  -16.275808    -80.021172    0.0076731223
  -16.275808    -67.710222    0.0059742254
  -16.275808    -55.399273    0.0047411225
  -16.275808    -43.088323    0.0038807549
  -16.275808    -30.777374    0.0033123065
  -16.275808    -18.466424    0.0029711444
  -16.275808     -6.155475    0.0028121560
  -16.275808      6.155475    0.0028121560
  -16.275808     18.466424    0.0029711444
  -16.275808     30.777374    0.0033123065
  -16.275808     43.088323    0.0038807549
  -16.275808     55.399273    0.0047411225
  -16.275808     67.710222    0.0059742254
  -16.275808     80.021172    0.0076731223
  -16.275808     92.332122    0.0099390074

   -9.765485    -92.332122    0.0080987413
   -9.765485    -80.021172    0.0058424868
   -9.765485    -67.710222    0.0041539540
   -9.765485    -55.399273    0.0029309751
   -9.765485    -43.088323    0.0020796802
   -9.765485    -30.777374    0.0015186042
   -9.765485    -18.466424    0.0011826275
   -9.765485     -6.155475    0.0010263128
   -9.765485      6.155475    0.0010263128
   -9.765485     18.466424    0.0011826275
   -9.765485     30.777374    0.0015186042
   -9.765485     43.088323    0.0020796802
   -9.765485     55.399273    0.0029309751
   -9.765485     67.710222    0.0041539540
   -9.765485     80.021172    0.0058424868
   -9.765485     92.332122    0.0080987413

   -3.255162    -92.332122    0.0071534594
   -3.255162    -80.021172    0.0049074520
   -3.255162    -67.710222    0.0032288948
   -3.255162    -55.399273    0.0020150697
   -3.255162    -43.088323    0.0011716480
   -3.255162    -30.777374    0.0006167980
   -3.255162    -18.466424    0.0002851247
   -3.255162     -6.155475    0.0001310077
   -3.255162      6.155475    0.0001310077
   -3.255162     18.466424    0.0002851247
   -3.255162     30.777374    0.0006167980
   -3.255162     43.088323    0.0011716480
   -3.255162     55.399273    0.0020150697
   -3.255162     67.710222    0.0032288948
   -3.255162     80.021172    0.0049074520
   -3.255162     92.332122    0.0071534594

    3.255162    -92.332122    0.0071075137
    3.255162    -80.021172    0.0048724235
    3.255162    -67.710222    0.0032034901
    3.255162    -55.399273    0.0019978725
    3.255162    -43.088323    0.0011611398
    3.255162    -30.777374    0.0006113783
    3.255162    -18.466424    0.0002831314
    3.255162     -6.155475    0.0001307379
    3.255162      6.155475    0.0001307379
    3.255162     18.466424    0.0002831314
    3.255162     30.777374    0.0006113783
    3.255162     43.088323    0.0011611398
    3.255162     55.399273    0.0019978725
    3.255162     67.710222    0.0032034901
    3.255162     80.021172    0.0048724235
    3.255162     92.332122    0.0071075137

    9.765485    -92.332122    0.0079665648
    9.765485    -80.021172    0.0057434620
    9.765485    -67.710222    0.0040841738
    9.765485    -55.399273    0.0028861497
    9.765485    -43.088323    0.0020552011
    9.765485    -30.777374    0.0015096080
    9.765485    -18.466424    0.0011840594
    9.765485     -6.155475    0.0010329908
    9.765485      6.155475    0.0010329908
    9.765485     18.466424    0.0011840594
    9.765485     30.777374    0.0015096080
    9.765485     43.088323    0.0020552011
    9.765485     55.399273    0.0028861497
    9.765485     67.710222    0.0040841738
    9.765485     80.021172    0.0057434620
    9.765485     92.332122    0.0079665648

   16.275808    -92.332122    0.0097372823
   16.275808    -80.021172    0.0075279848
   16.275808    -67.710222    0.0058790725
   16.275808    -55.399273    0.0046886676
   16.275808    -43.088323    0.0038631419
   16.275808    -30.777374    0.0033212237
   16.275808    -18.466424    0.0029979382
   16.275808     -6.155475    0.0028479451
   16.275808      6.155475    0.0028479451
   16.275808     18.466424    0.0029979382
   16.275808     30.777374    0.0033212237
   16.275808     43.088323    0.0038631419
   16.275808     55.399273    0.0046886676
   16.275808     67.710222    0.0058790725
   16.275808     80.021172    0.0075279848
   16.275808     92.332122    0.0097372823

   22.786131    -92.332122    0.0124266767
   22.786131    -80.021172    0.0102340963
   22.786131    -67.710222    0.0085973367
   22.786131    -55.399273    0.0074155244
   22.786131    -43.088323    0.0065958683
   22.786131    -30.777374    0.0060577663
   22.786131    -18.466424    0.0057367460
   22.786131     -6.155475    0.0055878017
   22.786131      6.155475    0.0055878017
   22.786131     18.466424    0.0057367460
   22.786131     30.777374    0.0060577663
   22.786131     43.088323    0.0065958683
   22.786131     55.399273    0.0074155244
   22.786131     67.710222    0.0085973367
   22.786131     80.021172    0.0102340963
   22.786131     92.332122    0.0124266767

   29.296454    -92.332122    0.0160410607
   29.296454    -80.021172    0.0138695507
   29.296454    -67.710222    0.0122481026
   29.296454    -55.399273    0.0110771117
   29.296454    -43.088323    0.0102648441
   29.296454    -30.777374    0.0097315435
   29.296454    -18.466424    0.0094133717
   29.296454     -6.155475    0.0092657459
   29.296454      6.155475    0.0092657459
   29.296454     18.466424    0.0094133717
   29.296454     30.777374    0.0097315435
   29.296454     43.088323    0.0102648441
   29.296454     55.399273    0.0110771117
   29.296454     67.710222    0.0122481026
   29.296454     80.021172    0.0138695507
   29.296454     92.332122    0.0160410607

   35.806778    -92.332122    0.0205846420
   35.806778    -80.021172    0.0184403435
   35.806778    -67.710222    0.0168390845
   35.806778    -55.399273    0.0156827073
   35.806778    -43.088323    0.0148806836
   35.806778    -30.777374    0.0143542218
   35.806778    -18.466424    0.0140402073
   35.806778     -6.155475    0.0138945396
   35.806778      6.155475    0.0138945396
   35.806778     18.466424    0.0140402073
   35.806778     30.777374    0.0143542218
   35.806778     43.088323    0.0148806836
   35.806778     55.399273    0.0156827073
   35.806778     67.710222    0.0168390845
   35.806778     80.021172    0.0184403435
   35.806778     92.332122    0.0205846420

   42.317101    -92.332122    0.0260577461
   42.317101    -80.021172    0.0239489355
   42.317101    -67.710222    0.0223747981
   42.317101    -55.399273    0.0212386978
   42.317101    -43.088323    0.0204513741
   42.317101    -30.777374    0.0199350498
   42.317101    -18.466424    0.0196273710
   42.317101     -6.155475    0.0194847444
   42.317101      6.155475    0.0194847444
   42.317101     18.466424    0.0196273710
   42.317101     30.777374    0.0199350498
   42.317101     43.088323    0.0204513741
   42.317101     55.399273    0.0212386978
   42.317101     67.710222    0.0223747981
   42.317101     80.021172    0.0239489355
   42.317101     92.332122    0.0260577461

   48.827424    -92.332122    0.0324546704
   48.827424    -80.021172    0.0303921057
   48.827424    -67.710222    0.0288544139
   48.827424    -55.399273    0.0277464326
   48.827424    -43.088323    0.0269801301
   48.827424    -30.777374    0.0264787118
   48.827424    -18.466424    0.0261805608
   48.827424     -6.155475    0.0260425752
   48.827424      6.155475    0.0260425752
   48.827424     18.466424    0.0261805608
   48.827424     30.777374    0.0264787118
   48.827424     43.088323    0.0269801301
   48.827424     55.399273    0.0277464326
   48.827424     67.710222    0.0288544139
   48.827424     80.021172    0.0303921057
   48.827424     92.332122    0.0324546704

