  -44.510090    -47.136383    0.0821427619
  -44.510090    -40.851532    0.0740247365
  -44.510090    -34.566681    0.0668756399
  -44.510090    -28.281830    0.0607060114
  -44.510090    -21.996979    0.0555259038
  -44.510090    -15.712128    0.0513458290
  -44.510090     -9.427277    0.0481774111
  -44.510090     -3.142426    0.0460337499
  -44.510090      3.142426    0.0449294931
  -44.510090      9.427277    0.0448806182
  -44.510090     15.712128    0.0459039230
  -44.510090     21.996979    0.0480162261
  -44.510090     28.281830    0.0512332764
  -44.510090     34.566681    0.0555683716
  -44.510090     40.851532    0.0610306863
  -44.510090     47.136383    0.0676233091

  -39.273609    -47.136383    0.0715188865
  -39.273609    -40.851532    0.0635836700
  -39.273609    -34.566681    0.0566268691
  -39.273609    -28.281830    0.0506572583
  -39.273609    -21.996979    0.0456833062
  -39.273609    -15.712128    0.0417141532
  -39.273609     -9.427277    0.0387602886
  -39.273609     -3.142426    0.0368339261
  -39.273609      3.142426    0.0359490787
  -39.273609      9.427277    0.0361213319
  -39.273609     15.712128    0.0373673165
  -39.273609     21.996979    0.0397038799
  -39.273609     28.281830    0.0431469565
  -39.273609     34.566681    0.0477101373
  -39.273609     40.851532    0.0534029374
  -39.273609     47.136383    0.0602287638

  -34.037128    -47.136383    0.0618276529
  -34.037128    -40.851532    0.0540626513
  -34.037128    -34.566681    0.0472847075
  -34.037128    -28.281830    0.0415008519
  -34.037128    -21.996979    0.0367179376
  -34.037128    -15.712128    0.0329436850
  -34.037128     -9.427277    0.0301874069
  -34.037128     -3.142426    0.0284604153
  -34.037128      3.142426    0.0277761082
  -34.037128      9.427277    0.0281497377
  -34.037128     15.712128    0.0295978589
  -34.037128     21.996979    0.0321374591
  -34.037128     28.281830    0.0357847689
  -34.037128     34.566681    0.0405537525
  -34.037128     40.851532    0.0464542807
  -34.037128     47.136383    0.0534899833

  -28.800647    -47.136383    0.0531568345
  -28.800647    -40.851532    0.0455474260
  -28.800647    -34.566681    0.0389329451
  -28.800647    -28.281830    0.0333186100
  -28.800647    -21.996979    0.0287095970
  -28.800647    -15.712128    0.0251121611
  -28.800647     -9.427277    0.0225344166
  -28.800647     -3.142426    0.0209867782
  -28.800647      3.142426    0.0204820618
  -28.800647      9.427277    0.0210352455
  -28.800647     15.712128    0.0226628912
  -28.800647     21.996979    0.0253822260
  -28.800647     28.281830    0.0292098836
  -28.800647     34.566681    0.0341603061
  -28.800647     40.851532    0.0402438061
  -28.800647     47.136383    0.0474642885

  -23.564166    -47.136383    0.0456038356
  -23.564166    -40.851532    0.0381332329
  -23.564166    -34.566681    0.0316646842
  -23.564166    -28.281830    0.0262014832
  -23.564166    -21.996979    0.0217470538
  -23.564166    -15.712128    0.0183061437
  -23.564166     -9.427277    0.0158856573
  -23.564166     -3.142426    0.0144951289
  -23.564166      3.142426    0.0141468345
  -23.564166      9.427277    0.0148555425
  -23.564166     15.712128    0.0166379052
  -23.564166     21.996979    0.0195114878
  -23.564166     28.281830    0.0234934381
  -23.564166     34.566681    0.0285987952
  -23.564166     40.851532    0.0348384368
  -23.564166     47.136383    0.0422166671

  -18.327684    -47.136383    0.0392763667
  -18.327684    -40.851532    0.0319254705
  -18.327684    -34.566681    0.0255830097
  -18.327684    -28.281830    0.0202502295
  -18.327684    -21.996979    0.0159287213
  -18.327684    -15.712128    0.0126216857
  -18.327684     -9.427277    0.0103348121
  -18.327684     -3.142426    0.0090767790
  -18.327684      3.142426    0.0088593721
  -18.327684      9.427277    0.0096972223
  -18.327684     15.712128    0.0116071616
  -18.327684     21.996979    0.0146071990
  -18.327684     28.281830    0.0187151146
  -18.327684     34.566681    0.0239466727
  -18.327684     40.851532    0.0303134544
  -18.327684     47.136383    0.0378203086

  -13.091203    -47.136383    0.0342932855
  -13.091203    -40.851532    0.0270405239
  -13.091203    -34.566681    0.0208018174
  -13.091203    -28.281830    0.0155762407
  -13.091203    -21.996979    0.0113634765
  -13.091203    -15.712128    0.0081651403
  -13.091203     -9.427277    0.0059857046
  -13.091203     -3.142426    0.0048330217
  -13.091203      3.142426    0.0047184445
  -13.091203      9.427277    0.0056565467
  -13.091203     15.712128    0.0076644405
  -13.091203     21.996979    0.0107606944
  -13.091203     28.281830    0.0149638482
  -13.091203     34.566681    0.0202905274
  -13.091203     40.851532    0.0267531558
  -13.091203     47.136383    0.0343572671

   -7.854722    -47.136383    0.0307856029
   -7.854722    -40.851532    0.0236067562
   -7.854722    -34.566681    0.0174467975
   -7.854722    -28.281830    0.0123025211
   -7.854722    -21.996979    0.0081716280
   -7.854722    -15.712128    0.0050541144
   -7.854722     -9.427277    0.0029532370
   -7.854722     -3.142426    0.0018760559
   -7.854722      3.142426    0.0018335557
   -7.854722      9.427277    0.0028403432
   -7.854722     15.712128    0.0049139232
   -7.854722     21.996979    0.0080735517
   -7.854722     28.281830    0.0123386666
   -7.854722     34.566681    0.0177268957
   -7.854722     40.851532    0.0242516426
   -7.854722     47.136383    0.0319192501

   -2.618241    -47.136383    0.0288976553
   -2.618241    -40.851532    0.0217656610
   -2.618241    -34.566681    0.0156565771
   -2.618241    -28.281830    0.0105648163
   -2.618241    -21.996979    0.0064860315
   -2.618241    -15.712128    0.0034185680
   -2.618241     -9.427277    0.0013644712
   -2.618241     -3.142426    0.0003300491
   -2.618241      3.142426    0.0003259901
   -2.618241      9.427277    0.0013670351
   -2.618241     15.712128    0.0034712055
   -2.618241     21.996979    0.0066585856
   -2.618241     28.281830    0.0109496601
   -2.618241     34.566681    0.0163632068
   -2.618241     40.851532    0.0229137442
   -2.618241     47.136383    0.0306085343

    2.618241    -47.136383    0.0287884417
    2.618241    -40.851532    0.0216731783
    2.618241    -34.566681    0.0155840181
    2.618241    -28.281830    0.0105128959
    2.618241    -21.996979    0.0064533529
    2.618241    -15.712128    0.0034020566
    2.618241     -9.427277    0.0013598516
    2.618241     -3.142426    0.0003323405
    2.618241      3.142426    0.0003299966
    2.618241      9.427277    0.0013678065
    2.618241     15.712128    0.0034644435
    2.618241     21.996979    0.0066409722
    2.618241     28.281830    0.0109190834
    2.618241     34.566681    0.0163188597
    2.618241     40.851532    0.0228560723
    2.618241     47.136383    0.0305390078

    7.854722    -47.136383    0.0306331263
    7.854722    -40.851532    0.0235011722
    7.854722    -34.566681    0.0173976726
    7.854722    -28.281830    0.0123119852
    7.854722    -21.996979    0.0082354783
    7.854722    -15.712128    0.0051631194
    7.854722     -9.427277    0.0030945698
    7.854722     -3.142426    0.0020347830
    7.854722      3.142426    0.0019941085
    7.854722      9.427277    0.0029879004
    7.854722     15.712128    0.0050356298
    7.854722     21.996979    0.0081595039
    7.854722     28.281830    0.0123825878
    7.854722     34.566681    0.0177264328
    7.854722     40.851532    0.0242082085
    7.854722     47.136383    0.0318373398

   13.091203    -47.136383    0.0346247073
   13.091203    -40.851532    0.0274390715
   13.091203    -34.566681    0.0212833953
   13.091203    -28.281830    0.0161443512
   13.091203    -21.996979    0.0120110726
   13.091203    -15.712128    0.0088768110
   13.091203     -9.427277    0.0067400715
   13.091203     -3.142426    0.0056052253
   13.091203      3.142426    0.0054826008
   13.091203      9.427277    0.0063880517
   13.091203     15.712128    0.0083420030
   13.091203     21.996979    0.0113679750
   13.091203     28.281830    0.0154905851
   13.091203     34.566681    0.0207330264
   13.091203     40.851532    0.0271140252
   13.091203     47.136383    0.0346442756

   18.327684    -47.136383    0.0409758502
   18.327684    -40.851532    0.0336956728
   18.327684    -34.566681    0.0274461127
   18.327684    -28.281830    0.0222110379
   18.327684    -21.996979    0.0179772849
   18.327684    -15.712128    0.0147363789
   18.327684     -9.427277    0.0124857058
   18.327684     -3.142426    0.0112291335
   18.327684      3.142426    0.0109770838
   18.327684      9.427277    0.0117460535
   18.327684     15.712128    0.0135575870
   18.327684     21.996979    0.0164366980
   18.327684     28.281830    0.0204097416
   18.327684     34.566681    0.0255017366
   18.327684     40.851532    0.0317331380
   18.327684     47.136383    0.0391160596

   23.564166    -47.136383    0.0499208871
   23.564166    -40.851532    0.0425011062
   23.564166    -34.566681    0.0361117492
   23.564166    -28.281830    0.0307337550
   23.564166    -21.996979    0.0263516015
   23.564166    -15.712128    0.0229550838
   23.564166     -9.427277    0.0205405156
   23.564166     -3.142426    0.0191113518
   23.564166      3.142426    0.0186782339
   23.564166      9.427277    0.0192584578
   23.564166     15.712128    0.0208748642
   23.564166     21.996979    0.0235541500
   23.564166     28.281830    0.0273246040
   23.564166     34.566681    0.0322132631
   23.564166     40.851532    0.0382424919
   23.564166     47.136383    0.0454259842

   28.800647    -47.136383    0.0617179815
   28.800647    -40.851532    0.0541089626
   28.800647    -34.566681    0.0475293104
   28.800647    -28.281830    0.0419569172
   28.800647    -21.996979    0.0373738469
   28.800647    -15.712128    0.0337681667
   28.800647     -9.427277    0.0311351716
   28.800647     -3.142426    0.0294780031
   28.800647      3.142426    0.0288076611
   28.800647      9.427277    0.0291424100
   28.800647     15.712128    0.0305065780
   28.800647     21.996979    0.0329287503
   28.800647     28.281830    0.0364393559
   28.800647     34.566681    0.0410676482
   28.800647     40.851532    0.0468380789
   28.800647     47.136383    0.0537660656

   34.037128    -47.136383    0.0766514585
   34.037128    -40.851532    0.0687985851
   34.037128    -34.566681    0.0619731229
   34.037128    -28.281830    0.0561498352
   34.037128    -21.996979    0.0513083318
   34.037128    -15.712128    0.0474349581
   34.037128     -9.427277    0.0445240464
   34.037128     -3.142426    0.0425785291
   34.037128      3.142426    0.0416099132
   34.037128      9.427277    0.0416376170
   34.037128     15.712128    0.0426876690
   34.037128     21.996979    0.0447907681
   34.037128     28.281830    0.0479797055
   34.037128     34.566681    0.0522861491
   34.037128     40.851532    0.0577367894
   34.037128     47.136383    0.0643488467

