  -34.795266   -119.276109    0.1017596841
  -34.795266   -103.372628    0.0996146396
  -34.795266    -87.469147    0.0976134590
  -34.795266    -71.565666    0.0957446619
  -34.795266    -55.662184    0.0940003804
  -34.795266    -39.758703    0.0923765667
  -34.795266    -23.855222    0.0908731594
  -34.795266     -7.951741    0.0894942050
  -34.795266      7.951741    0.0882479373
  -34.795266     23.855222    0.0871468131
  -34.795266     39.758703    0.0862075045
  -34.795266     55.662184    0.0854508484
  -34.795266     71.565666    0.0849017529
  -34.795266     87.469147    0.0845890596
  -34.795266    103.372628    0.0845453639
  -34.795266    119.276109    0.0848067913

  -30.155897   -119.276109    0.0740974833
  -30.155897   -103.372628    0.0722605609
  -30.155897    -87.469147    0.0705741045
  -30.155897    -71.565666    0.0690261172
  -30.155897    -55.662184    0.0676080308
  -30.155897    -39.758703    0.0663149269
  -30.155897    -23.855222    0.0651457187
  -30.155897     -7.951741    0.0641032890
  -30.155897      7.951741    0.0631945883
  -30.155897     23.855222    0.0624306906
  -30.155897     39.758703    0.0618268072
  -30.155897     55.662184    0.0614022603
  -30.155897     71.565666    0.0611804134
  -30.155897     87.469147    0.0611885612
  -30.155897    103.372628    0.0614577775
  -30.155897    119.276109    0.0620227219

  -25.516528   -119.276109    0.0522062911
  -25.516528   -103.372628    0.0506177663
  -25.516528    -87.469147    0.0491854036
  -25.516528    -71.565666    0.0478967259
  -25.516528    -55.662184    0.0467425771
  -25.516528    -39.758703    0.0457173338
  -25.516528    -23.855222    0.0448190809
  -25.516528     -7.951741    0.0440497515
  -25.516528      7.951741    0.0434152308
  -25.516528     23.855222    0.0429254241
  -25.516528     39.758703    0.0425942887
  -25.516528     55.662184    0.0424398308
  -25.516528     71.565666    0.0424840654
  -25.516528     87.469147    0.0427529409
  -25.516528    103.372628    0.0432762277
  -25.516528    119.276109    0.0440873710

  -20.877160   -119.276109    0.0351887716
  -20.877160   -103.372628    0.0337967690
  -20.877160    -87.469147    0.0325656633
  -20.877160    -71.565666    0.0314825946
  -20.877160    -55.662184    0.0305379415
  -20.877160    -39.758703    0.0297255198
  -20.877160    -23.855222    0.0290427512
  -20.877160     -7.951741    0.0284908011
  -20.877160      7.951741    0.0280746858
  -20.877160     23.855222    0.0278033498
  -20.877160     39.758703    0.0276897114
  -20.877160     55.662184    0.0277506792
  -20.877160     71.565666    0.0280071365
  -20.877160     87.469147    0.0284838968
  -20.877160    103.372628    0.0292096272
  -20.877160    119.276109    0.0302167424

  -16.237791   -119.276109    0.0223452074
  -16.237791   -103.372628    0.0211038927
  -16.237791    -87.469147    0.0200272340
  -16.237791    -71.565666    0.0191021009
  -16.237791    -55.662184    0.0183185239
  -16.237791    -39.758703    0.0176698869
  -16.237791    -23.855222    0.0171530935
  -16.237791     -7.951741    0.0167687051
  -16.237791      7.951741    0.0165210527
  -16.237791     23.855222    0.0164183210
  -16.237791     39.758703    0.0164726054
  -16.237791     55.662184    0.0166999414
  -16.237791     71.565666    0.0171203079
  -16.237791     87.469147    0.0177576021
  -16.237791    103.372628    0.0186395877
  -16.237791    119.276109    0.0197978160

  -11.598422   -119.276109    0.0131472833
  -11.598422   -103.372628    0.0120153281
  -11.598422    -87.469147    0.0110508217
  -11.598422    -71.565666    0.0102404630
  -11.598422    -55.662184    0.0095740393
  -11.598422    -39.758703    0.0090446200
  -11.598422    -23.855222    0.0086487248
  -11.598422     -7.951741    0.0083864660
  -11.598422      7.951741    0.0082616646
  -11.598422     23.855222    0.0082819411
  -11.598422     39.758703    0.0084587801
  -11.598422     55.662184    0.0088075687
  -11.598422     71.565666    0.0093476101
  -11.598422     87.469147    0.0101021097
  -11.598422    103.372628    0.0110981371
  -11.598422    119.276109    0.0123665612

   -6.959053   -119.276109    0.0072171141
   -6.959053   -103.372628    0.0061563787
   -6.959053    -87.469147    0.0052649378
   -6.959053    -71.565666    0.0045293958
   -6.959053    -55.662184    0.0039393879
   -6.959053    -39.758703    0.0034877780
   -6.959053    -23.855222    0.0031708316
   -6.959053     -7.951741    0.0029883622
   -6.959053      7.951741    0.0029438524
   -6.959053     23.855222    0.0030445494
   -6.959053     39.758703    0.0033015343
   -6.959053     55.662184    0.0037297660
   -6.959053     71.565666    0.0043480990
   -6.959053     87.469147    0.0051792760
   -6.959053    103.372628    0.0062498942
   -6.959053    119.276109    0.0075903462

   -2.319684   -119.276109    0.0043115150
   -2.319684   -103.372628    0.0032858944
   -2.319684    -87.469147    0.0024304855
   -2.319684    -71.565666    0.0017318523
   -2.319684    -55.662184    0.0011795571
   -2.319684    -39.758703    0.0007663624
   -2.319684    -23.855222    0.0004884066
   -2.319684     -7.951741    0.0003453541
   -2.319684      7.951741    0.0003405185
   -2.319684     23.855222    0.0004809614
   -2.319684     39.758703    0.0007775633
   -2.319684     55.662184    0.0012450702
   -2.319684     71.565666    0.0019021135
   -2.319684     87.469147    0.0027712036
   -2.319684    103.372628    0.0038786986
   -2.319684    119.276109    0.0052547456

    2.319684   -119.276109    0.0043115150
    2.319684   -103.372628    0.0032858944
    2.319684    -87.469147    0.0024304855
    2.319684    -71.565666    0.0017318523
    2.319684    -55.662184    0.0011795571
    2.319684    -39.758703    0.0007663624
    2.319684    -23.855222    0.0004884066
    2.319684     -7.951741    0.0003453541
    2.319684      7.951741    0.0003405185
    2.319684     23.855222    0.0004809614
    2.319684     39.758703    0.0007775633
    2.319684     55.662184    0.0012450702
    2.319684     71.565666    0.0019021135
    2.319684     87.469147    0.0027712036
    2.319684    103.372628    0.0038786986
    2.319684    119.276109    0.0052547456

    6.959053   -119.276109    0.0072171141
    6.959053   -103.372628    0.0061563787
    6.959053    -87.469147    0.0052649378
    6.959053    -71.565666    0.0045293958
    6.959053    -55.662184    0.0039393879
    6.959053    -39.758703    0.0034877780
    6.959053    -23.855222    0.0031708316
    6.959053     -7.951741    0.0029883622
    6.959053      7.951741    0.0029438524
    6.959053     23.855222    0.0030445494
    6.959053     39.758703    0.0033015343
    6.959053     55.662184    0.0037297660
    6.959053     71.565666    0.0043480990
    6.959053     87.469147    0.0051792760
    6.959053    103.372628    0.0062498942
    6.959053    119.276109    0.0075903462

   11.598422   -119.276109    0.0131472833
   11.598422   -103.372628    0.0120153281
   11.598422    -87.469147    0.0110508217
   11.598422    -71.565666    0.0102404630
   11.598422    -55.662184    0.0095740393
   11.598422    -39.758703    0.0090446200
   11.598422    -23.855222    0.0086487248
   11.598422     -7.951741    0.0083864660
   11.598422      7.951741    0.0082616646
   11.598422     23.855222    0.0082819411
   11.598422     39.758703    0.0084587801
   11.598422     55.662184    0.0088075687
   11.598422     71.565666    0.0093476101
   11.598422     87.469147    0.0101021097
   11.598422    103.372628    0.0110981371
   11.598422    119.276109    0.0123665612

   16.237791   -119.276109    0.0223452074
   16.237791   -103.372628    0.0211038927
   16.237791    -87.469147    0.0200272340
   16.237791    -71.565666    0.0191021009
   16.237791    -55.662184    0.0183185239
   16.237791    -39.758703    0.0176698869
   16.237791    -23.855222    0.0171530935
   16.237791     -7.951741    0.0167687051
   16.237791      7.951741    0.0165210527
   16.237791     23.855222    0.0164183210
   16.237791     39.758703    0.0164726054
   16.237791     55.662184    0.0166999414
   16.237791     71.565666    0.0171203079
   16.237791     87.469147    0.0177576021
   16.237791    103.372628    0.0186395877
   16.237791    119.276109    0.0197978160

   20.877160   -119.276109    0.0351887716
   20.877160   -103.372628    0.0337967690
   20.877160    -87.469147    0.0325656633
   20.877160    -71.565666    0.0314825946
   20.877160    -55.662184    0.0305379415
   20.877160    -39.758703    0.0297255198
   20.877160    -23.855222    0.0290427512
   20.877160     -7.951741    0.0284908011
   20.877160      7.951741    0.0280746858
   20.877160     23.855222    0.0278033498
   20.877160     39.758703    0.0276897114
   20.877160     55.662184    0.0277506792
   20.877160     71.565666    0.0280071365
   20.877160     87.469147    0.0284838968
   20.877160    103.372628    0.0292096272
   20.877160    119.276109    0.0302167424

   25.516528   -119.276109    0.0522062911
   25.516528   -103.372628    0.0506177663
   25.516528    -87.469147    0.0491854036
   25.516528    -71.565666    0.0478967259
   25.516528    -55.662184    0.0467425771
   25.516528    -39.758703    0.0457173338
   25.516528    -23.855222    0.0448190809
   25.516528     -7.951741    0.0440497515
   25.516528      7.951741    0.0434152308
   25.516528     23.855222    0.0429254241
   25.516528     39.758703    0.0425942887
   25.516528     55.662184    0.0424398308
   25.516528     71.565666    0.0424840654
   25.516528     87.469147    0.0427529409
   25.516528    103.372628    0.0432762277
   25.516528    119.276109    0.0440873710

   30.155897   -119.276109    0.0740974833
   30.155897   -103.372628    0.0722605609
   30.155897    -87.469147    0.0705741045
   30.155897    -71.565666    0.0690261172
   30.155897    -55.662184    0.0676080308
   30.155897    -39.758703    0.0663149269
   30.155897    -23.855222    0.0651457187
   30.155897     -7.951741    0.0641032890
   30.155897      7.951741    0.0631945883
   30.155897     23.855222    0.0624306906
   30.155897     39.758703    0.0618268072
   30.155897     55.662184    0.0614022603
   30.155897     71.565666    0.0611804134
   30.155897     87.469147    0.0611885612
   30.155897    103.372628    0.0614577775
   30.155897    119.276109    0.0620227219

   34.795266   -119.276109    0.1017596841
   34.795266   -103.372628    0.0996146396
   34.795266    -87.469147    0.0976134590
   34.795266    -71.565666    0.0957446619
   34.795266    -55.662184    0.0940003804
   34.795266    -39.758703    0.0923765667
   34.795266    -23.855222    0.0908731594
   34.795266     -7.951741    0.0894942050
   34.795266      7.951741    0.0882479373
   34.795266     23.855222    0.0871468131
   34.795266     39.758703    0.0862075045
   34.795266     55.662184    0.0854508484
   34.795266     71.565666    0.0849017529
   34.795266     87.469147    0.0845890596
   34.795266    103.372628    0.0845453639
   34.795266    119.276109    0.0848067913

