  -47.456659    -50.614883    0.0509022505
  -47.456659    -43.866232    0.0452313717
  -47.456659    -37.117581    0.0404165573
  -47.456659    -30.368930    0.0364430362
  -47.456659    -23.620279    0.0332931396
  -47.456659    -16.871628    0.0309492244
  -47.456659    -10.122977    0.0293960119
  -47.456659     -3.374326    0.0286223418
  -47.456659      3.374326    0.0286223418
  -47.456659     10.122977    0.0293960119
  -47.456659     16.871628    0.0309492244
  -47.456659     23.620279    0.0332931396
  -47.456659     30.368930    0.0364430362
  -47.456659     37.117581    0.0404165573
  -47.456659     43.866232    0.0452313717
  -47.456659     50.614883    0.0509022505

  -41.129105    -50.614883    0.0438256916
  -41.129105    -43.866232    0.0381388458
  -41.129105    -37.117581    0.0333119628
  -41.129105    -30.368930    0.0293295250
  -41.129105    -23.620279    0.0261732416
  -41.129105    -16.871628    0.0238249716
  -41.129105    -10.122977    0.0222690633
  -41.129105     -3.374326    0.0214941076
  -41.129105      3.374326    0.0214941076
  -41.129105     10.122977    0.0222690633
  -41.129105     16.871628    0.0238249716
  -41.129105     23.620279    0.0261732416
  -41.129105     30.368930    0.0293295250
  -41.129105     37.117581    0.0333119628
  -41.129105     43.866232    0.0381388458
  -41.129105     50.614883    0.0438256916

  -34.801550    -50.614883    0.0377710976
  -34.801550    -43.866232    0.0320705397
  -34.801550    -37.117581    0.0272333175
  -34.801550    -30.368930    0.0232432608
  -34.801550    -23.620279    0.0200815346
  -34.801550    -16.871628    0.0177295634
  -34.801550    -10.122977    0.0161713689
  -34.801550     -3.374326    0.0153953244
  -34.801550      3.374326    0.0153953244
  -34.801550     10.122977    0.0161713689
  -34.801550     16.871628    0.0177295634
  -34.801550     23.620279    0.0200815346
  -34.801550     30.368930    0.0232432608
  -34.801550     37.117581    0.0272333175
  -34.801550     43.866232    0.0320705397
  -34.801550     50.614883    0.0377710976

  -28.473996    -50.614883    0.0327367147
  -28.473996    -43.866232    0.0270247117
  -28.473996    -37.117581    0.0221788772
  -28.473996    -30.368930    0.0181824881
  -28.473996    -23.620279    0.0150162489
  -28.473996    -16.871628    0.0126612153
  -28.473996    -10.122977    0.0111011328
  -28.473996     -3.374326    0.0103241904
  -28.473996      3.374326    0.0103241904
  -28.473996     10.122977    0.0111011328
  -28.473996     16.871628    0.0126612153
  -28.473996     23.620279    0.0150162489
  -28.473996     30.368930    0.0181824881
  -28.473996     37.117581    0.0221788772
  -28.473996     43.866232    0.0270247117
  -28.473996     50.614883    0.0327367147

  -22.146441    -50.614883    0.0287183013
  -22.146441    -43.866232    0.0229971302
  -22.146441    -37.117581    0.0181444083
  -22.146441    -30.368930    0.0141429643
  -22.146441    -23.620279    0.0109731293
  -22.146441    -16.871628    0.0086156604
  -22.146441    -10.122977    0.0070540787
  -22.146441     -3.374326    0.0062764241
  -22.146441      3.374326    0.0062764241
  -22.146441     10.122977    0.0070540787
  -22.146441     16.871628    0.0086156604
  -22.146441     23.620279    0.0109731293
  -22.146441     30.368930    0.0141429643
  -22.146441     37.117581    0.0181444083
  -22.146441     43.866232    0.0229971302
  -22.146441     50.614883    0.0287183013

  -15.818886    -50.614883    0.0257106446
  -15.818886    -43.866232    0.0199825905
  -15.818886    -37.117581    0.0151247044
  -15.818886    -30.368930    0.0111194756
  -15.818886    -23.620279    0.0079469525
  -15.818886    -16.871628    0.0055876654
  -15.818886    -10.122977    0.0040249659
  -15.818886     -3.374326    0.0032467807
  -15.818886      3.374326    0.0032467807
  -15.818886     10.122977    0.0040249659
  -15.818886     16.871628    0.0055876654
  -15.818886     23.620279    0.0079469525
  -15.818886     30.368930    0.0111194756
  -15.818886     37.117581    0.0151247044
  -15.818886     43.866232    0.0199825905
  -15.818886     50.614883    0.0257106446

   -9.491332    -50.614883    0.0237087736
   -9.491332    -43.866232    0.0179761274
   -9.491332    -37.117581    0.0131147992
   -9.491332    -30.368930    0.0091070504
   -9.491332    -23.620279    0.0059327391
   -9.491332    -16.871628    0.0035722439
   -9.491332    -10.122977    0.0020088024
   -9.491332     -3.374326    0.0012302652
   -9.491332      3.374326    0.0012302652
   -9.491332     10.122977    0.0020088024
   -9.491332     16.871628    0.0035722439
   -9.491332     23.620279    0.0059327391
   -9.491332     30.368930    0.0091070504
   -9.491332     37.117581    0.0131147992
   -9.491332     43.866232    0.0179761274
   -9.491332     50.614883    0.0237087736

   -3.163777    -50.614883    0.0227088688
   -3.163777    -43.866232    0.0169739255
   -3.163777    -37.117581    0.0121108765
   -3.163777    -30.368930    0.0081018686
   -3.163777    -23.620279    0.0049266645
   -3.163777    -16.871628    0.0025655665
   -3.163777    -10.122977    0.0010017549
   -3.163777     -3.374326    0.0002230421
   -3.163777      3.374326    0.0002230421
   -3.163777     10.122977    0.0010017549
   -3.163777     16.871628    0.0025655665
   -3.163777     23.620279    0.0049266645
   -3.163777     30.368930    0.0081018686
   -3.163777     37.117581    0.0121108765
   -3.163777     43.866232    0.0169739255
   -3.163777     50.614883    0.0227088688

    3.163777    -50.614883    0.0227088688
    3.163777    -43.866232    0.0169739255
    3.163777    -37.117581    0.0121108765
    3.163777    -30.368930    0.0081018686
    3.163777    -23.620279    0.0049266645
    3.163777    -16.871628    0.0025655665
    3.163777    -10.122977    0.0010017549
    3.163777     -3.374326    0.0002230421
    3.163777      3.374326    0.0002230421
    3.163777     10.122977    0.0010017549
    3.163777     16.871628    0.0025655665
    3.163777     23.620279    0.0049266645
    3.163777     30.368930    0.0081018686
    3.163777     37.117581    0.0121108765
    3.163777     43.866232    0.0169739255
    3.163777     50.614883    0.0227088688

    9.491332    -50.614883    0.0237087736
    9.491332    -43.866232    0.0179761274
    9.491332    -37.117581    0.0131147992
    9.491332    -30.368930    0.0091070504
    9.491332    -23.620279    0.0059327391
    9.491332    -16.871628    0.0035722439
    9.491332    -10.122977    0.0020088024
    9.491332     -3.374326    0.0012302652
    9.491332      3.374326    0.0012302652
    9.491332     10.122977    0.0020088024
    9.491332     16.871628    0.0035722439
    9.491332     23.620279    0.0059327391
    9.491332     30.368930    0.0091070504
    9.491332     37.117581    0.0131147992
    9.491332     43.866232    0.0179761274
    9.491332     50.614883    0.0237087736

   15.818886    -50.614883    0.0257106446
   15.818886    -43.866232    0.0199825905
   15.818886    -37.117581    0.0151247044
   15.818886    -30.368930    0.0111194756
   15.818886    -23.620279    0.0079469525
   15.818886    -16.871628    0.0055876654
   15.818886    -10.122977    0.0040249659
   15.818886     -3.374326    0.0032467807
   15.818886      3.374326    0.0032467807
   15.818886     10.122977    0.0040249659
   15.818886     16.871628    0.0055876654
   15.818886     23.620279    0.0079469525
   15.818886     30.368930    0.0111194756
   15.818886     37.117581    0.0151247044
   15.818886     43.866232    0.0199825905
   15.818886     50.614883    0.0257106446

   22.146441    -50.614883    0.0287183013
   22.146441    -43.866232    0.0229971302
   22.146441    -37.117581    0.0181444083
   22.146441    -30.368930    0.0141429643
   22.146441    -23.620279    0.0109731293
   22.146441    -16.871628    0.0086156604
   22.146441    -10.122977    0.0070540787
   22.146441     -3.374326    0.0062764241
   22.146441      3.374326    0.0062764241
   22.146441     10.122977    0.0070540787
   22.146441     16.871628    0.0086156604
   22.146441     23.620279    0.0109731293
   22.146441     30.368930    0.0141429643
   22.146441     37.117581    0.0181444083
   22.146441     43.866232    0.0229971302
   22.146441     50.614883    0.0287183013

   28.473996    -50.614883    0.0327367147
   28.473996    -43.866232    0.0270247117
   28.473996    -37.117581    0.0221788772
   28.473996    -30.368930    0.0181824881
   28.473996    -23.620279    0.0150162489
   28.473996    -16.871628    0.0126612153
   28.473996    -10.122977    0.0111011328
   28.473996     -3.374326    0.0103241904
   28.473996      3.374326    0.0103241904
   28.473996     10.122977    0.0111011328
   28.473996     16.871628    0.0126612153
   28.473996     23.620279    0.0150162489
   28.473996     30.368930    0.0181824881
   28.473996     37.117581    0.0221788772
   28.473996     43.866232    0.0270247117
   28.473996     50.614883    0.0327367147

   34.801550    -50.614883    0.0377710976
   34.801550    -43.866232    0.0320705397
   34.801550    -37.117581    0.0272333175
   34.801550    -30.368930    0.0232432608
   34.801550    -23.620279    0.0200815346
   34.801550    -16.871628    0.0177295634
   34.801550    -10.122977    0.0161713689
   34.801550     -3.374326    0.0153953244
   34.801550      3.374326    0.0153953244
   34.801550     10.122977    0.0161713689
   34.801550     16.871628    0.0177295634
   34.801550     23.620279    0.0200815346
   34.801550     30.368930    0.0232432608
   34.801550     37.117581    0.0272333175
   34.801550     43.866232    0.0320705397
   34.801550     50.614883    0.0377710976

   41.129105    -50.614883    0.0438256916
   41.129105    -43.866232    0.0381388458
   41.129105    -37.117581    0.0333119628
   41.129105    -30.368930    0.0293295250
   41.129105    -23.620279    0.0261732416
   41.129105    -16.871628    0.0238249716
   41.129105    -10.122977    0.0222690633
   41.129105     -3.374326    0.0214941076
   41.129105      3.374326    0.0214941076
   41.129105     10.122977    0.0222690633
   41.129105     16.871628    0.0238249716
   41.129105     23.620279    0.0261732416
   41.129105     30.368930    0.0293295250
   41.129105     37.117581    0.0333119628
   41.129105     43.866232    0.0381388458
   41.129105     50.614883    0.0438256916

   47.456659    -50.614883    0.0509022505
   47.456659    -43.866232    0.0452313717
   47.456659    -37.117581    0.0404165573
   47.456659    -30.368930    0.0364430362
   47.456659    -23.620279    0.0332931396
   47.456659    -16.871628    0.0309492244
   47.456659    -10.122977    0.0293960119
   47.456659     -3.374326    0.0286223418
   47.456659      3.374326    0.0286223418
   47.456659     10.122977    0.0293960119
   47.456659     16.871628    0.0309492244
   47.456659     23.620279    0.0332931396
   47.456659     30.368930    0.0364430362
   47.456659     37.117581    0.0404165573
   47.456659     43.866232    0.0452313717
   47.456659     50.614883    0.0509022505

