  -44.510090    -42.952389    0.0890225911
  -44.510090    -37.225404    0.0779342635
  -44.510090    -31.498419    0.0685458896
  -44.510090    -25.771434    0.0608035954
  -44.510090    -20.044448    0.0546628014
  -44.510090    -14.317463    0.0500880503
  -44.510090     -8.590478    0.0470528697
  -44.510090     -2.863493    0.0455396686
  -44.510090      2.863493    0.0455396686
  -44.510090      8.590478    0.0470528697
  -44.510090     14.317463    0.0500880503
  -44.510090     20.044448    0.0546628014
  -44.510090     25.771434    0.0608035954
  -44.510090     31.498419    0.0685458896
  -44.510090     37.225404    0.0779342635
  -44.510090     42.952389    0.0890225911

  -39.273609    -42.952389    0.0782502651
  -39.273609    -37.225404    0.0675932944
  -39.273609    -31.498419    0.0585680754
  -39.273609    -25.771434    0.0511236563
  -39.273609    -20.044448    0.0452179883
  -39.273609    -14.317463    0.0408177010
  -39.273609     -8.590478    0.0378979235
  -39.273609     -2.863493    0.0364421501
  -39.273609      2.863493    0.0364421501
  -39.273609      8.590478    0.0378979235
  -39.273609     14.317463    0.0408177010
  -39.273609     20.044448    0.0452179883
  -39.273609     25.771434    0.0511236563
  -39.273609     31.498419    0.0585680754
  -39.273609     37.225404    0.0675932944
  -39.273609     42.952389    0.0782502651

  -34.037128    -42.952389    0.0683925954
  -34.037128    -37.225404    0.0581422130
  -34.037128    -31.498419    0.0494589445
  -34.037128    -25.771434    0.0422949309
  -34.037128    -20.044448    0.0366106441
  -34.037128    -14.317463    0.0323746932
  -34.037128     -8.590478    0.0295636703
  -34.037128     -2.863493    0.0281620344
  -34.037128      2.863493    0.0281620344
  -34.037128      8.590478    0.0295636703
  -34.037128     14.317463    0.0323746932
  -34.037128     20.044448    0.0366106441
  -34.037128     25.771434    0.0422949309
  -34.037128     31.498419    0.0494589445
  -34.037128     37.225404    0.0581422130
  -34.037128     42.952389    0.0683925954

  -28.800647    -42.952389    0.0595175375
  -28.800647    -37.225404    0.0496499218
  -28.800647    -31.498419    0.0412884804
  -28.800647    -25.771434    0.0343883513
  -28.800647    -20.044448    0.0289124131
  -28.800647    -14.317463    0.0248311419
  -28.800647     -8.590478    0.0221224954
  -28.800647     -2.863493    0.0207718266
  -28.800647      2.863493    0.0207718266
  -28.800647      8.590478    0.0221224954
  -28.800647     14.317463    0.0248311419
  -28.800647     20.044448    0.0289124131
  -28.800647     25.771434    0.0343883513
  -28.800647     31.498419    0.0412884804
  -28.800647     37.225404    0.0496499218
  -28.800647     42.952389    0.0595175375

  -23.564166    -42.952389    0.0517016707
  -23.564166    -37.225404    0.0421940376
  -23.564166    -31.498419    0.0341353018
  -23.564166    -25.771434    0.0274833835
  -23.564166    -20.044448    0.0222034121
  -23.564166    -14.317463    0.0182676190
  -23.564166     -8.590478    0.0156552524
  -23.564166     -2.863493    0.0143525135
  -23.564166      2.863493    0.0143525135
  -23.564166      8.590478    0.0156552524
  -23.564166     14.317463    0.0182676190
  -23.564166     20.044448    0.0222034121
  -23.564166     25.771434    0.0274833835
  -23.564166     31.498419    0.0341353018
  -23.564166     37.225404    0.0421940376
  -23.564166     42.952389    0.0517016707

  -18.327684    -42.952389    0.0450308096
  -18.327684    -37.225404    0.0358614656
  -18.327684    -31.498419    0.0280872589
  -18.327684    -25.771434    0.0216686568
  -18.327684    -20.044448    0.0165728783
  -18.327684    -14.317463    0.0127738049
  -18.327684     -8.590478    0.0102519099
  -18.327684     -2.863493    0.0089942050
  -18.327684      2.863493    0.0089942050
  -18.327684      8.590478    0.0102519099
  -18.327684     14.317463    0.0127738049
  -18.327684     20.044448    0.0165728783
  -18.327684     25.771434    0.0216686568
  -18.327684     31.498419    0.0280872589
  -18.327684     37.225404    0.0358614656
  -18.327684     42.952389    0.0450308096

  -13.091203    -42.952389    0.0396007545
  -13.091203    -37.225404    0.0307491196
  -13.091203    -31.498419    0.0232421751
  -13.091203    -25.771434    0.0170427316
  -13.091203    -20.044448    0.0121199542
  -13.091203    -14.317463    0.0084492769
  -13.091203     -8.590478    0.0060123349
  -13.091203     -2.863493    0.0047969133
  -13.091203      2.863493    0.0047969133
  -13.091203      8.590478    0.0060123349
  -13.091203     14.317463    0.0084492769
  -13.091203     20.044448    0.0121199542
  -13.091203     25.771434    0.0170427316
  -13.091203     31.498419    0.0232421751
  -13.091203     37.225404    0.0307491196
  -13.091203     42.952389    0.0396007545

   -7.854722    -42.952389    0.0355181814
   -7.854722    -37.225404    0.0269647903
   -7.854722    -31.498419    0.0197087316
   -7.854722    -25.771434    0.0137150064
   -7.854722    -20.044448    0.0089546070
   -7.854722    -14.317463    0.0054044312
   -7.854722     -8.590478    0.0030472128
   -7.854722     -2.863493    0.0018714698
   -7.854722      2.863493    0.0018714698
   -7.854722      8.590478    0.0030472128
   -7.854722     14.317463    0.0054044312
   -7.854722     20.044448    0.0089546070
   -7.854722     25.771434    0.0137150064
   -7.854722     31.498419    0.0197087316
   -7.854722     37.225404    0.0269647903
   -7.854722     42.952389    0.0355181814

   -2.618241    -42.952389    0.0329016711
   -2.618241    -37.225404    0.0246281600
   -2.618241    -31.498419    0.0176074961
   -2.618241    -25.771434    0.0118067630
   -2.618241    -20.044448    0.0071986850
   -2.618241    -14.317463    0.0037615427
   -2.618241     -8.590478    0.0014791053
   -2.618241     -2.863493    0.0003405804
   -2.618241      2.863493    0.0003405804
   -2.618241      8.590478    0.0014791053
   -2.618241     14.317463    0.0037615427
   -2.618241     20.044448    0.0071986850
   -2.618241     25.771434    0.0118067630
   -2.618241     31.498419    0.0176074961
   -2.618241     37.225404    0.0246281600
   -2.618241     42.952389    0.0329016711

    2.618241    -42.952389    0.0318828783
    2.618241    -37.225404    0.0238719656
    2.618241    -31.498419    0.0170720949
    2.618241    -25.771434    0.0114523512
    2.618241    -20.044448    0.0069871093
    2.618241    -14.317463    0.0036559587
    2.618241     -8.590478    0.0014436437
    2.618241     -2.863493    0.0003400188
    2.618241      2.863493    0.0003400188
    2.618241      8.590478    0.0014436437
    2.618241     14.317463    0.0036559587
    2.618241     20.044448    0.0069871093
    2.618241     25.771434    0.0114523512
    2.618241     31.498419    0.0170720949
    2.618241     37.225404    0.0238719656
    2.618241     42.952389    0.0318828783

    7.854722    -42.952389    0.0326078388
    7.854722    -37.225404    0.0248433077
    7.854722    -31.498419    0.0182505297
    7.854722    -25.771434    0.0128005114
    7.854722    -20.044448    0.0084692013
    7.854722    -14.317463    0.0052374296
    7.854722     -8.590478    0.0030908608
    7.854722     -2.863493    0.0020199577
    7.854722      2.863493    0.0020199577
    7.854722      8.590478    0.0030908608
    7.854722     14.317463    0.0052374296
    7.854722     20.044448    0.0084692013
    7.854722     25.771434    0.0128005114
    7.854722     31.498419    0.0182505297
    7.854722     37.225404    0.0248433077
    7.854722     42.952389    0.0326078388

   13.091203    -42.952389    0.0352384172
   13.091203    -37.225404    0.0277051078
   13.091203    -31.498419    0.0213066374
   13.091203    -25.771434    0.0160158363
   13.091203    -20.044448    0.0118101461
   13.091203    -14.317463    0.0086715743
   13.091203     -8.590478    0.0065866583
   13.091203     -2.863493    0.0055464381
   13.091203      2.863493    0.0055464381
   13.091203      8.590478    0.0065866583
   13.091203     14.317463    0.0086715743
   13.091203     20.044448    0.0118101461
   13.091203     25.771434    0.0160158363
   13.091203     31.498419    0.0213066374
   13.091203     37.225404    0.0277051078
   13.091203     42.952389    0.0352384172

   18.327684    -42.952389    0.0399538934
   18.327684    -37.225404    0.0326377123
   18.327684    -31.498419    0.0264216945
   18.327684    -25.771434    0.0212803717
   18.327684    -20.044448    0.0171925923
   18.327684    -14.317463    0.0141414819
   18.327684     -8.590478    0.0121144118
   18.327684     -2.863493    0.0111029764
   18.327684      2.863493    0.0111029764
   18.327684      8.590478    0.0121144118
   18.327684     14.317463    0.0141414819
   18.327684     20.044448    0.0171925923
   18.327684     25.771434    0.0212803717
   18.327684     31.498419    0.0264216945
   18.327684     37.225404    0.0326377123
   18.327684     42.952389    0.0399538934

   23.564166    -42.952389    0.0469526883
   23.564166    -37.225404    0.0398406440
   23.564166    -31.498419    0.0337961642
   23.564166    -25.771434    0.0287953551
   23.564166    -20.044448    0.0248183868
   23.564166    -14.317463    0.0218494483
   23.564166     -8.590478    0.0198767127
   23.564166     -2.863493    0.0188923101
   23.564166      2.863493    0.0188923101
   23.564166      8.590478    0.0198767127
   23.564166     14.317463    0.0218494483
   23.564166     20.044448    0.0248183868
   23.564166     25.771434    0.0287953551
   23.564166     31.498419    0.0337961642
   23.564166     37.225404    0.0398406440
   23.564166     42.952389    0.0469526883

   28.800647    -42.952389    0.0564542291
   28.800647    -37.225404    0.0495345004
   28.800647    -31.498419    0.0436515887
   28.800647    -25.771434    0.0387830941
   28.800647    -20.044448    0.0349104458
   28.800647    -14.317463    0.0320188495
   28.800647     -8.590478    0.0300972464
   28.800647     -2.863493    0.0291382810
   28.800647      2.863493    0.0291382810
   28.800647      8.590478    0.0300972464
   28.800647     14.317463    0.0320188495
   28.800647     20.044448    0.0349104458
   28.800647     25.771434    0.0387830941
   28.800647     31.498419    0.0436515887
   28.800647     37.225404    0.0495345004
   28.800647     42.952389    0.0564542291

   34.037128    -42.952389    0.0687009537
   34.037128    -37.225404    0.0619629999
   34.037128    -31.498419    0.0562326243
   34.037128    -25.771434    0.0514889827
   34.037128    -20.044448    0.0477147621
   34.037128    -14.317463    0.0448961499
   34.037128     -8.590478    0.0430228085
   34.037128     -2.863493    0.0420878566
   34.037128      2.863493    0.0420878566
   34.037128      8.590478    0.0430228085
   34.037128     14.317463    0.0448961499
   34.037128     20.044448    0.0477147621
   34.037128     25.771434    0.0514889827
   34.037128     31.498419    0.0562326243
   34.037128     37.225404    0.0619629999
   34.037128     42.952389    0.0687009537

