  -35.358766    -91.194683   -0.0042431079
  -35.358766    -79.035392   -0.0032002048
  -35.358766    -66.876101   -0.0022948424
  -35.358766    -54.716810   -0.0015333286
  -35.358766    -42.557519   -0.0009208845
  -35.358766    -30.398228   -0.0004616071
  -35.358766    -18.238937   -0.0001584440
  -35.358766     -6.079646   -0.0000131802
  -35.358766      6.079646   -0.0000264374
  -35.358766     18.238937   -0.0001976858
  -35.358766     30.398228   -0.0005252676
  -35.358766     42.557519   -0.0010064331
  -35.358766     54.716810   -0.0016373892
  -35.358766     66.876101   -0.0024133598
  -35.358766     79.035392   -0.0033286589
  -35.358766     91.194683   -0.0043767753

  -30.644264    -91.194683   -0.0030271196
  -30.644264    -79.035392   -0.0022816361
  -30.644264    -66.876101   -0.0016349631
  -30.644264    -54.716810   -0.0010914516
  -30.644264    -42.557519   -0.0006546954
  -30.644264    -30.398228   -0.0003275027
  -30.644264    -18.238937   -0.0001118765
  -30.644264     -6.079646   -0.0000090046
  -30.644264      6.079646   -0.0000192608
  -30.644264     18.238937   -0.0001422139
  -30.644264     30.398228   -0.0003766481
  -30.644264     42.557519   -0.0007205923
  -30.644264     54.716810   -0.0011713591
  -30.644264     66.876101   -0.0017255945
  -30.644264     79.035392   -0.0023793360
  -30.644264     91.194683   -0.0031280817

  -25.929762    -91.194683   -0.0020729824
  -25.929762    -79.035392   -0.0015613491
  -25.929762    -66.876101   -0.0011178376
  -25.929762    -54.716810   -0.0007453863
  -25.929762    -42.557519   -0.0004463907
  -25.929762    -30.398228   -0.0002226952
  -25.929762    -18.238937   -0.0000755897
  -25.929762     -6.079646   -0.0000058111
  -25.929762      6.079646   -0.0000135499
  -25.929762     18.238937   -0.0000984609
  -25.929762     30.398228   -0.0002596800
  -25.929762     42.557519   -0.0004958445
  -25.929762     54.716810   -0.0008051194
  -25.929762     66.876101   -0.0011852280
  -25.929762     79.035392   -0.0016334872
  -25.929762     91.194683   -0.0021468483

  -21.215260    -91.194683   -0.0013362450
  -21.215260    -79.035392   -0.0010055172
  -21.215260    -66.876101   -0.0007190362
  -21.215260    -54.716810   -0.0004786977
  -21.215260    -42.557519   -0.0002860133
  -21.215260    -30.398228   -0.0001421184
  -21.215260    -18.238937   -0.0000477811
  -21.215260     -6.079646   -0.0000034125
  -21.215260      6.079646   -0.0000090777
  -21.215260     18.238937   -0.0000645073
  -21.215260     30.398228   -0.0001691106
  -21.215260     42.557519   -0.0003219891
  -21.215260     54.716810   -0.0005219509
  -21.215260     66.876101   -0.0007675265
  -21.215260     79.035392   -0.0010569853
  -21.215260     91.194683   -0.0013883526

  -16.500757    -91.194683   -0.0007831112
  -16.500757    -79.035392   -0.0005884704
  -16.500757    -66.876101   -0.0004200381
  -16.500757    -54.716810   -0.0002789364
  -16.500757    -42.557519   -0.0001660329
  -16.500757    -30.398228   -0.0000819558
  -16.500757    -18.238937   -0.0000271078
  -16.500757     -6.079646   -0.0000016785
  -16.500757      6.079646   -0.0000056568
  -16.500757     18.238937   -0.0000388411
  -16.500757     30.398228   -0.0001008492
  -16.500757     42.557519   -0.0001911270
  -16.500757     54.716810   -0.0003089560
  -16.500757     66.876101   -0.0004534601
  -16.500757     79.035392   -0.0006236107
  -16.500757     91.194683   -0.0008182315

  -11.786255    -91.194683   -0.0003887356
  -11.786255    -79.035392   -0.0002913800
  -11.786255    -66.876101   -0.0002072808
  -11.786255    -54.716810   -0.0001370018
  -11.786255    -42.557519   -0.0000809612
  -11.786255    -30.398228   -0.0000394440
  -11.786255    -18.238937   -0.0000126146
  -11.786255     -6.079646   -0.0000005267
  -11.786255      6.079646   -0.0000031336
  -11.786255     18.238937   -0.0000202953
  -11.786255     30.398228   -0.0000517860
  -11.786255     42.557519   -0.0000972992
  -11.786255     54.716810   -0.0001564521
  -11.786255     66.876101   -0.0002287886
  -11.786255     79.035392   -0.0003137810
  -11.786255     91.194683   -0.0004108302

   -7.071753    -91.194683   -0.0001358536
   -7.071753    -79.035392   -0.0001012024
   -7.071753    -66.876101   -0.0000713946
   -7.071753    -54.716810   -0.0000466292
   -7.071753    -42.557519   -0.0000270421
   -7.071753    -30.398228   -0.0000127136
   -7.071753    -18.238937   -0.0000036751
   -7.071753     -6.079646    0.0000000851
   -7.071753      6.079646   -0.0000013835
   -7.071753     18.238937   -0.0000079988
   -7.071753     30.398228   -0.0000196495
   -7.071753     42.557519   -0.0000361989
   -7.071753     54.716810   -0.0000574874
   -7.071753     66.876101   -0.0000833346
   -7.071753     79.035392   -0.0001135407
   -7.071753     91.194683   -0.0001478870

   -2.357251    -91.194683   -0.0000137485
   -2.357251    -79.035392   -0.0000098813
   -2.357251    -66.876101   -0.0000066255
   -2.357251    -54.716810   -0.0000040011
   -2.357251    -42.557519   -0.0000020160
   -2.357251    -30.398228   -0.0000006683
   -2.357251    -18.238937    0.0000000529
   -2.357251     -6.079646    0.0000001651
   -2.357251      6.079646   -0.0000003083
   -2.357251     18.238937   -0.0000013404
   -2.357251     30.398228   -0.0000029013
   -2.357251     42.557519   -0.0000049595
   -2.357251     54.716810   -0.0000074837
   -2.357251     66.876101   -0.0000104429
   -2.357251     79.035392   -0.0000138081
   -2.357251     91.194683   -0.0000175531

    2.357251    -91.194683   -0.0000175531
    2.357251    -79.035392   -0.0000138081
    2.357251    -66.876101   -0.0000104429
    2.357251    -54.716810   -0.0000074837
    2.357251    -42.557519   -0.0000049595
    2.357251    -30.398228   -0.0000029013
    2.357251    -18.238937   -0.0000013404
    2.357251     -6.079646   -0.0000003083
    2.357251      6.079646    0.0000001651
    2.357251     18.238937    0.0000000529
    2.357251     30.398228   -0.0000006683
    2.357251     42.557519   -0.0000020160
    2.357251     54.716810   -0.0000040011
    2.357251     66.876101   -0.0000066255
    2.357251     79.035392   -0.0000098813
    2.357251     91.194683   -0.0000137485

    7.071753    -91.194683   -0.0001478870
    7.071753    -79.035392   -0.0001135407
    7.071753    -66.876101   -0.0000833346
    7.071753    -54.716810   -0.0000574874
    7.071753    -42.557519   -0.0000361989
    7.071753    -30.398228   -0.0000196495
    7.071753    -18.238937   -0.0000079988
    7.071753     -6.079646   -0.0000013835
    7.071753      6.079646    0.0000000851
    7.071753     18.238937   -0.0000036751
    7.071753     30.398228   -0.0000127136
    7.071753     42.557519   -0.0000270421
    7.071753     54.716810   -0.0000466292
    7.071753     66.876101   -0.0000713946
    7.071753     79.035392   -0.0001012024
    7.071753     91.194683   -0.0001358536

   11.786255    -91.194683   -0.0004108302
   11.786255    -79.035392   -0.0003137810
   11.786255    -66.876101   -0.0002287886
   11.786255    -54.716810   -0.0001564521
   11.786255    -42.557519   -0.0000972992
   11.786255    -30.398228   -0.0000517860
   11.786255    -18.238937   -0.0000202953
   11.786255     -6.079646   -0.0000031336
   11.786255      6.079646   -0.0000005267
   11.786255     18.238937   -0.0000126146
   11.786255     30.398228   -0.0000394440
   11.786255     42.557519   -0.0000809612
   11.786255     54.716810   -0.0001370018
   11.786255     66.876101   -0.0002072808
   11.786255     79.035392   -0.0002913800
   11.786255     91.194683   -0.0003887356

   16.500757    -91.194683   -0.0008182315
   16.500757    -79.035392   -0.0006236107
   16.500757    -66.876101   -0.0004534601
   16.500757    -54.716810   -0.0003089560
   16.500757    -42.557519   -0.0001911270
   16.500757    -30.398228   -0.0001008492
   16.500757    -18.238937   -0.0000388411
   16.500757     -6.079646   -0.0000056568
   16.500757      6.079646   -0.0000016785
   16.500757     18.238937   -0.0000271078
   16.500757     30.398228   -0.0000819558
   16.500757     42.557519   -0.0001660329
   16.500757     54.716810   -0.0002789364
   16.500757     66.876101   -0.0004200381
   16.500757     79.035392   -0.0005884704
   16.500757     91.194683   -0.0007831112

   21.215260    -91.194683   -0.0013883526
   21.215260    -79.035392   -0.0010569853
   21.215260    -66.876101   -0.0007675265
   21.215260    -54.716810   -0.0005219509
   21.215260    -42.557519   -0.0003219891
   21.215260    -30.398228   -0.0001691106
   21.215260    -18.238937   -0.0000645073
   21.215260     -6.079646   -0.0000090777
   21.215260      6.079646   -0.0000034125
   21.215260     18.238937   -0.0000477811
   21.215260     30.398228   -0.0001421184
   21.215260     42.557519   -0.0002860133
   21.215260     54.716810   -0.0004786977
   21.215260     66.876101   -0.0007190362
   21.215260     79.035392   -0.0010055172
   21.215260     91.194683   -0.0013362450

   25.929762    -91.194683   -0.0021468483
   25.929762    -79.035392   -0.0016334872
   25.929762    -66.876101   -0.0011852280
   25.929762    -54.716810   -0.0008051194
   25.929762    -42.557519   -0.0004958445
   25.929762    -30.398228   -0.0002596800
   25.929762    -18.238937   -0.0000984609
   25.929762     -6.079646   -0.0000135499
   25.929762      6.079646   -0.0000058111
   25.929762     18.238937   -0.0000755897
   25.929762     30.398228   -0.0002226952
   25.929762     42.557519   -0.0004463907
   25.929762     54.716810   -0.0007453863
   25.929762     66.876101   -0.0011178376
   25.929762     79.035392   -0.0015613491
   25.929762     91.194683   -0.0020729824

   30.644264    -91.194683   -0.0031280817
   30.644264    -79.035392   -0.0023793360
   30.644264    -66.876101   -0.0017255945
   30.644264    -54.716810   -0.0011713591
   30.644264    -42.557519   -0.0007205923
   30.644264    -30.398228   -0.0003766481
   30.644264    -18.238937   -0.0001422139
   30.644264     -6.079646   -0.0000192608
   30.644264      6.079646   -0.0000090046
   30.644264     18.238937   -0.0001118765
   30.644264     30.398228   -0.0003275027
   30.644264     42.557519   -0.0006546954
   30.644264     54.716810   -0.0010914516
   30.644264     66.876101   -0.0016349631
   30.644264     79.035392   -0.0022816361
   30.644264     91.194683   -0.0030271196

   35.358766    -91.194683   -0.0043767753
   35.358766    -79.035392   -0.0033286589
   35.358766    -66.876101   -0.0024133598
   35.358766    -54.716810   -0.0016373892
   35.358766    -42.557519   -0.0010064331
   35.358766    -30.398228   -0.0005252676
   35.358766    -18.238937   -0.0001976858
   35.358766     -6.079646   -0.0000264374
   35.358766      6.079646   -0.0000131802
   35.358766     18.238937   -0.0001584440
   35.358766     30.398228   -0.0004616071
   35.358766     42.557519   -0.0009208845
   35.358766     54.716810   -0.0015333286
   35.358766     66.876101   -0.0022948424
   35.358766     79.035392   -0.0032002048
   35.358766     91.194683   -0.0042431079

