  -44.510090    -61.469935    0.0650352777
  -44.510090    -53.273944    0.0601563533
  -44.510090    -45.077952    0.0559639671
  -44.510090    -36.881961    0.0524627084
  -44.510090    -28.685970    0.0496565971
  -44.510090    -20.489978    0.0475489764
  -44.510090    -12.293987    0.0461424283
  -44.510090     -4.097996    0.0454387098
  -44.510090      4.097996    0.0454387098
  -44.510090     12.293987    0.0461424283
  -44.510090     20.489978    0.0475489764
  -44.510090     28.685970    0.0496565971
  -44.510090     36.881961    0.0524627084
  -44.510090     45.077952    0.0559639671
  -44.510090     53.273944    0.0601563533
  -44.510090     61.469935    0.0650352777

  -39.273609    -61.469935    0.0558324352
  -39.273609    -53.273944    0.0509765928
  -39.273609    -45.077952    0.0468064099
  -39.273609    -36.881961    0.0433255056
  -39.273609    -28.685970    0.0405369692
  -39.273609    -20.489978    0.0384433203
  -39.273609    -12.293987    0.0370464766
  -39.273609     -4.097996    0.0363477297
  -39.273609      4.097996    0.0363477297
  -39.273609     12.293987    0.0370464766
  -39.273609     20.489978    0.0384433203
  -39.273609     28.685970    0.0405369692
  -39.273609     36.881961    0.0433255056
  -39.273609     45.077952    0.0468064099
  -39.273609     53.273944    0.0509765928
  -39.273609     61.469935    0.0558324352

  -34.037128    -61.469935    0.0474165295
  -34.037128    -53.273944    0.0425910979
  -34.037128    -45.077952    0.0384496491
  -34.037128    -36.881961    0.0349945753
  -34.037128    -28.685970    0.0322279398
  -34.037128    -20.489978    0.0301514389
  -34.037128    -12.293987    0.0287663715
  -34.037128     -4.097996    0.0280736163
  -34.037128      4.097996    0.0280736163
  -34.037128     12.293987    0.0287663715
  -34.037128     20.489978    0.0301514389
  -34.037128     28.685970    0.0322279398
  -34.037128     36.881961    0.0349945753
  -34.037128     45.077952    0.0384496491
  -34.037128     53.273944    0.0425910979
  -34.037128     61.469935    0.0474165295

  -28.800647    -61.469935    0.0398568309
  -28.800647    -53.273944    0.0350700238
  -28.800647    -45.077952    0.0309644283
  -28.800647    -36.881961    0.0275411405
  -28.800647    -28.685970    0.0248011674
  -28.800647    -20.489978    0.0227453757
  -28.800647    -12.293987    0.0213744512
  -28.800647     -4.097996    0.0206888678
  -28.800647      4.097996    0.0206888678
  -28.800647     12.293987    0.0213744512
  -28.800647     20.489978    0.0227453757
  -28.800647     28.685970    0.0248011674
  -28.800647     36.881961    0.0275411405
  -28.800647     45.077952    0.0309644283
  -28.800647     53.273944    0.0350700238
  -28.800647     61.469935    0.0398568309

  -23.564166    -61.469935    0.0332306725
  -23.564166    -53.273944    0.0284916418
  -23.564166    -45.077952    0.0244297493
  -23.564166    -36.881961    0.0210448109
  -23.564166    -28.685970    0.0183367750
  -23.564166    -20.489978    0.0163056673
  -23.564166    -12.293987    0.0149515459
  -23.564166     -4.097996    0.0142744681
  -23.564166      4.097996    0.0142744681
  -23.564166     12.293987    0.0149515459
  -23.564166     20.489978    0.0163056673
  -23.564166     28.685970    0.0183367750
  -23.564166     36.881961    0.0210448109
  -23.564166     45.077952    0.0244297493
  -23.564166     53.273944    0.0284916418
  -23.564166     61.469935    0.0332306725

  -18.327684    -61.469935    0.0276240403
  -18.327684    -53.273944    0.0229429586
  -18.327684    -45.077952    0.0189334838
  -18.327684    -36.881961    0.0155941845
  -18.327684    -28.685970    0.0129239526
  -18.327684    -20.489978    0.0109219572
  -18.327684    -12.293987    0.0095876074
  -18.327684     -4.097996    0.0089205249
  -18.327684      4.097996    0.0089205249
  -18.327684     12.293987    0.0095876074
  -18.327684     20.489978    0.0109219572
  -18.327684     28.685970    0.0129239526
  -18.327684     36.881961    0.0155941845
  -18.327684     45.077952    0.0189334838
  -18.327684     53.273944    0.0229429586
  -18.327684     61.469935    0.0276240403

  -13.091203    -61.469935    0.0231322909
  -13.091203    -53.273944    0.0185204630
  -13.091203    -45.077952    0.0145731165
  -13.091203    -36.881961    0.0112875864
  -13.091203    -28.685970    0.0086617000
  -13.091203    -20.489978    0.0066937509
  -13.091203    -12.293987    0.0053824775
  -13.091203     -4.097996    0.0047270476
  -13.091203      4.097996    0.0047270476
  -13.091203     12.293987    0.0053824775
  -13.091203     20.489978    0.0066937509
  -13.091203     28.685970    0.0086617000
  -13.091203     36.881961    0.0112875864
  -13.091203     45.077952    0.0145731165
  -13.091203     53.273944    0.0185204630
  -13.091203     61.469935    0.0231322909

   -7.854722    -61.469935    0.0198609978
   -7.854722    -53.273944    0.0153310001
   -7.854722    -45.077952    0.0114566229
   -7.854722    -36.881961    0.0082339471
   -7.854722    -28.685970    0.0056597119
   -7.854722    -20.489978    0.0037313122
   -7.854722    -12.293987    0.0024467958
   -7.854722     -4.097996    0.0018048626
   -7.854722      4.097996    0.0018048626
   -7.854722     12.293987    0.0024467958
   -7.854722     20.489978    0.0037313122
   -7.854722     28.685970    0.0056597119
   -7.854722     36.881961    0.0082339471
   -7.854722     45.077952    0.0114566229
   -7.854722     53.273944    0.0153310001
   -7.854722     61.469935    0.0198609978

   -2.618241    -61.469935    0.0179269276
   -2.618241    -53.273944    0.0134927743
   -2.618241    -45.077952    0.0097034800
   -2.618241    -36.881961    0.0065538186
   -2.618241    -28.685970    0.0040394021
   -2.618241    -20.489978    0.0021566988
   -2.618241    -12.293987    0.0009030474
   -2.618241     -4.097996    0.0002766676
   -2.618241      4.097996    0.0002766676
   -2.618241     12.293987    0.0009030474
   -2.618241     20.489978    0.0021566988
   -2.618241     28.685970    0.0040394021
   -2.618241     36.881961    0.0065538186
   -2.618241     45.077952    0.0097034800
   -2.618241     53.273944    0.0134927743
   -2.618241     61.469935    0.0179269276

    2.618241    -61.469935    0.0174591435
    2.618241    -53.273944    0.0131364791
    2.618241    -45.077952    0.0094458099
    2.618241    -36.881961    0.0063805288
    2.618241    -28.685970    0.0039350698
    2.618241    -20.489978    0.0021049407
    2.618241    -12.293987    0.0008867493
    2.618241     -4.097996    0.0002782234
    2.618241      4.097996    0.0002782234
    2.618241     12.293987    0.0008867493
    2.618241     20.489978    0.0021049407
    2.618241     28.685970    0.0039350698
    2.618241     36.881961    0.0063805288
    2.618241     45.077952    0.0094458099
    2.618241     53.273944    0.0131364791
    2.618241     61.469935    0.0174591435

    7.854722    -61.469935    0.0186002383
    7.854722    -53.273944    0.0144065561
    7.854722    -45.077952    0.0108296574
    7.854722    -36.881961    0.0078614749
    7.854722    -28.685970    0.0054952061
    7.854722    -20.489978    0.0037253573
    7.854722    -12.293987    0.0025477775
    7.854722     -4.097996    0.0019596852
    7.854722      4.097996    0.0019596852
    7.854722     12.293987    0.0025477775
    7.854722     20.489978    0.0037253573
    7.854722     28.685970    0.0054952061
    7.854722     36.881961    0.0078614749
    7.854722     45.077952    0.0108296574
    7.854722     53.273944    0.0144065561
    7.854722     61.469935    0.0186002383

   13.091203    -61.469935    0.0215076955
   13.091203    -53.273944    0.0174625806
   13.091203    -45.077952    0.0140164007
   13.091203    -36.881961    0.0111595546
   13.091203    -28.685970    0.0088839418
   13.091203    -20.489978    0.0071830167
   13.091203    -12.293987    0.0060518320
   13.091203     -4.097996    0.0054870714
   13.091203      4.097996    0.0054870714
   13.091203     12.293987    0.0060518320
   13.091203     20.489978    0.0071830167
   13.091203     28.685970    0.0088839418
   13.091203     36.881961    0.0111595546
   13.091203     45.077952    0.0140164007
   13.091203     53.273944    0.0174625806
   13.091203     61.469935    0.0215076955

   18.327684    -61.469935    0.0263553800
   18.327684    -53.273944    0.0224807761
   18.327684    -45.077952    0.0191842949
   18.327684    -36.881961    0.0164547361
   18.327684    -28.685970    0.0142826354
   18.327684    -20.489978    0.0126603351
   18.327684    -12.293987    0.0115820423
   18.327684     -4.097996    0.0110438710
   18.327684      4.097996    0.0110438710
   18.327684     12.293987    0.0115820423
   18.327684     20.489978    0.0126603351
   18.327684     28.685970    0.0142826354
   18.327684     36.881961    0.0164547361
   18.327684     45.077952    0.0191842949
   18.327684     53.273944    0.0224807761
   18.327684     61.469935    0.0263553800

   23.564166    -61.469935    0.0333351563
   23.564166    -53.273944    0.0296556563
   23.564166    -45.077952    0.0265301497
   23.564166    -36.881961    0.0239457665
   23.564166    -28.685970    0.0218916024
   23.564166    -20.489978    0.0203588172
   23.564166    -12.293987    0.0193407123
   23.564166     -4.097996    0.0188327892
   23.564166      4.097996    0.0188327892
   23.564166     12.293987    0.0193407123
   23.564166     20.489978    0.0203588172
   23.564166     28.685970    0.0218916024
   23.564166     36.881961    0.0239457665
   23.564166     45.077952    0.0265301497
   23.564166     53.273944    0.0296556563
   23.564166     61.469935    0.0333351563

   28.800647    -61.469935    0.0426586362
   28.800647    -53.273944    0.0392017948
   28.800647    -45.077952    0.0362711401
   28.800647    -36.881961    0.0338520181
   28.800647    -28.685970    0.0319319858
   28.800647    -20.489978    0.0305009370
   28.800647    -12.293987    0.0295512038
   28.800647     -4.097996    0.0290776320
   28.800647      4.097996    0.0290776320
   28.800647     12.293987    0.0295512038
   28.800647     20.489978    0.0305009370
   28.800647     28.685970    0.0319319858
   28.800647     36.881961    0.0338520181
   28.800647     45.077952    0.0362711401
   28.800647     53.273944    0.0392017948
   28.800647     61.469935    0.0426586362

   34.037128    -61.469935    0.0545590552
   34.037128    -53.273944    0.0513557236
   34.037128    -45.077952    0.0486467498
   34.037128    -36.881961    0.0464154741
   34.037128    -28.685970    0.0446477661
   34.037128    -20.489978    0.0433321597
   34.037128    -12.293987    0.0424599607
   34.037128     -4.097996    0.0420253283
   34.037128      4.097996    0.0420253283
   34.037128     12.293987    0.0424599607
   34.037128     20.489978    0.0433321597
   34.037128     28.685970    0.0446477661
   34.037128     36.881961    0.0464154741
   34.037128     45.077952    0.0486467498
   34.037128     53.273944    0.0513557236
   34.037128     61.469935    0.0545590552

