  -38.681015    -48.902142   -0.0002021104
  -38.681015    -42.381856   -0.0001271342
  -38.681015    -35.861571   -0.0000777428
  -38.681015    -29.341285   -0.0000472410
  -38.681015    -22.821000   -0.0000296455
  -38.681015    -16.300714   -0.0000196839
  -38.681015     -9.780428   -0.0000127957
  -38.681015     -3.260143   -0.0000051315
  -38.681015      3.260143    0.0000064466
  -38.681015      9.780428    0.0000243648
  -38.681015     16.300714    0.0000503384
  -38.681015     22.821000    0.0000853707
  -38.681015     29.341285    0.0001297539
  -38.681015     35.861571    0.0001830688
  -38.681015     42.381856    0.0002441846
  -38.681015     48.902142    0.0003112592

  -33.523546    -48.902142   -0.0002057534
  -33.523546    -42.381856   -0.0001371125
  -33.523546    -35.861571   -0.0000899029
  -33.523546    -29.341285   -0.0000587491
  -33.523546    -22.821000   -0.0000388103
  -33.523546    -16.300714   -0.0000257805
  -33.523546     -9.780428   -0.0000158884
  -33.523546     -3.260143   -0.0000058976
  -33.523546      3.260143    0.0000068936
  -33.523546      9.780428    0.0000246520
  -33.523546     16.300714    0.0000490097
  -33.523546     22.821000    0.0000810640
  -33.523546     29.341285    0.0001213774
  -33.523546     35.861571    0.0001699777
  -33.523546     42.381856    0.0002263579
  -33.523546     48.902142    0.0002894760

  -28.366078    -48.902142   -0.0001972585
  -28.366078    -42.381856   -0.0001365275
  -28.366078    -35.861571   -0.0000932612
  -28.366078    -29.341285   -0.0000632808
  -28.366078    -22.821000   -0.0000427906
  -28.366078    -16.300714   -0.0000283782
  -28.366078     -9.780428   -0.0000170142
  -28.366078     -3.260143   -0.0000060523
  -28.366078      3.260143    0.0000067705
  -28.366078      9.780428    0.0000233340
  -28.366078     16.300714    0.0000451351
  -28.366078     22.821000    0.0000732874
  -28.366078     29.341285    0.0001085212
  -28.366078     35.861571    0.0001511840
  -28.366078     42.381856    0.0002012398
  -28.366078     48.902142    0.0002582696

  -23.208609    -48.902142   -0.0001780726
  -23.208609    -42.381856   -0.0001265911
  -23.208609    -35.861571   -0.0000888160
  -23.208609    -29.341285   -0.0000616379
  -23.208609    -22.821000   -0.0000422037
  -23.208609    -16.300714   -0.0000279172
  -23.208609     -9.780428   -0.0000164389
  -23.208609     -3.260143   -0.0000056855
  -23.208609      3.260143    0.0000061691
  -23.208609      9.780428    0.0000206948
  -23.208609     16.300714    0.0000392046
  -23.208609     22.821000    0.0000627551
  -23.208609     29.341285    0.0000921460
  -23.208609     35.861571    0.0001279206
  -23.208609     42.381856    0.0001703654
  -23.208609     48.902142    0.0002195103

  -18.051140    -48.902142   -0.0001496776
  -18.051140    -42.381856   -0.0001085420
  -18.051140    -35.861571   -0.0000775855
  -18.051140    -29.341285   -0.0000546355
  -18.051140    -22.821000   -0.0000376749
  -18.051140    -16.300714   -0.0000248418
  -18.051140     -9.780428   -0.0000144297
  -18.051140     -3.260143   -0.0000048873
  -18.051140      3.260143    0.0000051812
  -18.051140      9.780428    0.0000170165
  -18.051140     16.300714    0.0000317038
  -18.051140     22.821000    0.0000501731
  -18.051140     29.341285    0.0000731991
  -18.051140     35.861571    0.0001014009
  -18.051140     42.381856    0.0001352427
  -18.051140     48.902142    0.0001750332

  -12.893672    -48.902142   -0.0001135911
  -12.893672    -42.381856   -0.0000836461
  -12.893672    -35.861571   -0.0000606072
  -12.893672    -29.341285   -0.0000431020
  -12.893672    -22.821000   -0.0000298377
  -12.893672    -16.300714   -0.0000196003
  -12.893672     -9.780428   -0.0000112555
  -12.893672     -3.260143   -0.0000037479
  -12.893672      3.260143    0.0000038984
  -12.893672      9.780428    0.0000125799
  -12.893672     16.300714    0.0000231143
  -12.893672     22.821000    0.0000362395
  -12.893672     29.341285    0.0000526146
  -12.893672     35.861571    0.0000728190
  -12.893672     42.381856    0.0000973530
  -12.893672     48.902142    0.0001266379

   -7.736203    -48.902142   -0.0000713656
   -7.736203    -42.381856   -0.0000531958
   -7.736203    -35.861571   -0.0000389381
   -7.736203    -29.341285   -0.0000278790
   -7.736203    -22.821000   -0.0000193335
   -7.736203    -16.300714   -0.0000126453
   -7.736203     -9.780428   -0.0000071864
   -7.736203     -3.260143   -0.0000023576
   -7.736203      3.260143    0.0000024119
   -7.736203      9.780428    0.0000076644
   -7.736203     16.300714    0.0000139134
   -7.736203     22.821000    0.0000216443
   -7.736203     29.341285    0.0000313134
   -7.736203     35.861571    0.0000433490
   -7.736203     42.381856    0.0000581505
   -7.736203     48.902142    0.0000760889

   -2.578734    -48.902142   -0.0000245890
   -2.578734    -42.381856   -0.0000185108
   -2.578734    -35.861571   -0.0000136550
   -2.578734    -29.341285   -0.0000098212
   -2.578734    -22.821000   -0.0000068120
   -2.578734    -16.300714   -0.0000044334
   -2.578734     -9.780428   -0.0000024943
   -2.578734     -3.260143   -0.0000008070
   -2.578734      3.260143    0.0000008131
   -2.578734      9.780428    0.0000025475
   -2.578734     16.300714    0.0000045745
   -2.578734     22.821000    0.0000070691
   -2.578734     29.341285    0.0000102034
   -2.578734     35.861571    0.0000141459
   -2.578734     42.381856    0.0000190624
   -2.578734     48.902142    0.0000251153

    2.578734    -48.902142    0.0000251153
    2.578734    -42.381856    0.0000190624
    2.578734    -35.861571    0.0000141459
    2.578734    -29.341285    0.0000102034
    2.578734    -22.821000    0.0000070691
    2.578734    -16.300714    0.0000045745
    2.578734     -9.780428    0.0000025475
    2.578734     -3.260143    0.0000008131
    2.578734      3.260143   -0.0000008070
    2.578734      9.780428   -0.0000024943
    2.578734     16.300714   -0.0000044334
    2.578734     22.821000   -0.0000068120
    2.578734     29.341285   -0.0000098212
    2.578734     35.861571   -0.0000136550
    2.578734     42.381856   -0.0000185108
    2.578734     48.902142   -0.0000245890

    7.736203    -48.902142    0.0000760889
    7.736203    -42.381856    0.0000581505
    7.736203    -35.861571    0.0000433490
    7.736203    -29.341285    0.0000313134
    7.736203    -22.821000    0.0000216443
    7.736203    -16.300714    0.0000139134
    7.736203     -9.780428    0.0000076644
    7.736203     -3.260143    0.0000024119
    7.736203      3.260143   -0.0000023576
    7.736203      9.780428   -0.0000071864
    7.736203     16.300714   -0.0000126453
    7.736203     22.821000   -0.0000193335
    7.736203     29.341285   -0.0000278790
    7.736203     35.861571   -0.0000389381
    7.736203     42.381856   -0.0000531958
    7.736203     48.902142   -0.0000713656

   12.893672    -48.902142    0.0001266379
   12.893672    -42.381856    0.0000973530
   12.893672    -35.861571    0.0000728190
   12.893672    -29.341285    0.0000526146
   12.893672    -22.821000    0.0000362395
   12.893672    -16.300714    0.0000231143
   12.893672     -9.780428    0.0000125799
   12.893672     -3.260143    0.0000038984
   12.893672      3.260143   -0.0000037479
   12.893672      9.780428   -0.0000112555
   12.893672     16.300714   -0.0000196003
   12.893672     22.821000   -0.0000298377
   12.893672     29.341285   -0.0000431020
   12.893672     35.861571   -0.0000606072
   12.893672     42.381856   -0.0000836461
   12.893672     48.902142   -0.0001135911

   18.051140    -48.902142    0.0001750332
   18.051140    -42.381856    0.0001352427
   18.051140    -35.861571    0.0001014009
   18.051140    -29.341285    0.0000731991
   18.051140    -22.821000    0.0000501731
   18.051140    -16.300714    0.0000317038
   18.051140     -9.780428    0.0000170165
   18.051140     -3.260143    0.0000051812
   18.051140      3.260143   -0.0000048873
   18.051140      9.780428   -0.0000144297
   18.051140     16.300714   -0.0000248418
   18.051140     22.821000   -0.0000376749
   18.051140     29.341285   -0.0000546355
   18.051140     35.861571   -0.0000775855
   18.051140     42.381856   -0.0001085420
   18.051140     48.902142   -0.0001496776

   23.208609    -48.902142    0.0002195103
   23.208609    -42.381856    0.0001703654
   23.208609    -35.861571    0.0001279206
   23.208609    -29.341285    0.0000921460
   23.208609    -22.821000    0.0000627551
   23.208609    -16.300714    0.0000392046
   23.208609     -9.780428    0.0000206948
   23.208609     -3.260143    0.0000061691
   23.208609      3.260143   -0.0000056855
   23.208609      9.780428   -0.0000164389
   23.208609     16.300714   -0.0000279172
   23.208609     22.821000   -0.0000422037
   23.208609     29.341285   -0.0000616379
   23.208609     35.861571   -0.0000888160
   23.208609     42.381856   -0.0001265911
   23.208609     48.902142   -0.0001780726

   28.366078    -48.902142    0.0002582696
   28.366078    -42.381856    0.0002012398
   28.366078    -35.861571    0.0001511840
   28.366078    -29.341285    0.0001085212
   28.366078    -22.821000    0.0000732874
   28.366078    -16.300714    0.0000451351
   28.366078     -9.780428    0.0000233340
   28.366078     -3.260143    0.0000067705
   28.366078      3.260143   -0.0000060523
   28.366078      9.780428   -0.0000170142
   28.366078     16.300714   -0.0000283782
   28.366078     22.821000   -0.0000427906
   28.366078     29.341285   -0.0000632808
   28.366078     35.861571   -0.0000932612
   28.366078     42.381856   -0.0001365275
   28.366078     48.902142   -0.0001972585

   33.523546    -48.902142    0.0002894760
   33.523546    -42.381856    0.0002263579
   33.523546    -35.861571    0.0001699777
   33.523546    -29.341285    0.0001213774
   33.523546    -22.821000    0.0000810640
   33.523546    -16.300714    0.0000490097
   33.523546     -9.780428    0.0000246520
   33.523546     -3.260143    0.0000068936
   33.523546      3.260143   -0.0000058976
   33.523546      9.780428   -0.0000158884
   33.523546     16.300714   -0.0000257805
   33.523546     22.821000   -0.0000388103
   33.523546     29.341285   -0.0000587491
   33.523546     35.861571   -0.0000899029
   33.523546     42.381856   -0.0001371125
   33.523546     48.902142   -0.0002057534

   38.681015    -48.902142    0.0003112592
   38.681015    -42.381856    0.0002441846
   38.681015    -35.861571    0.0001830688
   38.681015    -29.341285    0.0001297539
   38.681015    -22.821000    0.0000853707
   38.681015    -16.300714    0.0000503384
   38.681015     -9.780428    0.0000243648
   38.681015     -3.260143    0.0000064466
   38.681015      3.260143   -0.0000051315
   38.681015      9.780428   -0.0000127957
   38.681015     16.300714   -0.0000196839
   38.681015     22.821000   -0.0000296455
   38.681015     29.341285   -0.0000472410
   38.681015     35.861571   -0.0000777428
   38.681015     42.381856   -0.0001271342
   38.681015     48.902142   -0.0002021104

