  -34.795266   -119.276109    0.0089548003
  -34.795266   -103.372628    0.0078310101
  -34.795266    -87.469147    0.0066807575
  -34.795266    -71.565666    0.0055060032
  -34.795266    -55.662184    0.0043093257
  -34.795266    -39.758703    0.0030939276
  -34.795266    -23.855222    0.0018636246
  -34.795266     -7.951741    0.0006228178
  -34.795266      7.951741   -0.0006235518
  -34.795266     23.855222   -0.0018700656
  -34.795266     39.758703   -0.0031109071
  -34.795266     55.662184   -0.0043399589
  -34.795266     71.565666   -0.0055509164
  -34.795266     87.469147   -0.0067374193
  -34.795266    103.372628   -0.0078932002
  -34.795266    119.276109   -0.0090122499

  -30.155897   -119.276109    0.0065147780
  -30.155897   -103.372628    0.0056991098
  -30.155897    -87.469147    0.0048635814
  -30.155897    -71.565666    0.0040096369
  -30.155897    -55.662184    0.0031391545
  -30.155897    -39.758703    0.0022544662
  -30.155897    -23.855222    0.0013583623
  -30.155897     -7.951741    0.0004540802
  -30.155897      7.951741   -0.0004547224
  -30.155897     23.855222   -0.0013640097
  -30.155897     39.758703   -0.0022694260
  -30.155897     55.662184   -0.0031663686
  -30.155897     71.565666   -0.0040500774
  -30.155897     87.469147   -0.0049157393
  -30.155897    103.372628   -0.0057586082
  -30.155897    119.276109   -0.0065741409

  -25.516528   -119.276109    0.0045400974
  -25.516528   -103.372628    0.0039728268
  -25.516528    -87.469147    0.0033913922
  -25.516528    -71.565666    0.0027967572
  -25.516528    -55.662184    0.0021902125
  -25.516528    -39.758703    0.0015733847
  -25.516528    -23.855222    0.0009482362
  -25.516528     -7.951741    0.0003170544
  -25.516528      7.951741   -0.0003175682
  -25.516528     23.855222   -0.0009527646
  -25.516528     39.758703   -0.0015854328
  -25.516528     55.662184   -0.0022122864
  -25.516528     71.565666   -0.0028299137
  -25.516528     87.469147   -0.0034348480
  -25.516528    103.372628   -0.0040236464
  -25.516528    119.276109   -0.0045929801

  -20.877160   -119.276109    0.0029723959
  -20.877160   -103.372628    0.0026016475
  -20.877160    -87.469147    0.0022214698
  -20.877160    -71.565666    0.0018324439
  -20.877160    -55.662184    0.0014353949
  -20.877160    -39.758703    0.0010313887
  -20.877160    -23.855222    0.0006217245
  -20.877160     -7.951741    0.0002079219
  -20.877160      7.951741   -0.0002082953
  -20.877160     23.855222   -0.0006250209
  -20.877160     39.758703   -0.0010401922
  -20.877160     55.662184   -0.0014516201
  -20.877160     71.565666   -0.0018570247
  -20.877160     87.469147   -0.0022540741
  -20.877160    103.372628   -0.0026404289
  -20.877160    119.276109   -0.0030137908

  -16.237791   -119.276109    0.0017667630
  -16.237791   -103.372628    0.0015467026
  -16.237791    -87.469147    0.0013209719
  -16.237791    -71.565666    0.0010898816
  -16.237791    -55.662184    0.0008539087
  -16.237791    -39.758703    0.0006136872
  -16.237791    -23.855222    0.0003699981
  -16.237791     -7.951741    0.0001237573
  -16.237791      7.951741   -0.0001239970
  -16.237791     23.855222   -0.0003721183
  -16.237791     39.758703   -0.0006193669
  -16.237791     55.662184   -0.0008644265
  -16.237791     71.565666   -0.0011059219
  -16.237791     87.469147   -0.0013424374
  -16.237791    103.372628   -0.0015725371
  -16.237791    119.276109   -0.0017947858

  -11.598422   -119.276109    0.0008897087
  -11.598422   -103.372628    0.0007790078
  -11.598422    -87.469147    0.0006654294
  -11.598422    -71.565666    0.0005491135
  -11.598422    -55.662184    0.0004302938
  -11.598422    -39.758703    0.0003092900
  -11.598422    -23.855222    0.0001864992
  -11.598422     -7.951741    0.0000623879
  -11.598422      7.951741   -0.0000625154
  -11.598422     23.855222   -0.0001876285
  -11.598422     39.758703   -0.0003123224
  -11.598422     55.662184   -0.0004359294
  -11.598422     71.565666   -0.0005577500
  -11.598422     87.469147   -0.0006770601
  -11.598422    103.372628   -0.0007931179
  -11.598422    119.276109   -0.0009051709

   -6.959053   -119.276109    0.0003175377
   -6.959053   -103.372628    0.0002780565
   -6.959053    -87.469147    0.0002375436
   -6.959053    -71.565666    0.0001960444
   -6.959053    -55.662184    0.0001536405
   -6.959053    -39.758703    0.0001104462
   -6.959053    -23.855222    0.0000666041
   -6.959053     -7.951741    0.0000222823
   -6.959053      7.951741   -0.0000223294
   -6.959053     23.855222   -0.0000670220
   -6.959053     39.758703   -0.0001115700
   -6.959053     55.662184   -0.0001557341
   -6.959053     71.565666   -0.0001992630
   -6.959053     87.469147   -0.0002418957
   -6.959053    103.372628   -0.0002833627
   -6.959053    119.276109   -0.0003233877

   -2.319684   -119.276109    0.0000351305
   -2.319684   -103.372628    0.0000307641
   -2.319684    -87.469147    0.0000262833
   -2.319684    -71.565666    0.0000216928
   -2.319684    -55.662184    0.0000170017
   -2.319684    -39.758703    0.0000122225
   -2.319684    -23.855222    0.0000073711
   -2.319684     -7.951741    0.0000024661
   -2.319684      7.951741   -0.0000024714
   -2.319684     23.855222   -0.0000074181
   -2.319684     39.758703   -0.0000123491
   -2.319684     55.662184   -0.0000172379
   -2.319684     71.565666   -0.0000220566
   -2.319684     87.469147   -0.0000267761
   -2.319684    103.372628   -0.0000313663
   -2.319684    119.276109   -0.0000357964

    2.319684   -119.276109    0.0000351305
    2.319684   -103.372628    0.0000307641
    2.319684    -87.469147    0.0000262833
    2.319684    -71.565666    0.0000216928
    2.319684    -55.662184    0.0000170017
    2.319684    -39.758703    0.0000122225
    2.319684    -23.855222    0.0000073711
    2.319684     -7.951741    0.0000024661
    2.319684      7.951741   -0.0000024714
    2.319684     23.855222   -0.0000074181
    2.319684     39.758703   -0.0000123491
    2.319684     55.662184   -0.0000172379
    2.319684     71.565666   -0.0000220566
    2.319684     87.469147   -0.0000267761
    2.319684    103.372628   -0.0000313663
    2.319684    119.276109   -0.0000357964

    6.959053   -119.276109    0.0003175377
    6.959053   -103.372628    0.0002780565
    6.959053    -87.469147    0.0002375436
    6.959053    -71.565666    0.0001960444
    6.959053    -55.662184    0.0001536405
    6.959053    -39.758703    0.0001104462
    6.959053    -23.855222    0.0000666041
    6.959053     -7.951741    0.0000222823
    6.959053      7.951741   -0.0000223294
    6.959053     23.855222   -0.0000670220
    6.959053     39.758703   -0.0001115700
    6.959053     55.662184   -0.0001557341
    6.959053     71.565666   -0.0001992630
    6.959053     87.469147   -0.0002418957
    6.959053    103.372628   -0.0002833627
    6.959053    119.276109   -0.0003233877

   11.598422   -119.276109    0.0008897087
   11.598422   -103.372628    0.0007790078
   11.598422    -87.469147    0.0006654294
   11.598422    -71.565666    0.0005491135
   11.598422    -55.662184    0.0004302938
   11.598422    -39.758703    0.0003092900
   11.598422    -23.855222    0.0001864992
   11.598422     -7.951741    0.0000623879
   11.598422      7.951741   -0.0000625154
   11.598422     23.855222   -0.0001876285
   11.598422     39.758703   -0.0003123224
   11.598422     55.662184   -0.0004359294
   11.598422     71.565666   -0.0005577500
   11.598422     87.469147   -0.0006770601
   11.598422    103.372628   -0.0007931179
   11.598422    119.276109   -0.0009051709

   16.237791   -119.276109    0.0017667630
   16.237791   -103.372628    0.0015467026
   16.237791    -87.469147    0.0013209719
   16.237791    -71.565666    0.0010898816
   16.237791    -55.662184    0.0008539087
   16.237791    -39.758703    0.0006136872
   16.237791    -23.855222    0.0003699981
   16.237791     -7.951741    0.0001237573
   16.237791      7.951741   -0.0001239970
   16.237791     23.855222   -0.0003721183
   16.237791     39.758703   -0.0006193669
   16.237791     55.662184   -0.0008644265
   16.237791     71.565666   -0.0011059219
   16.237791     87.469147   -0.0013424374
   16.237791    103.372628   -0.0015725371
   16.237791    119.276109   -0.0017947858

   20.877160   -119.276109    0.0029723959
   20.877160   -103.372628    0.0026016475
   20.877160    -87.469147    0.0022214698
   20.877160    -71.565666    0.0018324439
   20.877160    -55.662184    0.0014353949
   20.877160    -39.758703    0.0010313887
   20.877160    -23.855222    0.0006217245
   20.877160     -7.951741    0.0002079219
   20.877160      7.951741   -0.0002082953
   20.877160     23.855222   -0.0006250209
   20.877160     39.758703   -0.0010401922
   20.877160     55.662184   -0.0014516201
   20.877160     71.565666   -0.0018570247
   20.877160     87.469147   -0.0022540741
   20.877160    103.372628   -0.0026404289
   20.877160    119.276109   -0.0030137908

   25.516528   -119.276109    0.0045400974
   25.516528   -103.372628    0.0039728268
   25.516528    -87.469147    0.0033913922
   25.516528    -71.565666    0.0027967572
   25.516528    -55.662184    0.0021902125
   25.516528    -39.758703    0.0015733847
   25.516528    -23.855222    0.0009482362
   25.516528     -7.951741    0.0003170544
   25.516528      7.951741   -0.0003175682
   25.516528     23.855222   -0.0009527646
   25.516528     39.758703   -0.0015854328
   25.516528     55.662184   -0.0022122864
   25.516528     71.565666   -0.0028299137
   25.516528     87.469147   -0.0034348480
   25.516528    103.372628   -0.0040236464
   25.516528    119.276109   -0.0045929801

   30.155897   -119.276109    0.0065147780
   30.155897   -103.372628    0.0056991098
   30.155897    -87.469147    0.0048635814
   30.155897    -71.565666    0.0040096369
   30.155897    -55.662184    0.0031391545
   30.155897    -39.758703    0.0022544662
   30.155897    -23.855222    0.0013583623
   30.155897     -7.951741    0.0004540802
   30.155897      7.951741   -0.0004547224
   30.155897     23.855222   -0.0013640097
   30.155897     39.758703   -0.0022694260
   30.155897     55.662184   -0.0031663686
   30.155897     71.565666   -0.0040500774
   30.155897     87.469147   -0.0049157393
   30.155897    103.372628   -0.0057586082
   30.155897    119.276109   -0.0065741409

   34.795266   -119.276109    0.0089548003
   34.795266   -103.372628    0.0078310101
   34.795266    -87.469147    0.0066807575
   34.795266    -71.565666    0.0055060032
   34.795266    -55.662184    0.0043093257
   34.795266    -39.758703    0.0030939276
   34.795266    -23.855222    0.0018636246
   34.795266     -7.951741    0.0006228178
   34.795266      7.951741   -0.0006235518
   34.795266     23.855222   -0.0018700656
   34.795266     39.758703   -0.0031109071
   34.795266     55.662184   -0.0043399589
   34.795266     71.565666   -0.0055509164
   34.795266     87.469147   -0.0067374193
   34.795266    103.372628   -0.0078932002
   34.795266    119.276109   -0.0090122499

