  -50.614883    -55.127356    0.0001779837
  -50.614883    -47.777042    0.0001428800
  -50.614883    -40.426728    0.0001079413
  -50.614883    -33.076414    0.0000754060
  -50.614883    -25.726100    0.0000471393
  -50.614883    -18.375785    0.0000246336
  -50.614883    -11.025471    0.0000090080
  -50.614883     -3.675157    0.0000010087
  -50.614883      3.675157    0.0000010087
  -50.614883     11.025471    0.0000090080
  -50.614883     18.375785    0.0000246336
  -50.614883     25.726100    0.0000471393
  -50.614883     33.076414    0.0000754060
  -50.614883     40.426728    0.0001079413
  -50.614883     47.777042    0.0001428800
  -50.614883     55.127356    0.0001779837

  -43.866232    -55.127356    0.0001413073
  -43.866232    -47.777042    0.0001135850
  -43.866232    -40.426728    0.0000858946
  -43.866232    -33.076414    0.0000600494
  -43.866232    -25.726100    0.0000375601
  -43.866232    -18.375785    0.0000196355
  -43.866232    -11.025471    0.0000071821
  -43.866232     -3.675157    0.0000008043
  -43.866232      3.675157    0.0000008043
  -43.866232     11.025471    0.0000071821
  -43.866232     18.375785    0.0000196355
  -43.866232     25.726100    0.0000375601
  -43.866232     33.076414    0.0000600494
  -43.866232     40.426728    0.0000858946
  -43.866232     47.777042    0.0001135850
  -43.866232     55.127356    0.0001413073

  -37.117581    -55.127356    0.0001058501
  -37.117581    -47.777042    0.0000851697
  -37.117581    -40.426728    0.0000644557
  -37.117581    -33.076414    0.0000450873
  -37.117581    -25.726100    0.0000282135
  -37.117581    -18.375785    0.0000147538
  -37.117581    -11.025471    0.0000053975
  -37.117581     -3.675157    0.0000006045
  -37.117581      3.675157    0.0000006045
  -37.117581     11.025471    0.0000053975
  -37.117581     18.375785    0.0000147538
  -37.117581     25.726100    0.0000282135
  -37.117581     33.076414    0.0000450873
  -37.117581     40.426728    0.0000644557
  -37.117581     47.777042    0.0000851697
  -37.117581     55.127356    0.0001058501

  -30.368930    -55.127356    0.0000734676
  -30.368930    -47.777042    0.0000591596
  -30.368930    -40.426728    0.0000447977
  -30.368930    -33.076414    0.0000313502
  -30.368930    -25.726100    0.0000196239
  -30.368930    -18.375785    0.0000102643
  -30.368930    -11.025471    0.0000037557
  -30.368930     -3.675157    0.0000004207
  -30.368930      3.675157    0.0000004207
  -30.368930     11.025471    0.0000037557
  -30.368930     18.375785    0.0000102643
  -30.368930     25.726100    0.0000196239
  -30.368930     33.076414    0.0000313502
  -30.368930     40.426728    0.0000447977
  -30.368930     47.777042    0.0000591596
  -30.368930     55.127356    0.0000734677

  -23.620279    -55.127356    0.0000457062
  -23.620279    -47.777042    0.0000368261
  -23.620279    -40.426728    0.0000278982
  -23.620279    -33.076414    0.0000195301
  -23.620279    -25.726100    0.0000122280
  -23.620279    -18.375785    0.0000063970
  -23.620279    -11.025471    0.0000023409
  -23.620279     -3.675157    0.0000002622
  -23.620279      3.675157    0.0000002622
  -23.620279     11.025471    0.0000023409
  -23.620279     18.375785    0.0000063970
  -23.620279     25.726100    0.0000122280
  -23.620279     33.076414    0.0000195301
  -23.620279     40.426728    0.0000278982
  -23.620279     47.777042    0.0000368261
  -23.620279     55.127356    0.0000457062

  -16.871628    -55.127356    0.0000238027
  -16.871628    -47.777042    0.0000191861
  -16.871628    -40.426728    0.0000145393
  -16.871628    -33.076414    0.0000101806
  -16.871628    -25.726100    0.0000063753
  -16.871628    -18.375785    0.0000033356
  -16.871628    -11.025471    0.0000012207
  -16.871628     -3.675157    0.0000001367
  -16.871628      3.675157    0.0000001367
  -16.871628     11.025471    0.0000012207
  -16.871628     18.375785    0.0000033356
  -16.871628     25.726100    0.0000063753
  -16.871628     33.076414    0.0000101806
  -16.871628     40.426728    0.0000145393
  -16.871628     47.777042    0.0000191861
  -16.871628     55.127356    0.0000238027

  -10.122977    -55.127356    0.0000086849
  -10.122977    -47.777042    0.0000070023
  -10.122977    -40.426728    0.0000053075
  -10.122977    -33.076414    0.0000037169
  -10.122977    -25.726100    0.0000023279
  -10.122977    -18.375785    0.0000012180
  -10.122977    -11.025471    0.0000004458
  -10.122977     -3.675157    0.0000000499
  -10.122977      3.675157    0.0000000499
  -10.122977     11.025471    0.0000004458
  -10.122977     18.375785    0.0000012180
  -10.122977     25.726100    0.0000023279
  -10.122977     33.076414    0.0000037169
  -10.122977     40.426728    0.0000053075
  -10.122977     47.777042    0.0000070023
  -10.122977     55.127356    0.0000086849

   -3.374326    -55.127356    0.0000009714
   -3.374326    -47.777042    0.0000007833
   -3.374326    -40.426728    0.0000005938
   -3.374326    -33.076414    0.0000004159
   -3.374326    -25.726100    0.0000002605
   -3.374326    -18.375785    0.0000001363
   -3.374326    -11.025471    0.0000000499
   -3.374326     -3.675157    0.0000000056
   -3.374326      3.675157    0.0000000056
   -3.374326     11.025471    0.0000000499
   -3.374326     18.375785    0.0000001363
   -3.374326     25.726100    0.0000002605
   -3.374326     33.076414    0.0000004159
   -3.374326     40.426728    0.0000005938
   -3.374326     47.777042    0.0000007833
   -3.374326     55.127356    0.0000009714

    3.374326    -55.127356    0.0000009714
    3.374326    -47.777042    0.0000007833
    3.374326    -40.426728    0.0000005938
    3.374326    -33.076414    0.0000004159
    3.374326    -25.726100    0.0000002605
    3.374326    -18.375785    0.0000001363
    3.374326    -11.025471    0.0000000499
    3.374326     -3.675157    0.0000000056
    3.374326      3.675157    0.0000000056
    3.374326     11.025471    0.0000000499
    3.374326     18.375785    0.0000001363
    3.374326     25.726100    0.0000002605
    3.374326     33.076414    0.0000004159
    3.374326     40.426728    0.0000005938
    3.374326     47.777042    0.0000007833
    3.374326     55.127356    0.0000009714

   10.122977    -55.127356    0.0000086849
   10.122977    -47.777042    0.0000070023
   10.122977    -40.426728    0.0000053075
   10.122977    -33.076414    0.0000037169
   10.122977    -25.726100    0.0000023279
   10.122977    -18.375785    0.0000012180
   10.122977    -11.025471    0.0000004458
   10.122977     -3.675157    0.0000000499
   10.122977      3.675157    0.0000000499
   10.122977     11.025471    0.0000004458
   10.122977     18.375785    0.0000012180
   10.122977     25.726100    0.0000023279
   10.122977     33.076414    0.0000037169
   10.122977     40.426728    0.0000053075
   10.122977     47.777042    0.0000070023
   10.122977     55.127356    0.0000086849

   16.871628    -55.127356    0.0000238027
   16.871628    -47.777042    0.0000191861
   16.871628    -40.426728    0.0000145393
   16.871628    -33.076414    0.0000101806
   16.871628    -25.726100    0.0000063753
   16.871628    -18.375785    0.0000033356
   16.871628    -11.025471    0.0000012207
   16.871628     -3.675157    0.0000001367
   16.871628      3.675157    0.0000001367
   16.871628     11.025471    0.0000012207
   16.871628     18.375785    0.0000033356
   16.871628     25.726100    0.0000063753
   16.871628     33.076414    0.0000101806
   16.871628     40.426728    0.0000145393
   16.871628     47.777042    0.0000191861
   16.871628     55.127356    0.0000238027

   23.620279    -55.127356    0.0000457062
   23.620279    -47.777042    0.0000368261
   23.620279    -40.426728    0.0000278982
   23.620279    -33.076414    0.0000195301
   23.620279    -25.726100    0.0000122280
   23.620279    -18.375785    0.0000063970
   23.620279    -11.025471    0.0000023409
   23.620279     -3.675157    0.0000002622
   23.620279      3.675157    0.0000002622
   23.620279     11.025471    0.0000023409
   23.620279     18.375785    0.0000063970
   23.620279     25.726100    0.0000122280
   23.620279     33.076414    0.0000195301
   23.620279     40.426728    0.0000278982
   23.620279     47.777042    0.0000368261
   23.620279     55.127356    0.0000457062

   30.368930    -55.127356    0.0000734676
   30.368930    -47.777042    0.0000591596
   30.368930    -40.426728    0.0000447977
   30.368930    -33.076414    0.0000313502
   30.368930    -25.726100    0.0000196239
   30.368930    -18.375785    0.0000102643
   30.368930    -11.025471    0.0000037557
   30.368930     -3.675157    0.0000004207
   30.368930      3.675157    0.0000004207
   30.368930     11.025471    0.0000037557
   30.368930     18.375785    0.0000102643
   30.368930     25.726100    0.0000196239
   30.368930     33.076414    0.0000313502
   30.368930     40.426728    0.0000447977
   30.368930     47.777042    0.0000591596
   30.368930     55.127356    0.0000734677

   37.117581    -55.127356    0.0001058501
   37.117581    -47.777042    0.0000851697
   37.117581    -40.426728    0.0000644557
   37.117581    -33.076414    0.0000450873
   37.117581    -25.726100    0.0000282135
   37.117581    -18.375785    0.0000147538
   37.117581    -11.025471    0.0000053975
   37.117581     -3.675157    0.0000006045
   37.117581      3.675157    0.0000006045
   37.117581     11.025471    0.0000053975
   37.117581     18.375785    0.0000147538
   37.117581     25.726100    0.0000282135
   37.117581     33.076414    0.0000450873
   37.117581     40.426728    0.0000644557
   37.117581     47.777042    0.0000851697
   37.117581     55.127356    0.0001058501

   43.866232    -55.127356    0.0001413073
   43.866232    -47.777042    0.0001135850
   43.866232    -40.426728    0.0000858946
   43.866232    -33.076414    0.0000600494
   43.866232    -25.726100    0.0000375601
   43.866232    -18.375785    0.0000196355
   43.866232    -11.025471    0.0000071821
   43.866232     -3.675157    0.0000008043
   43.866232      3.675157    0.0000008043
   43.866232     11.025471    0.0000071821
   43.866232     18.375785    0.0000196355
   43.866232     25.726100    0.0000375601
   43.866232     33.076414    0.0000600494
   43.866232     40.426728    0.0000858946
   43.866232     47.777042    0.0001135850
   43.866232     55.127356    0.0001413073

   50.614883    -55.127356    0.0001779837
   50.614883    -47.777042    0.0001428800
   50.614883    -40.426728    0.0001079413
   50.614883    -33.076414    0.0000754060
   50.614883    -25.726100    0.0000471393
   50.614883    -18.375785    0.0000246336
   50.614883    -11.025471    0.0000090080
   50.614883     -3.675157    0.0000010087
   50.614883      3.675157    0.0000010087
   50.614883     11.025471    0.0000090080
   50.614883     18.375785    0.0000246336
   50.614883     25.726100    0.0000471393
   50.614883     33.076414    0.0000754060
   50.614883     40.426728    0.0001079413
   50.614883     47.777042    0.0001428800
   50.614883     55.127356    0.0001779837

