  -44.510090    -50.619018    0.0008972169
  -44.510090    -43.869816    0.0007207167
  -44.510090    -37.120613    0.0005465081
  -44.510090    -30.371411    0.0003836883
  -44.510090    -23.622208    0.0002410735
  -44.510090    -16.873006    0.0001265258
  -44.510090    -10.123804    0.0000464131
  -44.510090     -3.374601    0.0000052056
  -44.510090      3.374601    0.0000052056
  -44.510090     10.123804    0.0000464131
  -44.510090     16.873006    0.0001265258
  -44.510090     23.622208    0.0002410735
  -44.510090     30.371411    0.0003836883
  -44.510090     37.120613    0.0005465081
  -44.510090     43.869816    0.0007207167
  -44.510090     50.619018    0.0008972169

  -39.273609    -50.619018    0.0009761699
  -39.273609    -43.869816    0.0007749905
  -39.273609    -37.120613    0.0005823530
  -39.273609    -30.371411    0.0004060364
  -39.273609    -23.622208    0.0002538091
  -39.273609    -16.873006    0.0001327277
  -39.273609    -10.123804    0.0000485755
  -39.273609     -3.374601    0.0000054419
  -39.273609      3.374601    0.0000054419
  -39.273609     10.123804    0.0000485755
  -39.273609     16.873006    0.0001327277
  -39.273609     23.622208    0.0002538091
  -39.273609     30.371411    0.0004060364
  -39.273609     37.120613    0.0005823530
  -39.273609     43.869816    0.0007749905
  -39.273609     50.619018    0.0009761699

  -34.037128    -50.619018    0.0010128044
  -34.037128    -43.869816    0.0007976985
  -34.037128    -37.120613    0.0005953930
  -34.037128    -30.371411    0.0004128440
  -34.037128    -23.622208    0.0002569473
  -34.037128    -16.873006    0.0001339389
  -34.037128    -10.123804    0.0000489154
  -34.037128     -3.374601    0.0000054743
  -34.037128      3.374601    0.0000054743
  -34.037128     10.123804    0.0000489154
  -34.037128     16.873006    0.0001339389
  -34.037128     23.622208    0.0002569473
  -34.037128     30.371411    0.0004128440
  -34.037128     37.120613    0.0005953930
  -34.037128     43.869816    0.0007976985
  -34.037128     50.619018    0.0010128044

  -28.800647    -50.619018    0.0010045744
  -28.800647    -43.869816    0.0007865955
  -28.800647    -37.120613    0.0005840752
  -28.800647    -30.371411    0.0004032243
  -28.800647    -23.622208    0.0002500740
  -28.800647    -16.873006    0.0001300095
  -28.800647    -10.123804    0.0000473961
  -28.800647     -3.374601    0.0000052995
  -28.800647      3.374601    0.0000052995
  -28.800647     10.123804    0.0000473961
  -28.800647     16.873006    0.0001300095
  -28.800647     23.622208    0.0002500740
  -28.800647     30.371411    0.0004032243
  -28.800647     37.120613    0.0005840752
  -28.800647     43.869816    0.0007865955
  -28.800647     50.619018    0.0010045744

  -23.564166    -50.619018    0.0009485278
  -23.564166    -43.869816    0.0007393075
  -23.564166    -37.120613    0.0005467237
  -23.564166    -30.371411    0.0003761252
  -23.564166    -23.622208    0.0002326091
  -23.564166    -16.873006    0.0001206715
  -23.564166    -10.123804    0.0000439289
  -23.564166     -3.374601    0.0000049083
  -23.564166      3.374601    0.0000049083
  -23.564166     10.123804    0.0000439289
  -23.564166     16.873006    0.0001206715
  -23.564166     23.622208    0.0002326091
  -23.564166     30.371411    0.0003761252
  -23.564166     37.120613    0.0005467237
  -23.564166     43.869816    0.0007393075
  -23.564166     50.619018    0.0009485278

  -18.327684    -50.619018    0.0008412524
  -18.327684    -43.869816    0.0006532281
  -18.327684    -37.120613    0.0004814758
  -18.327684    -30.371411    0.0003303161
  -18.327684    -23.622208    0.0002038214
  -18.327684    -16.873006    0.0001055589
  -18.327684    -10.123804    0.0000383841
  -18.327684     -3.374601    0.0000042864
  -18.327684      3.374601    0.0000042864
  -18.327684     10.123804    0.0000383841
  -18.327684     16.873006    0.0001055589
  -18.327684     23.622208    0.0002038214
  -18.327684     30.371411    0.0003303161
  -18.327684     37.120613    0.0004814758
  -18.327684     43.869816    0.0006532281
  -18.327684     50.619018    0.0008412524

  -13.091203    -50.619018    0.0006788140
  -13.091203    -43.869816    0.0005254201
  -13.091203    -37.120613    0.0003862204
  -13.091203    -30.371411    0.0002643698
  -13.091203    -23.622208    0.0001628375
  -13.091203    -16.873006    0.0000842209
  -13.091203    -10.123804    0.0000305979
  -13.091203     -3.374601    0.0000034154
  -13.091203      3.374601    0.0000034154
  -13.091203     10.123804    0.0000305979
  -13.091203     16.873006    0.0000842209
  -13.091203     23.622208    0.0001628375
  -13.091203     30.371411    0.0002643698
  -13.091203     37.120613    0.0003862204
  -13.091203     43.869816    0.0005254201
  -13.091203     50.619018    0.0006788140

   -7.854722    -50.619018    0.0004566857
   -7.854722    -43.869816    0.0003525225
   -7.854722    -37.120613    0.0002585374
   -7.854722    -30.371411    0.0001766413
   -7.854722    -23.622208    0.0001086430
   -7.854722    -16.873006    0.0000561306
   -7.854722    -10.123804    0.0000203781
   -7.854722     -3.374601    0.0000022738
   -7.854722      3.374601    0.0000022738
   -7.854722     10.123804    0.0000203781
   -7.854722     16.873006    0.0000561306
   -7.854722     23.622208    0.0001086430
   -7.854722     30.371411    0.0001766413
   -7.854722     37.120613    0.0002585374
   -7.854722     43.869816    0.0003525225
   -7.854722     50.619018    0.0004566857

   -2.618241    -50.619018    0.0001696698
   -2.618241    -43.869816    0.0001306622
   -2.618241    -37.120613    0.0000956398
   -2.618241    -30.371411    0.0000652413
   -2.618241    -23.622208    0.0000400773
   -2.618241    -16.873006    0.0000206874
   -2.618241    -10.123804    0.0000075061
   -2.618241     -3.374601    0.0000008373
   -2.618241      3.374601    0.0000008373
   -2.618241     10.123804    0.0000075061
   -2.618241     16.873006    0.0000206874
   -2.618241     23.622208    0.0000400773
   -2.618241     30.371411    0.0000652413
   -2.618241     37.120613    0.0000956398
   -2.618241     43.869816    0.0001306622
   -2.618241     50.619018    0.0001696698

    2.618241    -50.619018   -0.0001881894
    2.618241    -43.869816   -0.0001446294
    2.618241    -37.120613   -0.0001056839
    2.618241    -30.371411   -0.0000719939
    2.618241    -23.622208   -0.0000441778
    2.618241    -16.873006   -0.0000227860
    2.618241    -10.123804   -0.0000082632
    2.618241     -3.374601   -0.0000009215
    2.618241      3.374601   -0.0000009215
    2.618241     10.123804   -0.0000082632
    2.618241     16.873006   -0.0000227860
    2.618241     23.622208   -0.0000441778
    2.618241     30.371411   -0.0000719939
    2.618241     37.120613   -0.0001056839
    2.618241     43.869816   -0.0001446294
    2.618241     50.619018   -0.0001881894

    7.854722    -50.619018   -0.0006237009
    7.854722    -43.869816   -0.0004784941
    7.854722    -37.120613   -0.0003491247
    7.854722    -30.371411   -0.0002375369
    7.854722    -23.622208   -0.0001456178
    7.854722    -16.873006   -0.0000750517
    7.854722    -10.123804   -0.0000272039
    7.854722     -3.374601   -0.0000030331
    7.854722      3.374601   -0.0000030331
    7.854722     10.123804   -0.0000272039
    7.854722     16.873006   -0.0000750517
    7.854722     23.622208   -0.0001456178
    7.854722     30.371411   -0.0002375369
    7.854722     37.120613   -0.0003491247
    7.854722     43.869816   -0.0004784941
    7.854722     50.619018   -0.0006237009

   13.091203    -50.619018   -0.0011446301
   13.091203    -43.869816   -0.0008768201
   13.091203    -37.120613   -0.0006389068
   13.091203    -30.371411   -0.0004342082
   13.091203    -23.622208   -0.0002659403
   13.091203    -16.873006   -0.0001369715
   13.091203    -10.123804   -0.0000496249
   13.091203     -3.374601   -0.0000055316
   13.091203      3.374601   -0.0000055316
   13.091203     10.123804   -0.0000496249
   13.091203     16.873006   -0.0001369715
   13.091203     23.622208   -0.0002659403
   13.091203     30.371411   -0.0004342082
   13.091203     37.120613   -0.0006389068
   13.091203     43.869816   -0.0008768201
   13.091203     50.619018   -0.0011446301

   18.327684    -50.619018   -0.0017598111
   18.327684    -43.869816   -0.0013463101
   18.327684    -37.120613   -0.0009798397
   18.327684    -30.371411   -0.0006652186
   18.327684    -23.622208   -0.0004070780
   18.327684    -16.873006   -0.0002095257
   18.327684    -10.123804   -0.0000758775
   18.327684     -3.374601   -0.0000084560
   18.327684      3.374601   -0.0000084560
   18.327684     10.123804   -0.0000758775
   18.327684     16.873006   -0.0002095257
   18.327684     23.622208   -0.0004070780
   18.327684     30.371411   -0.0006652186
   18.327684     37.120613   -0.0009798397
   18.327684     43.869816   -0.0013463101
   18.327684     50.619018   -0.0017598111

   23.564166    -50.619018   -0.0024792663
   23.564166    -43.869816   -0.0018945440
   23.564166    -37.120613   -0.0013773687
   23.564166    -30.371411   -0.0009342172
   23.564166    -23.622208   -0.0005712374
   23.564166    -16.873006   -0.0002938391
   23.564166    -10.123804   -0.0001063663
   23.564166     -3.374601   -0.0000118513
   23.564166      3.374601   -0.0000118513
   23.564166     10.123804   -0.0001063663
   23.564166     16.873006   -0.0002938391
   23.564166     23.622208   -0.0005712374
   23.564166     30.371411   -0.0009342172
   23.564166     37.120613   -0.0013773687
   23.564166     43.869816   -0.0018945440
   23.564166     50.619018   -0.0024792663

   28.800647    -50.619018   -0.0033143349
   28.800647    -43.869816   -0.0025300371
   28.800647    -37.120613   -0.0018376238
   28.800647    -30.371411   -0.0012453422
   28.800647    -23.622208   -0.0007609452
   28.800647    -16.873006   -0.0003912118
   28.800647    -10.123804   -0.0001415621
   28.800647     -3.374601   -0.0000157698
   28.800647      3.374601   -0.0000157698
   28.800647     10.123804   -0.0001415621
   28.800647     16.873006   -0.0003912118
   28.800647     23.622208   -0.0007609452
   28.800647     30.371411   -0.0012453422
   28.800647     37.120613   -0.0018376238
   28.800647     43.869816   -0.0025300371
   28.800647     50.619018   -0.0033143349

   34.037128    -50.619018   -0.0042778094
   34.037128    -43.869816   -0.0032622924
   34.037128    -37.120613   -0.0023674667
   34.037128    -30.371411   -0.0016032769
   34.037128    -23.622208   -0.0009791010
   34.037128    -16.873006   -0.0005031551
   34.037128    -10.123804   -0.0001820180
   34.037128     -3.374601   -0.0000202737
   34.037128      3.374601   -0.0000202737
   34.037128     10.123804   -0.0001820180
   34.037128     16.873006   -0.0005031551
   34.037128     23.622208   -0.0009791010
   34.037128     30.371411   -0.0016032769
   34.037128     37.120613   -0.0023674667
   34.037128     43.869816   -0.0032622924
   34.037128     50.619018   -0.0042778094

