  -50.614883   -100.911229    0.0125832216
  -50.614883    -87.456398    0.0101891154
  -50.614883    -74.001568    0.0078984039
  -50.614883    -60.546737    0.0057934305
  -50.614883    -47.091907    0.0039433228
  -50.614883    -33.637076    0.0023988076
  -50.614883    -20.182246    0.0011882657
  -50.614883     -6.727415    0.0003154505
  -50.614883      6.727415   -0.0002408689
  -50.614883     20.182246   -0.0005252484
  -50.614883     33.637076   -0.0006019667
  -50.614883     47.091907   -0.0005497191
  -50.614883     60.546737   -0.0004550144
  -50.614883     74.001568   -0.0004048463
  -50.614883     87.456398   -0.0004793782
  -50.614883    100.911229   -0.0007455468

  -43.866232   -100.911229    0.0102586279
  -43.866232    -87.456398    0.0081764156
  -43.866232    -74.001568    0.0062603999
  -43.866232    -60.546737    0.0045240106
  -43.866232    -47.091907    0.0030190013
  -43.866232    -33.637076    0.0017907326
  -43.866232    -20.182246    0.0008599138
  -43.866232     -6.727415    0.0002197481
  -43.866232      6.727415   -0.0001598824
  -43.866232     20.182246   -0.0003268617
  -43.866232     33.637076   -0.0003428900
  -43.866232     47.091907   -0.0002814235
  -43.866232     60.546737   -0.0002250910
  -43.866232     74.001568   -0.0002574853
  -43.866232     87.456398   -0.0004415302
  -43.866232    100.911229   -0.0007739336

  -37.117581   -100.911229    0.0080478838
  -37.117581    -87.456398    0.0063373280
  -37.117581    -74.001568    0.0047659171
  -37.117581    -60.546737    0.0033723593
  -37.117581    -47.091907    0.0021966339
  -37.117581    -33.637076    0.0012653190
  -37.117581    -20.182246    0.0005851925
  -37.117581     -6.727415    0.0001421945
  -37.117581      6.727415   -0.0000965068
  -37.117581     20.182246   -0.0001789655
  -37.117581     33.637076   -0.0001643920
  -37.117581     47.091907   -0.0001188954
  -37.117581     60.546737   -0.0001107127
  -37.117581     74.001568   -0.0002039556
  -37.117581     87.456398   -0.0004492612
  -37.117581    100.911229   -0.0008690867

  -30.368930   -100.911229    0.0060093784
  -30.368930    -87.456398    0.0046639783
  -30.368930    -74.001568    0.0034361924
  -30.368930    -60.546737    0.0023722089
  -30.368930    -47.091907    0.0015003144
  -30.368930    -33.637076    0.0008328709
  -30.368930    -20.182246    0.0003666675
  -30.368930     -6.727415    0.0000830990
  -30.368930      6.727415   -0.0000508262
  -30.368930     20.182246   -0.0000800901
  -30.368930     33.637076   -0.0000577716
  -30.368930     47.091907   -0.0000399890
  -30.368930     60.546737   -0.0000804620
  -30.368930     74.001568   -0.0002259203
  -30.368930     87.456398   -0.0005140347
  -30.368930    100.911229   -0.0009759904

  -23.620279   -100.911229    0.0041931666
  -23.620279    -87.456398    0.0031934761
  -23.620279    -74.001568    0.0022993321
  -23.620279    -60.546737    0.0015427210
  -23.620279    -47.091907    0.0009407566
  -23.620279    -33.637076    0.0004974804
  -23.620279    -20.182246    0.0002045346
  -23.620279     -6.727415    0.0000417780
  -23.620279      6.727415   -0.0000214286
  -23.620279     20.182246   -0.0000238885
  -23.620279     33.637076   -0.0000091480
  -23.620279     47.091907   -0.0000212997
  -23.620279     60.546737   -0.0001006633
  -23.620279     74.001568   -0.0002803429
  -23.620279     87.456398   -0.0005850053
  -23.620279    100.911229   -0.0010335678

  -16.871628   -100.911229    0.0026372321
  -16.871628    -87.456398    0.0019622452
  -16.871628    -74.001568    0.0013753562
  -16.871628    -60.546737    0.0008915570
  -16.871628    -47.091907    0.0005189369
  -16.871628    -33.637076    0.0002568429
  -16.871628    -20.182246    0.0000954278
  -16.871628     -6.727415    0.0000163451
  -16.871628      6.727415   -0.0000056522
  -16.871628     20.182246   -0.0000004551
  -16.871628     33.637076    0.0000000711
  -16.871628     47.091907   -0.0000350793
  -16.871628     60.546737   -0.0001333035
  -16.871628     74.001568   -0.0003159772
  -16.871628     87.456398   -0.0005966290
  -16.871628    100.911229   -0.0009799582

  -10.122977   -100.911229    0.0013649475
  -10.122977    -87.456398    0.0009883019
  -10.122977    -74.001568    0.0006702149
  -10.122977    -60.546737    0.0004158751
  -10.122977    -47.091907    0.0002275356
  -10.122977    -33.637076    0.0001024174
  -10.122977    -20.182246    0.0000322238
  -10.122977     -6.727415    0.0000037514
  -10.122977      6.727415    0.0000001705
  -10.122977     20.182246    0.0000026379
  -10.122977     33.637076   -0.0000080058
  -10.122977     47.091907   -0.0000496155
  -10.122977     60.546737   -0.0001372669
  -10.122977     74.001568   -0.0002819112
  -10.122977     87.456398   -0.0004890510
  -10.122977    100.911229   -0.0007572428

   -3.374326   -100.911229    0.0003836778
   -3.374326    -87.456398    0.0002692291
   -3.374326    -74.001568    0.0001751177
   -3.374326    -60.546737    0.0001025705
   -3.374326    -47.091907    0.0000514770
   -3.374326    -33.637076    0.0000199852
   -3.374326    -20.182246    0.0000045049
   -3.374326     -6.727415   -0.0000000030
   -3.374326      6.727415    0.0000004427
   -3.374326     20.182246   -0.0000005942
   -3.374326     33.637076   -0.0000093861
   -3.374326     47.091907   -0.0000314937
   -3.374326     60.546737   -0.0000712924
   -3.374326     74.001568   -0.0001315930
   -3.374326     87.456398   -0.0002133622
   -3.374326    100.911229   -0.0003155315

    3.374326   -100.911229   -0.0003155315
    3.374326    -87.456398   -0.0002133622
    3.374326    -74.001568   -0.0001315930
    3.374326    -60.546737   -0.0000712924
    3.374326    -47.091907   -0.0000314937
    3.374326    -33.637076   -0.0000093861
    3.374326    -20.182246   -0.0000005942
    3.374326     -6.727415    0.0000004427
    3.374326      6.727415   -0.0000000030
    3.374326     20.182246    0.0000045049
    3.374326     33.637076    0.0000199852
    3.374326     47.091907    0.0000514770
    3.374326     60.546737    0.0001025705
    3.374326     74.001568    0.0001751177
    3.374326     87.456398    0.0002692291
    3.374326    100.911229    0.0003836778

   10.122977   -100.911229   -0.0007572428
   10.122977    -87.456398   -0.0004890510
   10.122977    -74.001568   -0.0002819112
   10.122977    -60.546737   -0.0001372669
   10.122977    -47.091907   -0.0000496155
   10.122977    -33.637076   -0.0000080058
   10.122977    -20.182246    0.0000026379
   10.122977     -6.727415    0.0000001705
   10.122977      6.727415    0.0000037514
   10.122977     20.182246    0.0000322238
   10.122977     33.637076    0.0001024174
   10.122977     47.091907    0.0002275356
   10.122977     60.546737    0.0004158751
   10.122977     74.001568    0.0006702149
   10.122977     87.456398    0.0009883019
   10.122977    100.911229    0.0013649475

   16.871628   -100.911229   -0.0009799582
   16.871628    -87.456398   -0.0005966290
   16.871628    -74.001568   -0.0003159772
   16.871628    -60.546737   -0.0001333035
   16.871628    -47.091907   -0.0000350793
   16.871628    -33.637076    0.0000000711
   16.871628    -20.182246   -0.0000004551
   16.871628     -6.727415   -0.0000056522
   16.871628      6.727415    0.0000163451
   16.871628     20.182246    0.0000954278
   16.871628     33.637076    0.0002568429
   16.871628     47.091907    0.0005189369
   16.871628     60.546737    0.0008915570
   16.871628     74.001568    0.0013753562
   16.871628     87.456398    0.0019622452
   16.871628    100.911229    0.0026372321

   23.620279   -100.911229   -0.0010335678
   23.620279    -87.456398   -0.0005850053
   23.620279    -74.001568   -0.0002803429
   23.620279    -60.546737   -0.0001006633
   23.620279    -47.091907   -0.0000212997
   23.620279    -33.637076   -0.0000091480
   23.620279    -20.182246   -0.0000238885
   23.620279     -6.727415   -0.0000214286
   23.620279      6.727415    0.0000417780
   23.620279     20.182246    0.0002045346
   23.620279     33.637076    0.0004974804
   23.620279     47.091907    0.0009407566
   23.620279     60.546737    0.0015427210
   23.620279     74.001568    0.0022993321
   23.620279     87.456398    0.0031934761
   23.620279    100.911229    0.0041931666

   30.368930   -100.911229   -0.0009759904
   30.368930    -87.456398   -0.0005140347
   30.368930    -74.001568   -0.0002259203
   30.368930    -60.546737   -0.0000804620
   30.368930    -47.091907   -0.0000399890
   30.368930    -33.637076   -0.0000577716
   30.368930    -20.182246   -0.0000800901
   30.368930     -6.727415   -0.0000508262
   30.368930      6.727415    0.0000830990
   30.368930     20.182246    0.0003666675
   30.368930     33.637076    0.0008328709
   30.368930     47.091907    0.0015003144
   30.368930     60.546737    0.0023722089
   30.368930     74.001568    0.0034361924
   30.368930     87.456398    0.0046639783
   30.368930    100.911229    0.0060093784

   37.117581   -100.911229   -0.0008690867
   37.117581    -87.456398   -0.0004492612
   37.117581    -74.001568   -0.0002039556
   37.117581    -60.546737   -0.0001107127
   37.117581    -47.091907   -0.0001188954
   37.117581    -33.637076   -0.0001643920
   37.117581    -20.182246   -0.0001789655
   37.117581     -6.727415   -0.0000965068
   37.117581      6.727415    0.0001421945
   37.117581     20.182246    0.0005851925
   37.117581     33.637076    0.0012653190
   37.117581     47.091907    0.0021966339
   37.117581     60.546737    0.0033723593
   37.117581     74.001568    0.0047659171
   37.117581     87.456398    0.0063373280
   37.117581    100.911229    0.0080478838

   43.866232   -100.911229   -0.0007739336
   43.866232    -87.456398   -0.0004415302
   43.866232    -74.001568   -0.0002574853
   43.866232    -60.546737   -0.0002250910
   43.866232    -47.091907   -0.0002814235
   43.866232    -33.637076   -0.0003428900
   43.866232    -20.182246   -0.0003268617
   43.866232     -6.727415   -0.0001598824
   43.866232      6.727415    0.0002197481
   43.866232     20.182246    0.0008599138
   43.866232     33.637076    0.0017907326
   43.866232     47.091907    0.0030190013
   43.866232     60.546737    0.0045240106
   43.866232     74.001568    0.0062603999
   43.866232     87.456398    0.0081764156
   43.866232    100.911229    0.0102586279

   50.614883   -100.911229   -0.0007455468
   50.614883    -87.456398   -0.0004793782
   50.614883    -74.001568   -0.0004048463
   50.614883    -60.546737   -0.0004550144
   50.614883    -47.091907   -0.0005497191
   50.614883    -33.637076   -0.0006019667
   50.614883    -20.182246   -0.0005252484
   50.614883     -6.727415   -0.0002408689
   50.614883      6.727415    0.0003154505
   50.614883     20.182246    0.0011882657
   50.614883     33.637076    0.0023988076
   50.614883     47.091907    0.0039433228
   50.614883     60.546737    0.0057934305
   50.614883     74.001568    0.0078984039
   50.614883     87.456398    0.0101891154
   50.614883    100.911229    0.0125832216

