  -38.681015    -50.614883   -0.0023541661
  -38.681015    -43.866232   -0.0017767996
  -38.681015    -37.117581   -0.0012774969
  -38.681015    -30.368930   -0.0008582147
  -38.681015    -23.620279   -0.0005206519
  -38.681015    -16.871628   -0.0002662124
  -38.681015    -10.122977   -0.0000959751
  -38.681015     -3.374326   -0.0000106716
  -38.681015      3.374326   -0.0000106716
  -38.681015     10.122977   -0.0000959751
  -38.681015     16.871628   -0.0002662124
  -38.681015     23.620279   -0.0005206519
  -38.681015     30.368930   -0.0008582147
  -38.681015     37.117581   -0.0012774969
  -38.681015     43.866232   -0.0017767996
  -38.681015     50.614883   -0.0023541661

  -33.523546    -50.614883   -0.0017465993
  -33.523546    -43.866232   -0.0013182690
  -33.523546    -37.117581   -0.0009477967
  -33.523546    -30.368930   -0.0006366929
  -33.523546    -23.620279   -0.0003862391
  -33.523546    -16.871628   -0.0001974755
  -33.523546    -10.122977   -0.0000711911
  -33.523546     -3.374326   -0.0000079157
  -33.523546      3.374326   -0.0000079157
  -33.523546     10.122977   -0.0000711911
  -33.523546     16.871628   -0.0001974755
  -33.523546     23.620279   -0.0003862391
  -33.523546     30.368930   -0.0006366929
  -33.523546     37.117581   -0.0009477967
  -33.523546     43.866232   -0.0013182690
  -33.523546     50.614883   -0.0017465993

  -28.366078    -50.614883   -0.0012373716
  -28.366078    -43.866232   -0.0009338594
  -28.366078    -37.117581   -0.0006714169
  -28.366078    -30.368930   -0.0004510493
  -28.366078    -23.620279   -0.0002736371
  -28.366078    -16.871628   -0.0001399127
  -28.366078    -10.122977   -0.0000504416
  -28.366078     -3.374326   -0.0000056087
  -28.366078      3.374326   -0.0000056087
  -28.366078     10.122977   -0.0000504416
  -28.366078     16.871628   -0.0001399127
  -28.366078     23.620279   -0.0002736371
  -28.366078     30.368930   -0.0004510493
  -28.366078     37.117581   -0.0006714169
  -28.366078     43.866232   -0.0009338594
  -28.366078     50.614883   -0.0012373716

  -23.208609    -50.614883   -0.0008210470
  -23.208609    -43.866232   -0.0006195803
  -23.208609    -37.117581   -0.0004454656
  -23.208609    -30.368930   -0.0002992855
  -23.208609    -23.620279   -0.0001815896
  -23.208609    -16.871628   -0.0000928596
  -23.208609    -10.122977   -0.0000334812
  -23.208609     -3.374326   -0.0000037230
  -23.208609      3.374326   -0.0000037230
  -23.208609     10.122977   -0.0000334812
  -23.208609     16.871628   -0.0000928596
  -23.208609     23.620279   -0.0001815896
  -23.208609     30.368930   -0.0002992855
  -23.208609     37.117581   -0.0004454656
  -23.208609     43.866232   -0.0006195803
  -23.208609     50.614883   -0.0008210470

  -18.051140    -50.614883   -0.0004931856
  -18.051140    -43.866232   -0.0003721176
  -18.051140    -37.117581   -0.0002675503
  -18.051140    -30.368930   -0.0001797736
  -18.051140    -23.620279   -0.0001090932
  -18.051140    -16.871628   -0.0000557954
  -18.051140    -10.122977   -0.0000201198
  -18.051140     -3.374326   -0.0000022374
  -18.051140      3.374326   -0.0000022374
  -18.051140     10.122977   -0.0000201198
  -18.051140     16.871628   -0.0000557954
  -18.051140     23.620279   -0.0001090932
  -18.051140     30.368930   -0.0001797736
  -18.051140     37.117581   -0.0002675503
  -18.051140     43.866232   -0.0003721176
  -18.051140     50.614883   -0.0004931856

  -12.893672    -50.614883   -0.0002502942
  -12.893672    -43.866232   -0.0001888274
  -12.893672    -37.117581   -0.0001357686
  -12.893672    -30.368930   -0.0000912361
  -12.893672    -23.620279   -0.0000553734
  -12.893672    -16.871628   -0.0000283247
  -12.893672    -10.122977   -0.0000102150
  -12.893672     -3.374326   -0.0000011360
  -12.893672      3.374326   -0.0000011360
  -12.893672     10.122977   -0.0000102150
  -12.893672     16.871628   -0.0000283247
  -12.893672     23.620279   -0.0000553734
  -12.893672     30.368930   -0.0000912361
  -12.893672     37.117581   -0.0001357686
  -12.893672     43.866232   -0.0001888274
  -12.893672     50.614883   -0.0002502942

   -7.736203    -50.614883   -0.0000897877
   -7.736203    -43.866232   -0.0000677312
   -7.736203    -37.117581   -0.0000487001
   -7.736203    -30.368930   -0.0000327291
   -7.736203    -23.620279   -0.0000198663
   -7.736203    -16.871628   -0.0000101631
   -7.736203    -10.122977   -0.0000036655
   -7.736203     -3.374326   -0.0000004077
   -7.736203      3.374326   -0.0000004077
   -7.736203     10.122977   -0.0000036655
   -7.736203     16.871628   -0.0000101631
   -7.736203     23.620279   -0.0000198663
   -7.736203     30.368930   -0.0000327291
   -7.736203     37.117581   -0.0000487001
   -7.736203     43.866232   -0.0000677312
   -7.736203     50.614883   -0.0000897877

   -2.578734    -50.614883   -0.0000099588
   -2.578734    -43.866232   -0.0000075120
   -2.578734    -37.117581   -0.0000054013
   -2.578734    -30.368930   -0.0000036301
   -2.578734    -23.620279   -0.0000022036
   -2.578734    -16.871628   -0.0000011274
   -2.578734    -10.122977   -0.0000004066
   -2.578734     -3.374326   -0.0000000452
   -2.578734      3.374326   -0.0000000452
   -2.578734     10.122977   -0.0000004066
   -2.578734     16.871628   -0.0000011274
   -2.578734     23.620279   -0.0000022036
   -2.578734     30.368930   -0.0000036301
   -2.578734     37.117581   -0.0000054013
   -2.578734     43.866232   -0.0000075120
   -2.578734     50.614883   -0.0000099588

    2.578734    -50.614883   -0.0000099588
    2.578734    -43.866232   -0.0000075120
    2.578734    -37.117581   -0.0000054013
    2.578734    -30.368930   -0.0000036301
    2.578734    -23.620279   -0.0000022036
    2.578734    -16.871628   -0.0000011274
    2.578734    -10.122977   -0.0000004066
    2.578734     -3.374326   -0.0000000452
    2.578734      3.374326   -0.0000000452
    2.578734     10.122977   -0.0000004066
    2.578734     16.871628   -0.0000011274
    2.578734     23.620279   -0.0000022036
    2.578734     30.368930   -0.0000036301
    2.578734     37.117581   -0.0000054013
    2.578734     43.866232   -0.0000075120
    2.578734     50.614883   -0.0000099588

    7.736203    -50.614883   -0.0000897877
    7.736203    -43.866232   -0.0000677312
    7.736203    -37.117581   -0.0000487001
    7.736203    -30.368930   -0.0000327291
    7.736203    -23.620279   -0.0000198663
    7.736203    -16.871628   -0.0000101631
    7.736203    -10.122977   -0.0000036655
    7.736203     -3.374326   -0.0000004077
    7.736203      3.374326   -0.0000004077
    7.736203     10.122977   -0.0000036655
    7.736203     16.871628   -0.0000101631
    7.736203     23.620279   -0.0000198663
    7.736203     30.368930   -0.0000327291
    7.736203     37.117581   -0.0000487001
    7.736203     43.866232   -0.0000677312
    7.736203     50.614883   -0.0000897877

   12.893672    -50.614883   -0.0002502942
   12.893672    -43.866232   -0.0001888274
   12.893672    -37.117581   -0.0001357686
   12.893672    -30.368930   -0.0000912361
   12.893672    -23.620279   -0.0000553734
   12.893672    -16.871628   -0.0000283247
   12.893672    -10.122977   -0.0000102150
   12.893672     -3.374326   -0.0000011360
   12.893672      3.374326   -0.0000011360
   12.893672     10.122977   -0.0000102150
   12.893672     16.871628   -0.0000283247
   12.893672     23.620279   -0.0000553734
   12.893672     30.368930   -0.0000912361
   12.893672     37.117581   -0.0001357686
   12.893672     43.866232   -0.0001888274
   12.893672     50.614883   -0.0002502942

   18.051140    -50.614883   -0.0004931856
   18.051140    -43.866232   -0.0003721176
   18.051140    -37.117581   -0.0002675503
   18.051140    -30.368930   -0.0001797736
   18.051140    -23.620279   -0.0001090932
   18.051140    -16.871628   -0.0000557954
   18.051140    -10.122977   -0.0000201198
   18.051140     -3.374326   -0.0000022374
   18.051140      3.374326   -0.0000022374
   18.051140     10.122977   -0.0000201198
   18.051140     16.871628   -0.0000557954
   18.051140     23.620279   -0.0001090932
   18.051140     30.368930   -0.0001797736
   18.051140     37.117581   -0.0002675503
   18.051140     43.866232   -0.0003721176
   18.051140     50.614883   -0.0004931856

   23.208609    -50.614883   -0.0008210470
   23.208609    -43.866232   -0.0006195803
   23.208609    -37.117581   -0.0004454656
   23.208609    -30.368930   -0.0002992855
   23.208609    -23.620279   -0.0001815896
   23.208609    -16.871628   -0.0000928596
   23.208609    -10.122977   -0.0000334812
   23.208609     -3.374326   -0.0000037230
   23.208609      3.374326   -0.0000037230
   23.208609     10.122977   -0.0000334812
   23.208609     16.871628   -0.0000928596
   23.208609     23.620279   -0.0001815896
   23.208609     30.368930   -0.0002992855
   23.208609     37.117581   -0.0004454656
   23.208609     43.866232   -0.0006195803
   23.208609     50.614883   -0.0008210470

   28.366078    -50.614883   -0.0012373716
   28.366078    -43.866232   -0.0009338594
   28.366078    -37.117581   -0.0006714169
   28.366078    -30.368930   -0.0004510493
   28.366078    -23.620279   -0.0002736371
   28.366078    -16.871628   -0.0001399127
   28.366078    -10.122977   -0.0000504416
   28.366078     -3.374326   -0.0000056087
   28.366078      3.374326   -0.0000056087
   28.366078     10.122977   -0.0000504416
   28.366078     16.871628   -0.0001399127
   28.366078     23.620279   -0.0002736371
   28.366078     30.368930   -0.0004510493
   28.366078     37.117581   -0.0006714169
   28.366078     43.866232   -0.0009338594
   28.366078     50.614883   -0.0012373716

   33.523546    -50.614883   -0.0017465993
   33.523546    -43.866232   -0.0013182690
   33.523546    -37.117581   -0.0009477967
   33.523546    -30.368930   -0.0006366929
   33.523546    -23.620279   -0.0003862391
   33.523546    -16.871628   -0.0001974755
   33.523546    -10.122977   -0.0000711911
   33.523546     -3.374326   -0.0000079157
   33.523546      3.374326   -0.0000079157
   33.523546     10.122977   -0.0000711911
   33.523546     16.871628   -0.0001974755
   33.523546     23.620279   -0.0003862391
   33.523546     30.368930   -0.0006366929
   33.523546     37.117581   -0.0009477967
   33.523546     43.866232   -0.0013182690
   33.523546     50.614883   -0.0017465993

   38.681015    -50.614883   -0.0023541661
   38.681015    -43.866232   -0.0017767996
   38.681015    -37.117581   -0.0012774969
   38.681015    -30.368930   -0.0008582147
   38.681015    -23.620279   -0.0005206519
   38.681015    -16.871628   -0.0002662124
   38.681015    -10.122977   -0.0000959751
   38.681015     -3.374326   -0.0000106716
   38.681015      3.374326   -0.0000106716
   38.681015     10.122977   -0.0000959751
   38.681015     16.871628   -0.0002662124
   38.681015     23.620279   -0.0005206519
   38.681015     30.368930   -0.0008582147
   38.681015     37.117581   -0.0012774969
   38.681015     43.866232   -0.0017767996
   38.681015     50.614883   -0.0023541661

