  -42.952389   -100.911229   -0.0036974271
  -42.952389    -87.456398   -0.0028333161
  -42.952389    -74.001568   -0.0020642405
  -42.952389    -60.546737   -0.0014023035
  -42.952389    -47.091907   -0.0008584317
  -42.952389    -33.637076   -0.0004419164
  -42.952389    -20.182246   -0.0001600472
  -42.952389     -6.727415   -0.0000178366
  -42.952389      6.727415   -0.0000178366
  -42.952389     20.182246   -0.0001600472
  -42.952389     33.637076   -0.0004419164
  -42.952389     47.091907   -0.0008584317
  -42.952389     60.546737   -0.0014023035
  -42.952389     74.001568   -0.0020642405
  -42.952389     87.456398   -0.0028333161
  -42.952389    100.911229   -0.0036974271

  -37.225404   -100.911229   -0.0027566140
  -37.225404    -87.456398   -0.0021123131
  -37.225404    -74.001568   -0.0015389182
  -37.225404    -60.546737   -0.0010454247
  -37.225404    -47.091907   -0.0006399620
  -37.225404    -33.637076   -0.0003294486
  -37.225404    -20.182246   -0.0001193151
  -37.225404     -6.727415   -0.0000132972
  -37.225404      6.727415   -0.0000132972
  -37.225404     20.182246   -0.0001193151
  -37.225404     33.637076   -0.0003294486
  -37.225404     47.091907   -0.0006399620
  -37.225404     60.546737   -0.0010454247
  -37.225404     74.001568   -0.0015389182
  -37.225404     87.456398   -0.0021123131
  -37.225404    100.911229   -0.0027566140

  -31.498419   -100.911229   -0.0019611666
  -31.498419    -87.456398   -0.0015027270
  -31.498419    -74.001568   -0.0010947529
  -31.498419    -60.546737   -0.0007436541
  -31.498419    -47.091907   -0.0004552099
  -31.498419    -33.637076   -0.0002343301
  -31.498419    -20.182246   -0.0000848640
  -31.498419     -6.727415   -0.0000094576
  -31.498419      6.727415   -0.0000094576
  -31.498419     20.182246   -0.0000848640
  -31.498419     33.637076   -0.0002343301
  -31.498419     47.091907   -0.0004552099
  -31.498419     60.546737   -0.0007436541
  -31.498419     74.001568   -0.0010947529
  -31.498419     87.456398   -0.0015027270
  -31.498419    100.911229   -0.0019611666

  -25.771434   -100.911229   -0.0013059268
  -25.771434    -87.456398   -0.0010006139
  -25.771434    -74.001568   -0.0007289109
  -25.771434    -60.546737   -0.0004951053
  -25.771434    -47.091907   -0.0003030453
  -25.771434    -33.637076   -0.0001559904
  -25.771434    -20.182246   -0.0000564904
  -25.771434     -6.727415   -0.0000062954
  -25.771434      6.727415   -0.0000062954
  -25.771434     20.182246   -0.0000564904
  -25.771434     33.637076   -0.0001559904
  -25.771434     47.091907   -0.0003030453
  -25.771434     60.546737   -0.0004951053
  -25.771434     74.001568   -0.0007289109
  -25.771434     87.456398   -0.0010006139
  -25.771434    100.911229   -0.0013059268

  -20.044448   -100.911229   -0.0007866778
  -20.044448    -87.456398   -0.0006027367
  -20.044448    -74.001568   -0.0004390422
  -20.044448    -60.546737   -0.0002981913
  -20.044448    -47.091907   -0.0001825036
  -20.044448    -33.637076   -0.0000939362
  -20.044448    -20.182246   -0.0000340165
  -20.044448     -6.727415   -0.0000037908
  -20.044448      6.727415   -0.0000037908
  -20.044448     20.182246   -0.0000340165
  -20.044448     33.637076   -0.0000939362
  -20.044448     47.091907   -0.0001825036
  -20.044448     60.546737   -0.0002981913
  -20.044448     74.001568   -0.0004390422
  -20.044448     87.456398   -0.0006027367
  -20.044448    100.911229   -0.0007866778

  -14.317463   -100.911229   -0.0004000995
  -14.317463    -87.456398   -0.0003065381
  -14.317463    -74.001568   -0.0002232734
  -14.317463    -60.546737   -0.0001516334
  -14.317463    -47.091907   -0.0000927985
  -14.317463    -33.637076   -0.0000477613
  -14.317463    -20.182246   -0.0000172947
  -14.317463     -6.727415   -0.0000019273
  -14.317463      6.727415   -0.0000019273
  -14.317463     20.182246   -0.0000172947
  -14.317463     33.637076   -0.0000477613
  -14.317463     47.091907   -0.0000927985
  -14.317463     60.546737   -0.0001516334
  -14.317463     74.001568   -0.0002232734
  -14.317463     87.456398   -0.0003065381
  -14.317463    100.911229   -0.0004000995

   -8.590478   -100.911229   -0.0001437329
   -8.590478    -87.456398   -0.0001101191
   -8.590478    -74.001568   -0.0000802039
   -8.590478    -60.546737   -0.0000544666
   -8.590478    -47.091907   -0.0000333314
   -8.590478    -33.637076   -0.0000171542
   -8.590478    -20.182246   -0.0000062114
   -8.590478     -6.727415   -0.0000006922
   -8.590478      6.727415   -0.0000006922
   -8.590478     20.182246   -0.0000062114
   -8.590478     33.637076   -0.0000171542
   -8.590478     47.091907   -0.0000333314
   -8.590478     60.546737   -0.0000544666
   -8.590478     74.001568   -0.0000802039
   -8.590478     87.456398   -0.0001101191
   -8.590478    100.911229   -0.0001437329

   -2.863493   -100.911229   -0.0000159535
   -2.863493    -87.456398   -0.0000122224
   -2.863493    -74.001568   -0.0000089019
   -2.863493    -60.546737   -0.0000060451
   -2.863493    -47.091907   -0.0000036993
   -2.863493    -33.637076   -0.0000019038
   -2.863493    -20.182246   -0.0000006893
   -2.863493     -6.727415   -0.0000000768
   -2.863493      6.727415   -0.0000000768
   -2.863493     20.182246   -0.0000006893
   -2.863493     33.637076   -0.0000019038
   -2.863493     47.091907   -0.0000036993
   -2.863493     60.546737   -0.0000060451
   -2.863493     74.001568   -0.0000089019
   -2.863493     87.456398   -0.0000122224
   -2.863493    100.911229   -0.0000159535

    2.863493   -100.911229   -0.0000159535
    2.863493    -87.456398   -0.0000122224
    2.863493    -74.001568   -0.0000089019
    2.863493    -60.546737   -0.0000060451
    2.863493    -47.091907   -0.0000036993
    2.863493    -33.637076   -0.0000019038
    2.863493    -20.182246   -0.0000006893
    2.863493     -6.727415   -0.0000000768
    2.863493      6.727415   -0.0000000768
    2.863493     20.182246   -0.0000006893
    2.863493     33.637076   -0.0000019038
    2.863493     47.091907   -0.0000036993
    2.863493     60.546737   -0.0000060451
    2.863493     74.001568   -0.0000089019
    2.863493     87.456398   -0.0000122224
    2.863493    100.911229   -0.0000159535

    8.590478   -100.911229   -0.0001437329
    8.590478    -87.456398   -0.0001101191
    8.590478    -74.001568   -0.0000802039
    8.590478    -60.546737   -0.0000544666
    8.590478    -47.091907   -0.0000333314
    8.590478    -33.637076   -0.0000171542
    8.590478    -20.182246   -0.0000062114
    8.590478     -6.727415   -0.0000006922
    8.590478      6.727415   -0.0000006922
    8.590478     20.182246   -0.0000062114
    8.590478     33.637076   -0.0000171542
    8.590478     47.091907   -0.0000333314
    8.590478     60.546737   -0.0000544666
    8.590478     74.001568   -0.0000802039
    8.590478     87.456398   -0.0001101191
    8.590478    100.911229   -0.0001437329

   14.317463   -100.911229   -0.0004000995
   14.317463    -87.456398   -0.0003065381
   14.317463    -74.001568   -0.0002232734
   14.317463    -60.546737   -0.0001516334
   14.317463    -47.091907   -0.0000927985
   14.317463    -33.637076   -0.0000477613
   14.317463    -20.182246   -0.0000172947
   14.317463     -6.727415   -0.0000019273
   14.317463      6.727415   -0.0000019273
   14.317463     20.182246   -0.0000172947
   14.317463     33.637076   -0.0000477613
   14.317463     47.091907   -0.0000927985
   14.317463     60.546737   -0.0001516334
   14.317463     74.001568   -0.0002232734
   14.317463     87.456398   -0.0003065381
   14.317463    100.911229   -0.0004000995

   20.044448   -100.911229   -0.0007866778
   20.044448    -87.456398   -0.0006027367
   20.044448    -74.001568   -0.0004390422
   20.044448    -60.546737   -0.0002981913
   20.044448    -47.091907   -0.0001825036
   20.044448    -33.637076   -0.0000939362
   20.044448    -20.182246   -0.0000340165
   20.044448     -6.727415   -0.0000037908
   20.044448      6.727415   -0.0000037908
   20.044448     20.182246   -0.0000340165
   20.044448     33.637076   -0.0000939362
   20.044448     47.091907   -0.0001825036
   20.044448     60.546737   -0.0002981913
   20.044448     74.001568   -0.0004390422
   20.044448     87.456398   -0.0006027367
   20.044448    100.911229   -0.0007866778

   25.771434   -100.911229   -0.0013059268
   25.771434    -87.456398   -0.0010006139
   25.771434    -74.001568   -0.0007289109
   25.771434    -60.546737   -0.0004951053
   25.771434    -47.091907   -0.0003030453
   25.771434    -33.637076   -0.0001559904
   25.771434    -20.182246   -0.0000564904
   25.771434     -6.727415   -0.0000062954
   25.771434      6.727415   -0.0000062954
   25.771434     20.182246   -0.0000564904
   25.771434     33.637076   -0.0001559904
   25.771434     47.091907   -0.0003030453
   25.771434     60.546737   -0.0004951053
   25.771434     74.001568   -0.0007289109
   25.771434     87.456398   -0.0010006139
   25.771434    100.911229   -0.0013059268

   31.498419   -100.911229   -0.0019611666
   31.498419    -87.456398   -0.0015027270
   31.498419    -74.001568   -0.0010947529
   31.498419    -60.546737   -0.0007436541
   31.498419    -47.091907   -0.0004552099
   31.498419    -33.637076   -0.0002343301
   31.498419    -20.182246   -0.0000848640
   31.498419     -6.727415   -0.0000094576
   31.498419      6.727415   -0.0000094576
   31.498419     20.182246   -0.0000848640
   31.498419     33.637076   -0.0002343301
   31.498419     47.091907   -0.0004552099
   31.498419     60.546737   -0.0007436541
   31.498419     74.001568   -0.0010947529
   31.498419     87.456398   -0.0015027270
   31.498419    100.911229   -0.0019611666

   37.225404   -100.911229   -0.0027566140
   37.225404    -87.456398   -0.0021123131
   37.225404    -74.001568   -0.0015389182
   37.225404    -60.546737   -0.0010454247
   37.225404    -47.091907   -0.0006399620
   37.225404    -33.637076   -0.0003294486
   37.225404    -20.182246   -0.0001193151
   37.225404     -6.727415   -0.0000132972
   37.225404      6.727415   -0.0000132972
   37.225404     20.182246   -0.0001193151
   37.225404     33.637076   -0.0003294486
   37.225404     47.091907   -0.0006399620
   37.225404     60.546737   -0.0010454247
   37.225404     74.001568   -0.0015389182
   37.225404     87.456398   -0.0021123131
   37.225404    100.911229   -0.0027566140

   42.952389   -100.911229   -0.0036974271
   42.952389    -87.456398   -0.0028333161
   42.952389    -74.001568   -0.0020642405
   42.952389    -60.546737   -0.0014023035
   42.952389    -47.091907   -0.0008584317
   42.952389    -33.637076   -0.0004419164
   42.952389    -20.182246   -0.0001600472
   42.952389     -6.727415   -0.0000178366
   42.952389      6.727415   -0.0000178366
   42.952389     20.182246   -0.0001600472
   42.952389     33.637076   -0.0004419164
   42.952389     47.091907   -0.0008584317
   42.952389     60.546737   -0.0014023035
   42.952389     74.001568   -0.0020642405
   42.952389     87.456398   -0.0028333161
   42.952389    100.911229   -0.0036974271

