  -45.038700    -54.177403    0.0017909747
  -45.038700    -46.953749    0.0014408911
  -45.038700    -39.730095    0.0010947754
  -45.038700    -32.506442    0.0007701702
  -45.038700    -25.282788    0.0004847847
  -45.038700    -18.059134    0.0002548092
  -45.038700    -10.835481    0.0000935663
  -45.038700     -3.611827    0.0000104996
  -45.038700      3.611827    0.0000104996
  -45.038700     10.835481    0.0000935663
  -45.038700     18.059134    0.0002548092
  -45.038700     25.282788    0.0004847847
  -45.038700     32.506442    0.0007701702
  -45.038700     39.730095    0.0010947754
  -45.038700     46.953749    0.0014408911
  -45.038700     54.177403    0.0017909747

  -39.033540    -54.177403    0.0016510191
  -39.033540    -46.953749    0.0013231556
  -39.033540    -39.730095    0.0010021537
  -39.033540    -32.506442    0.0007032464
  -39.033540    -25.282788    0.0004418091
  -39.033540    -18.059134    0.0002318972
  -39.033540    -10.835481    0.0000850758
  -39.033540     -3.611827    0.0000095426
  -39.033540      3.611827    0.0000095426
  -39.033540     10.835481    0.0000850758
  -39.033540     18.059134    0.0002318972
  -39.033540     25.282788    0.0004418091
  -39.033540     32.506442    0.0007032464
  -39.033540     39.730095    0.0010021537
  -39.033540     46.953749    0.0013231556
  -39.033540     54.177403    0.0016510191

  -33.028380    -54.177403    0.0014757046
  -33.028380    -46.953749    0.0011788095
  -33.028380    -39.730095    0.0008904440
  -33.028380    -32.506442    0.0006235234
  -33.028380    -25.282788    0.0003910799
  -33.028380    -18.059134    0.0002050249
  -33.028380    -10.835481    0.0000751585
  -33.028380     -3.611827    0.0000084270
  -33.028380      3.611827    0.0000084270
  -33.028380     10.835481    0.0000751585
  -33.028380     18.059134    0.0002050249
  -33.028380     25.282788    0.0003910799
  -33.028380     32.506442    0.0006235234
  -33.028380     39.730095    0.0008904440
  -33.028380     46.953749    0.0011788095
  -33.028380     54.177403    0.0014757046

  -27.023220    -54.177403    0.0012679811
  -27.023220    -46.953749    0.0010100624
  -27.023220    -39.730095    0.0007612344
  -27.023220    -32.506442    0.0005320720
  -27.023220    -25.282788    0.0003332503
  -27.023220    -18.059134    0.0001745283
  -27.023220    -10.835481    0.0000639362
  -27.023220     -3.611827    0.0000071663
  -27.023220      3.611827    0.0000071663
  -27.023220     10.835481    0.0000639362
  -27.023220     18.059134    0.0001745283
  -27.023220     25.282788    0.0003332503
  -27.023220     32.506442    0.0005320720
  -27.023220     39.730095    0.0007612344
  -27.023220     46.953749    0.0010100624
  -27.023220     54.177403    0.0012679811

  -21.018060    -54.177403    0.0010305629
  -21.018060    -46.953749    0.0008189617
  -21.018060    -39.730095    0.0006159939
  -21.018060    -32.506442    0.0004298768
  -21.018060    -25.282788    0.0002689161
  -21.018060    -18.059134    0.0001407112
  -21.018060    -10.835481    0.0000515181
  -21.018060     -3.611827    0.0000057728
  -21.018060      3.611827    0.0000057728
  -21.018060     10.835481    0.0000515181
  -21.018060     18.059134    0.0001407112
  -21.018060     25.282788    0.0002689161
  -21.018060     32.506442    0.0004298768
  -21.018060     39.730095    0.0006159939
  -21.018060     46.953749    0.0008189617
  -21.018060     54.177403    0.0010305629

  -15.012900    -54.177403    0.0007659458
  -15.012900    -46.953749    0.0006073965
  -15.012900    -39.730095    0.0004560773
  -15.012900    -32.506442    0.0003178423
  -15.012900    -25.282788    0.0001986222
  -15.012900    -18.059134    0.0001038504
  -15.012900    -10.835481    0.0000380035
  -15.012900     -3.611827    0.0000042574
  -15.012900      3.611827    0.0000042574
  -15.012900     10.835481    0.0000380035
  -15.012900     18.059134    0.0001038504
  -15.012900     25.282788    0.0001986222
  -15.012900     32.506442    0.0003178423
  -15.012900     39.730095    0.0004560773
  -15.012900     46.953749    0.0006073965
  -15.012900     54.177403    0.0007659458

   -9.007740    -54.177403    0.0004764230
   -9.007740    -46.953749    0.0003771042
   -9.007740    -39.730095    0.0002827301
   -9.007740    -32.506442    0.0001967999
   -9.007740    -25.282788    0.0001228689
   -9.007740    -18.059134    0.0000641997
   -9.007740    -10.835481    0.0000234833
   -9.007740     -3.611827    0.0000026302
   -9.007740      3.611827    0.0000026302
   -9.007740     10.835481    0.0000234833
   -9.007740     18.059134    0.0000641997
   -9.007740     25.282788    0.0001228689
   -9.007740     32.506442    0.0001967999
   -9.007740     39.730095    0.0002827301
   -9.007740     46.953749    0.0003771042
   -9.007740     54.177403    0.0004764230

   -3.002580    -54.177403    0.0001641005
   -3.002580    -46.953749    0.0001296779
   -3.002580    -39.730095    0.0000970950
   -3.002580    -32.506442    0.0000675133
   -3.002580    -25.282788    0.0000421166
   -3.002580    -18.059134    0.0000219932
   -3.002580    -10.835481    0.0000080417
   -3.002580     -3.611827    0.0000009005
   -3.002580      3.611827    0.0000009005
   -3.002580     10.835481    0.0000080417
   -3.002580     18.059134    0.0000219932
   -3.002580     25.282788    0.0000421166
   -3.002580     32.506442    0.0000675133
   -3.002580     39.730095    0.0000970950
   -3.002580     46.953749    0.0001296779
   -3.002580     54.177403    0.0001641005

    3.002580    -54.177403   -0.0001690879
    3.002580    -46.953749   -0.0001334249
    3.002580    -39.730095   -0.0000997817
    3.002580    -32.506442   -0.0000693157
    3.002580    -25.282788   -0.0000432095
    3.002580    -18.059134   -0.0000225519
    3.002580    -10.835481   -0.0000082432
    3.002580     -3.611827   -0.0000009229
    3.002580      3.611827   -0.0000009229
    3.002580     10.835481   -0.0000082432
    3.002580     18.059134   -0.0000225519
    3.002580     25.282788   -0.0000432095
    3.002580     32.506442   -0.0000693157
    3.002580     39.730095   -0.0000997817
    3.002580     46.953749   -0.0001334249
    3.002580     54.177403   -0.0001690879

    9.007740    -54.177403   -0.0005213662
    9.007740    -46.953749   -0.0004108718
    9.007740    -39.730095   -0.0003069426
    9.007740    -32.506442   -0.0002130421
    9.007740    -25.282788   -0.0001327162
    9.007740    -18.059134   -0.0000692338
    9.007740    -10.835481   -0.0000252983
    9.007740     -3.611827   -0.0000028320
    9.007740      3.611827   -0.0000028320
    9.007740     10.835481   -0.0000252983
    9.007740     18.059134   -0.0000692338
    9.007740     25.282788   -0.0001327162
    9.007740     32.506442   -0.0002130421
    9.007740     39.730095   -0.0003069426
    9.007740     46.953749   -0.0004108718
    9.007740     54.177403   -0.0005213662

   15.012900    -54.177403   -0.0008911023
   15.012900    -46.953749   -0.0007014438
   15.012900    -39.730095   -0.0005235108
   15.012900    -32.506442   -0.0003630727
   15.012900    -25.282788   -0.0002260405
   15.012900    -18.059134   -0.0001178650
   15.012900    -10.835481   -0.0000430556
   15.012900     -3.611827   -0.0000048191
   15.012900      3.611827   -0.0000048191
   15.012900     10.835481   -0.0000430556
   15.012900     18.059134   -0.0001178650
   15.012900     25.282788   -0.0002260405
   15.012900     32.506442   -0.0003630727
   15.012900     39.730095   -0.0005235108
   15.012900     46.953749   -0.0007014438
   15.012900     54.177403   -0.0008911023

   21.018060    -54.177403   -0.0012767950
   21.018060    -46.953749   -0.0010040221
   21.018060    -39.730095   -0.0007486812
   21.018060    -32.506442   -0.0005188618
   21.018060    -25.282788   -0.0003228469
   21.018060    -18.059134   -0.0001682719
   21.018060    -10.835481   -0.0000614519
   21.018060     -3.611827   -0.0000068772
   21.018060      3.611827   -0.0000068772
   21.018060     10.835481   -0.0000614519
   21.018060     18.059134   -0.0001682719
   21.018060     25.282788   -0.0003228469
   21.018060     32.506442   -0.0005188618
   21.018060     39.730095   -0.0007486812
   21.018060     46.953749   -0.0010040221
   21.018060     54.177403   -0.0012767950

   27.023220    -54.177403   -0.0016770612
   27.023220    -46.953749   -0.0013175735
   27.023220    -39.730095   -0.0009817107
   27.023220    -32.506442   -0.0006799070
   27.023220    -25.282788   -0.0004228280
   27.023220    -18.059134   -0.0002202959
   27.023220    -10.835481   -0.0000804295
   27.023220     -3.611827   -0.0000089999
   27.023220      3.611827   -0.0000089999
   27.023220     10.835481   -0.0000804295
   27.023220     18.059134   -0.0002202959
   27.023220     25.282788   -0.0004228280
   27.023220     32.506442   -0.0006799070
   27.023220     39.730095   -0.0009817107
   27.023220     46.953749   -0.0013175735
   27.023220     54.177403   -0.0016770612

   33.028380    -54.177403   -0.0020906238
   33.028380    -46.953749   -0.0016411342
   33.028380    -39.730095   -0.0012219078
   33.028380    -32.506442   -0.0008457452
   33.028380    -25.282788   -0.0005257037
   33.028380    -18.059134   -0.0002737941
   33.028380    -10.835481   -0.0000999372
   33.028380     -3.611827   -0.0000111814
   33.028380      3.611827   -0.0000111814
   33.028380     10.835481   -0.0000999372
   33.028380     18.059134   -0.0002737941
   33.028380     25.282788   -0.0005257037
   33.028380     32.506442   -0.0008457452
   33.028380     39.730095   -0.0012219078
   33.028380     46.953749   -0.0016411342
   33.028380     54.177403   -0.0020906238

   39.033540    -54.177403   -0.0025163003
   39.033540    -46.953749   -0.0019737926
   39.033540    -39.730095   -0.0014686218
   39.033540    -32.506442   -0.0010159493
   39.033540    -25.282788   -0.0006312229
   39.033540    -18.059134   -0.0003286422
   39.033540    -10.835481   -0.0001199311
   39.033540     -3.611827   -0.0000134169
   39.033540      3.611827   -0.0000134169
   39.033540     10.835481   -0.0001199311
   39.033540     18.059134   -0.0003286422
   39.033540     25.282788   -0.0006312229
   39.033540     32.506442   -0.0010159493
   39.033540     39.730095   -0.0014686218
   39.033540     46.953749   -0.0019737926
   39.033540     54.177403   -0.0025163003

   45.038700    -54.177403   -0.0029529916
   45.038700    -46.953749   -0.0023146704
   45.038700    -39.730095   -0.0017212306
   45.038700    -32.506442   -0.0011901254
   45.038700    -25.282788   -0.0007391654
   45.038700    -18.059134   -0.0003847369
   45.038700    -10.835481   -0.0001403766
   45.038700     -3.611827   -0.0000157029
   45.038700      3.611827   -0.0000157029
   45.038700     10.835481   -0.0001403766
   45.038700     18.059134   -0.0003847369
   45.038700     25.282788   -0.0007391654
   45.038700     32.506442   -0.0011901254
   45.038700     39.730095   -0.0017212306
   45.038700     46.953749   -0.0023146704
   45.038700     54.177403   -0.0029529916

