  -44.510090    -55.127356    0.0046160313
  -44.510090    -47.777042    0.0037413928
  -44.510090    -40.426728    0.0028632381
  -44.510090    -33.076414    0.0020281045
  -44.510090    -25.726100    0.0012844156
  -44.510090    -18.375785    0.0006784767
  -44.510090    -11.025471    0.0002500154
  -44.510090     -3.675157    0.0000281067
  -44.510090      3.675157    0.0000281067
  -44.510090     11.025471    0.0002500154
  -44.510090     18.375785    0.0006784767
  -44.510090     25.726100    0.0012844156
  -44.510090     33.076414    0.0020281045
  -44.510090     40.426728    0.0028632381
  -44.510090     47.777042    0.0037413928
  -44.510090     55.127356    0.0046160313

  -39.273609    -55.127356    0.0042370767
  -39.273609    -47.777042    0.0032056506
  -39.273609    -40.426728    0.0025615567
  -39.273609    -33.076414    0.0018854237
  -39.273609    -25.726100    0.0011998907
  -39.273609    -18.375785    0.0006203466
  -39.273609    -11.025471    0.0002218097
  -39.273609     -3.675157    0.0000244238
  -39.273609      3.675157    0.0000244238
  -39.273609     11.025471    0.0002218097
  -39.273609     18.375785    0.0006203466
  -39.273609     25.726100    0.0011998907
  -39.273609     33.076414    0.0018854237
  -39.273609     40.426728    0.0025615567
  -39.273609     47.777042    0.0032056506
  -39.273609     55.127356    0.0042370769

  -34.037128    -55.127356    0.0038140103
  -34.037128    -47.777042    0.0029520008
  -34.037128    -40.426728    0.0023196674
  -34.037128    -33.076414    0.0016830795
  -34.037128    -25.726100    0.0010685136
  -34.037128    -18.375785    0.0005561974
  -34.037128    -11.025471    0.0002008958
  -34.037128     -3.675157    0.0000222798
  -34.037128      3.675157    0.0000222798
  -34.037128     11.025471    0.0002008958
  -34.037128     18.375785    0.0005561974
  -34.037128     25.726100    0.0010685136
  -34.037128     33.076414    0.0016830795
  -34.037128     40.426728    0.0023196674
  -34.037128     47.777042    0.0029520008
  -34.037128     55.127356    0.0038140104

  -28.800647    -55.127356    0.0033471641
  -28.800647    -47.777042    0.0026691630
  -28.800647    -40.426728    0.0020537472
  -28.800647    -33.076414    0.0014625242
  -28.800647    -25.726100    0.0009256596
  -28.800647    -18.375785    0.0004863561
  -28.800647    -11.025471    0.0001780523
  -28.800647     -3.675157    0.0000199312
  -28.800647      3.675157    0.0000199312
  -28.800647     11.025471    0.0001780523
  -28.800647     18.375785    0.0004863561
  -28.800647     25.726100    0.0009256596
  -28.800647     33.076414    0.0014625242
  -28.800647     40.426728    0.0020537472
  -28.800647     47.777042    0.0026691630
  -28.800647     55.127356    0.0033471641

  -23.564166    -55.127356    0.0028367387
  -23.564166    -47.777042    0.0022938408
  -23.564166    -40.426728    0.0017467443
  -23.564166    -33.076414    0.0012321908
  -23.564166    -25.726100    0.0007785297
  -23.564166    -18.375785    0.0004108947
  -23.564166    -11.025471    0.0001514059
  -23.564166     -3.675157    0.0000170236
  -23.564166      3.675157    0.0000170236
  -23.564166     11.025471    0.0001514059
  -23.564166     18.375785    0.0004108947
  -23.564166     25.726100    0.0007785297
  -23.564166     33.076414    0.0012321908
  -23.564166     40.426728    0.0017467443
  -23.564166     47.777042    0.0022938408
  -23.564166     55.127356    0.0028367386

  -18.327684    -55.127356    0.0022828033
  -18.327684    -47.777042    0.0018473377
  -18.327684    -40.426728    0.0014043484
  -18.327684    -33.076414    0.0009891858
  -18.327684    -25.726100    0.0006246577
  -18.327684    -18.375785    0.0003297639
  -18.327684    -11.025471    0.0001215773
  -18.327684     -3.675157    0.0000136753
  -18.327684      3.675157    0.0000136753
  -18.327684     11.025471    0.0001215773
  -18.327684     18.375785    0.0003297639
  -18.327684     25.726100    0.0006246577
  -18.327684     33.076414    0.0009891858
  -18.327684     40.426728    0.0014043484
  -18.327684     47.777042    0.0018473377
  -18.327684     55.127356    0.0022828033

  -13.091203    -55.127356    0.0016853157
  -13.091203    -47.777042    0.0013584499
  -13.091203    -40.426728    0.0010342251
  -13.091203    -33.076414    0.0007295525
  -13.091203    -25.726100    0.0004606723
  -13.091203    -18.375785    0.0002428778
  -13.091203    -11.025471    0.0000893995
  -13.091203     -3.675157    0.0000100452
  -13.091203      3.675157    0.0000100452
  -13.091203     11.025471    0.0000893995
  -13.091203     18.375785    0.0002428778
  -13.091203     25.726100    0.0004606723
  -13.091203     33.076414    0.0007295525
  -13.091203     40.426728    0.0010342251
  -13.091203     47.777042    0.0013584499
  -13.091203     55.127356    0.0016853157

   -7.854722    -55.127356    0.0010441439
   -7.854722    -47.777042    0.0008393991
   -7.854722    -40.426728    0.0006395436
   -7.854722    -33.076414    0.0004514958
   -7.854722    -25.726100    0.0002850560
   -7.854722    -18.375785    0.0001501568
   -7.854722    -11.025471    0.0000552122
   -7.854722     -3.675157    0.0000061996
   -7.854722      3.675157    0.0000061996
   -7.854722     11.025471    0.0000552122
   -7.854722     18.375785    0.0001501568
   -7.854722     25.726100    0.0002850560
   -7.854722     33.076414    0.0004514958
   -7.854722     40.426728    0.0006395436
   -7.854722     47.777042    0.0008393991
   -7.854722     55.127356    0.0010441439

   -2.618241    -55.127356    0.0003590788
   -2.618241    -47.777042    0.0002887043
   -2.618241    -40.426728    0.0002197591
   -2.618241    -33.076414    0.0001550171
   -2.618241    -25.726100    0.0000978370
   -2.618241    -18.375785    0.0000515382
   -2.618241    -11.025471    0.0000189540
   -2.618241     -3.675157    0.0000021286
   -2.618241      3.675157    0.0000021286
   -2.618241     11.025471    0.0000189540
   -2.618241     18.375785    0.0000515382
   -2.618241     25.726100    0.0000978370
   -2.618241     33.076414    0.0001550171
   -2.618241     40.426728    0.0002197591
   -2.618241     47.777042    0.0002887043
   -2.618241     55.127356    0.0003590788

    2.618241    -55.127356   -0.0003701660
    2.618241    -47.777042   -0.0002979645
    2.618241    -40.426728   -0.0002264637
    2.618241    -33.076414   -0.0001595287
    2.618241    -25.726100   -0.0001006418
    2.618241    -18.375785   -0.0000530343
    2.618241    -11.025471   -0.0000195167
    2.618241     -3.675157   -0.0000021928
    2.618241      3.675157   -0.0000021928
    2.618241     11.025471   -0.0000195167
    2.618241     18.375785   -0.0000530343
    2.618241     25.726100   -0.0001006418
    2.618241     33.076414   -0.0001595287
    2.618241     40.426728   -0.0002264637
    2.618241     47.777042   -0.0002979645
    2.618241     55.127356   -0.0003701660

    7.854722    -55.127356   -0.0011439659
    7.854722    -47.777042   -0.0009207669
    7.854722    -40.426728   -0.0006993673
    7.854722    -33.076414   -0.0004923833
    7.854722    -25.726100   -0.0003105396
    7.854722    -18.375785   -0.0001636319
    7.854722    -11.025471   -0.0000602198
    7.854722     -3.675157   -0.0000067663
    7.854722      3.675157   -0.0000067663
    7.854722     11.025471   -0.0000602198
    7.854722     18.375785   -0.0001636319
    7.854722     25.726100   -0.0003105396
    7.854722     33.076414   -0.0004923833
    7.854722     40.426728   -0.0006993673
    7.854722     47.777042   -0.0009207669
    7.854722     55.127356   -0.0011439659

   13.091203    -55.127356   -0.0019628012
   13.091203    -47.777042   -0.0015771853
   13.091203    -40.426728   -0.0011985159
   13.091203    -33.076414   -0.0008442123
   13.091203    -25.726100   -0.0005323753
   13.091203    -18.375785   -0.0002803602
   13.091203    -11.025471   -0.0001031070
   13.091203     -3.675157   -0.0000115800
   13.091203      3.675157   -0.0000115800
   13.091203     11.025471   -0.0001031070
   13.091203     18.375785   -0.0002803602
   13.091203     25.726100   -0.0005323753
   13.091203     33.076414   -0.0008442123
   13.091203     40.426728   -0.0011985159
   13.091203     47.777042   -0.0015771853
   13.091203     55.127356   -0.0019628012

   18.327684    -55.127356   -0.0028272620
   18.327684    -47.777042   -0.0022695661
   18.327684    -40.426728   -0.0017248321
   18.327684    -33.076414   -0.0012151142
   18.327684    -25.726100   -0.0007661871
   18.327684    -18.375785   -0.0004033624
   18.327684    -11.025471   -0.0001482907
   18.327684     -3.675157   -0.0000166509
   18.327684      3.675157   -0.0000166509
   18.327684     11.025471   -0.0001482907
   18.327684     18.375785   -0.0004033624
   18.327684     25.726100   -0.0007661871
   18.327684     33.076414   -0.0012151142
   18.327684     40.426728   -0.0017248321
   18.327684     47.777042   -0.0022695661
   18.327684     55.127356   -0.0028272620

   23.564166    -55.127356   -0.0037380221
   23.564166    -47.777042   -0.0030091022
   23.564166    -40.426728   -0.0022816552
   23.564166    -33.076414   -0.0016040616
   23.564166    -25.726100   -0.0010110488
   23.564166    -18.375785   -0.0005327938
   23.564166    -11.025471   -0.0001961519
   23.564166     -3.675157   -0.0000220463
   23.564166      3.675157   -0.0000220463
   23.564166     11.025471   -0.0001961519
   23.564166     18.375785   -0.0005327938
   23.564166     25.726100   -0.0010110488
   23.564166     33.076414   -0.0016040616
   23.564166     40.426728   -0.0022816552
   23.564166     47.777042   -0.0030091022
   23.564166     55.127356   -0.0037380221

   28.800647    -55.127356   -0.0046957552
   28.800647    -47.777042   -0.0037995143
   28.800647    -40.426728   -0.0028702908
   28.800647    -33.076414   -0.0020109603
   28.800647    -25.726100   -0.0012668007
   28.800647    -18.375785   -0.0006687495
   28.800647    -11.025471   -0.0002468179
   28.800647     -3.675157   -0.0000277874
   28.800647      3.675157   -0.0000277874
   28.800647     11.025471   -0.0002468179
   28.800647     18.375785   -0.0006687495
   28.800647     25.726100   -0.0012668007
   28.800647     33.076414   -0.0020109603
   28.800647     40.426728   -0.0028702908
   28.800647     47.777042   -0.0037995143
   28.800647     55.127356   -0.0046957551

   34.037128    -55.127356   -0.0057009599
   34.037128    -47.777042   -0.0045765418
   34.037128    -40.426728   -0.0034735924
   34.037128    -33.076414   -0.0024444523
   34.037128    -25.726100   -0.0015406516
   34.037128    -18.375785   -0.0008111316
   34.037128    -11.025471   -0.0002982839
   34.037128     -3.675157   -0.0000335003
   34.037128      3.675157   -0.0000335003
   34.037128     11.025471   -0.0002982839
   34.037128     18.375785   -0.0008111316
   34.037128     25.726100   -0.0015406516
   34.037128     33.076414   -0.0024444523
   34.037128     40.426728   -0.0034735924
   34.037128     47.777042   -0.0045765418
   34.037128     55.127356   -0.0057009599

