  -48.902142    -96.008735    0.0007643213
  -48.902142    -81.238160    0.0006430509
  -48.902142    -66.467585    0.0005222120
  -48.902142    -51.697011    0.0004023504
  -48.902142    -36.926436    0.0002841046
  -48.902142    -22.155862    0.0001681535
  -48.902142     -7.385287    0.0000551735
  -48.902142      7.385287   -0.0000541949
  -48.902142     22.155862   -0.0001593729
  -48.902142     36.926436   -0.0002598589
  -48.902142     51.697011   -0.0003552359
  -48.902142     66.467585   -0.0004451704
  -48.902142     81.238160   -0.0005294008
  -48.902142     96.008735   -0.0006077189
  -48.902142    110.779309   -0.0006799410
  -48.902142    125.549884   -0.0007458708

  -42.381856    -96.008735    0.0005808590
  -42.381856    -81.238160    0.0004876202
  -42.381856    -66.467585    0.0003951375
  -42.381856    -51.697011    0.0003037883
  -42.381856    -36.926436    0.0002140387
  -42.381856    -22.155862    0.0001263970
  -42.381856     -7.385287    0.0000413752
  -42.381856      7.385287   -0.0000405418
  -42.381856     22.155862   -0.0001189185
  -42.381856     36.926436   -0.0001933829
  -42.381856     51.697011   -0.0002636332
  -42.381856     66.467585   -0.0003294356
  -42.381856     81.238160   -0.0003906143
  -42.381856     96.008735   -0.0004470341
  -42.381856    110.779309   -0.0004985733
  -42.381856    125.549884   -0.0005450904

  -35.861571    -96.008735    0.0004201118
  -35.861571    -81.238160    0.0003519870
  -35.861571    -66.467585    0.0002846690
  -35.861571    -51.697011    0.0002184229
  -35.861571    -36.926436    0.0001535805
  -35.861571    -22.155862    0.0000905052
  -35.861571     -7.385287    0.0000295626
  -35.861571      7.385287   -0.0000289028
  -35.861571     22.155862   -0.0000845834
  -35.861571     36.926436   -0.0001372193
  -35.861571     51.697011   -0.0001866022
  -35.861571     66.467585   -0.0002325725
  -35.861571     81.238160   -0.0002750110
  -35.861571     96.008735   -0.0003138233
  -35.861571    110.779309   -0.0003489189
  -35.861571    125.549884   -0.0003801828

  -29.341285    -96.008735    0.0002836280
  -29.341285    -81.238160    0.0002372381
  -29.341285    -66.467585    0.0001915365
  -29.341285    -51.697011    0.0001467048
  -29.341285    -36.926436    0.0001029672
  -29.341285    -22.155862    0.0000605668
  -29.341285     -7.385287    0.0000197461
  -29.341285      7.385287   -0.0000192679
  -29.341285     22.155862   -0.0000562741
  -29.341285     36.926436   -0.0000911037
  -29.341285     51.697011   -0.0001236219
  -29.341285     66.467585   -0.0001537252
  -29.341285     81.238160   -0.0001813343
  -29.341285     96.008735   -0.0002063828
  -29.341285    110.779309   -0.0002288016
  -29.341285    125.549884   -0.0002484982

  -22.821000    -96.008735    0.0001727513
  -22.821000    -81.238160    0.0001442992
  -22.821000    -66.467585    0.0001163351
  -22.821000    -51.697011    0.0000889739
  -22.821000    -36.926436    0.0000623533
  -22.821000    -22.155862    0.0000366204
  -22.821000     -7.385287    0.0000119202
  -22.821000      7.385287   -0.0000116127
  -22.821000     22.155862   -0.0000338599
  -22.821000     36.926436   -0.0000547223
  -22.821000     51.697011   -0.0000741209
  -22.821000     66.467585   -0.0000919941
  -22.821000     81.238160   -0.0001082932
  -22.821000     96.008735   -0.0001229745
  -22.821000    110.779309   -0.0001359894
  -22.821000    125.549884   -0.0001472713

  -16.300714    -96.008735    0.0000885919
  -16.300714    -81.238160    0.0000739239
  -16.300714    -66.467585    0.0000595324
  -16.300714    -51.697011    0.0000454787
  -16.300714    -36.926436    0.0000318342
  -16.300714    -22.155862    0.0000186739
  -16.300714     -7.385287    0.0000060710
  -16.300714      7.385287   -0.0000059070
  -16.300714     22.155862   -0.0000172014
  -16.300714     36.926436   -0.0000277630
  -16.300714     51.697011   -0.0000375523
  -16.300714     66.467585   -0.0000465383
  -16.300714     81.238160   -0.0000546954
  -16.300714     96.008735   -0.0000619996
  -16.300714    110.779309   -0.0000684225
  -16.300714    125.549884   -0.0000739252

   -9.780428    -96.008735    0.0000320026
   -9.780428    -81.238160    0.0000266853
   -9.780428    -66.467585    0.0000214742
   -9.780428    -51.697011    0.0000163920
   -9.780428    -36.926436    0.0000114648
   -9.780428    -22.155862    0.0000067197
   -9.780428     -7.385287    0.0000021828
   -9.780428      7.385287   -0.0000021220
   -9.780428     22.155862   -0.0000061740
   -9.780428     36.926436   -0.0000099558
   -9.780428     51.697011   -0.0000134535
   -9.780428     66.467585   -0.0000166559
   -9.780428     81.238160   -0.0000195535
   -9.780428     96.008735   -0.0000221373
   -9.780428    110.779309   -0.0000243960
   -9.780428    125.549884   -0.0000263143

   -3.260143    -96.008735    0.0000035620
   -3.260143    -81.238160    0.0000029691
   -3.260143    -66.467585    0.0000023884
   -3.260143    -51.697011    0.0000018224
   -3.260143    -36.926436    0.0000012741
   -3.260143    -22.155862    0.0000007465
   -3.260143     -7.385287    0.0000002424
   -3.260143      7.385287   -0.0000002355
   -3.260143     22.155862   -0.0000006849
   -3.260143     36.926436   -0.0000011040
   -3.260143     51.697011   -0.0000014911
   -3.260143     66.467585   -0.0000018451
   -3.260143     81.238160   -0.0000021649
   -3.260143     96.008735   -0.0000024494
   -3.260143    110.779309   -0.0000026974
   -3.260143    125.549884   -0.0000029070

    3.260143    -96.008735    0.0000035620
    3.260143    -81.238160    0.0000029691
    3.260143    -66.467585    0.0000023884
    3.260143    -51.697011    0.0000018224
    3.260143    -36.926436    0.0000012741
    3.260143    -22.155862    0.0000007465
    3.260143     -7.385287    0.0000002424
    3.260143      7.385287   -0.0000002355
    3.260143     22.155862   -0.0000006849
    3.260143     36.926436   -0.0000011040
    3.260143     51.697011   -0.0000014911
    3.260143     66.467585   -0.0000018451
    3.260143     81.238160   -0.0000021649
    3.260143     96.008735   -0.0000024494
    3.260143    110.779309   -0.0000026974
    3.260143    125.549884   -0.0000029070

    9.780428    -96.008735    0.0000320026
    9.780428    -81.238160    0.0000266853
    9.780428    -66.467585    0.0000214742
    9.780428    -51.697011    0.0000163920
    9.780428    -36.926436    0.0000114648
    9.780428    -22.155862    0.0000067197
    9.780428     -7.385287    0.0000021828
    9.780428      7.385287   -0.0000021220
    9.780428     22.155862   -0.0000061740
    9.780428     36.926436   -0.0000099558
    9.780428     51.697011   -0.0000134535
    9.780428     66.467585   -0.0000166559
    9.780428     81.238160   -0.0000195535
    9.780428     96.008735   -0.0000221373
    9.780428    110.779309   -0.0000243960
    9.780428    125.549884   -0.0000263143

   16.300714    -96.008735    0.0000885919
   16.300714    -81.238160    0.0000739239
   16.300714    -66.467585    0.0000595324
   16.300714    -51.697011    0.0000454787
   16.300714    -36.926436    0.0000318342
   16.300714    -22.155862    0.0000186739
   16.300714     -7.385287    0.0000060710
   16.300714      7.385287   -0.0000059070
   16.300714     22.155862   -0.0000172014
   16.300714     36.926436   -0.0000277630
   16.300714     51.697011   -0.0000375523
   16.300714     66.467585   -0.0000465383
   16.300714     81.238160   -0.0000546954
   16.300714     96.008735   -0.0000619996
   16.300714    110.779309   -0.0000684225
   16.300714    125.549884   -0.0000739252

   22.821000    -96.008735    0.0001727513
   22.821000    -81.238160    0.0001442992
   22.821000    -66.467585    0.0001163351
   22.821000    -51.697011    0.0000889739
   22.821000    -36.926436    0.0000623533
   22.821000    -22.155862    0.0000366204
   22.821000     -7.385287    0.0000119202
   22.821000      7.385287   -0.0000116127
   22.821000     22.155862   -0.0000338599
   22.821000     36.926436   -0.0000547223
   22.821000     51.697011   -0.0000741209
   22.821000     66.467585   -0.0000919941
   22.821000     81.238160   -0.0001082932
   22.821000     96.008735   -0.0001229745
   22.821000    110.779309   -0.0001359894
   22.821000    125.549884   -0.0001472713

   29.341285    -96.008735    0.0002836280
   29.341285    -81.238160    0.0002372381
   29.341285    -66.467585    0.0001915365
   29.341285    -51.697011    0.0001467048
   29.341285    -36.926436    0.0001029672
   29.341285    -22.155862    0.0000605668
   29.341285     -7.385287    0.0000197461
   29.341285      7.385287   -0.0000192679
   29.341285     22.155862   -0.0000562741
   29.341285     36.926436   -0.0000911037
   29.341285     51.697011   -0.0001236219
   29.341285     66.467585   -0.0001537252
   29.341285     81.238160   -0.0001813343
   29.341285     96.008735   -0.0002063828
   29.341285    110.779309   -0.0002288016
   29.341285    125.549884   -0.0002484982

   35.861571    -96.008735    0.0004201118
   35.861571    -81.238160    0.0003519870
   35.861571    -66.467585    0.0002846690
   35.861571    -51.697011    0.0002184229
   35.861571    -36.926436    0.0001535805
   35.861571    -22.155862    0.0000905052
   35.861571     -7.385287    0.0000295626
   35.861571      7.385287   -0.0000289028
   35.861571     22.155862   -0.0000845834
   35.861571     36.926436   -0.0001372193
   35.861571     51.697011   -0.0001866022
   35.861571     66.467585   -0.0002325725
   35.861571     81.238160   -0.0002750110
   35.861571     96.008735   -0.0003138233
   35.861571    110.779309   -0.0003489189
   35.861571    125.549884   -0.0003801828

   42.381856    -96.008735    0.0005808590
   42.381856    -81.238160    0.0004876202
   42.381856    -66.467585    0.0003951375
   42.381856    -51.697011    0.0003037883
   42.381856    -36.926436    0.0002140387
   42.381856    -22.155862    0.0001263970
   42.381856     -7.385287    0.0000413752
   42.381856      7.385287   -0.0000405418
   42.381856     22.155862   -0.0001189185
   42.381856     36.926436   -0.0001933829
   42.381856     51.697011   -0.0002636332
   42.381856     66.467585   -0.0003294356
   42.381856     81.238160   -0.0003906143
   42.381856     96.008735   -0.0004470341
   42.381856    110.779309   -0.0004985733
   42.381856    125.549884   -0.0005450904

   48.902142    -96.008735    0.0007643213
   48.902142    -81.238160    0.0006430509
   48.902142    -66.467585    0.0005222120
   48.902142    -51.697011    0.0004023504
   48.902142    -36.926436    0.0002841046
   48.902142    -22.155862    0.0001681535
   48.902142     -7.385287    0.0000551735
   48.902142      7.385287   -0.0000541949
   48.902142     22.155862   -0.0001593729
   48.902142     36.926436   -0.0002598589
   48.902142     51.697011   -0.0003552359
   48.902142     66.467585   -0.0004451704
   48.902142     81.238160   -0.0005294008
   48.902142     96.008735   -0.0006077189
   48.902142    110.779309   -0.0006799410
   48.902142    125.549884   -0.0007458708

