  -50.619018    -61.469935   -0.0000514250
  -50.619018    -53.273944   -0.0000380482
  -50.619018    -45.077952   -0.0000268870
  -50.619018    -36.881961   -0.0000178010
  -50.619018    -28.685970   -0.0000106728
  -50.619018    -20.489978   -0.0000054087
  -50.619018    -12.293987   -0.0000019383
  -50.619018     -4.097996   -0.0000002149
  -50.619018      4.097996   -0.0000002149
  -50.619018     12.293987   -0.0000019383
  -50.619018     20.489978   -0.0000054087
  -50.619018     28.685970   -0.0000106728
  -50.619018     36.881961   -0.0000178010
  -50.619018     45.077952   -0.0000268870
  -50.619018     53.273944   -0.0000380482
  -50.619018     61.469935   -0.0000514250

  -43.869816    -61.469935   -0.0000380926
  -43.869816    -53.273944   -0.0000281177
  -43.869816    -45.077952   -0.0000198284
  -43.869816    -36.881961   -0.0000131044
  -43.869816    -28.685970   -0.0000078455
  -43.869816    -20.489978   -0.0000039715
  -43.869816    -12.293987   -0.0000014222
  -43.869816     -4.097996   -0.0000001576
  -43.869816      4.097996   -0.0000001576
  -43.869816     12.293987   -0.0000014222
  -43.869816     20.489978   -0.0000039715
  -43.869816     28.685970   -0.0000078455
  -43.869816     36.881961   -0.0000131044
  -43.869816     45.077952   -0.0000198284
  -43.869816     53.273944   -0.0000281177
  -43.869816     61.469935   -0.0000380926

  -37.120613    -61.469935   -0.0000269461
  -37.120613    -53.273944   -0.0000198489
  -37.120613    -45.077952   -0.0000139716
  -37.120613    -36.881961   -0.0000092191
  -37.120613    -28.685970   -0.0000055123
  -37.120613    -20.489978   -0.0000027876
  -37.120613    -12.293987   -0.0000009976
  -37.120613     -4.097996   -0.0000001105
  -37.120613      4.097996   -0.0000001105
  -37.120613     12.293987   -0.0000009976
  -37.120613     20.489978   -0.0000027876
  -37.120613     28.685970   -0.0000055123
  -37.120613     36.881961   -0.0000092191
  -37.120613     45.077952   -0.0000139716
  -37.120613     53.273944   -0.0000198489
  -37.120613     61.469935   -0.0000269461

  -30.371411    -61.469935   -0.0000178557
  -30.371411    -53.273944   -0.0000131295
  -30.371411    -45.077952   -0.0000092273
  -30.371411    -36.881961   -0.0000060804
  -30.371411    -28.685970   -0.0000036315
  -30.371411    -20.489978   -0.0000018349
  -30.371411    -12.293987   -0.0000006563
  -30.371411     -4.097996   -0.0000000727
  -30.371411      4.097996   -0.0000000727
  -30.371411     12.293987   -0.0000006563
  -30.371411     20.489978   -0.0000018349
  -30.371411     28.685970   -0.0000036315
  -30.371411     36.881961   -0.0000060804
  -30.371411     45.077952   -0.0000092273
  -30.371411     53.273944   -0.0000131295
  -30.371411     61.469935   -0.0000178557

  -23.622208    -61.469935   -0.0000107133
  -23.622208    -53.273944   -0.0000078662
  -23.622208    -45.077952   -0.0000055212
  -23.622208    -36.881961   -0.0000036342
  -23.622208    -28.685970   -0.0000021685
  -23.622208    -20.489978   -0.0000010949
  -23.622208    -12.293987   -0.0000003914
  -23.622208     -4.097996   -0.0000000433
  -23.622208      4.097996   -0.0000000433
  -23.622208     12.293987   -0.0000003914
  -23.622208     20.489978   -0.0000010949
  -23.622208     28.685970   -0.0000021685
  -23.622208     36.881961   -0.0000036342
  -23.622208     45.077952   -0.0000055212
  -23.622208     53.273944   -0.0000078662
  -23.622208     61.469935   -0.0000107133

  -16.873006    -61.469935   -0.0000054321
  -16.873006    -53.273944   -0.0000039842
  -16.873006    -45.077952   -0.0000027937
  -16.873006    -36.881961   -0.0000018373
  -16.873006    -28.685970   -0.0000010956
  -16.873006    -20.489978   -0.0000005529
  -16.873006    -12.293987   -0.0000001976
  -16.873006     -4.097996   -0.0000000219
  -16.873006      4.097996   -0.0000000219
  -16.873006     12.293987   -0.0000001976
  -16.873006     20.489978   -0.0000005529
  -16.873006     28.685970   -0.0000010956
  -16.873006     36.881961   -0.0000018373
  -16.873006     45.077952   -0.0000027937
  -16.873006     53.273944   -0.0000039842
  -16.873006     61.469935   -0.0000054321

  -10.123804    -61.469935   -0.0000019475
  -10.123804    -53.273944   -0.0000014273
  -10.123804    -45.077952   -0.0000010001
  -10.123804    -36.881961   -0.0000006574
  -10.123804    -28.685970   -0.0000003918
  -10.123804    -20.489978   -0.0000001976
  -10.123804    -12.293987   -0.0000000706
  -10.123804     -4.097996   -0.0000000078
  -10.123804      4.097996   -0.0000000078
  -10.123804     12.293987   -0.0000000706
  -10.123804     20.489978   -0.0000001976
  -10.123804     28.685970   -0.0000003918
  -10.123804     36.881961   -0.0000006574
  -10.123804     45.077952   -0.0000010001
  -10.123804     53.273944   -0.0000014273
  -10.123804     61.469935   -0.0000019475

   -3.374601    -61.469935   -0.0000002159
   -3.374601    -53.273944   -0.0000001582
   -3.374601    -45.077952   -0.0000001108
   -3.374601    -36.881961   -0.0000000728
   -3.374601    -28.685970   -0.0000000434
   -3.374601    -20.489978   -0.0000000219
   -3.374601    -12.293987   -0.0000000078
   -3.374601     -4.097996   -0.0000000009
   -3.374601      4.097996   -0.0000000009
   -3.374601     12.293987   -0.0000000078
   -3.374601     20.489978   -0.0000000219
   -3.374601     28.685970   -0.0000000434
   -3.374601     36.881961   -0.0000000728
   -3.374601     45.077952   -0.0000001108
   -3.374601     53.273944   -0.0000001582
   -3.374601     61.469935   -0.0000002159

    3.374601    -61.469935   -0.0000002159
    3.374601    -53.273944   -0.0000001582
    3.374601    -45.077952   -0.0000001108
    3.374601    -36.881961   -0.0000000728
    3.374601    -28.685970   -0.0000000434
    3.374601    -20.489978   -0.0000000219
    3.374601    -12.293987   -0.0000000078
    3.374601     -4.097996   -0.0000000009
    3.374601      4.097996   -0.0000000009
    3.374601     12.293987   -0.0000000078
    3.374601     20.489978   -0.0000000219
    3.374601     28.685970   -0.0000000434
    3.374601     36.881961   -0.0000000728
    3.374601     45.077952   -0.0000001108
    3.374601     53.273944   -0.0000001582
    3.374601     61.469935   -0.0000002159

   10.123804    -61.469935   -0.0000019475
   10.123804    -53.273944   -0.0000014273
   10.123804    -45.077952   -0.0000010001
   10.123804    -36.881961   -0.0000006574
   10.123804    -28.685970   -0.0000003918
   10.123804    -20.489978   -0.0000001976
   10.123804    -12.293987   -0.0000000706
   10.123804     -4.097996   -0.0000000078
   10.123804      4.097996   -0.0000000078
   10.123804     12.293987   -0.0000000706
   10.123804     20.489978   -0.0000001976
   10.123804     28.685970   -0.0000003918
   10.123804     36.881961   -0.0000006574
   10.123804     45.077952   -0.0000010001
   10.123804     53.273944   -0.0000014273
   10.123804     61.469935   -0.0000019475

   16.873006    -61.469935   -0.0000054321
   16.873006    -53.273944   -0.0000039842
   16.873006    -45.077952   -0.0000027937
   16.873006    -36.881961   -0.0000018373
   16.873006    -28.685970   -0.0000010956
   16.873006    -20.489978   -0.0000005529
   16.873006    -12.293987   -0.0000001976
   16.873006     -4.097996   -0.0000000219
   16.873006      4.097996   -0.0000000219
   16.873006     12.293987   -0.0000001976
   16.873006     20.489978   -0.0000005529
   16.873006     28.685970   -0.0000010956
   16.873006     36.881961   -0.0000018373
   16.873006     45.077952   -0.0000027937
   16.873006     53.273944   -0.0000039842
   16.873006     61.469935   -0.0000054321

   23.622208    -61.469935   -0.0000107133
   23.622208    -53.273944   -0.0000078662
   23.622208    -45.077952   -0.0000055212
   23.622208    -36.881961   -0.0000036342
   23.622208    -28.685970   -0.0000021685
   23.622208    -20.489978   -0.0000010949
   23.622208    -12.293987   -0.0000003914
   23.622208     -4.097996   -0.0000000433
   23.622208      4.097996   -0.0000000433
   23.622208     12.293987   -0.0000003914
   23.622208     20.489978   -0.0000010949
   23.622208     28.685970   -0.0000021685
   23.622208     36.881961   -0.0000036342
   23.622208     45.077952   -0.0000055212
   23.622208     53.273944   -0.0000078662
   23.622208     61.469935   -0.0000107133

   30.371411    -61.469935   -0.0000178557
   30.371411    -53.273944   -0.0000131295
   30.371411    -45.077952   -0.0000092273
   30.371411    -36.881961   -0.0000060804
   30.371411    -28.685970   -0.0000036315
   30.371411    -20.489978   -0.0000018349
   30.371411    -12.293987   -0.0000006563
   30.371411     -4.097996   -0.0000000727
   30.371411      4.097996   -0.0000000727
   30.371411     12.293987   -0.0000006563
   30.371411     20.489978   -0.0000018349
   30.371411     28.685970   -0.0000036315
   30.371411     36.881961   -0.0000060804
   30.371411     45.077952   -0.0000092273
   30.371411     53.273944   -0.0000131295
   30.371411     61.469935   -0.0000178557

   37.120613    -61.469935   -0.0000269461
   37.120613    -53.273944   -0.0000198489
   37.120613    -45.077952   -0.0000139716
   37.120613    -36.881961   -0.0000092191
   37.120613    -28.685970   -0.0000055123
   37.120613    -20.489978   -0.0000027876
   37.120613    -12.293987   -0.0000009976
   37.120613     -4.097996   -0.0000001105
   37.120613      4.097996   -0.0000001105
   37.120613     12.293987   -0.0000009976
   37.120613     20.489978   -0.0000027876
   37.120613     28.685970   -0.0000055123
   37.120613     36.881961   -0.0000092191
   37.120613     45.077952   -0.0000139716
   37.120613     53.273944   -0.0000198489
   37.120613     61.469935   -0.0000269461

   43.869816    -61.469935   -0.0000380926
   43.869816    -53.273944   -0.0000281177
   43.869816    -45.077952   -0.0000198284
   43.869816    -36.881961   -0.0000131044
   43.869816    -28.685970   -0.0000078455
   43.869816    -20.489978   -0.0000039715
   43.869816    -12.293987   -0.0000014222
   43.869816     -4.097996   -0.0000001576
   43.869816      4.097996   -0.0000001576
   43.869816     12.293987   -0.0000014222
   43.869816     20.489978   -0.0000039715
   43.869816     28.685970   -0.0000078455
   43.869816     36.881961   -0.0000131044
   43.869816     45.077952   -0.0000198284
   43.869816     53.273944   -0.0000281177
   43.869816     61.469935   -0.0000380926

   50.619018    -61.469935   -0.0000514250
   50.619018    -53.273944   -0.0000380482
   50.619018    -45.077952   -0.0000268870
   50.619018    -36.881961   -0.0000178010
   50.619018    -28.685970   -0.0000106728
   50.619018    -20.489978   -0.0000054087
   50.619018    -12.293987   -0.0000019383
   50.619018     -4.097996   -0.0000002149
   50.619018      4.097996   -0.0000002149
   50.619018     12.293987   -0.0000019383
   50.619018     20.489978   -0.0000054087
   50.619018     28.685970   -0.0000106728
   50.619018     36.881961   -0.0000178010
   50.619018     45.077952   -0.0000268870
   50.619018     53.273944   -0.0000380482
   50.619018     61.469935   -0.0000514250

