  -47.456659    -96.008735    0.0009651032
  -47.456659    -81.238160    0.0008921714
  -47.456659    -66.467585    0.0007829995
  -47.456659    -51.697011    0.0006442230
  -47.456659    -36.926436    0.0004815179
  -47.456659    -22.155862    0.0002997174
  -47.456659     -7.385287    0.0001029194
  -47.456659      7.385287   -0.0001054161
  -47.456659     22.155862   -0.0003223789
  -47.456659     36.926436   -0.0005455303
  -47.456659     51.697011   -0.0007728339
  -47.456659     66.467585   -0.0010025967
  -47.456659     81.238160   -0.0012334195
  -47.456659     96.008735   -0.0014641565
  -47.456659    110.779309   -0.0016938851
  -47.456659    125.549884   -0.0019218847

  -41.129105    -96.008735    0.0007470850
  -41.129105    -81.238160    0.0006892652
  -41.129105    -66.467585    0.0006039773
  -41.129105    -51.697011    0.0004963058
  -41.129105    -36.926436    0.0003705793
  -41.129105    -22.155862    0.0002304705
  -41.129105     -7.385287    0.0000790854
  -41.129105      7.385287   -0.0000809560
  -41.129105     22.155862   -0.0002474489
  -41.129105     36.926436   -0.0004185422
  -41.129105     51.697011   -0.0005926867
  -41.129105     66.467585   -0.0007685923
  -41.129105     81.238160   -0.0009451952
  -41.129105     96.008735   -0.0011216341
  -41.129105    110.779309   -0.0012972362
  -41.129105    125.549884   -0.0014715125

  -34.801550    -96.008735    0.0005490707
  -34.801550    -81.238160    0.0005057063
  -34.801550    -66.467585    0.0004425629
  -34.801550    -51.697011    0.0003632992
  -34.801550    -36.926436    0.0002710407
  -34.801550    -22.155862    0.0001684460
  -34.801550     -7.385287    0.0000577661
  -34.801550      7.385287   -0.0000591001
  -34.801550     22.155862   -0.0001805572
  -34.801550     36.926436   -0.0003052694
  -34.801550     51.697011   -0.0004321222
  -34.801550     66.467585   -0.0005601899
  -34.801550     81.238160   -0.0006887082
  -34.801550     96.008735   -0.0008170522
  -34.801550    110.779309   -0.0009447208
  -34.801550    125.549884   -0.0010713251

  -28.473996    -96.008735    0.0003757322
  -28.473996    -81.238160    0.0003455582
  -28.473996    -66.467585    0.0003020996
  -28.473996    -51.697011    0.0002477954
  -28.473996    -36.926436    0.0001847461
  -28.473996    -22.155862    0.0001147488
  -28.473996     -7.385287    0.0000393307
  -28.473996      7.385287   -0.0000402197
  -28.473996     22.155862   -0.0001228227
  -28.473996     36.926436   -0.0002075785
  -28.473996     51.697011   -0.0002937418
  -28.473996     66.467585   -0.0003806959
  -28.473996     81.238160   -0.0004679300
  -28.473996     96.008735   -0.0005550180
  -28.473996    110.779309   -0.0006415981
  -28.473996    125.549884   -0.0007273551

  -22.146441    -96.008735    0.0002313546
  -22.146441    -81.238160    0.0002125282
  -22.146441    -66.467585    0.0001856515
  -22.146441    -51.697011    0.0001521868
  -22.146441    -36.926436    0.0001134063
  -22.146441    -22.155862    0.0000704061
  -22.146441     -7.385287    0.0000241217
  -22.146441      7.385287   -0.0000246572
  -22.146441     22.155862   -0.0000752705
  -22.146441     36.926436   -0.0001271720
  -22.146441     51.697011   -0.0001799119
  -22.146441     66.467585   -0.0002331207
  -22.146441     81.238160   -0.0002864907
  -22.146441     96.008735   -0.0003397588
  -22.146441    110.779309   -0.0003926874
  -22.146441    125.549884   -0.0004450463

  -15.818886    -96.008735    0.0001196227
  -15.818886    -81.238160    0.0001097926
  -15.818886    -66.467585    0.0000958519
  -15.818886    -51.697011    0.0000785395
  -15.818886    -36.926436    0.0000585042
  -15.818886    -22.155862    0.0000363088
  -15.818886     -7.385287    0.0000124357
  -15.818886      7.385287   -0.0000127078
  -15.818886     22.155862   -0.0000387821
  -15.818886     36.926436   -0.0000655075
  -15.818886     51.697011   -0.0000926557
  -15.818886     66.467585   -0.0001200397
  -15.818886     81.238160   -0.0001475036
  -15.818886     96.008735   -0.0001749105
  -15.818886    110.779309   -0.0002021305
  -15.818886    125.549884   -0.0002290267

   -9.491332    -96.008735    0.0000434499
   -9.491332    -81.238160    0.0000398561
   -9.491332    -66.467585    0.0000347821
   -9.491332    -51.697011    0.0000284918
   -9.491332    -36.926436    0.0000212184
   -9.491332    -22.155862    0.0000131656
   -9.491332     -7.385287    0.0000045082
   -9.491332      7.385287   -0.0000046059
   -9.491332     22.155862   -0.0000140537
   -9.491332     36.926436   -0.0000237344
   -9.491332     51.697011   -0.0000335661
   -9.491332     66.467585   -0.0000434819
   -9.491332     81.238160   -0.0000534260
   -9.491332     96.008735   -0.0000633485
   -9.491332    110.779309   -0.0000732001
   -9.491332    125.549884   -0.0000829262

   -3.163777    -96.008735    0.0000048494
   -3.163777    -81.238160    0.0000044470
   -3.163777    -66.467585    0.0000038801
   -3.163777    -51.697011    0.0000031779
   -3.163777    -36.926436    0.0000023664
   -3.163777    -22.155862    0.0000014681
   -3.163777     -7.385287    0.0000005027
   -3.163777      7.385287   -0.0000005135
   -3.163777     22.155862   -0.0000015667
   -3.163777     36.926436   -0.0000026457
   -3.163777     51.697011   -0.0000037413
   -3.163777     66.467585   -0.0000048463
   -3.163777     81.238160   -0.0000059544
   -3.163777     96.008735   -0.0000070600
   -3.163777    110.779309   -0.0000081576
   -3.163777    125.549884   -0.0000092407

    3.163777    -96.008735    0.0000048494
    3.163777    -81.238160    0.0000044470
    3.163777    -66.467585    0.0000038801
    3.163777    -51.697011    0.0000031779
    3.163777    -36.926436    0.0000023664
    3.163777    -22.155862    0.0000014681
    3.163777     -7.385287    0.0000005027
    3.163777      7.385287   -0.0000005135
    3.163777     22.155862   -0.0000015667
    3.163777     36.926436   -0.0000026457
    3.163777     51.697011   -0.0000037413
    3.163777     66.467585   -0.0000048463
    3.163777     81.238160   -0.0000059544
    3.163777     96.008735   -0.0000070600
    3.163777    110.779309   -0.0000081576
    3.163777    125.549884   -0.0000092407

    9.491332    -96.008735    0.0000434499
    9.491332    -81.238160    0.0000398561
    9.491332    -66.467585    0.0000347821
    9.491332    -51.697011    0.0000284918
    9.491332    -36.926436    0.0000212184
    9.491332    -22.155862    0.0000131656
    9.491332     -7.385287    0.0000045082
    9.491332      7.385287   -0.0000046059
    9.491332     22.155862   -0.0000140537
    9.491332     36.926436   -0.0000237344
    9.491332     51.697011   -0.0000335661
    9.491332     66.467585   -0.0000434819
    9.491332     81.238160   -0.0000534260
    9.491332     96.008735   -0.0000633485
    9.491332    110.779309   -0.0000732001
    9.491332    125.549884   -0.0000829262

   15.818886    -96.008735    0.0001196227
   15.818886    -81.238160    0.0001097926
   15.818886    -66.467585    0.0000958519
   15.818886    -51.697011    0.0000785395
   15.818886    -36.926436    0.0000585042
   15.818886    -22.155862    0.0000363088
   15.818886     -7.385287    0.0000124357
   15.818886      7.385287   -0.0000127078
   15.818886     22.155862   -0.0000387821
   15.818886     36.926436   -0.0000655075
   15.818886     51.697011   -0.0000926557
   15.818886     66.467585   -0.0001200397
   15.818886     81.238160   -0.0001475036
   15.818886     96.008735   -0.0001749105
   15.818886    110.779309   -0.0002021305
   15.818886    125.549884   -0.0002290267

   22.146441    -96.008735    0.0002313546
   22.146441    -81.238160    0.0002125282
   22.146441    -66.467585    0.0001856515
   22.146441    -51.697011    0.0001521868
   22.146441    -36.926436    0.0001134063
   22.146441    -22.155862    0.0000704061
   22.146441     -7.385287    0.0000241217
   22.146441      7.385287   -0.0000246572
   22.146441     22.155862   -0.0000752705
   22.146441     36.926436   -0.0001271720
   22.146441     51.697011   -0.0001799119
   22.146441     66.467585   -0.0002331207
   22.146441     81.238160   -0.0002864907
   22.146441     96.008735   -0.0003397588
   22.146441    110.779309   -0.0003926874
   22.146441    125.549884   -0.0004450463

   28.473996    -96.008735    0.0003757322
   28.473996    -81.238160    0.0003455582
   28.473996    -66.467585    0.0003020996
   28.473996    -51.697011    0.0002477954
   28.473996    -36.926436    0.0001847461
   28.473996    -22.155862    0.0001147488
   28.473996     -7.385287    0.0000393307
   28.473996      7.385287   -0.0000402197
   28.473996     22.155862   -0.0001228227
   28.473996     36.926436   -0.0002075785
   28.473996     51.697011   -0.0002937418
   28.473996     66.467585   -0.0003806959
   28.473996     81.238160   -0.0004679300
   28.473996     96.008735   -0.0005550180
   28.473996    110.779309   -0.0006415981
   28.473996    125.549884   -0.0007273551

   34.801550    -96.008735    0.0005490707
   34.801550    -81.238160    0.0005057063
   34.801550    -66.467585    0.0004425629
   34.801550    -51.697011    0.0003632992
   34.801550    -36.926436    0.0002710407
   34.801550    -22.155862    0.0001684460
   34.801550     -7.385287    0.0000577661
   34.801550      7.385287   -0.0000591001
   34.801550     22.155862   -0.0001805572
   34.801550     36.926436   -0.0003052694
   34.801550     51.697011   -0.0004321222
   34.801550     66.467585   -0.0005601899
   34.801550     81.238160   -0.0006887082
   34.801550     96.008735   -0.0008170522
   34.801550    110.779309   -0.0009447208
   34.801550    125.549884   -0.0010713251

   41.129105    -96.008735    0.0007470850
   41.129105    -81.238160    0.0006892652
   41.129105    -66.467585    0.0006039773
   41.129105    -51.697011    0.0004963058
   41.129105    -36.926436    0.0003705793
   41.129105    -22.155862    0.0002304705
   41.129105     -7.385287    0.0000790854
   41.129105      7.385287   -0.0000809560
   41.129105     22.155862   -0.0002474489
   41.129105     36.926436   -0.0004185422
   41.129105     51.697011   -0.0005926867
   41.129105     66.467585   -0.0007685923
   41.129105     81.238160   -0.0009451952
   41.129105     96.008735   -0.0011216341
   41.129105    110.779309   -0.0012972362
   41.129105    125.549884   -0.0014715125

   47.456659    -96.008735    0.0009651032
   47.456659    -81.238160    0.0008921714
   47.456659    -66.467585    0.0007829995
   47.456659    -51.697011    0.0006442230
   47.456659    -36.926436    0.0004815179
   47.456659    -22.155862    0.0002997174
   47.456659     -7.385287    0.0001029194
   47.456659      7.385287   -0.0001054161
   47.456659     22.155862   -0.0003223789
   47.456659     36.926436   -0.0005455303
   47.456659     51.697011   -0.0007728339
   47.456659     66.467585   -0.0010025967
   47.456659     81.238160   -0.0012334195
   47.456659     96.008735   -0.0014641565
   47.456659    110.779309   -0.0016938851
   47.456659    125.549884   -0.0019218847

