  -50.614883    -54.177403    0.0427122812
  -50.614883    -46.953749    0.0373198243
  -50.614883    -39.730095    0.0328929006
  -50.614883    -32.506442    0.0293605879
  -50.614883    -25.282788    0.0266452534
  -50.614883    -18.059134    0.0246701225
  -50.614883    -10.835481    0.0233687260
  -50.614883     -3.611827    0.0226939643
  -50.614883      3.611827    0.0226250914
  -50.614883     10.835481    0.0231714905
  -50.614883     18.059134    0.0243726738
  -50.614883     25.282788    0.0262945073
  -50.614883     32.506442    0.0290222265
  -50.614883     39.730095    0.0326513722
  -50.614883     46.953749    0.0372783437
  -50.614883     54.177403    0.0429928292

  -43.866232    -54.177403    0.0368506248
  -43.866232    -46.953749    0.0314604362
  -43.866232    -39.730095    0.0270430405
  -43.866232    -32.506442    0.0235259330
  -43.866232    -25.282788    0.0208299611
  -43.866232    -18.059134    0.0188768945
  -43.866232    -10.835481    0.0175988714
  -43.866232     -3.611827    0.0169474628
  -43.866232      3.611827    0.0169006573
  -43.866232     10.835481    0.0174666355
  -43.866232     18.059134    0.0186837709
  -43.866232     25.282788    0.0206168541
  -43.866232     32.506442    0.0233501084
  -43.866232     39.730095    0.0269781261
  -43.866232     46.953749    0.0315964213
  -43.866232     54.177403    0.0372938606

  -37.117581    -54.177403    0.0319011508
  -37.117581    -46.953749    0.0265080065
  -37.117581    -39.730095    0.0220948572
  -37.117581    -32.506442    0.0185876303
  -37.117581    -25.282788    0.0159056631
  -37.117581    -18.059134    0.0139692722
  -37.117581    -10.835481    0.0127092002
  -37.117581     -3.611827    0.0120756803
  -37.117581      3.611827    0.0120454202
  -37.117581     10.835481    0.0126253776
  -37.117581     18.059134    0.0138527599
  -37.117581     25.282788    0.0157912495
  -37.117581     32.506442    0.0185240189
  -37.117581     39.730095    0.0221446667
  -37.117581     46.953749    0.0267477709
  -37.117581     54.177403    0.0324213196

  -30.368930    -54.177403    0.0278435957
  -30.368930    -46.953749    0.0224421895
  -30.368930    -39.730095    0.0180280277
  -30.368930    -32.506442    0.0145254966
  -30.368930    -25.282788    0.0118524426
  -30.368930    -18.059134    0.0099277411
  -30.368930    -10.835481    0.0086807442
  -30.368930     -3.611827    0.0080603439
  -30.368930      3.611827    0.0080419570
  -30.368930     10.835481    0.0086313002
  -30.368930     18.059134    0.0098643903
  -30.368930     25.282788    0.0118037686
  -30.368930     32.506442    0.0145315167
  -30.368930     39.730095    0.0181401925
  -30.368930     46.953749    0.0227233833
  -30.368930     54.177403    0.0283681361

  -23.620279    -54.177403    0.0246546147
  -23.620279    -46.953749    0.0192397264
  -23.620279    -39.730095    0.0148194633
  -23.620279    -32.506442    0.0113167076
  -23.620279    -25.282788    0.0086478433
  -23.620279    -18.059134    0.0067303248
  -23.620279    -10.835481    0.0054921244
  -23.620279     -3.611827    0.0048807959
  -23.620279      3.611827    0.0048704594
  -23.620279     10.835481    0.0054655762
  -23.620279     18.059134    0.0067009490
  -23.620279     25.282788    0.0086379466
  -23.620279     32.506442    0.0113575197
  -23.620279     39.730095    0.0149511365
  -23.620279     46.953749    0.0195113358
  -23.620279     54.177403    0.0251241580

  -16.871628    -54.177403    0.0223107044
  -16.871628    -46.953749    0.0168773684
  -16.871628    -39.730095    0.0124462327
  -16.871628    -32.506442    0.0089387218
  -16.871628    -25.282788    0.0062697933
  -16.871628    -18.059134    0.0043555075
  -16.871628    -10.835481    0.0031224744
  -16.871628     -3.611827    0.0025169174
  -16.871628      3.611827    0.0025116579
  -16.871628     10.835481    0.0031098908
  -16.871628     18.059134    0.0043451839
  -16.871628     25.282788    0.0062777033
  -16.871628     32.506442    0.0089872286
  -16.871628     39.730095    0.0125640889
  -16.871628     46.953749    0.0170997160
  -16.871628     54.177403    0.0226790750

  -10.122977    -54.177403    0.0207905417
  -10.122977    -46.953749    0.0153342154
  -10.122977    -39.730095    0.0108879012
  -10.122977    -32.506442    0.0073716188
  -10.122977    -25.282788    0.0046989432
  -10.122977    -18.059134    0.0027845732
  -10.122977    -10.835481    0.0015537791
  -10.122977     -3.611827    0.0009514664
  -10.122977      3.611827    0.0009491602
  -10.122977     10.835481    0.0015487807
  -10.122977     18.059134    0.0027826426
  -10.122977     25.282788    0.0047096808
  -10.122977     32.506442    0.0074084650
  -10.122977     39.730095    0.0109681364
  -10.122977     46.953749    0.0154789603
  -10.122977     54.177403    0.0210247571

   -3.374326    -54.177403    0.0200767382
   -3.374326    -46.953749    0.0145934703
   -3.374326    -39.730095    0.0101282839
   -3.374326    -32.506442    0.0065998537
   -3.374326    -25.282788    0.0039204203
   -3.374326    -18.059134    0.0020033593
   -3.374326    -10.835481    0.0007726286
   -3.374326     -3.611827    0.0001718323
   -3.374326      3.611827    0.0001712052
   -3.374326     10.835481    0.0007713878
   -3.374326     18.059134    0.0020034264
   -3.374326     25.282788    0.0039249981
   -3.374326     32.506442    0.0066134261
   -3.374326     39.730095    0.0101566159
   -3.374326     46.953749    0.0146436080
   -3.374326     54.177403    0.0201570088

    3.374326    -54.177403    0.0201570088
    3.374326    -46.953749    0.0146436080
    3.374326    -39.730095    0.0101566159
    3.374326    -32.506442    0.0066134261
    3.374326    -25.282788    0.0039249981
    3.374326    -18.059134    0.0020034264
    3.374326    -10.835481    0.0007713878
    3.374326     -3.611827    0.0001712052
    3.374326      3.611827    0.0001718323
    3.374326     10.835481    0.0007726286
    3.374326     18.059134    0.0020033593
    3.374326     25.282788    0.0039204203
    3.374326     32.506442    0.0065998537
    3.374326     39.730095    0.0101282839
    3.374326     46.953749    0.0145934703
    3.374326     54.177403    0.0200767382

   10.122977    -54.177403    0.0210247571
   10.122977    -46.953749    0.0154789603
   10.122977    -39.730095    0.0109681364
   10.122977    -32.506442    0.0074084650
   10.122977    -25.282788    0.0047096808
   10.122977    -18.059134    0.0027826426
   10.122977    -10.835481    0.0015487807
   10.122977     -3.611827    0.0009491602
   10.122977      3.611827    0.0009514664
   10.122977     10.835481    0.0015537791
   10.122977     18.059134    0.0027845732
   10.122977     25.282788    0.0046989432
   10.122977     32.506442    0.0073716188
   10.122977     39.730095    0.0108879012
   10.122977     46.953749    0.0153342154
   10.122977     54.177403    0.0207905417

   16.871628    -54.177403    0.0226790750
   16.871628    -46.953749    0.0170997160
   16.871628    -39.730095    0.0125640889
   16.871628    -32.506442    0.0089872286
   16.871628    -25.282788    0.0062777033
   16.871628    -18.059134    0.0043451839
   16.871628    -10.835481    0.0031098908
   16.871628     -3.611827    0.0025116579
   16.871628      3.611827    0.0025169174
   16.871628     10.835481    0.0031224744
   16.871628     18.059134    0.0043555075
   16.871628     25.282788    0.0062697933
   16.871628     32.506442    0.0089387218
   16.871628     39.730095    0.0124462327
   16.871628     46.953749    0.0168773684
   16.871628     54.177403    0.0223107044

   23.620279    -54.177403    0.0251241580
   23.620279    -46.953749    0.0195113358
   23.620279    -39.730095    0.0149511365
   23.620279    -32.506442    0.0113575197
   23.620279    -25.282788    0.0086379466
   23.620279    -18.059134    0.0067009490
   23.620279    -10.835481    0.0054655762
   23.620279     -3.611827    0.0048704594
   23.620279      3.611827    0.0048807959
   23.620279     10.835481    0.0054921244
   23.620279     18.059134    0.0067303248
   23.620279     25.282788    0.0086478433
   23.620279     32.506442    0.0113167076
   23.620279     39.730095    0.0148194633
   23.620279     46.953749    0.0192397264
   23.620279     54.177403    0.0246546147

   30.368930    -54.177403    0.0283681361
   30.368930    -46.953749    0.0227233833
   30.368930    -39.730095    0.0181401925
   30.368930    -32.506442    0.0145315167
   30.368930    -25.282788    0.0118037686
   30.368930    -18.059134    0.0098643903
   30.368930    -10.835481    0.0086313002
   30.368930     -3.611827    0.0080419570
   30.368930      3.611827    0.0080603439
   30.368930     10.835481    0.0086807442
   30.368930     18.059134    0.0099277411
   30.368930     25.282788    0.0118524426
   30.368930     32.506442    0.0145254966
   30.368930     39.730095    0.0180280277
   30.368930     46.953749    0.0224421895
   30.368930     54.177403    0.0278435957

   37.117581    -54.177403    0.0324213196
   37.117581    -46.953749    0.0267477709
   37.117581    -39.730095    0.0221446667
   37.117581    -32.506442    0.0185240189
   37.117581    -25.282788    0.0157912495
   37.117581    -18.059134    0.0138527599
   37.117581    -10.835481    0.0126253776
   37.117581     -3.611827    0.0120454202
   37.117581      3.611827    0.0120756803
   37.117581     10.835481    0.0127092002
   37.117581     18.059134    0.0139692722
   37.117581     25.282788    0.0159056631
   37.117581     32.506442    0.0185876303
   37.117581     39.730095    0.0220948572
   37.117581     46.953749    0.0265080065
   37.117581     54.177403    0.0319011508

   43.866232    -54.177403    0.0372938606
   43.866232    -46.953749    0.0315964213
   43.866232    -39.730095    0.0269781261
   43.866232    -32.506442    0.0233501084
   43.866232    -25.282788    0.0206168541
   43.866232    -18.059134    0.0186837709
   43.866232    -10.835481    0.0174666355
   43.866232     -3.611827    0.0169006573
   43.866232      3.611827    0.0169474628
   43.866232     10.835481    0.0175988714
   43.866232     18.059134    0.0188768945
   43.866232     25.282788    0.0208299611
   43.866232     32.506442    0.0235259330
   43.866232     39.730095    0.0270430405
   43.866232     46.953749    0.0314604362
   43.866232     54.177403    0.0368506248

   50.614883    -54.177403    0.0429928292
   50.614883    -46.953749    0.0372783437
   50.614883    -39.730095    0.0326513722
   50.614883    -32.506442    0.0290222265
   50.614883    -25.282788    0.0262945073
   50.614883    -18.059134    0.0243726738
   50.614883    -10.835481    0.0231714905
   50.614883     -3.611827    0.0226250914
   50.614883      3.611827    0.0226939643
   50.614883     10.835481    0.0233687260
   50.614883     18.059134    0.0246701225
   50.614883     25.282788    0.0266452534
   50.614883     32.506442    0.0293605879
   50.614883     39.730095    0.0328929006
   50.614883     46.953749    0.0373198243
   50.614883     54.177403    0.0427122812

