  -50.614883   -100.911229    0.0415067089
  -50.614883    -87.456398    0.0368150235
  -50.614883    -74.001568    0.0329133759
  -50.614883    -60.546737    0.0297358629
  -50.614883    -47.091907    0.0272145083
  -50.614883    -33.637076    0.0252805239
  -50.614883    -20.182246    0.0238664733
  -50.614883     -6.727415    0.0229091299
  -50.614883      6.727415    0.0223528105
  -50.614883     20.182246    0.0221529592
  -50.614883     33.637076    0.0222797496
  -50.614883     47.091907    0.0227214664
  -50.614883     60.546737    0.0234874179
  -50.614883     74.001568    0.0246101257
  -50.614883     87.456398    0.0261465299
  -50.614883    100.911229    0.0281779405

  -43.866232   -100.911229    0.0334468848
  -43.866232    -87.456398    0.0290670932
  -43.866232    -74.001568    0.0255401414
  -43.866232    -60.546737    0.0227312125
  -43.866232    -47.091907    0.0205549564
  -43.866232    -33.637076    0.0189372184
  -43.866232    -20.182246    0.0178028909
  -43.866232     -6.727415    0.0170781971
  -43.866232      6.727415    0.0166985666
  -43.866232     20.182246    0.0166161155
  -43.866232     33.637076    0.0168035958
  -43.866232     47.091907    0.0172545316
  -43.866232     60.546737    0.0179821109
  -43.866232     74.001568    0.0190222563
  -43.866232     87.456398    0.0204491474
  -43.866232    100.911229    0.0224143233

  -37.117581   -100.911229    0.0263728766
  -37.117581    -87.456398    0.0223647416
  -37.117581    -74.001568    0.0191823945
  -37.117581    -60.546737    0.0167162971
  -37.117581    -47.091907    0.0148693249
  -37.117581    -33.637076    0.0135485408
  -37.117581    -20.182246    0.0126649055
  -37.117581     -6.727415    0.0121373794
  -37.117581      6.727415    0.0118986781
  -37.117581     20.182246    0.0119007475
  -37.117581     33.637076    0.0121188297
  -37.117581     47.091907    0.0125537956
  -37.117581     60.546737    0.0132332251
  -37.117581     74.001568    0.0142125219
  -37.117581     87.456398    0.0155781523
  -37.117581    100.911229    0.0174559060

  -30.368930   -100.911229    0.0203252059
  -30.368930    -87.456398    0.0166822265
  -30.368930    -74.001568    0.0138435046
  -30.368930    -60.546737    0.0117069814
  -30.368930    -47.091907    0.0101638401
  -30.368930    -33.637076    0.0091069273
  -30.368930    -20.182246    0.0084372152
  -30.368930     -6.727415    0.0080691186
  -30.368930      6.727415    0.0079351934
  -30.368930     20.182246    0.0079904576
  -30.368930     33.637076    0.0082162848
  -30.368930     47.091907    0.0086235367
  -30.368930     60.546737    0.0092543105
  -30.368930     74.001568    0.0101813918
  -30.368930     87.456398    0.0115042135
  -30.368930    100.911229    0.0133398371

  -23.620279   -100.911229    0.0153336784
  -23.620279    -87.456398    0.0120364086
  -23.620279    -74.001568    0.0095313285
  -23.620279    -60.546737    0.0077021779
  -23.620279    -47.091907    0.0064289667
  -23.620279    -33.637076    0.0055962212
  -23.620279    -20.182246    0.0050997667
  -23.620279     -6.727415    0.0048524820
  -23.620279      6.727415    0.0047892753
  -23.620279     20.182246    0.0048713436
  -23.620279     33.637076    0.0050895928
  -23.620279     47.091907    0.0054669104
  -23.620279     60.546737    0.0060587936
  -23.620279     74.001568    0.0069516536
  -23.620279     87.456398    0.0082579273
  -23.620279    100.911229    0.0101069440

  -16.871628   -100.911229    0.0114165706
  -16.871628    -87.456398    0.0084440045
  -16.871628    -74.001568    0.0062461794
  -16.871628    -60.546737    0.0046898405
  -16.871628    -47.091907    0.0036459736
  -16.871628    -33.637076    0.0029944104
  -16.871628    -20.182246    0.0026294866
  -16.871628     -6.727415    0.0024658758
  -16.871628      6.727415    0.0024438784
  -16.871628     20.182246    0.0025336037
  -16.871628     33.637076    0.0027376386
  -16.871628     47.091907    0.0030919575
  -16.871628     60.546737    0.0036649800
  -16.871628     74.001568    0.0045548460
  -16.871628     87.456398    0.0058851303
  -16.871628    100.911229    0.0077993803

  -10.122977   -100.911229    0.0085804282
  -10.122977    -87.456398    0.0059062034
  -10.122977    -74.001568    0.0039771802
  -10.122977    -60.546737    0.0026503008
  -10.122977    -47.091907    0.0017907146
  -10.122977    -33.637076    0.0012761271
  -10.122977    -20.182246    0.0010024248
  -10.122977     -6.727415    0.0008894243
  -10.122977      6.727415    0.0008858433
  -10.122977     20.182246    0.0009728389
  -10.122977     33.637076    0.0011657038
  -10.122977     47.091907    0.0015135635
  -10.122977     60.546737    0.0020971589
  -10.122977     74.001568    0.0030250542
  -10.122977     87.456398    0.0044288505
  -10.122977    100.911229    0.0064582379

   -3.374326   -100.911229    0.0068204239
   -3.374326    -87.456398    0.0044083959
   -3.374326    -74.001568    0.0027033485
   -3.374326    -60.546737    0.0015582616
   -3.374326    -47.091907    0.0008359213
   -3.374326    -33.637076    0.0004149602
   -3.374326    -20.182246    0.0001959712
   -3.374326     -6.727415    0.0001069352
   -3.374326      6.727415    0.0001073810
   -3.374326     20.182246    0.0001908721
   -3.374326     33.637076    0.0003855889
   -3.374326     47.091907    0.0007529505
   -3.374326     60.546737    0.0013843987
   -3.374326     74.001568    0.0023966378
   -3.374326     87.456398    0.0039258047
   -3.374326    100.911229    0.0061212145

    3.374326   -100.911229    0.0061212145
    3.374326    -87.456398    0.0039258047
    3.374326    -74.001568    0.0023966378
    3.374326    -60.546737    0.0013843987
    3.374326    -47.091907    0.0007529505
    3.374326    -33.637076    0.0003855889
    3.374326    -20.182246    0.0001908721
    3.374326     -6.727415    0.0001073810
    3.374326      6.727415    0.0001069352
    3.374326     20.182246    0.0001959712
    3.374326     33.637076    0.0004149602
    3.374326     47.091907    0.0008359213
    3.374326     60.546737    0.0015582616
    3.374326     74.001568    0.0027033485
    3.374326     87.456398    0.0044083959
    3.374326    100.911229    0.0068204239

   10.122977   -100.911229    0.0064582379
   10.122977    -87.456398    0.0044288505
   10.122977    -74.001568    0.0030250542
   10.122977    -60.546737    0.0020971589
   10.122977    -47.091907    0.0015135635
   10.122977    -33.637076    0.0011657038
   10.122977    -20.182246    0.0009728389
   10.122977     -6.727415    0.0008858433
   10.122977      6.727415    0.0008894243
   10.122977     20.182246    0.0010024248
   10.122977     33.637076    0.0012761271
   10.122977     47.091907    0.0017907146
   10.122977     60.546737    0.0026503008
   10.122977     74.001568    0.0039771802
   10.122977     87.456398    0.0059062034
   10.122977    100.911229    0.0085804282

   16.871628   -100.911229    0.0077993803
   16.871628    -87.456398    0.0058851303
   16.871628    -74.001568    0.0045548460
   16.871628    -60.546737    0.0036649800
   16.871628    -47.091907    0.0030919575
   16.871628    -33.637076    0.0027376386
   16.871628    -20.182246    0.0025336037
   16.871628     -6.727415    0.0024438784
   16.871628      6.727415    0.0024658758
   16.871628     20.182246    0.0026294866
   16.871628     33.637076    0.0029944104
   16.871628     47.091907    0.0036459736
   16.871628     60.546737    0.0046898405
   16.871628     74.001568    0.0062461794
   16.871628     87.456398    0.0084440045
   16.871628    100.911229    0.0114165706

   23.620279   -100.911229    0.0101069440
   23.620279    -87.456398    0.0082579273
   23.620279    -74.001568    0.0069516536
   23.620279    -60.546737    0.0060587936
   23.620279    -47.091907    0.0054669104
   23.620279    -33.637076    0.0050895928
   23.620279    -20.182246    0.0048713436
   23.620279     -6.727415    0.0047892753
   23.620279      6.727415    0.0048524820
   23.620279     20.182246    0.0050997667
   23.620279     33.637076    0.0055962212
   23.620279     47.091907    0.0064289667
   23.620279     60.546737    0.0077021779
   23.620279     74.001568    0.0095313285
   23.620279     87.456398    0.0120364086
   23.620279    100.911229    0.0153336784

   30.368930   -100.911229    0.0133398371
   30.368930    -87.456398    0.0115042135
   30.368930    -74.001568    0.0101813918
   30.368930    -60.546737    0.0092543105
   30.368930    -47.091907    0.0086235367
   30.368930    -33.637076    0.0082162848
   30.368930    -20.182246    0.0079904576
   30.368930     -6.727415    0.0079351934
   30.368930      6.727415    0.0080691186
   30.368930     20.182246    0.0084372152
   30.368930     33.637076    0.0091069273
   30.368930     47.091907    0.0101638401
   30.368930     60.546737    0.0117069814
   30.368930     74.001568    0.0138435046
   30.368930     87.456398    0.0166822265
   30.368930    100.911229    0.0203252059

   37.117581   -100.911229    0.0174559060
   37.117581    -87.456398    0.0155781523
   37.117581    -74.001568    0.0142125219
   37.117581    -60.546737    0.0132332251
   37.117581    -47.091907    0.0125537956
   37.117581    -33.637076    0.0121188297
   37.117581    -20.182246    0.0119007475
   37.117581     -6.727415    0.0118986781
   37.117581      6.727415    0.0121373794
   37.117581     20.182246    0.0126649055
   37.117581     33.637076    0.0135485408
   37.117581     47.091907    0.0148693249
   37.117581     60.546737    0.0167162971
   37.117581     74.001568    0.0191823945
   37.117581     87.456398    0.0223647416
   37.117581    100.911229    0.0263728766

   43.866232   -100.911229    0.0224143233
   43.866232    -87.456398    0.0204491474
   43.866232    -74.001568    0.0190222563
   43.866232    -60.546737    0.0179821109
   43.866232    -47.091907    0.0172545316
   43.866232    -33.637076    0.0168035958
   43.866232    -20.182246    0.0166161155
   43.866232     -6.727415    0.0166985666
   43.866232      6.727415    0.0170781971
   43.866232     20.182246    0.0178028909
   43.866232     33.637076    0.0189372184
   43.866232     47.091907    0.0205549564
   43.866232     60.546737    0.0227312125
   43.866232     74.001568    0.0255401414
   43.866232     87.456398    0.0290670932
   43.866232    100.911229    0.0334468848

   50.614883   -100.911229    0.0281779405
   50.614883    -87.456398    0.0261465299
   50.614883    -74.001568    0.0246101257
   50.614883    -60.546737    0.0234874179
   50.614883    -47.091907    0.0227214664
   50.614883    -33.637076    0.0222797496
   50.614883    -20.182246    0.0221529592
   50.614883     -6.727415    0.0223528105
   50.614883      6.727415    0.0229091299
   50.614883     20.182246    0.0238664733
   50.614883     33.637076    0.0252805239
   50.614883     47.091907    0.0272145083
   50.614883     60.546737    0.0297358629
   50.614883     74.001568    0.0329133759
   50.614883     87.456398    0.0368150235
   50.614883    100.911229    0.0415067089

