  -48.902142    -96.008735    0.0320830396
  -48.902142    -81.238160    0.0300456987
  -48.902142    -66.467585    0.0284654158
  -48.902142    -51.697011    0.0272766844
  -48.902142    -36.926436    0.0264233148
  -48.902142    -22.155862    0.0258570724
  -48.902142     -7.385287    0.0255365296
  -48.902142      7.385287    0.0254260953
  -48.902142     22.155862    0.0254951939
  -48.902142     36.926436    0.0257175672
  -48.902142     51.697011    0.0260706811
  -48.902142     66.467585    0.0265352211
  -48.902142     81.238160    0.0270946702
  -48.902142     96.008735    0.0277349614
  -48.902142    110.779309    0.0284442091
  -48.902142    125.549884    0.0292125242

  -42.381856    -96.008735    0.0255087957
  -42.381856    -81.238160    0.0234994864
  -42.381856    -66.467585    0.0219475597
  -42.381856    -51.697011    0.0207873406
  -42.381856    -36.926436    0.0199624672
  -42.381856    -22.155862    0.0194245343
  -42.381856     -7.385287    0.0191319496
  -42.381856      7.385287    0.0190489668
  -42.381856     22.155862    0.0191448667
  -42.381856     36.926436    0.0193932616
  -42.381856     51.697011    0.0197715022
  -42.381856     66.467585    0.0202601743
  -42.381856     81.238160    0.0208426750
  -42.381856     96.008735    0.0215048646
  -42.381856    110.779309    0.0222347952
  -42.381856    125.549884    0.0230225229

  -35.861571    -96.008735    0.0198955044
  -35.861571    -81.238160    0.0179113092
  -35.861571    -66.467585    0.0163845472
  -35.861571    -51.697011    0.0152494312
  -35.861571    -36.926436    0.0144494650
  -35.861571    -22.155862    0.0139360986
  -35.861571     -7.385287    0.0136675930
  -35.861571      7.385287    0.0136080618
  -35.861571     22.155862    0.0137266578
  -35.861571     36.926436    0.0139968812
  -35.861571     51.697011    0.0143959892
  -35.861571     66.467585    0.0149044933
  -35.861571     81.238160    0.0155057344
  -35.861571     96.008735    0.0161855313
  -35.861571    110.779309    0.0169319056
  -35.861571    125.549884    0.0177348866

  -29.341285    -96.008735    0.0152361035
  -29.341285    -81.238160    0.0132736432
  -29.341285    -66.467585    0.0117684976
  -29.341285    -51.697011    0.0106547960
  -29.341285    -36.926436    0.0098759346
  -29.341285    -22.155862    0.0093832430
  -29.341285     -7.385287    0.0091348594
  -29.341285      7.385287    0.0090947796
  -29.341285     22.155862    0.0092320500
  -29.341285     36.926436    0.0095200797
  -29.341285     51.697011    0.0099360523
  -29.341285     66.467585    0.0104604236
  -29.341285     81.238160    0.0110764940
  -29.341285     96.008735    0.0117700547
  -29.341285    110.779309    0.0125291058
  -29.341285    125.549884    0.0133436541

  -22.821000    -96.008735    0.0115222178
  -22.821000    -81.238160    0.0095776952
  -22.821000    -66.467585    0.0080902872
  -22.821000    -51.697011    0.0069940561
  -22.821000    -36.926436    0.0062323117
  -22.821000    -22.155862    0.0057562876
  -22.821000     -7.385287    0.0055240245
  -22.821000      7.385287    0.0054994258
  -22.821000     22.155862    0.0056514552
  -22.821000     36.926436    0.0059534520
  -22.821000     51.697011    0.0063825443
  -22.821000     66.467585    0.0069191456
  -22.821000     81.238160    0.0075465260
  -22.821000     96.008735    0.0082504540
  -22.821000    110.779309    0.0090189089
  -22.821000    125.549884    0.0098418719

  -16.300714    -96.008735    0.0087455179
  -16.300714    -81.238160    0.0068147794
  -16.300714    -66.467585    0.0053409440
  -16.300714    -51.697011    0.0042580204
  -16.300714    -36.926436    0.0035092520
  -16.300714    -22.155862    0.0030458006
  -16.300714     -7.385287    0.0028256348
  -16.300714      7.385287    0.0028125909
  -16.300714     22.155862    0.0029755731
  -16.300714     36.926436    0.0032878709
  -16.300714     51.697011    0.0037265724
  -16.300714     66.467585    0.0042720609
  -16.300714     81.238160    0.0049075833
  -16.300714     96.008735    0.0056188885
  -16.300714    110.779309    0.0063939354
  -16.300714    125.549884    0.0072226775

   -9.780428    -96.008735    0.0068988058
   -9.780428    -81.238160    0.0049774180
   -9.780428    -66.467585    0.0035127629
   -9.780428    -51.697011    0.0024388108
   -9.780428    -36.926436    0.0016987599
   -9.780428    -22.155862    0.0012437236
   -9.780428     -7.385287    0.0010316238
   -9.780428      7.385287    0.0010262531
   -9.780428     22.155862    0.0011964777
   -9.780428     36.926436    0.0015155552
   -9.780428     51.697011    0.0019605485
   -9.780428     66.467585    0.0025118206
   -9.780428     81.238160    0.0031526024
   -9.780428     96.008735    0.0038686279
   -9.780428    110.779309    0.0046478390
   -9.780428    125.549884    0.0054801656

   -3.260143    -96.008735    0.0059768305
   -3.260143    -81.238160    0.0040601671
   -3.260143    -66.467585    0.0026001425
   -3.260143    -51.697011    0.0015307066
   -3.260143    -36.926436    0.0007950345
   -3.260143    -22.155862    0.0003442157
   -3.260143     -7.385287    0.0001361487
   -3.260143      7.385287    0.0001346049
   -3.260143     22.155862    0.0003084321
   -3.260143     36.926436    0.0006308724
   -3.260143     51.697011    0.0010789761
   -3.260143     66.467585    0.0016330966
   -3.260143     81.238160    0.0022764564
   -3.260143     96.008735    0.0029947811
   -3.260143    110.779309    0.0037760030
   -3.260143    125.549884    0.0046100383

    3.260143    -96.008735    0.0059768305
    3.260143    -81.238160    0.0040601671
    3.260143    -66.467585    0.0026001425
    3.260143    -51.697011    0.0015307066
    3.260143    -36.926436    0.0007950345
    3.260143    -22.155862    0.0003442157
    3.260143     -7.385287    0.0001361487
    3.260143      7.385287    0.0001346049
    3.260143     22.155862    0.0003084321
    3.260143     36.926436    0.0006308724
    3.260143     51.697011    0.0010789761
    3.260143     66.467585    0.0016330966
    3.260143     81.238160    0.0022764564
    3.260143     96.008735    0.0029947811
    3.260143    110.779309    0.0037760030
    3.260143    125.549884    0.0046100383

    9.780428    -96.008735    0.0068988058
    9.780428    -81.238160    0.0049774180
    9.780428    -66.467585    0.0035127629
    9.780428    -51.697011    0.0024388108
    9.780428    -36.926436    0.0016987599
    9.780428    -22.155862    0.0012437236
    9.780428     -7.385287    0.0010316238
    9.780428      7.385287    0.0010262531
    9.780428     22.155862    0.0011964777
    9.780428     36.926436    0.0015155552
    9.780428     51.697011    0.0019605485
    9.780428     66.467585    0.0025118206
    9.780428     81.238160    0.0031526024
    9.780428     96.008735    0.0038686279
    9.780428    110.779309    0.0046478390
    9.780428    125.549884    0.0054801656

   16.300714    -96.008735    0.0087455179
   16.300714    -81.238160    0.0068147794
   16.300714    -66.467585    0.0053409440
   16.300714    -51.697011    0.0042580204
   16.300714    -36.926436    0.0035092520
   16.300714    -22.155862    0.0030458006
   16.300714     -7.385287    0.0028256348
   16.300714      7.385287    0.0028125909
   16.300714     22.155862    0.0029755731
   16.300714     36.926436    0.0032878709
   16.300714     51.697011    0.0037265724
   16.300714     66.467585    0.0042720609
   16.300714     81.238160    0.0049075833
   16.300714     96.008735    0.0056188885
   16.300714    110.779309    0.0063939354
   16.300714    125.549884    0.0072226775

   22.821000    -96.008735    0.0115222178
   22.821000    -81.238160    0.0095776952
   22.821000    -66.467585    0.0080902872
   22.821000    -51.697011    0.0069940561
   22.821000    -36.926436    0.0062323117
   22.821000    -22.155862    0.0057562876
   22.821000     -7.385287    0.0055240245
   22.821000      7.385287    0.0054994258
   22.821000     22.155862    0.0056514552
   22.821000     36.926436    0.0059534520
   22.821000     51.697011    0.0063825443
   22.821000     66.467585    0.0069191456
   22.821000     81.238160    0.0075465260
   22.821000     96.008735    0.0082504540
   22.821000    110.779309    0.0090189089
   22.821000    125.549884    0.0098418719

   29.341285    -96.008735    0.0152361035
   29.341285    -81.238160    0.0132736432
   29.341285    -66.467585    0.0117684976
   29.341285    -51.697011    0.0106547960
   29.341285    -36.926436    0.0098759346
   29.341285    -22.155862    0.0093832430
   29.341285     -7.385287    0.0091348594
   29.341285      7.385287    0.0090947796
   29.341285     22.155862    0.0092320500
   29.341285     36.926436    0.0095200797
   29.341285     51.697011    0.0099360523
   29.341285     66.467585    0.0104604236
   29.341285     81.238160    0.0110764940
   29.341285     96.008735    0.0117700547
   29.341285    110.779309    0.0125291058
   29.341285    125.549884    0.0133436541

   35.861571    -96.008735    0.0198955044
   35.861571    -81.238160    0.0179113092
   35.861571    -66.467585    0.0163845472
   35.861571    -51.697011    0.0152494312
   35.861571    -36.926436    0.0144494650
   35.861571    -22.155862    0.0139360986
   35.861571     -7.385287    0.0136675930
   35.861571      7.385287    0.0136080618
   35.861571     22.155862    0.0137266578
   35.861571     36.926436    0.0139968812
   35.861571     51.697011    0.0143959892
   35.861571     66.467585    0.0149044933
   35.861571     81.238160    0.0155057344
   35.861571     96.008735    0.0161855313
   35.861571    110.779309    0.0169319056
   35.861571    125.549884    0.0177348866

   42.381856    -96.008735    0.0255087957
   42.381856    -81.238160    0.0234994864
   42.381856    -66.467585    0.0219475597
   42.381856    -51.697011    0.0207873406
   42.381856    -36.926436    0.0199624672
   42.381856    -22.155862    0.0194245343
   42.381856     -7.385287    0.0191319496
   42.381856      7.385287    0.0190489668
   42.381856     22.155862    0.0191448667
   42.381856     36.926436    0.0193932616
   42.381856     51.697011    0.0197715022
   42.381856     66.467585    0.0202601743
   42.381856     81.238160    0.0208426750
   42.381856     96.008735    0.0215048646
   42.381856    110.779309    0.0222347952
   42.381856    125.549884    0.0230225229

   48.902142    -96.008735    0.0320830396
   48.902142    -81.238160    0.0300456987
   48.902142    -66.467585    0.0284654158
   48.902142    -51.697011    0.0272766844
   48.902142    -36.926436    0.0264233148
   48.902142    -22.155862    0.0258570724
   48.902142     -7.385287    0.0255365296
   48.902142      7.385287    0.0254260953
   48.902142     22.155862    0.0254951939
   48.902142     36.926436    0.0257175672
   48.902142     51.697011    0.0260706811
   48.902142     66.467585    0.0265352211
   48.902142     81.238160    0.0270946702
   48.902142     96.008735    0.0277349614
   48.902142    110.779309    0.0284442091
   48.902142    125.549884    0.0292125242

