  -25.746645    -42.952389    0.0009058928
  -25.746645    -37.225404    0.0006711839
  -25.746645    -31.498419    0.0004748964
  -25.746645    -25.771434    0.0003147589
  -25.746645    -20.044448    0.0001888898
  -25.746645    -14.317463    0.0000957917
  -25.746645     -8.590478    0.0000343458
  -25.746645     -2.863493    0.0000038085
  -25.746645      2.863493    0.0000038085
  -25.746645      8.590478    0.0000343458
  -25.746645     14.317463    0.0000957917
  -25.746645     20.044448    0.0001888898
  -25.746645     25.771434    0.0003147589
  -25.746645     31.498419    0.0004748964
  -25.746645     37.225404    0.0006711839
  -25.746645     42.952389    0.0009058928

  -21.065436    -42.952389    0.0007546906
  -21.065436    -37.225404    0.0005592135
  -21.065436    -31.498419    0.0003957064
  -21.065436    -25.771434    0.0002622914
  -21.065436    -20.044448    0.0001574129
  -21.065436    -14.317463    0.0000798324
  -21.065436     -8.590478    0.0000286245
  -21.065436     -2.863493    0.0000031741
  -21.065436      2.863493    0.0000031741
  -21.065436      8.590478    0.0000286245
  -21.065436     14.317463    0.0000798324
  -21.065436     20.044448    0.0001574129
  -21.065436     25.771434    0.0002622914
  -21.065436     31.498419    0.0003957064
  -21.065436     37.225404    0.0005592135
  -21.065436     42.952389    0.0007546906

  -16.384228    -42.952389    0.0005974655
  -16.384228    -37.225404    0.0004427708
  -16.384228    -31.498419    0.0003133339
  -16.384228    -25.771434    0.0002076989
  -16.384228    -20.044448    0.0001246508
  -16.384228    -14.317463    0.0000632168
  -16.384228     -8.590478    0.0000226667
  -16.384228     -2.863493    0.0000025134
  -16.384228      2.863493    0.0000025134
  -16.384228      8.590478    0.0000226667
  -16.384228     14.317463    0.0000632168
  -16.384228     20.044448    0.0001246508
  -16.384228     25.771434    0.0002076989
  -16.384228     31.498419    0.0003133339
  -16.384228     37.225404    0.0004427708
  -16.384228     42.952389    0.0005974655

  -11.703020    -42.952389    0.0004341556
  -11.703020    -37.225404    0.0003217747
  -11.703020    -31.498419    0.0002277290
  -11.703020    -25.771434    0.0001509660
  -11.703020    -20.044448    0.0000906085
  -11.703020    -14.317463    0.0000459546
  -11.703020     -8.590478    0.0000164778
  -11.703020     -2.863493    0.0000018272
  -11.703020      2.863493    0.0000018272
  -11.703020      8.590478    0.0000164778
  -11.703020     14.317463    0.0000459546
  -11.703020     20.044448    0.0000906085
  -11.703020     25.771434    0.0001509660
  -11.703020     31.498419    0.0002277290
  -11.703020     37.225404    0.0003217747
  -11.703020     42.952389    0.0004341556

   -7.021812    -42.952389    0.0002648335
   -7.021812    -37.225404    0.0001962883
   -7.021812    -31.498419    0.0001389336
   -7.021812    -25.771434    0.0000921152
   -7.021812    -20.044448    0.0000552953
   -7.021812    -14.317463    0.0000280484
   -7.021812     -8.590478    0.0000100583
   -7.021812     -2.863493    0.0000011154
   -7.021812      2.863493    0.0000011154
   -7.021812      8.590478    0.0000100583
   -7.021812     14.317463    0.0000280484
   -7.021812     20.044448    0.0000552953
   -7.021812     25.771434    0.0000921152
   -7.021812     31.498419    0.0001389336
   -7.021812     37.225404    0.0001962883
   -7.021812     42.952389    0.0002648335

   -2.340604    -42.952389    0.0000896812
   -2.340604    -37.225404    0.0000664690
   -2.340604    -31.498419    0.0000470528
   -2.340604    -25.771434    0.0000312030
   -2.340604    -20.044448    0.0000187349
   -2.340604    -14.317463    0.0000095052
   -2.340604     -8.590478    0.0000034091
   -2.340604     -2.863493    0.0000003781
   -2.340604      2.863493    0.0000003781
   -2.340604      8.590478    0.0000034091
   -2.340604     14.317463    0.0000095052
   -2.340604     20.044448    0.0000187349
   -2.340604     25.771434    0.0000312030
   -2.340604     31.498419    0.0000470528
   -2.340604     37.225404    0.0000664690
   -2.340604     42.952389    0.0000896812

    2.340604    -42.952389   -0.0000910321
    2.340604    -37.225404   -0.0000674691
    2.340604    -31.498419   -0.0000477671
    2.340604    -25.771434   -0.0000316836
    2.340604    -20.044448   -0.0000190281
    2.340604    -14.317463   -0.0000096561
    2.340604     -8.590478   -0.0000034639
    2.340604     -2.863493   -0.0000003842
    2.340604      2.863493   -0.0000003842
    2.340604      8.590478   -0.0000034639
    2.340604     14.317463   -0.0000096561
    2.340604     20.044448   -0.0000190281
    2.340604     25.771434   -0.0000316836
    2.340604     31.498419   -0.0000477671
    2.340604     37.225404   -0.0000674691
    2.340604     42.952389   -0.0000910321

    7.021812    -42.952389   -0.0002769693
    7.021812    -37.225404   -0.0002052817
    7.021812    -31.498419   -0.0001453551
    7.021812    -25.771434   -0.0000964311
    7.021812    -20.044448   -0.0000579252
    7.021812    -14.317463   -0.0000294007
    7.021812     -8.590478   -0.0000105482
    7.021812     -2.863493   -0.0000011700
    7.021812      2.863493   -0.0000011700
    7.021812      8.590478   -0.0000105482
    7.021812     14.317463   -0.0000294007
    7.021812     20.044448   -0.0000579252
    7.021812     25.771434   -0.0000964311
    7.021812     31.498419   -0.0001453551
    7.021812     37.225404   -0.0002052817
    7.021812     42.952389   -0.0002769693

   11.703020    -42.952389   -0.0004677406
   11.703020    -37.225404   -0.0003467097
   11.703020    -31.498419   -0.0002455247
   11.703020    -25.771434   -0.0001629043
   11.703020    -20.044448   -0.0000978654
   11.703020    -14.317463   -0.0000496773
   11.703020     -8.590478   -0.0000178240
   11.703020     -2.863493   -0.0000019772
   11.703020      2.863493   -0.0000019772
   11.703020      8.590478   -0.0000178240
   11.703020     14.317463   -0.0000496773
   11.703020     20.044448   -0.0000978654
   11.703020     25.771434   -0.0001629043
   11.703020     31.498419   -0.0002455247
   11.703020     37.225404   -0.0003467097
   11.703020     42.952389   -0.0004677406

   16.384228    -42.952389   -0.0006629165
   16.384228    -37.225404   -0.0004914823
   16.384228    -31.498419   -0.0003480775
   16.384228    -25.771434   -0.0002309504
   16.384228    -20.044448   -0.0001387401
   16.384228    -14.317463   -0.0000704222
   16.384228     -8.590478   -0.0000252661
   16.384228     -2.863493   -0.0000028026
   16.384228      2.863493   -0.0000028026
   16.384228      8.590478   -0.0000252661
   16.384228     14.317463   -0.0000704222
   16.384228     20.044448   -0.0001387401
   16.384228     25.771434   -0.0002309504
   16.384228     31.498419   -0.0003480775
   16.384228     37.225404   -0.0004914823
   16.384228     42.952389   -0.0006629165

   21.065436    -42.952389   -0.0008620368
   21.065436    -37.225404   -0.0006393099
   21.065436    -31.498419   -0.0004528005
   21.065436    -25.771434   -0.0003004050
   21.065436    -20.044448   -0.0001804316
   21.065436    -14.317463   -0.0000915662
   21.065436     -8.590478   -0.0000328469
   21.065436     -2.863493   -0.0000036432
   21.065436      2.863493   -0.0000036432
   21.065436      8.590478   -0.0000328469
   21.065436     14.317463   -0.0000915662
   21.065436     20.044448   -0.0001804316
   21.065436     25.771434   -0.0003004050
   21.065436     31.498419   -0.0004528005
   21.065436     37.225404   -0.0006393099
   21.065436     42.952389   -0.0008620368

   25.746645    -42.952389   -0.0010646167
   25.746645    -37.225404   -0.0007898642
   25.746645    -31.498419   -0.0005594567
   25.746645    -25.771434   -0.0003710971
   25.746645    -20.044448   -0.0002228259
   25.746645    -14.317463   -0.0001130460
   25.746645     -8.590478   -0.0000405422
   25.746645     -2.863493   -0.0000044961
   25.746645      2.863493   -0.0000044961
   25.746645      8.590478   -0.0000405422
   25.746645     14.317463   -0.0001130460
   25.746645     20.044448   -0.0002228259
   25.746645     25.771434   -0.0003710971
   25.746645     31.498419   -0.0005594567
   25.746645     37.225404   -0.0007898642
   25.746645     42.952389   -0.0010646167

   30.427853    -42.952389   -0.0012701497
   30.427853    -37.225404   -0.0009427478
   30.427853    -31.498419   -0.0006677698
   30.427853    -25.771434   -0.0004428550
   30.427853    -20.044448   -0.0002658294
   30.427853    -14.317463   -0.0001348185
   30.427853     -8.590478   -0.0000483377
   30.427853     -2.863493   -0.0000053598
   30.427853      2.863493   -0.0000053598
   30.427853      8.590478   -0.0000483377
   30.427853     14.317463   -0.0001348185
   30.427853     20.044448   -0.0002658294
   30.427853     25.771434   -0.0004428550
   30.427853     31.498419   -0.0006677698
   30.427853     37.225404   -0.0009427478
   30.427853     42.952389   -0.0012701497

   35.109061    -42.952389   -0.0014781074
   35.109061    -37.225404   -0.0010974520
   35.109061    -31.498419   -0.0007774026
   35.109061    -25.771434   -0.0005155130
   35.109061    -20.044448   -0.0003093883
   35.109061    -14.317463   -0.0001568795
   35.109061     -8.590478   -0.0000562386
   35.109061     -2.863493   -0.0000062353
   35.109061      2.863493   -0.0000062353
   35.109061      8.590478   -0.0000562386
   35.109061     14.317463   -0.0001568795
   35.109061     20.044448   -0.0003093883
   35.109061     25.771434   -0.0005155130
   35.109061     31.498419   -0.0007774026
   35.109061     37.225404   -0.0010974520
   35.109061     42.952389   -0.0014781074

   39.790269    -42.952389   -0.0016879355
   39.790269    -37.225404   -0.0012533034
   39.790269    -31.498419   -0.0008879284
   39.790269    -25.771434   -0.0005889174
   39.790269    -20.044448   -0.0003535138
   39.790269    -14.317463   -0.0001792864
   39.790269     -8.590478   -0.0000642797
   39.790269     -2.863493   -0.0000071274
   39.790269      2.863493   -0.0000071274
   39.790269      8.590478   -0.0000642797
   39.790269     14.317463   -0.0001792864
   39.790269     20.044448   -0.0003535138
   39.790269     25.771434   -0.0005889174
   39.790269     31.498419   -0.0008879284
   39.790269     37.225404   -0.0012533034
   39.790269     42.952389   -0.0016879355

   44.471477    -42.952389   -0.0018990476
   44.471477    -37.225404   -0.0014093985
   44.471477    -31.498419   -0.0009987975
   44.471477    -25.771434   -0.0006629341
   44.471477    -20.044448   -0.0003983090
   44.471477    -14.317463   -0.0002021834
   44.471477     -8.590478   -0.0000725388
   44.471477     -2.863493   -0.0000080462
   44.471477      2.863493   -0.0000080462
   44.471477      8.590478   -0.0000725388
   44.471477     14.317463   -0.0002021834
   44.471477     20.044448   -0.0003983090
   44.471477     25.771434   -0.0006629341
   44.471477     31.498419   -0.0009987975
   44.471477     37.225404   -0.0014093985
   44.471477     42.952389   -0.0018990476

