  -50.614883    -50.619018    0.0468560682
  -50.614883    -43.869816    0.0409317909
  -50.614883    -37.120613    0.0357949684
  -50.614883    -30.371411    0.0314705952
  -50.614883    -23.622208    0.0279811763
  -50.614883    -16.873006    0.0253459878
  -50.614883    -10.123804    0.0235803107
  -50.614883     -3.374601    0.0226947538
  -50.614883      3.374601    0.0226947538
  -50.614883     10.123804    0.0235803107
  -50.614883     16.873006    0.0253459878
  -50.614883     23.622208    0.0279811763
  -50.614883     30.371411    0.0314705952
  -50.614883     37.120613    0.0357949684
  -50.614883     43.869816    0.0409317909
  -50.614883     50.619018    0.0468560682

  -43.866232    -50.619018    0.0409250958
  -43.866232    -43.869816    0.0349779306
  -43.866232    -37.120613    0.0298903877
  -43.866232    -30.371411    0.0256157846
  -43.866232    -23.622208    0.0221664315
  -43.866232    -16.873006    0.0195651216
  -43.866232    -10.123804    0.0178268983
  -43.866232     -3.374601    0.0169573848
  -43.866232      3.374601    0.0169573848
  -43.866232     10.123804    0.0178268983
  -43.866232     16.873006    0.0195651216
  -43.866232     23.622208    0.0221664315
  -43.866232     30.371411    0.0256157846
  -43.866232     37.120613    0.0298903877
  -43.866232     43.869816    0.0349779306
  -43.866232     50.619018    0.0409250958

  -37.117581    -50.619018    0.0357822074
  -37.117581    -43.869816    0.0298842034
  -37.117581    -37.120613    0.0248239340
  -37.117581    -30.371411    0.0205931372
  -37.117581    -23.622208    0.0171979397
  -37.117581    -16.873006    0.0146463303
  -37.117581    -10.123804    0.0129435670
  -37.117581     -3.374601    0.0120919011
  -37.117581      3.374601    0.0120919011
  -37.117581     10.123804    0.0129435670
  -37.117581     16.873006    0.0146463303
  -37.117581     23.622208    0.0171979397
  -37.117581     30.371411    0.0205931372
  -37.117581     37.120613    0.0248239340
  -37.117581     43.869816    0.0298842034
  -37.117581     50.619018    0.0357822074

  -30.368930    -50.619018    0.0314525552
  -30.368930    -43.869816    0.0256040351
  -30.368930    -37.120613    0.0205874855
  -30.368930    -30.371411    0.0164117221
  -30.368930    -23.622208    0.0130760035
  -30.368930    -16.873006    0.0105771159
  -30.368930    -10.123804    0.0089123665
  -30.368930     -3.374601    0.0080802716
  -30.368930      3.374601    0.0080802716
  -30.368930     10.123804    0.0089123665
  -30.368930     16.873006    0.0105771159
  -30.368930     23.622208    0.0130760035
  -30.368930     30.371411    0.0164117221
  -30.368930     37.120613    0.0205874855
  -30.368930     43.869816    0.0256040351
  -30.368930     50.619018    0.0314525552

  -23.620279    -50.619018    0.0279587617
  -23.620279    -43.869816    0.0221499655
  -23.620279    -37.120613    0.0171874023
  -23.620279    -30.371411    0.0130710468
  -23.620279    -23.622208    0.0097929766
  -23.620279    -16.873006    0.0073437349
  -23.620279    -10.123804    0.0057153672
  -23.620279     -3.374601    0.0049025021
  -23.620279      3.374601    0.0049025021
  -23.620279     10.123804    0.0057153672
  -23.620279     16.873006    0.0073437349
  -23.620279     23.622208    0.0097929766
  -23.620279     30.371411    0.0130710468
  -23.620279     37.120613    0.0171874023
  -23.620279     43.869816    0.0221499655
  -23.620279     50.619018    0.0279587617

  -16.871628    -50.619018    0.0253201987
  -16.871628    -43.869816    0.0195449885
  -16.871628    -37.120613    0.0146319066
  -16.871628    -30.371411    0.0105681497
  -16.871628    -23.622208    0.0073396795
  -16.871628    -16.873006    0.0049327673
  -16.871628    -10.123804    0.0033355225
  -16.871628     -3.374601    0.0025392100
  -16.871628      3.374601    0.0025392100
  -16.871628     10.123804    0.0033355225
  -16.871628     16.873006    0.0049327673
  -16.871628     23.622208    0.0073396795
  -16.871628     30.371411    0.0105681497
  -16.871628     37.120613    0.0146319066
  -16.871628     43.869816    0.0195449885
  -16.871628     50.619018    0.0253201987

  -10.122977    -50.619018    0.0235522246
  -10.122977    -43.869816    0.0178042738
  -10.122977    -37.120613    0.0129264459
  -10.122977    -30.371411    0.0089005724
  -10.122977    -23.622208    0.0057084245
  -10.122977    -16.873006    0.0033326183
  -10.122977    -10.123804    0.0017581181
  -10.122977     -3.374601    0.0009738193
  -10.122977      3.374601    0.0009738193
  -10.122977     10.123804    0.0017581181
  -10.122977     16.873006    0.0033326183
  -10.122977     23.622208    0.0057084245
  -10.122977     30.371411    0.0089005724
  -10.122977     37.120613    0.0129264459
  -10.122977     43.869816    0.0178042738
  -10.122977     50.619018    0.0235522246

   -3.374326    -50.619018    0.0226655043
   -3.374326    -43.869816    0.0169335043
   -3.374326    -37.120613    0.0120733994
   -3.374326    -30.371411    0.0080670135
   -3.374326    -23.622208    0.0048940557
   -3.374326    -16.873006    0.0025347882
   -3.374326    -10.123804    0.0009722990
   -3.374326     -3.374601    0.0001942863
   -3.374326      3.374601    0.0001942863
   -3.374326     10.123804    0.0009722990
   -3.374326     16.873006    0.0025347882
   -3.374326     23.622208    0.0048940557
   -3.374326     30.371411    0.0080670135
   -3.374326     37.120613    0.0120733994
   -3.374326     43.869816    0.0169335043
   -3.374326     50.619018    0.0226655043

    3.374326    -50.619018    0.0226655043
    3.374326    -43.869816    0.0169335043
    3.374326    -37.120613    0.0120733994
    3.374326    -30.371411    0.0080670135
    3.374326    -23.622208    0.0048940557
    3.374326    -16.873006    0.0025347882
    3.374326    -10.123804    0.0009722990
    3.374326     -3.374601    0.0001942863
    3.374326      3.374601    0.0001942863
    3.374326     10.123804    0.0009722990
    3.374326     16.873006    0.0025347882
    3.374326     23.622208    0.0048940557
    3.374326     30.371411    0.0080670135
    3.374326     37.120613    0.0120733994
    3.374326     43.869816    0.0169335043
    3.374326     50.619018    0.0226655043

   10.122977    -50.619018    0.0235522246
   10.122977    -43.869816    0.0178042738
   10.122977    -37.120613    0.0129264459
   10.122977    -30.371411    0.0089005724
   10.122977    -23.622208    0.0057084245
   10.122977    -16.873006    0.0033326183
   10.122977    -10.123804    0.0017581181
   10.122977     -3.374601    0.0009738193
   10.122977      3.374601    0.0009738193
   10.122977     10.123804    0.0017581181
   10.122977     16.873006    0.0033326183
   10.122977     23.622208    0.0057084245
   10.122977     30.371411    0.0089005724
   10.122977     37.120613    0.0129264459
   10.122977     43.869816    0.0178042738
   10.122977     50.619018    0.0235522246

   16.871628    -50.619018    0.0253201987
   16.871628    -43.869816    0.0195449885
   16.871628    -37.120613    0.0146319066
   16.871628    -30.371411    0.0105681497
   16.871628    -23.622208    0.0073396795
   16.871628    -16.873006    0.0049327673
   16.871628    -10.123804    0.0033355225
   16.871628     -3.374601    0.0025392100
   16.871628      3.374601    0.0025392100
   16.871628     10.123804    0.0033355225
   16.871628     16.873006    0.0049327673
   16.871628     23.622208    0.0073396795
   16.871628     30.371411    0.0105681497
   16.871628     37.120613    0.0146319066
   16.871628     43.869816    0.0195449885
   16.871628     50.619018    0.0253201987

   23.620279    -50.619018    0.0279587617
   23.620279    -43.869816    0.0221499655
   23.620279    -37.120613    0.0171874023
   23.620279    -30.371411    0.0130710468
   23.620279    -23.622208    0.0097929766
   23.620279    -16.873006    0.0073437349
   23.620279    -10.123804    0.0057153672
   23.620279     -3.374601    0.0049025021
   23.620279      3.374601    0.0049025021
   23.620279     10.123804    0.0057153672
   23.620279     16.873006    0.0073437349
   23.620279     23.622208    0.0097929766
   23.620279     30.371411    0.0130710468
   23.620279     37.120613    0.0171874023
   23.620279     43.869816    0.0221499655
   23.620279     50.619018    0.0279587617

   30.368930    -50.619018    0.0314525552
   30.368930    -43.869816    0.0256040351
   30.368930    -37.120613    0.0205874855
   30.368930    -30.371411    0.0164117221
   30.368930    -23.622208    0.0130760035
   30.368930    -16.873006    0.0105771159
   30.368930    -10.123804    0.0089123665
   30.368930     -3.374601    0.0080802716
   30.368930      3.374601    0.0080802716
   30.368930     10.123804    0.0089123665
   30.368930     16.873006    0.0105771159
   30.368930     23.622208    0.0130760035
   30.368930     30.371411    0.0164117221
   30.368930     37.120613    0.0205874855
   30.368930     43.869816    0.0256040351
   30.368930     50.619018    0.0314525552

   37.117581    -50.619018    0.0357822074
   37.117581    -43.869816    0.0298842034
   37.117581    -37.120613    0.0248239340
   37.117581    -30.371411    0.0205931372
   37.117581    -23.622208    0.0171979397
   37.117581    -16.873006    0.0146463303
   37.117581    -10.123804    0.0129435670
   37.117581     -3.374601    0.0120919011
   37.117581      3.374601    0.0120919011
   37.117581     10.123804    0.0129435670
   37.117581     16.873006    0.0146463303
   37.117581     23.622208    0.0171979397
   37.117581     30.371411    0.0205931372
   37.117581     37.120613    0.0248239340
   37.117581     43.869816    0.0298842034
   37.117581     50.619018    0.0357822074

   43.866232    -50.619018    0.0409250958
   43.866232    -43.869816    0.0349779306
   43.866232    -37.120613    0.0298903877
   43.866232    -30.371411    0.0256157846
   43.866232    -23.622208    0.0221664315
   43.866232    -16.873006    0.0195651216
   43.866232    -10.123804    0.0178268983
   43.866232     -3.374601    0.0169573848
   43.866232      3.374601    0.0169573848
   43.866232     10.123804    0.0178268983
   43.866232     16.873006    0.0195651216
   43.866232     23.622208    0.0221664315
   43.866232     30.371411    0.0256157846
   43.866232     37.120613    0.0298903877
   43.866232     43.869816    0.0349779306
   43.866232     50.619018    0.0409250958

   50.614883    -50.619018    0.0468560682
   50.614883    -43.869816    0.0409317909
   50.614883    -37.120613    0.0357949684
   50.614883    -30.371411    0.0314705952
   50.614883    -23.622208    0.0279811763
   50.614883    -16.873006    0.0253459878
   50.614883    -10.123804    0.0235803107
   50.614883     -3.374601    0.0226947538
   50.614883      3.374601    0.0226947538
   50.614883     10.123804    0.0235803107
   50.614883     16.873006    0.0253459878
   50.614883     23.622208    0.0279811763
   50.614883     30.371411    0.0314705952
   50.614883     37.120613    0.0357949684
   50.614883     43.869816    0.0409317909
   50.614883     50.619018    0.0468560682

