  -44.766107    -48.902142   -0.0012235082
  -44.766107    -42.381856   -0.0008259525
  -44.766107    -35.861571   -0.0005310496
  -44.766107    -29.341285   -0.0003203426
  -44.766107    -22.821000   -0.0001761812
  -44.766107    -16.300714   -0.0000829754
  -44.766107     -9.780428   -0.0000281820
  -44.766107     -3.260143   -0.0000030365
  -44.766107      3.260143   -0.0000030365
  -44.766107      9.780428   -0.0000281820
  -44.766107     16.300714   -0.0000829754
  -44.766107     22.821000   -0.0001761812
  -44.766107     29.341285   -0.0003203426
  -44.766107     35.861571   -0.0005310496
  -44.766107     42.381856   -0.0008259525
  -44.766107     48.902142   -0.0012235082

  -40.053885    -48.902142   -0.0006078986
  -40.053885    -42.381856   -0.0003616093
  -40.053885    -35.861571   -0.0001994108
  -40.053885    -29.341285   -0.0000988494
  -40.053885    -22.821000   -0.0000421658
  -40.053885    -16.300714   -0.0000144383
  -40.053885     -9.780428   -0.0000034346
  -40.053885     -3.260143   -0.0000002813
  -40.053885      3.260143   -0.0000002813
  -40.053885      9.780428   -0.0000034346
  -40.053885     16.300714   -0.0000144383
  -40.053885     22.821000   -0.0000421658
  -40.053885     29.341285   -0.0000988494
  -40.053885     35.861571   -0.0001994108
  -40.053885     42.381856   -0.0003616093
  -40.053885     48.902142   -0.0006078986

  -35.341663    -48.902142   -0.0000432466
  -35.341663    -42.381856    0.0000604972
  -35.341663    -35.861571    0.0001029138
  -35.341663    -29.341285    0.0001035665
  -35.341663    -22.821000    0.0000800719
  -35.341663    -16.300714    0.0000477275
  -35.341663     -9.780428    0.0000188698
  -35.341663     -3.260143    0.0000021917
  -35.341663      3.260143    0.0000021917
  -35.341663      9.780428    0.0000188698
  -35.341663     16.300714    0.0000477275
  -35.341663     22.821000    0.0000800719
  -35.341663     29.341285    0.0001035665
  -35.341663     35.861571    0.0001029138
  -35.341663     42.381856    0.0000604972
  -35.341663     48.902142   -0.0000432466

  -30.629441    -48.902142    0.0004528586
  -30.629441    -42.381856    0.0004302667
  -30.629441    -35.861571    0.0003665986
  -30.629441    -29.341285    0.0002794406
  -30.629441    -22.821000    0.0001860095
  -30.629441    -16.300714    0.0001015303
  -30.629441     -9.780428    0.0000381633
  -30.629441     -3.260143    0.0000043306
  -30.629441      3.260143    0.0000043306
  -30.629441      9.780428    0.0000381633
  -30.629441     16.300714    0.0001015303
  -30.629441     22.821000    0.0001860095
  -30.629441     29.341285    0.0002794406
  -30.629441     35.861571    0.0003665986
  -30.629441     42.381856    0.0004302667
  -30.629441     48.902142    0.0004528586

  -25.917220    -48.902142    0.0008593188
  -25.917220    -42.381856    0.0007316429
  -25.917220    -35.861571    0.0005797695
  -25.917220    -29.341285    0.0004206043
  -25.917220    -22.821000    0.0002706320
  -25.917220    -16.300714    0.0001444017
  -25.917220     -9.780428    0.0000535230
  -25.917220     -3.260143    0.0000060331
  -25.917220      3.260143    0.0000060331
  -25.917220      9.780428    0.0000535230
  -25.917220     16.300714    0.0001444017
  -25.917220     22.821000    0.0002706320
  -25.917220     29.341285    0.0004206043
  -25.917220     35.861571    0.0005797695
  -25.917220     42.381856    0.0007316429
  -25.917220     48.902142    0.0008593188

  -21.204998    -48.902142    0.0011504348
  -21.204998    -42.381856    0.0009442398
  -21.204998    -35.861571    0.0007277965
  -21.204998    -29.341285    0.0005172466
  -21.204998    -22.821000    0.0003278984
  -21.204998    -16.300714    0.0001731668
  -21.204998     -9.780428    0.0000637718
  -21.204998     -3.260143    0.0000071660
  -21.204998      3.260143    0.0000071660
  -21.204998      9.780428    0.0000637718
  -21.204998     16.300714    0.0001731668
  -21.204998     22.821000    0.0003278984
  -21.204998     29.341285    0.0005172466
  -21.204998     35.861571    0.0007277965
  -21.204998     42.381856    0.0009442398
  -21.204998     48.902142    0.0011504348

  -16.492776    -48.902142    0.0012947130
  -16.492776    -42.381856    0.0010433982
  -16.492776    -35.861571    0.0007927712
  -16.492776    -29.341285    0.0005572338
  -16.492776    -22.821000    0.0003503391
  -16.492776    -16.300714    0.0001839334
  -16.492776     -9.780428    0.0000674818
  -16.492776     -3.260143    0.0000075690
  -16.492776      3.260143    0.0000075690
  -16.492776      9.780428    0.0000674818
  -16.492776     16.300714    0.0001839334
  -16.492776     22.821000    0.0003503391
  -16.492776     29.341285    0.0005572338
  -16.492776     35.861571    0.0007927712
  -16.492776     42.381856    0.0010433982
  -16.492776     48.902142    0.0012947130

  -11.780554    -48.902142    0.0012534957
  -11.780554    -42.381856    0.0009992484
  -11.780554    -35.861571    0.0007527315
  -11.780554    -29.341285    0.0005255305
  -11.780554    -22.821000    0.0003286979
  -11.780554    -16.300714    0.0001719194
  -11.780554     -9.780428    0.0000629178
  -11.780554     -3.260143    0.0000070484
  -11.780554      3.260143    0.0000070484
  -11.780554      9.780428    0.0000629178
  -11.780554     16.300714    0.0001719194
  -11.780554     22.821000    0.0003286979
  -11.780554     29.341285    0.0005255305
  -11.780554     35.861571    0.0007527315
  -11.780554     42.381856    0.0009992484
  -11.780554     48.902142    0.0012534957

   -7.068333    -48.902142    0.0009793104
   -7.068333    -42.381856    0.0007751862
   -7.068333    -35.861571    0.0005806590
   -7.068333    -29.341285    0.0004035793
   -7.068333    -22.821000    0.0002515436
   -7.068333    -16.300714    0.0001312275
   -7.068333     -9.780428    0.0000479443
   -7.068333     -3.260143    0.0000053665
   -7.068333      3.260143    0.0000053665
   -7.068333      9.780428    0.0000479443
   -7.068333     16.300714    0.0001312275
   -7.068333     22.821000    0.0002515436
   -7.068333     29.341285    0.0004035793
   -7.068333     35.861571    0.0005806590
   -7.068333     42.381856    0.0007751862
   -7.068333     48.902142    0.0009793104

   -2.356111    -48.902142    0.0004138173
   -2.356111    -42.381856    0.0003260062
   -2.356111    -35.861571    0.0002432318
   -2.356111    -29.341285    0.0001685186
   -2.356111    -22.821000    0.0001047781
   -2.356111    -16.300714    0.0000545650
   -2.356111     -9.780428    0.0000199126
   -2.356111     -3.260143    0.0000022276
   -2.356111      3.260143    0.0000022276
   -2.356111      9.780428    0.0000199126
   -2.356111     16.300714    0.0000545650
   -2.356111     22.821000    0.0001047781
   -2.356111     29.341285    0.0001685186
   -2.356111     35.861571    0.0002432318
   -2.356111     42.381856    0.0003260062
   -2.356111     48.902142    0.0004138173

    2.356111    -48.902142   -0.0005147979
    2.356111    -42.381856   -0.0004042312
    2.356111    -35.861571   -0.0003007240
    2.356111    -29.341285   -0.0002078656
    2.356111    -22.821000   -0.0001290162
    2.356111    -16.300714   -0.0000671053
    2.356111     -9.780428   -0.0000244703
    2.356111     -3.260143   -0.0000027364
    2.356111      3.260143   -0.0000027364
    2.356111      9.780428   -0.0000244703
    2.356111     16.300714   -0.0000671053
    2.356111     22.821000   -0.0001290162
    2.356111     29.341285   -0.0002078656
    2.356111     35.861571   -0.0003007240
    2.356111     42.381856   -0.0004042312
    2.356111     48.902142   -0.0005147979

    7.068333    -48.902142   -0.0018951557
    7.068333    -42.381856   -0.0014846903
    7.068333    -35.861571   -0.0011021807
    7.068333    -29.341285   -0.0007605398
    7.068333    -22.821000   -0.0004714479
    7.068333    -16.300714   -0.0002450042
    7.068333     -9.780428   -0.0000892957
    7.068333     -3.260143   -0.0000099833
    7.068333      3.260143   -0.0000099833
    7.068333      9.780428   -0.0000892957
    7.068333     16.300714   -0.0002450042
    7.068333     22.821000   -0.0004714479
    7.068333     29.341285   -0.0007605398
    7.068333     35.861571   -0.0011021807
    7.068333     42.381856   -0.0014846903
    7.068333     48.902142   -0.0018951557

   11.780554    -48.902142   -0.0038369368
   11.780554    -42.381856   -0.0030008613
   11.780554    -35.861571   -0.0022243921
   11.780554    -29.341285   -0.0015330409
   11.780554    -22.821000   -0.0009494482
   11.780554    -16.300714   -0.0004931038
   11.780554     -9.780428   -0.0001796498
   11.780554     -3.260143   -0.0000200812
   11.780554      3.260143   -0.0000200812
   11.780554      9.780428   -0.0001796498
   11.780554     16.300714   -0.0004931038
   11.780554     22.821000   -0.0009494482
   11.780554     29.341285   -0.0015330409
   11.780554     35.861571   -0.0022243921
   11.780554     42.381856   -0.0030008613
   11.780554     48.902142   -0.0038369368

   16.492776    -48.902142   -0.0064762792
   16.492776    -42.381856   -0.0050586976
   16.492776    -35.861571   -0.0037460911
   16.492776    -29.341285   -0.0025797606
   16.492776    -22.821000   -0.0015967038
   16.492776    -16.300714   -0.0008288651
   16.492776     -9.780428   -0.0003018779
   16.492776     -3.260143   -0.0000337382
   16.492776      3.260143   -0.0000337382
   16.492776      9.780428   -0.0003018779
   16.492776     16.300714   -0.0008288651
   16.492776     22.821000   -0.0015967038
   16.492776     29.341285   -0.0025797606
   16.492776     35.861571   -0.0037460911
   16.492776     42.381856   -0.0050586976
   16.492776     48.902142   -0.0064762792

   21.204998    -48.902142   -0.0099825620
   21.204998    -42.381856   -0.0077903742
   21.204998    -35.861571   -0.0057656194
   21.204998    -29.341285   -0.0039687269
   21.204998    -22.821000   -0.0024554190
   21.204998    -16.300714   -0.0012742052
   21.204998     -9.780428   -0.0004639573
   21.204998     -3.260143   -0.0000518454
   21.204998      3.260143   -0.0000518454
   21.204998      9.780428   -0.0004639573
   21.204998     16.300714   -0.0012742052
   21.204998     22.821000   -0.0024554190
   21.204998     29.341285   -0.0039687269
   21.204998     35.861571   -0.0057656194
   21.204998     42.381856   -0.0077903742
   21.204998     48.902142   -0.0099825620

   25.917220    -48.902142   -0.0145668433
   25.917220    -42.381856   -0.0113624241
   25.917220    -35.861571   -0.0084062498
   25.917220    -29.341285   -0.0057848941
   25.917220    -22.821000   -0.0035784294
   25.917220    -16.300714   -0.0018567591
   25.917220     -9.780428   -0.0006760269
   25.917220     -3.260143   -0.0000755409
   25.917220      3.260143   -0.0000755409
   25.917220      9.780428   -0.0006760269
   25.917220     16.300714   -0.0018567591
   25.917220     22.821000   -0.0035784294
   25.917220     29.341285   -0.0057848941
   25.917220     35.861571   -0.0084062498
   25.917220     42.381856   -0.0113624241
   25.917220     48.902142   -0.0145668433

