  -47.456659    -55.127356    0.0010423559
  -47.456659    -47.777042    0.0009416291
  -47.456659    -40.426728    0.0007822182
  -47.456659    -33.076414    0.0005893710
  -47.456659    -25.726100    0.0003906579
  -47.456659    -18.375785    0.0002130906
  -47.456659    -11.025471    0.0000801361
  -47.456659     -3.675157    0.0000090799
  -47.456659      3.675157    0.0000090799
  -47.456659     11.025471    0.0000801361
  -47.456659     18.375785    0.0002130906
  -47.456659     25.726100    0.0003906579
  -47.456659     33.076414    0.0005893710
  -47.456659     40.426728    0.0007822182
  -47.456659     47.777042    0.0009416291
  -47.456659     55.127356    0.0010423559

  -41.129105    -55.127356    0.0008500013
  -41.129105    -47.777042    0.0007617936
  -41.129105    -40.426728    0.0006294926
  -41.129105    -33.076414    0.0004724531
  -41.129105    -25.726100    0.0003122125
  -41.129105    -18.375785    0.0001698820
  -41.129105    -11.025471    0.0000637184
  -41.129105     -3.675157    0.0000071037
  -41.129105      3.675157    0.0000071037
  -41.129105     11.025471    0.0000637184
  -41.129105     18.375785    0.0001698820
  -41.129105     25.726100    0.0003122125
  -41.129105     33.076414    0.0004724531
  -41.129105     40.426728    0.0006294926
  -41.129105     47.777042    0.0007617936
  -41.129105     55.127356    0.0008500013

  -34.801550    -55.127356    0.0006519877
  -34.801550    -47.777042    0.0005807988
  -34.801550    -40.426728    0.0004779089
  -34.801550    -33.076414    0.0003576403
  -34.801550    -25.726100    0.0002358793
  -34.801550    -18.375785    0.0001281983
  -34.801550    -11.025471    0.0000480765
  -34.801550     -3.675157    0.0000054032
  -34.801550      3.675157    0.0000054032
  -34.801550     11.025471    0.0000480765
  -34.801550     18.375785    0.0001281983
  -34.801550     25.726100    0.0002358793
  -34.801550     33.076414    0.0003576403
  -34.801550     40.426728    0.0004779089
  -34.801550     47.777042    0.0005807988
  -34.801550     55.127356    0.0006519877

  -28.473996    -55.127356    0.0004616806
  -28.473996    -47.777042    0.0004092913
  -28.473996    -40.426728    0.0003357137
  -28.473996    -33.076414    0.0002506898
  -28.473996    -25.726100    0.0001651035
  -28.473996    -18.375785    0.0000896555
  -28.473996    -11.025471    0.0000336195
  -28.473996     -3.675157    0.0000038028
  -28.473996      3.675157    0.0000038028
  -28.473996     11.025471    0.0000336195
  -28.473996     18.375785    0.0000896555
  -28.473996     25.726100    0.0001651035
  -28.473996     33.076414    0.0002506898
  -28.473996     40.426728    0.0003357137
  -28.473996     47.777042    0.0004092913
  -28.473996     55.127356    0.0004616806

  -22.146441    -55.127356    0.0002918814
  -22.146441    -47.777042    0.0002577551
  -22.146441    -40.426728    0.0002109442
  -22.146441    -33.076414    0.0001572817
  -22.146441    -25.726100    0.0001034685
  -22.146441    -18.375785    0.0000561369
  -22.146441    -11.025471    0.0000210345
  -22.146441     -3.675157    0.0000023725
  -22.146441      3.675157    0.0000023725
  -22.146441     11.025471    0.0000210345
  -22.146441     18.375785    0.0000561369
  -22.146441     25.726100    0.0001034685
  -22.146441     33.076414    0.0001572817
  -22.146441     40.426728    0.0002109442
  -22.146441     47.777042    0.0002577551
  -22.146441     55.127356    0.0002918814

  -15.818886    -55.127356    0.0001538487
  -15.818886    -47.777042    0.0001354325
  -15.818886    -40.426728    0.0001106847
  -15.818886    -33.076414    0.0000824541
  -15.818886    -25.726100    0.0000541980
  -15.818886    -18.375785    0.0000293785
  -15.818886    -11.025471    0.0000109919
  -15.818886     -3.675157    0.0000012242
  -15.818886      3.675157    0.0000012242
  -15.818886     11.025471    0.0000109919
  -15.818886     18.375785    0.0000293785
  -15.818886     25.726100    0.0000541980
  -15.818886     33.076414    0.0000824541
  -15.818886     40.426728    0.0001106847
  -15.818886     47.777042    0.0001354325
  -15.818886     55.127356    0.0001538487

   -9.491332    -55.127356    0.0000565872
   -9.491332    -47.777042    0.0000496608
   -9.491332    -40.426728    0.0000405800
   -9.491332    -33.076414    0.0000302347
   -9.491332    -25.726100    0.0000198681
   -9.491332    -18.375785    0.0000107595
   -9.491332    -11.025471    0.0000040149
   -9.491332     -3.675157    0.0000004340
   -9.491332      3.675157    0.0000004340
   -9.491332     11.025471    0.0000040149
   -9.491332     18.375785    0.0000107595
   -9.491332     25.726100    0.0000198681
   -9.491332     33.076414    0.0000302347
   -9.491332     40.426728    0.0000405800
   -9.491332     47.777042    0.0000496608
   -9.491332     55.127356    0.0000565872

   -3.163777    -55.127356    0.0000063548
   -3.163777    -47.777042    0.0000054915
   -3.163777    -40.426728    0.0000045327
   -3.163777    -33.076414    0.0000034132
   -3.163777    -25.726100    0.0000022528
   -3.163777    -18.375785    0.0000012156
   -3.163777    -11.025471    0.0000004442
   -3.163777     -3.675157    0.0000000349
   -3.163777      3.675157    0.0000000349
   -3.163777     11.025471    0.0000004442
   -3.163777     18.375785    0.0000012156
   -3.163777     25.726100    0.0000022528
   -3.163777     33.076414    0.0000034132
   -3.163777     40.426728    0.0000045327
   -3.163777     47.777042    0.0000054915
   -3.163777     55.127356    0.0000063548

    3.163777    -55.127356    0.0000063548
    3.163777    -47.777042    0.0000054915
    3.163777    -40.426728    0.0000045327
    3.163777    -33.076414    0.0000034132
    3.163777    -25.726100    0.0000022528
    3.163777    -18.375785    0.0000012156
    3.163777    -11.025471    0.0000004442
    3.163777     -3.675157    0.0000000349
    3.163777      3.675157    0.0000000349
    3.163777     11.025471    0.0000004442
    3.163777     18.375785    0.0000012156
    3.163777     25.726100    0.0000022528
    3.163777     33.076414    0.0000034132
    3.163777     40.426728    0.0000045327
    3.163777     47.777042    0.0000054915
    3.163777     55.127356    0.0000063548

    9.491332    -55.127356    0.0000565872
    9.491332    -47.777042    0.0000496608
    9.491332    -40.426728    0.0000405800
    9.491332    -33.076414    0.0000302347
    9.491332    -25.726100    0.0000198681
    9.491332    -18.375785    0.0000107595
    9.491332    -11.025471    0.0000040149
    9.491332     -3.675157    0.0000004340
    9.491332      3.675157    0.0000004340
    9.491332     11.025471    0.0000040149
    9.491332     18.375785    0.0000107595
    9.491332     25.726100    0.0000198681
    9.491332     33.076414    0.0000302347
    9.491332     40.426728    0.0000405800
    9.491332     47.777042    0.0000496608
    9.491332     55.127356    0.0000565872

   15.818886    -55.127356    0.0001538487
   15.818886    -47.777042    0.0001354325
   15.818886    -40.426728    0.0001106847
   15.818886    -33.076414    0.0000824541
   15.818886    -25.726100    0.0000541980
   15.818886    -18.375785    0.0000293785
   15.818886    -11.025471    0.0000109919
   15.818886     -3.675157    0.0000012242
   15.818886      3.675157    0.0000012242
   15.818886     11.025471    0.0000109919
   15.818886     18.375785    0.0000293785
   15.818886     25.726100    0.0000541980
   15.818886     33.076414    0.0000824541
   15.818886     40.426728    0.0001106847
   15.818886     47.777042    0.0001354325
   15.818886     55.127356    0.0001538487

   22.146441    -55.127356    0.0002918814
   22.146441    -47.777042    0.0002577551
   22.146441    -40.426728    0.0002109442
   22.146441    -33.076414    0.0001572817
   22.146441    -25.726100    0.0001034685
   22.146441    -18.375785    0.0000561369
   22.146441    -11.025471    0.0000210345
   22.146441     -3.675157    0.0000023725
   22.146441      3.675157    0.0000023725
   22.146441     11.025471    0.0000210345
   22.146441     18.375785    0.0000561369
   22.146441     25.726100    0.0001034685
   22.146441     33.076414    0.0001572817
   22.146441     40.426728    0.0002109442
   22.146441     47.777042    0.0002577551
   22.146441     55.127356    0.0002918814

   28.473996    -55.127356    0.0004616806
   28.473996    -47.777042    0.0004092913
   28.473996    -40.426728    0.0003357137
   28.473996    -33.076414    0.0002506898
   28.473996    -25.726100    0.0001651035
   28.473996    -18.375785    0.0000896555
   28.473996    -11.025471    0.0000336195
   28.473996     -3.675157    0.0000038028
   28.473996      3.675157    0.0000038028
   28.473996     11.025471    0.0000336195
   28.473996     18.375785    0.0000896555
   28.473996     25.726100    0.0001651035
   28.473996     33.076414    0.0002506898
   28.473996     40.426728    0.0003357137
   28.473996     47.777042    0.0004092913
   28.473996     55.127356    0.0004616806

   34.801550    -55.127356    0.0006519877
   34.801550    -47.777042    0.0005807988
   34.801550    -40.426728    0.0004779089
   34.801550    -33.076414    0.0003576403
   34.801550    -25.726100    0.0002358793
   34.801550    -18.375785    0.0001281983
   34.801550    -11.025471    0.0000480765
   34.801550     -3.675157    0.0000054032
   34.801550      3.675157    0.0000054032
   34.801550     11.025471    0.0000480765
   34.801550     18.375785    0.0001281983
   34.801550     25.726100    0.0002358793
   34.801550     33.076414    0.0003576403
   34.801550     40.426728    0.0004779089
   34.801550     47.777042    0.0005807988
   34.801550     55.127356    0.0006519877

   41.129105    -55.127356    0.0008500013
   41.129105    -47.777042    0.0007617936
   41.129105    -40.426728    0.0006294926
   41.129105    -33.076414    0.0004724531
   41.129105    -25.726100    0.0003122125
   41.129105    -18.375785    0.0001698820
   41.129105    -11.025471    0.0000637184
   41.129105     -3.675157    0.0000071037
   41.129105      3.675157    0.0000071037
   41.129105     11.025471    0.0000637184
   41.129105     18.375785    0.0001698820
   41.129105     25.726100    0.0003122125
   41.129105     33.076414    0.0004724531
   41.129105     40.426728    0.0006294926
   41.129105     47.777042    0.0007617936
   41.129105     55.127356    0.0008500013

   47.456659    -55.127356    0.0010423559
   47.456659    -47.777042    0.0009416291
   47.456659    -40.426728    0.0007822182
   47.456659    -33.076414    0.0005893710
   47.456659    -25.726100    0.0003906579
   47.456659    -18.375785    0.0002130906
   47.456659    -11.025471    0.0000801361
   47.456659     -3.675157    0.0000090799
   47.456659      3.675157    0.0000090799
   47.456659     11.025471    0.0000801361
   47.456659     18.375785    0.0002130906
   47.456659     25.726100    0.0003906579
   47.456659     33.076414    0.0005893710
   47.456659     40.426728    0.0007822182
   47.456659     47.777042    0.0009416291
   47.456659     55.127356    0.0010423559

