  -38.681015    -50.619018   -0.0023452363
  -38.681015    -43.869816   -0.0017699894
  -38.681015    -37.120613   -0.0012725719
  -38.681015    -30.371411   -0.0008548972
  -38.681015    -23.622208   -0.0005186377
  -38.681015    -16.873006   -0.0002651827
  -38.681015    -10.123804   -0.0000956040
  -38.681015     -3.374601   -0.0000106304
  -38.681015      3.374601   -0.0000106304
  -38.681015     10.123804   -0.0000956040
  -38.681015     16.873006   -0.0002651827
  -38.681015     23.622208   -0.0005186377
  -38.681015     30.371411   -0.0008548972
  -38.681015     37.120613   -0.0012725719
  -38.681015     43.869816   -0.0017699894
  -38.681015     50.619018   -0.0023452363

  -33.523546    -50.619018   -0.0017400113
  -33.523546    -43.869816   -0.0013132449
  -33.523546    -37.120613   -0.0009441639
  -33.523546    -30.371411   -0.0006342463
  -33.523546    -23.622208   -0.0003847540
  -33.523546    -16.873006   -0.0001967165
  -33.523546    -10.123804   -0.0000709176
  -33.523546     -3.374601   -0.0000078853
  -33.523546      3.374601   -0.0000078853
  -33.523546     10.123804   -0.0000709176
  -33.523546     16.873006   -0.0001967165
  -33.523546     23.622208   -0.0003847540
  -33.523546     30.371411   -0.0006342463
  -33.523546     37.120613   -0.0009441639
  -33.523546     43.869816   -0.0013132449
  -33.523546     50.619018   -0.0017400113

  -28.366078    -50.619018   -0.0012327270
  -28.366078    -43.869816   -0.0009303171
  -28.366078    -37.120613   -0.0006688561
  -28.366078    -30.371411   -0.0004493252
  -28.366078    -23.622208   -0.0002725910
  -28.366078    -16.873006   -0.0001393782
  -28.366078    -10.123804   -0.0000502491
  -28.366078     -3.374601   -0.0000055873
  -28.366078      3.374601   -0.0000055873
  -28.366078     10.123804   -0.0000502491
  -28.366078     16.873006   -0.0001393782
  -28.366078     23.622208   -0.0002725910
  -28.366078     30.371411   -0.0004493252
  -28.366078     37.120613   -0.0006688561
  -28.366078     43.869816   -0.0009303171
  -28.366078     50.619018   -0.0012327270

  -23.208609    -50.619018   -0.0008179778
  -23.208609    -43.869816   -0.0006172391
  -23.208609    -37.120613   -0.0004437734
  -23.208609    -30.371411   -0.0002981467
  -23.208609    -23.622208   -0.0001808990
  -23.208609    -16.873006   -0.0000925069
  -23.208609    -10.123804   -0.0000333542
  -23.208609     -3.374601   -0.0000037089
  -23.208609      3.374601   -0.0000037089
  -23.208609     10.123804   -0.0000333542
  -23.208609     16.873006   -0.0000925069
  -23.208609     23.622208   -0.0001808990
  -23.208609     30.371411   -0.0002981467
  -23.208609     37.120613   -0.0004437734
  -23.208609     43.869816   -0.0006172391
  -23.208609     50.619018   -0.0008179778

  -18.051140    -50.619018   -0.0004913480
  -18.051140    -43.869816   -0.0003707156
  -18.051140    -37.120613   -0.0002665372
  -18.051140    -30.371411   -0.0001790921
  -18.051140    -23.622208   -0.0001086801
  -18.051140    -16.873006   -0.0000555846
  -18.051140    -10.123804   -0.0000200439
  -18.051140     -3.374601   -0.0000022290
  -18.051140      3.374601   -0.0000022290
  -18.051140     10.123804   -0.0000200439
  -18.051140     16.873006   -0.0000555846
  -18.051140     23.622208   -0.0001086801
  -18.051140     30.371411   -0.0001790921
  -18.051140     37.120613   -0.0002665372
  -18.051140     43.869816   -0.0003707156
  -18.051140     50.619018   -0.0004913480

  -12.893672    -50.619018   -0.0002493640
  -12.893672    -43.869816   -0.0001881175
  -12.893672    -37.120613   -0.0001352557
  -12.893672    -30.371411   -0.0000908912
  -12.893672    -23.622208   -0.0000551645
  -12.893672    -16.873006   -0.0000282180
  -12.893672    -10.123804   -0.0000101766
  -12.893672     -3.374601   -0.0000011318
  -12.893672      3.374601   -0.0000011318
  -12.893672     10.123804   -0.0000101766
  -12.893672     16.873006   -0.0000282180
  -12.893672     23.622208   -0.0000551645
  -12.893672     30.371411   -0.0000908912
  -12.893672     37.120613   -0.0001352557
  -12.893672     43.869816   -0.0001881175
  -12.893672     50.619018   -0.0002493640

   -7.736203    -50.619018   -0.0000894546
   -7.736203    -43.869816   -0.0000674769
   -7.736203    -37.120613   -0.0000485164
   -7.736203    -30.371411   -0.0000326056
   -7.736203    -23.622208   -0.0000197915
   -7.736203    -16.873006   -0.0000101250
   -7.736203    -10.123804   -0.0000036518
   -7.736203     -3.374601   -0.0000004061
   -7.736203      3.374601   -0.0000004061
   -7.736203     10.123804   -0.0000036518
   -7.736203     16.873006   -0.0000101250
   -7.736203     23.622208   -0.0000197915
   -7.736203     30.371411   -0.0000326056
   -7.736203     37.120613   -0.0000485164
   -7.736203     43.869816   -0.0000674769
   -7.736203     50.619018   -0.0000894546

   -2.578734    -50.619018   -0.0000099219
   -2.578734    -43.869816   -0.0000074838
   -2.578734    -37.120613   -0.0000053810
   -2.578734    -30.371411   -0.0000036165
   -2.578734    -23.622208   -0.0000021953
   -2.578734    -16.873006   -0.0000011232
   -2.578734    -10.123804   -0.0000004051
   -2.578734     -3.374601   -0.0000000451
   -2.578734      3.374601   -0.0000000451
   -2.578734     10.123804   -0.0000004051
   -2.578734     16.873006   -0.0000011232
   -2.578734     23.622208   -0.0000021953
   -2.578734     30.371411   -0.0000036165
   -2.578734     37.120613   -0.0000053810
   -2.578734     43.869816   -0.0000074838
   -2.578734     50.619018   -0.0000099219

    2.578734    -50.619018   -0.0000099219
    2.578734    -43.869816   -0.0000074838
    2.578734    -37.120613   -0.0000053810
    2.578734    -30.371411   -0.0000036165
    2.578734    -23.622208   -0.0000021953
    2.578734    -16.873006   -0.0000011232
    2.578734    -10.123804   -0.0000004051
    2.578734     -3.374601   -0.0000000451
    2.578734      3.374601   -0.0000000451
    2.578734     10.123804   -0.0000004051
    2.578734     16.873006   -0.0000011232
    2.578734     23.622208   -0.0000021953
    2.578734     30.371411   -0.0000036165
    2.578734     37.120613   -0.0000053810
    2.578734     43.869816   -0.0000074838
    2.578734     50.619018   -0.0000099219

    7.736203    -50.619018   -0.0000894546
    7.736203    -43.869816   -0.0000674769
    7.736203    -37.120613   -0.0000485164
    7.736203    -30.371411   -0.0000326056
    7.736203    -23.622208   -0.0000197915
    7.736203    -16.873006   -0.0000101250
    7.736203    -10.123804   -0.0000036518
    7.736203     -3.374601   -0.0000004061
    7.736203      3.374601   -0.0000004061
    7.736203     10.123804   -0.0000036518
    7.736203     16.873006   -0.0000101250
    7.736203     23.622208   -0.0000197915
    7.736203     30.371411   -0.0000326056
    7.736203     37.120613   -0.0000485164
    7.736203     43.869816   -0.0000674769
    7.736203     50.619018   -0.0000894546

   12.893672    -50.619018   -0.0002493640
   12.893672    -43.869816   -0.0001881175
   12.893672    -37.120613   -0.0001352557
   12.893672    -30.371411   -0.0000908912
   12.893672    -23.622208   -0.0000551645
   12.893672    -16.873006   -0.0000282180
   12.893672    -10.123804   -0.0000101766
   12.893672     -3.374601   -0.0000011318
   12.893672      3.374601   -0.0000011318
   12.893672     10.123804   -0.0000101766
   12.893672     16.873006   -0.0000282180
   12.893672     23.622208   -0.0000551645
   12.893672     30.371411   -0.0000908912
   12.893672     37.120613   -0.0001352557
   12.893672     43.869816   -0.0001881175
   12.893672     50.619018   -0.0002493640

   18.051140    -50.619018   -0.0004913480
   18.051140    -43.869816   -0.0003707156
   18.051140    -37.120613   -0.0002665372
   18.051140    -30.371411   -0.0001790921
   18.051140    -23.622208   -0.0001086801
   18.051140    -16.873006   -0.0000555846
   18.051140    -10.123804   -0.0000200439
   18.051140     -3.374601   -0.0000022290
   18.051140      3.374601   -0.0000022290
   18.051140     10.123804   -0.0000200439
   18.051140     16.873006   -0.0000555846
   18.051140     23.622208   -0.0001086801
   18.051140     30.371411   -0.0001790921
   18.051140     37.120613   -0.0002665372
   18.051140     43.869816   -0.0003707156
   18.051140     50.619018   -0.0004913480

   23.208609    -50.619018   -0.0008179778
   23.208609    -43.869816   -0.0006172391
   23.208609    -37.120613   -0.0004437734
   23.208609    -30.371411   -0.0002981467
   23.208609    -23.622208   -0.0001808990
   23.208609    -16.873006   -0.0000925069
   23.208609    -10.123804   -0.0000333542
   23.208609     -3.374601   -0.0000037089
   23.208609      3.374601   -0.0000037089
   23.208609     10.123804   -0.0000333542
   23.208609     16.873006   -0.0000925069
   23.208609     23.622208   -0.0001808990
   23.208609     30.371411   -0.0002981467
   23.208609     37.120613   -0.0004437734
   23.208609     43.869816   -0.0006172391
   23.208609     50.619018   -0.0008179778

   28.366078    -50.619018   -0.0012327270
   28.366078    -43.869816   -0.0009303171
   28.366078    -37.120613   -0.0006688561
   28.366078    -30.371411   -0.0004493252
   28.366078    -23.622208   -0.0002725910
   28.366078    -16.873006   -0.0001393782
   28.366078    -10.123804   -0.0000502491
   28.366078     -3.374601   -0.0000055873
   28.366078      3.374601   -0.0000055873
   28.366078     10.123804   -0.0000502491
   28.366078     16.873006   -0.0001393782
   28.366078     23.622208   -0.0002725910
   28.366078     30.371411   -0.0004493252
   28.366078     37.120613   -0.0006688561
   28.366078     43.869816   -0.0009303171
   28.366078     50.619018   -0.0012327270

   33.523546    -50.619018   -0.0017400113
   33.523546    -43.869816   -0.0013132449
   33.523546    -37.120613   -0.0009441639
   33.523546    -30.371411   -0.0006342463
   33.523546    -23.622208   -0.0003847540
   33.523546    -16.873006   -0.0001967165
   33.523546    -10.123804   -0.0000709176
   33.523546     -3.374601   -0.0000078853
   33.523546      3.374601   -0.0000078853
   33.523546     10.123804   -0.0000709176
   33.523546     16.873006   -0.0001967165
   33.523546     23.622208   -0.0003847540
   33.523546     30.371411   -0.0006342463
   33.523546     37.120613   -0.0009441639
   33.523546     43.869816   -0.0013132449
   33.523546     50.619018   -0.0017400113

   38.681015    -50.619018   -0.0023452363
   38.681015    -43.869816   -0.0017699894
   38.681015    -37.120613   -0.0012725719
   38.681015    -30.371411   -0.0008548972
   38.681015    -23.622208   -0.0005186377
   38.681015    -16.873006   -0.0002651827
   38.681015    -10.123804   -0.0000956040
   38.681015     -3.374601   -0.0000106304
   38.681015      3.374601   -0.0000106304
   38.681015     10.123804   -0.0000956040
   38.681015     16.873006   -0.0002651827
   38.681015     23.622208   -0.0005186377
   38.681015     30.371411   -0.0008548972
   38.681015     37.120613   -0.0012725719
   38.681015     43.869816   -0.0017699894
   38.681015     50.619018   -0.0023452363

