  -38.681015   -136.038482   -0.0082004933
  -38.681015   -117.900018   -0.0063122695
  -38.681015    -99.761554   -0.0046167513
  -38.681015    -81.623089   -0.0031465163
  -38.681015    -63.484625   -0.0019311955
  -38.681015    -45.346161   -0.0009961190
  -38.681015    -27.207696   -0.0003612323
  -38.681015     -9.069232   -0.0000402841
  -38.681015      9.069232   -0.0000402841
  -38.681015     27.207696   -0.0003612323
  -38.681015     45.346161   -0.0009961190
  -38.681015     63.484625   -0.0019311955
  -38.681015     81.623089   -0.0031465163
  -38.681015     99.761554   -0.0046167513
  -38.681015    117.900018   -0.0063122695
  -38.681015    136.038482   -0.0082004933

  -33.523546   -136.038482   -0.0060773559
  -33.523546   -117.900018   -0.0046774016
  -33.523546    -99.761554   -0.0034206275
  -33.523546    -81.623089   -0.0023310758
  -33.523546    -63.484625   -0.0014305977
  -33.523546    -45.346161   -0.0007378630
  -33.523546    -27.207696   -0.0002675673
  -33.523546     -9.069232   -0.0000298381
  -33.523546      9.069232   -0.0000298381
  -33.523546     27.207696   -0.0002675673
  -33.523546     45.346161   -0.0007378630
  -33.523546     63.484625   -0.0014305977
  -33.523546     81.623089   -0.0023310758
  -33.523546     99.761554   -0.0034206275
  -33.523546    117.900018   -0.0046774016
  -33.523546    136.038482   -0.0060773559

  -28.366078   -136.038482   -0.0043014518
  -28.366078   -117.900018   -0.0033102254
  -28.366078    -99.761554   -0.0024205614
  -28.366078    -81.623089   -0.0016494154
  -28.366078    -63.484625   -0.0010121878
  -28.366078    -45.346161   -0.0005220311
  -28.366078    -27.207696   -0.0001892946
  -28.366078     -9.069232   -0.0000211091
  -28.366078      9.069232   -0.0000211091
  -28.366078     27.207696   -0.0001892946
  -28.366078     45.346161   -0.0005220311
  -28.366078     63.484625   -0.0010121878
  -28.366078     81.623089   -0.0016494154
  -28.366078     99.761554   -0.0024205614
  -28.366078    117.900018   -0.0033102254
  -28.366078    136.038482   -0.0043014518

  -23.208609   -136.038482   -0.0028519956
  -23.208609   -117.900018   -0.0021945825
  -23.208609    -99.761554   -0.0016046305
  -23.208609    -81.623089   -0.0010933482
  -23.208609    -63.484625   -0.0006709105
  -23.208609    -45.346161   -0.0003460038
  -23.208609    -27.207696   -0.0001254613
  -23.208609     -9.069232   -0.0000139905
  -23.208609      9.069232   -0.0000139905
  -23.208609     27.207696   -0.0001254613
  -23.208609     45.346161   -0.0003460038
  -23.208609     63.484625   -0.0006709105
  -23.208609     81.623089   -0.0010933482
  -23.208609     99.761554   -0.0016046305
  -23.208609    117.900018   -0.0021945825
  -23.208609    136.038482   -0.0028519956

  -18.051140   -136.038482   -0.0017120920
  -18.051140   -117.900018   -0.0013173424
  -18.051140    -99.761554   -0.0009631492
  -18.051140    -81.623089   -0.0006562248
  -18.051140    -63.484625   -0.0004026603
  -18.051140    -45.346161   -0.0002076538
  -18.051140    -27.207696   -0.0000752937
  -18.051140     -9.069232   -0.0000083961
  -18.051140      9.069232   -0.0000083961
  -18.051140     27.207696   -0.0000752937
  -18.051140     45.346161   -0.0002076538
  -18.051140     63.484625   -0.0004026603
  -18.051140     81.623089   -0.0006562248
  -18.051140     99.761554   -0.0009631492
  -18.051140    117.900018   -0.0013173424
  -18.051140    136.038482   -0.0017120920

  -12.893672   -136.038482   -0.0008685032
  -12.893672   -117.900018   -0.0006682200
  -12.893672    -99.761554   -0.0004885322
  -12.893672    -81.623089   -0.0003328389
  -12.893672    -63.484625   -0.0002042233
  -12.893672    -45.346161   -0.0001053161
  -12.893672    -27.207696   -0.0000381862
  -12.893672     -9.069232   -0.0000042582
  -12.893672      9.069232   -0.0000042582
  -12.893672     27.207696   -0.0000381862
  -12.893672     45.346161   -0.0001053161
  -12.893672     63.484625   -0.0002042233
  -12.893672     81.623089   -0.0003328389
  -12.893672     99.761554   -0.0004885322
  -12.893672    117.900018   -0.0006682200
  -12.893672    136.038482   -0.0008685032

   -7.736203   -136.038482   -0.0003114638
   -7.736203   -117.900018   -0.0002396293
   -7.736203    -99.761554   -0.0001751861
   -7.736203    -81.623089   -0.0001193516
   -7.736203    -63.484625   -0.0000732301
   -7.736203    -45.346161   -0.0000377635
   -7.736203    -27.207696   -0.0000136923
   -7.736203     -9.069232   -0.0000015268
   -7.736203      9.069232   -0.0000015268
   -7.736203     27.207696   -0.0000136923
   -7.736203     45.346161   -0.0000377635
   -7.736203     63.484625   -0.0000732301
   -7.736203     81.623089   -0.0001193516
   -7.736203     99.761554   -0.0001751861
   -7.736203    117.900018   -0.0002396293
   -7.736203    136.038482   -0.0003114638

   -2.578734   -136.038482   -0.0000345408
   -2.578734   -117.900018   -0.0000265740
   -2.578734    -99.761554   -0.0000194272
   -2.578734    -81.623089   -0.0000132352
   -2.578734    -63.484625   -0.0000081206
   -2.578734    -45.346161   -0.0000041876
   -2.578734    -27.207696   -0.0000015183
   -2.578734     -9.069232   -0.0000001693
   -2.578734      9.069232   -0.0000001693
   -2.578734     27.207696   -0.0000015183
   -2.578734     45.346161   -0.0000041876
   -2.578734     63.484625   -0.0000081206
   -2.578734     81.623089   -0.0000132352
   -2.578734     99.761554   -0.0000194272
   -2.578734    117.900018   -0.0000265740
   -2.578734    136.038482   -0.0000345408

    2.578734   -136.038482   -0.0000345408
    2.578734   -117.900018   -0.0000265740
    2.578734    -99.761554   -0.0000194272
    2.578734    -81.623089   -0.0000132352
    2.578734    -63.484625   -0.0000081206
    2.578734    -45.346161   -0.0000041876
    2.578734    -27.207696   -0.0000015183
    2.578734     -9.069232   -0.0000001693
    2.578734      9.069232   -0.0000001693
    2.578734     27.207696   -0.0000015183
    2.578734     45.346161   -0.0000041876
    2.578734     63.484625   -0.0000081206
    2.578734     81.623089   -0.0000132352
    2.578734     99.761554   -0.0000194272
    2.578734    117.900018   -0.0000265740
    2.578734    136.038482   -0.0000345408

    7.736203   -136.038482   -0.0003114638
    7.736203   -117.900018   -0.0002396293
    7.736203    -99.761554   -0.0001751861
    7.736203    -81.623089   -0.0001193516
    7.736203    -63.484625   -0.0000732301
    7.736203    -45.346161   -0.0000377635
    7.736203    -27.207696   -0.0000136923
    7.736203     -9.069232   -0.0000015268
    7.736203      9.069232   -0.0000015268
    7.736203     27.207696   -0.0000136923
    7.736203     45.346161   -0.0000377635
    7.736203     63.484625   -0.0000732301
    7.736203     81.623089   -0.0001193516
    7.736203     99.761554   -0.0001751861
    7.736203    117.900018   -0.0002396293
    7.736203    136.038482   -0.0003114638

   12.893672   -136.038482   -0.0008685032
   12.893672   -117.900018   -0.0006682200
   12.893672    -99.761554   -0.0004885322
   12.893672    -81.623089   -0.0003328389
   12.893672    -63.484625   -0.0002042233
   12.893672    -45.346161   -0.0001053161
   12.893672    -27.207696   -0.0000381862
   12.893672     -9.069232   -0.0000042582
   12.893672      9.069232   -0.0000042582
   12.893672     27.207696   -0.0000381862
   12.893672     45.346161   -0.0001053161
   12.893672     63.484625   -0.0002042233
   12.893672     81.623089   -0.0003328389
   12.893672     99.761554   -0.0004885322
   12.893672    117.900018   -0.0006682200
   12.893672    136.038482   -0.0008685032

   18.051140   -136.038482   -0.0017120920
   18.051140   -117.900018   -0.0013173424
   18.051140    -99.761554   -0.0009631492
   18.051140    -81.623089   -0.0006562248
   18.051140    -63.484625   -0.0004026603
   18.051140    -45.346161   -0.0002076538
   18.051140    -27.207696   -0.0000752937
   18.051140     -9.069232   -0.0000083961
   18.051140      9.069232   -0.0000083961
   18.051140     27.207696   -0.0000752937
   18.051140     45.346161   -0.0002076538
   18.051140     63.484625   -0.0004026603
   18.051140     81.623089   -0.0006562248
   18.051140     99.761554   -0.0009631492
   18.051140    117.900018   -0.0013173424
   18.051140    136.038482   -0.0017120920

   23.208609   -136.038482   -0.0028519956
   23.208609   -117.900018   -0.0021945825
   23.208609    -99.761554   -0.0016046305
   23.208609    -81.623089   -0.0010933482
   23.208609    -63.484625   -0.0006709105
   23.208609    -45.346161   -0.0003460038
   23.208609    -27.207696   -0.0001254613
   23.208609     -9.069232   -0.0000139905
   23.208609      9.069232   -0.0000139905
   23.208609     27.207696   -0.0001254613
   23.208609     45.346161   -0.0003460038
   23.208609     63.484625   -0.0006709105
   23.208609     81.623089   -0.0010933482
   23.208609     99.761554   -0.0016046305
   23.208609    117.900018   -0.0021945825
   23.208609    136.038482   -0.0028519956

   28.366078   -136.038482   -0.0043014518
   28.366078   -117.900018   -0.0033102254
   28.366078    -99.761554   -0.0024205614
   28.366078    -81.623089   -0.0016494154
   28.366078    -63.484625   -0.0010121878
   28.366078    -45.346161   -0.0005220311
   28.366078    -27.207696   -0.0001892946
   28.366078     -9.069232   -0.0000211091
   28.366078      9.069232   -0.0000211091
   28.366078     27.207696   -0.0001892946
   28.366078     45.346161   -0.0005220311
   28.366078     63.484625   -0.0010121878
   28.366078     81.623089   -0.0016494154
   28.366078     99.761554   -0.0024205614
   28.366078    117.900018   -0.0033102254
   28.366078    136.038482   -0.0043014518

   33.523546   -136.038482   -0.0060773559
   33.523546   -117.900018   -0.0046774016
   33.523546    -99.761554   -0.0034206275
   33.523546    -81.623089   -0.0023310758
   33.523546    -63.484625   -0.0014305977
   33.523546    -45.346161   -0.0007378630
   33.523546    -27.207696   -0.0002675673
   33.523546     -9.069232   -0.0000298381
   33.523546      9.069232   -0.0000298381
   33.523546     27.207696   -0.0002675673
   33.523546     45.346161   -0.0007378630
   33.523546     63.484625   -0.0014305977
   33.523546     81.623089   -0.0023310758
   33.523546     99.761554   -0.0034206275
   33.523546    117.900018   -0.0046774016
   33.523546    136.038482   -0.0060773559

   38.681015   -136.038482   -0.0082004933
   38.681015   -117.900018   -0.0063122695
   38.681015    -99.761554   -0.0046167513
   38.681015    -81.623089   -0.0031465163
   38.681015    -63.484625   -0.0019311955
   38.681015    -45.346161   -0.0009961190
   38.681015    -27.207696   -0.0003612323
   38.681015     -9.069232   -0.0000402841
   38.681015      9.069232   -0.0000402841
   38.681015     27.207696   -0.0003612323
   38.681015     45.346161   -0.0009961190
   38.681015     63.484625   -0.0019311955
   38.681015     81.623089   -0.0031465163
   38.681015     99.761554   -0.0046167513
   38.681015    117.900018   -0.0063122695
   38.681015    136.038482   -0.0082004933

