  -38.681015    -50.619018    0.0700357774
  -38.681015    -43.869816    0.0648811517
  -38.681015    -37.120613    0.0605206673
  -38.681015    -30.371411    0.0569344089
  -38.681015    -23.622208    0.0541001588
  -38.681015    -16.873006    0.0519964632
  -38.681015    -10.123804    0.0506050851
  -38.681015     -3.374601    0.0499128444
  -38.681015      3.374601    0.0499128444
  -38.681015     10.123804    0.0506050851
  -38.681015     16.873006    0.0519964632
  -38.681015     23.622208    0.0541001588
  -38.681015     30.371411    0.0569344089
  -38.681015     37.120613    0.0605206673
  -38.681015     43.869816    0.0648811517
  -38.681015     50.619018    0.0700357774

  -33.523546    -50.619018    0.0578716739
  -33.523546    -43.869816    0.0525685676
  -33.523546    -37.120613    0.0480797466
  -33.523546    -30.371411    0.0443857311
  -33.523546    -23.622208    0.0414647139
  -33.523546    -16.873006    0.0392956008
  -33.523546    -10.123804    0.0378604429
  -33.523546     -3.374601    0.0371462609
  -33.523546      3.374601    0.0371462609
  -33.523546     10.123804    0.0378604429
  -33.523546     16.873006    0.0392956008
  -33.523546     23.622208    0.0414647139
  -33.523546     30.371411    0.0443857311
  -33.523546     37.120613    0.0480797466
  -33.523546     43.869816    0.0525685676
  -33.523546     50.619018    0.0578716739

  -28.366078    -50.619018    0.0476295737
  -28.366078    -43.869816    0.0422021110
  -28.366078    -37.120613    0.0376056701
  -28.366078    -30.371411    0.0338212678
  -28.366078    -23.622208    0.0308274925
  -28.366078    -16.873006    0.0286035547
  -28.366078    -10.123804    0.0271317271
  -28.366078     -3.374601    0.0263991745
  -28.366078      3.374601    0.0263991745
  -28.366078     10.123804    0.0271317271
  -28.366078     16.873006    0.0286035547
  -28.366078     23.622208    0.0308274925
  -28.366078     30.371411    0.0338212678
  -28.366078     37.120613    0.0376056701
  -28.366078     43.869816    0.0422021110
  -28.366078     50.619018    0.0476295737

  -23.208609    -50.619018    0.0392231863
  -23.208609    -43.869816    0.0336940524
  -23.208609    -37.120613    0.0290096161
  -23.208609    -30.371411    0.0251513097
  -23.208609    -23.622208    0.0220980479
  -23.208609    -16.873006    0.0198292893
  -23.208609    -10.123804    0.0183274853
  -23.208609     -3.374601    0.0175799162
  -23.208609      3.374601    0.0175799162
  -23.208609     10.123804    0.0183274853
  -23.208609     16.873006    0.0198292893
  -23.208609     23.622208    0.0220980479
  -23.208609     30.371411    0.0251513097
  -23.208609     37.120613    0.0290096161
  -23.208609     43.869816    0.0336940524
  -23.208609     50.619018    0.0392231863

  -18.051140    -50.619018    0.0325816369
  -18.051140    -43.869816    0.0269723967
  -18.051140    -37.120613    0.0222186732
  -18.051140    -30.371411    0.0183021851
  -18.051140    -23.622208    0.0152020877
  -18.051140    -16.873006    0.0128980326
  -18.051140    -10.123804    0.0113726165
  -18.051140     -3.374601    0.0106132170
  -18.051140      3.374601    0.0106132170
  -18.051140     10.123804    0.0113726165
  -18.051140     16.873006    0.0128980326
  -18.051140     23.622208    0.0152020877
  -18.051140     30.371411    0.0183021851
  -18.051140     37.120613    0.0222186732
  -18.051140     43.869816    0.0269723967
  -18.051140     50.619018    0.0325816369

  -12.893672    -50.619018    0.0276489027
  -12.893672    -43.869816    0.0219802765
  -12.893672    -37.120613    0.0171752364
  -12.893672    -30.371411    0.0132156678
  -12.893672    -23.622208    0.0100808850
  -12.893672    -16.873006    0.0077506808
  -12.893672    -10.123804    0.0062077655
  -12.893672     -3.374601    0.0054395960
  -12.893672      3.374601    0.0054395960
  -12.893672     10.123804    0.0062077655
  -12.893672     16.873006    0.0077506808
  -12.893672     23.622208    0.0100808850
  -12.893672     30.371411    0.0132156678
  -12.893672     37.120613    0.0171752364
  -12.893672     43.869816    0.0219802765
  -12.893672     50.619018    0.0276489027

   -7.736203    -50.619018    0.0243833612
   -7.736203    -43.869816    0.0186754662
   -7.736203    -37.120613    0.0138365248
   -7.736203    -30.371411    0.0098485025
   -7.736203    -23.622208    0.0066908070
   -7.736203    -16.873006    0.0043433230
   -7.736203    -10.123804    0.0027888393
   -7.736203     -3.374601    0.0020148707
   -7.736203      3.374601    0.0020148707
   -7.736203     10.123804    0.0027888393
   -7.736203     16.873006    0.0043433230
   -7.736203     23.622208    0.0066908070
   -7.736203     30.371411    0.0098485025
   -7.736203     37.120613    0.0138365248
   -7.736203     43.869816    0.0186754662
   -7.736203     50.619018    0.0243833612

   -2.578734    -50.619018    0.0227574523
   -2.578734    -43.869816    0.0170300177
   -2.578734    -37.120613    0.0121742186
   -2.578734    -30.371411    0.0081720500
   -2.578734    -23.622208    0.0050029616
   -2.578734    -16.873006    0.0026468832
   -2.578734    -10.123804    0.0010866445
   -2.578734     -3.374601    0.0003097902
   -2.578734      3.374601    0.0003097902
   -2.578734     10.123804    0.0010866445
   -2.578734     16.873006    0.0026468832
   -2.578734     23.622208    0.0050029616
   -2.578734     30.371411    0.0081720500
   -2.578734     37.120613    0.0121742186
   -2.578734     43.869816    0.0170300177
   -2.578734     50.619018    0.0227574523

    2.578734    -50.619018    0.0227574523
    2.578734    -43.869816    0.0170300177
    2.578734    -37.120613    0.0121742186
    2.578734    -30.371411    0.0081720500
    2.578734    -23.622208    0.0050029616
    2.578734    -16.873006    0.0026468832
    2.578734    -10.123804    0.0010866445
    2.578734     -3.374601    0.0003097902
    2.578734      3.374601    0.0003097902
    2.578734     10.123804    0.0010866445
    2.578734     16.873006    0.0026468832
    2.578734     23.622208    0.0050029616
    2.578734     30.371411    0.0081720500
    2.578734     37.120613    0.0121742186
    2.578734     43.869816    0.0170300177
    2.578734     50.619018    0.0227574523

    7.736203    -50.619018    0.0243833612
    7.736203    -43.869816    0.0186754662
    7.736203    -37.120613    0.0138365248
    7.736203    -30.371411    0.0098485025
    7.736203    -23.622208    0.0066908070
    7.736203    -16.873006    0.0043433230
    7.736203    -10.123804    0.0027888393
    7.736203     -3.374601    0.0020148707
    7.736203      3.374601    0.0020148707
    7.736203     10.123804    0.0027888393
    7.736203     16.873006    0.0043433230
    7.736203     23.622208    0.0066908070
    7.736203     30.371411    0.0098485025
    7.736203     37.120613    0.0138365248
    7.736203     43.869816    0.0186754662
    7.736203     50.619018    0.0243833612

   12.893672    -50.619018    0.0276489027
   12.893672    -43.869816    0.0219802765
   12.893672    -37.120613    0.0171752364
   12.893672    -30.371411    0.0132156678
   12.893672    -23.622208    0.0100808850
   12.893672    -16.873006    0.0077506808
   12.893672    -10.123804    0.0062077655
   12.893672     -3.374601    0.0054395960
   12.893672      3.374601    0.0054395960
   12.893672     10.123804    0.0062077655
   12.893672     16.873006    0.0077506808
   12.893672     23.622208    0.0100808850
   12.893672     30.371411    0.0132156678
   12.893672     37.120613    0.0171752364
   12.893672     43.869816    0.0219802765
   12.893672     50.619018    0.0276489027

   18.051140    -50.619018    0.0325816369
   18.051140    -43.869816    0.0269723967
   18.051140    -37.120613    0.0222186732
   18.051140    -30.371411    0.0183021851
   18.051140    -23.622208    0.0152020877
   18.051140    -16.873006    0.0128980326
   18.051140    -10.123804    0.0113726165
   18.051140     -3.374601    0.0106132170
   18.051140      3.374601    0.0106132170
   18.051140     10.123804    0.0113726165
   18.051140     16.873006    0.0128980326
   18.051140     23.622208    0.0152020877
   18.051140     30.371411    0.0183021851
   18.051140     37.120613    0.0222186732
   18.051140     43.869816    0.0269723967
   18.051140     50.619018    0.0325816369

   23.208609    -50.619018    0.0392231863
   23.208609    -43.869816    0.0336940524
   23.208609    -37.120613    0.0290096161
   23.208609    -30.371411    0.0251513097
   23.208609    -23.622208    0.0220980479
   23.208609    -16.873006    0.0198292893
   23.208609    -10.123804    0.0183274853
   23.208609     -3.374601    0.0175799162
   23.208609      3.374601    0.0175799162
   23.208609     10.123804    0.0183274853
   23.208609     16.873006    0.0198292893
   23.208609     23.622208    0.0220980479
   23.208609     30.371411    0.0251513097
   23.208609     37.120613    0.0290096161
   23.208609     43.869816    0.0336940524
   23.208609     50.619018    0.0392231863

   28.366078    -50.619018    0.0476295737
   28.366078    -43.869816    0.0422021110
   28.366078    -37.120613    0.0376056701
   28.366078    -30.371411    0.0338212678
   28.366078    -23.622208    0.0308274925
   28.366078    -16.873006    0.0286035547
   28.366078    -10.123804    0.0271317271
   28.366078     -3.374601    0.0263991745
   28.366078      3.374601    0.0263991745
   28.366078     10.123804    0.0271317271
   28.366078     16.873006    0.0286035547
   28.366078     23.622208    0.0308274925
   28.366078     30.371411    0.0338212678
   28.366078     37.120613    0.0376056701
   28.366078     43.869816    0.0422021110
   28.366078     50.619018    0.0476295737

   33.523546    -50.619018    0.0578716739
   33.523546    -43.869816    0.0525685676
   33.523546    -37.120613    0.0480797466
   33.523546    -30.371411    0.0443857311
   33.523546    -23.622208    0.0414647139
   33.523546    -16.873006    0.0392956008
   33.523546    -10.123804    0.0378604429
   33.523546     -3.374601    0.0371462609
   33.523546      3.374601    0.0371462609
   33.523546     10.123804    0.0378604429
   33.523546     16.873006    0.0392956008
   33.523546     23.622208    0.0414647139
   33.523546     30.371411    0.0443857311
   33.523546     37.120613    0.0480797466
   33.523546     43.869816    0.0525685676
   33.523546     50.619018    0.0578716739

   38.681015    -50.619018    0.0700357774
   38.681015    -43.869816    0.0648811517
   38.681015    -37.120613    0.0605206673
   38.681015    -30.371411    0.0569344089
   38.681015    -23.622208    0.0541001588
   38.681015    -16.873006    0.0519964632
   38.681015    -10.123804    0.0506050851
   38.681015     -3.374601    0.0499128444
   38.681015      3.374601    0.0499128444
   38.681015     10.123804    0.0506050851
   38.681015     16.873006    0.0519964632
   38.681015     23.622208    0.0541001588
   38.681015     30.371411    0.0569344089
   38.681015     37.120613    0.0605206673
   38.681015     43.869816    0.0648811517
   38.681015     50.619018    0.0700357774

