  -42.952389    -55.127356    0.0514732171
  -42.952389    -47.777042    0.0460427391
  -42.952389    -40.426728    0.0416746148
  -42.952389    -33.076414    0.0382715506
  -42.952389    -25.726100    0.0357271342
  -42.952389    -18.375785    0.0339348076
  -42.952389    -11.025471    0.0327998910
  -42.952389     -3.675157    0.0322514282
  -42.952389      3.675157    0.0322514282
  -42.952389     11.025471    0.0327998910
  -42.952389     18.375785    0.0339348076
  -42.952389     25.726100    0.0357271342
  -42.952389     33.076414    0.0382715506
  -42.952389     40.426728    0.0416746148
  -42.952389     47.777042    0.0460427391
  -42.952389     55.127356    0.0514732171

  -37.225404    -55.127356    0.0434110685
  -37.225404    -47.777042    0.0379604605
  -37.225404    -40.426728    0.0335754639
  -37.225404    -33.076414    0.0301586088
  -37.225404    -25.726100    0.0276033359
  -37.225404    -18.375785    0.0258029698
  -37.225404    -11.025471    0.0246627426
  -37.225404     -3.675157    0.0241116390
  -37.225404      3.675157    0.0241116390
  -37.225404     11.025471    0.0246627426
  -37.225404     18.375785    0.0258029698
  -37.225404     25.726100    0.0276033359
  -37.225404     33.076414    0.0301586088
  -37.225404     40.426728    0.0335754639
  -37.225404     47.777042    0.0379604605
  -37.225404     55.127356    0.0434110685

  -31.498419    -55.127356    0.0365680385
  -31.498419    -47.777042    0.0311005376
  -31.498419    -40.426728    0.0267013771
  -31.498419    -33.076414    0.0232729414
  -31.498419    -25.726100    0.0207085498
  -31.498419    -18.375785    0.0189014296
  -31.498419    -11.025471    0.0177567402
  -31.498419     -3.675157    0.0172034177
  -31.498419      3.675157    0.0172034177
  -31.498419     11.025471    0.0177567402
  -31.498419     18.375785    0.0189014296
  -31.498419     25.726100    0.0207085498
  -31.498419     33.076414    0.0232729414
  -31.498419     40.426728    0.0267013771
  -31.498419     47.777042    0.0311005376
  -31.498419     55.127356    0.0365680385

  -25.771434    -55.127356    0.0309128503
  -25.771434    -47.777042    0.0254315268
  -25.771434    -40.426728    0.0210207732
  -25.771434    -33.076414    0.0175828564
  -25.771434    -25.726100    0.0150109976
  -25.771434    -18.375785    0.0131983456
  -25.771434    -11.025471    0.0120500009
  -25.771434     -3.675157    0.0114948606
  -25.771434      3.675157    0.0114948606
  -25.771434     11.025471    0.0120500009
  -25.771434     18.375785    0.0131983456
  -25.771434     25.726100    0.0150109976
  -25.771434     33.076414    0.0175828564
  -25.771434     40.426728    0.0210207732
  -25.771434     47.777042    0.0254315268
  -25.771434     55.127356    0.0309128503

  -20.044448    -55.127356    0.0264195873
  -20.044448    -47.777042    0.0209273725
  -20.044448    -40.426728    0.0165074821
  -20.044448    -33.076414    0.0130620912
  -20.044448    -25.726100    0.0104843448
  -20.044448    -18.375785    0.0086673305
  -20.044448    -11.025471    0.0075161032
  -20.044448     -3.675157    0.0069595292
  -20.044448      3.675157    0.0069595292
  -20.044448     11.025471    0.0075161032
  -20.044448     18.375785    0.0086673305
  -20.044448     25.726100    0.0104843448
  -20.044448     33.076414    0.0130620912
  -20.044448     40.426728    0.0165074821
  -20.044448     47.777042    0.0209273725
  -20.044448     55.127356    0.0264195873

  -14.317463    -55.127356    0.0230676128
  -14.317463    -47.777042    0.0175673267
  -14.317463    -40.426728    0.0131406639
  -14.317463    -33.076414    0.0096897322
  -14.317463    -25.726100    0.0071076204
  -14.317463    -18.375785    0.0052873713
  -14.317463    -11.025471    0.0041340061
  -14.317463     -3.675157    0.0035763688
  -14.317463      3.675157    0.0035763688
  -14.317463     11.025471    0.0041340061
  -14.317463     18.375785    0.0052873713
  -14.317463     25.726100    0.0071076204
  -14.317463     33.076414    0.0096897322
  -14.317463     40.426728    0.0131406639
  -14.317463     47.777042    0.0175673267
  -14.317463     55.127356    0.0230676128

   -8.590478    -55.127356    0.0208415055
   -8.590478    -47.777042    0.0153358849
   -8.590478    -40.426728    0.0109047454
   -8.590478    -33.076414    0.0074501505
   -8.590478    -25.726100    0.0048651524
   -8.590478    -18.375785    0.0030427644
   -8.590478    -11.025471    0.0018879855
   -8.590478     -3.675157    0.0013296450
   -8.590478      3.675157    0.0013296450
   -8.590478     11.025471    0.0018879855
   -8.590478     18.375785    0.0030427644
   -8.590478     25.726100    0.0048651524
   -8.590478     33.076414    0.0074501505
   -8.590478     40.426728    0.0109047454
   -8.590478     47.777042    0.0153358849
   -8.590478     55.127356    0.0208415055

   -2.863493    -55.127356    0.0197310113
   -2.863493    -47.777042    0.0142227374
   -2.863493    -40.426728    0.0097893710
   -2.863493    -33.076414    0.0063329538
   -2.863493    -25.726100    0.0037465197
   -2.863493    -18.375785    0.0019230674
   -2.863493    -11.025471    0.0007675851
   -2.863493     -3.675157    0.0002088948
   -2.863493      3.675157    0.0002088948
   -2.863493     11.025471    0.0007675851
   -2.863493     18.375785    0.0019230674
   -2.863493     25.726100    0.0037465197
   -2.863493     33.076414    0.0063329538
   -2.863493     40.426728    0.0097893710
   -2.863493     47.777042    0.0142227374
   -2.863493     55.127356    0.0197310113

    2.863493    -55.127356    0.0197310113
    2.863493    -47.777042    0.0142227374
    2.863493    -40.426728    0.0097893710
    2.863493    -33.076414    0.0063329538
    2.863493    -25.726100    0.0037465197
    2.863493    -18.375785    0.0019230674
    2.863493    -11.025471    0.0007675851
    2.863493     -3.675157    0.0002088948
    2.863493      3.675157    0.0002088948
    2.863493     11.025471    0.0007675851
    2.863493     18.375785    0.0019230674
    2.863493     25.726100    0.0037465197
    2.863493     33.076414    0.0063329538
    2.863493     40.426728    0.0097893710
    2.863493     47.777042    0.0142227374
    2.863493     55.127356    0.0197310113

    8.590478    -55.127356    0.0208415055
    8.590478    -47.777042    0.0153358849
    8.590478    -40.426728    0.0109047454
    8.590478    -33.076414    0.0074501505
    8.590478    -25.726100    0.0048651524
    8.590478    -18.375785    0.0030427644
    8.590478    -11.025471    0.0018879855
    8.590478     -3.675157    0.0013296450
    8.590478      3.675157    0.0013296450
    8.590478     11.025471    0.0018879855
    8.590478     18.375785    0.0030427644
    8.590478     25.726100    0.0048651524
    8.590478     33.076414    0.0074501505
    8.590478     40.426728    0.0109047454
    8.590478     47.777042    0.0153358849
    8.590478     55.127356    0.0208415055

   14.317463    -55.127356    0.0230676128
   14.317463    -47.777042    0.0175673267
   14.317463    -40.426728    0.0131406639
   14.317463    -33.076414    0.0096897322
   14.317463    -25.726100    0.0071076204
   14.317463    -18.375785    0.0052873713
   14.317463    -11.025471    0.0041340061
   14.317463     -3.675157    0.0035763688
   14.317463      3.675157    0.0035763688
   14.317463     11.025471    0.0041340061
   14.317463     18.375785    0.0052873713
   14.317463     25.726100    0.0071076204
   14.317463     33.076414    0.0096897322
   14.317463     40.426728    0.0131406639
   14.317463     47.777042    0.0175673267
   14.317463     55.127356    0.0230676128

   20.044448    -55.127356    0.0264195873
   20.044448    -47.777042    0.0209273725
   20.044448    -40.426728    0.0165074821
   20.044448    -33.076414    0.0130620912
   20.044448    -25.726100    0.0104843448
   20.044448    -18.375785    0.0086673305
   20.044448    -11.025471    0.0075161032
   20.044448     -3.675157    0.0069595292
   20.044448      3.675157    0.0069595292
   20.044448     11.025471    0.0075161032
   20.044448     18.375785    0.0086673305
   20.044448     25.726100    0.0104843448
   20.044448     33.076414    0.0130620912
   20.044448     40.426728    0.0165074821
   20.044448     47.777042    0.0209273725
   20.044448     55.127356    0.0264195873

   25.771434    -55.127356    0.0309128503
   25.771434    -47.777042    0.0254315268
   25.771434    -40.426728    0.0210207732
   25.771434    -33.076414    0.0175828564
   25.771434    -25.726100    0.0150109976
   25.771434    -18.375785    0.0131983456
   25.771434    -11.025471    0.0120500009
   25.771434     -3.675157    0.0114948606
   25.771434      3.675157    0.0114948606
   25.771434     11.025471    0.0120500009
   25.771434     18.375785    0.0131983456
   25.771434     25.726100    0.0150109976
   25.771434     33.076414    0.0175828564
   25.771434     40.426728    0.0210207732
   25.771434     47.777042    0.0254315268
   25.771434     55.127356    0.0309128503

   31.498419    -55.127356    0.0365680385
   31.498419    -47.777042    0.0311005376
   31.498419    -40.426728    0.0267013771
   31.498419    -33.076414    0.0232729414
   31.498419    -25.726100    0.0207085498
   31.498419    -18.375785    0.0189014296
   31.498419    -11.025471    0.0177567402
   31.498419     -3.675157    0.0172034177
   31.498419      3.675157    0.0172034177
   31.498419     11.025471    0.0177567402
   31.498419     18.375785    0.0189014296
   31.498419     25.726100    0.0207085498
   31.498419     33.076414    0.0232729414
   31.498419     40.426728    0.0267013771
   31.498419     47.777042    0.0311005376
   31.498419     55.127356    0.0365680385

   37.225404    -55.127356    0.0434110685
   37.225404    -47.777042    0.0379604605
   37.225404    -40.426728    0.0335754639
   37.225404    -33.076414    0.0301586088
   37.225404    -25.726100    0.0276033359
   37.225404    -18.375785    0.0258029698
   37.225404    -11.025471    0.0246627426
   37.225404     -3.675157    0.0241116390
   37.225404      3.675157    0.0241116390
   37.225404     11.025471    0.0246627426
   37.225404     18.375785    0.0258029698
   37.225404     25.726100    0.0276033359
   37.225404     33.076414    0.0301586088
   37.225404     40.426728    0.0335754639
   37.225404     47.777042    0.0379604605
   37.225404     55.127356    0.0434110685

   42.952389    -55.127356    0.0514732171
   42.952389    -47.777042    0.0460427391
   42.952389    -40.426728    0.0416746148
   42.952389    -33.076414    0.0382715506
   42.952389    -25.726100    0.0357271342
   42.952389    -18.375785    0.0339348076
   42.952389    -11.025471    0.0327998910
   42.952389     -3.675157    0.0322514282
   42.952389      3.675157    0.0322514282
   42.952389     11.025471    0.0327998910
   42.952389     18.375785    0.0339348076
   42.952389     25.726100    0.0357271342
   42.952389     33.076414    0.0382715506
   42.952389     40.426728    0.0416746148
   42.952389     47.777042    0.0460427391
   42.952389     55.127356    0.0514732171

