  -50.614883    -54.177403    0.0001101880
  -50.614883    -46.953749    0.0002157207
  -50.614883    -39.730095    0.0002645727
  -50.614883    -32.506442    0.0002677962
  -50.614883    -25.282788    0.0002361652
  -50.614883    -18.059134    0.0001801754
  -50.614883    -10.835481    0.0001100444
  -50.614883     -3.611827    0.0000357119
  -50.614883      3.611827   -0.0000331610
  -50.614883     10.835481   -0.0000871911
  -50.614883     18.059134   -0.0001172733
  -50.614883     25.282788   -0.0001145809
  -50.614883     32.506442   -0.0000705652
  -50.614883     39.730095    0.0000230443
  -50.614883     46.953749    0.0001742400
  -50.614883     54.177403    0.0003907361

  -43.866232    -54.177403   -0.0000162379
  -43.866232    -46.953749    0.0000915630
  -43.866232    -39.730095    0.0001499431
  -43.866232    -32.506442    0.0001683717
  -43.866232    -25.282788    0.0001561034
  -43.866232    -18.059134    0.0001221779
  -43.866232    -10.835481    0.0000754202
  -43.866232     -3.611827    0.0000244409
  -43.866232      3.611827   -0.0000223647
  -43.866232     10.835481   -0.0000568156
  -43.866232     18.059134   -0.0000709458
  -43.866232     25.282788   -0.0000570037
  -43.866232     32.506442   -0.0000074529
  -43.866232     39.730095    0.0000850287
  -43.866232     46.953749    0.0002275481
  -43.866232     54.177403    0.0004269979

  -37.117581    -54.177403   -0.0001024479
  -37.117581    -46.953749    0.0000023974
  -37.117581    -39.730095    0.0000650239
  -37.117581    -32.506442    0.0000933332
  -37.117581    -25.282788    0.0000950695
  -37.117581    -18.059134    0.0000778196
  -37.117581    -10.835481    0.0000490132
  -37.117581     -3.611827    0.0000159224
  -37.117581      3.611827   -0.0000143377
  -37.117581     10.835481   -0.0000348095
  -37.117581     18.059134   -0.0000386926
  -37.117581     25.282788   -0.0000193441
  -37.117581     32.506442    0.0000297217
  -37.117581     39.730095    0.0001148333
  -37.117581     46.953749    0.0002421618
  -37.117581     54.177403    0.0004177210

  -30.368930    -54.177403   -0.0001508376
  -30.368930    -46.953749   -0.0000542543
  -30.368930    -39.730095    0.0000073597
  -30.368930    -32.506442    0.0000403648
  -30.368930    -25.282788    0.0000510142
  -30.368930    -18.059134    0.0000454539
  -30.368930    -10.835481    0.0000297225
  -30.368930     -3.611827    0.0000097513
  -30.368930      3.611827   -0.0000086356
  -30.368930     10.835481   -0.0000197215
  -30.368930     18.059134   -0.0000178970
  -30.368930     25.282788    0.0000023402
  -30.368930     32.506442    0.0000463848
  -30.368930     39.730095    0.0001195245
  -30.368930     46.953749    0.0002269395
  -30.368930     54.177403    0.0003737028

  -23.620279    -54.177403   -0.0001645029
  -23.620279    -46.953749   -0.0000814017
  -23.620279    -39.730095   -0.0000258891
  -23.620279    -32.506442    0.0000068914
  -23.620279    -25.282788    0.0000217306
  -23.620279    -18.059134    0.0000233532
  -23.620279    -10.835481    0.0000164183
  -23.620279     -3.611827    0.0000055190
  -23.620279      3.611827   -0.0000048175
  -23.620279     10.835481   -0.0000101299
  -23.620279     18.059134   -0.0000060227
  -23.620279     25.282788    0.0000118339
  -23.620279     32.506442    0.0000477035
  -23.620279     39.730095    0.0001057841
  -23.620279     46.953749    0.0001902076
  -23.620279     54.177403    0.0003050403

  -16.871628    -54.177403   -0.0001472400
  -16.871628    -46.953749   -0.0000825864
  -16.871628    -39.730095   -0.0000379463
  -16.871628    -32.506442   -0.0000099211
  -16.871628    -25.282788    0.0000048539
  -16.871628    -18.059134    0.0000097092
  -16.871628    -10.835481    0.0000079416
  -16.871628     -3.611827    0.0000028138
  -16.871628      3.611827   -0.0000024457
  -16.871628     10.835481   -0.0000046420
  -16.871628     18.059134   -0.0000006144
  -16.871628     25.282788    0.0000127639
  -16.871628     32.506442    0.0000385857
  -16.871628     39.730095    0.0000799098
  -16.871628     46.953749    0.0001397612
  -16.871628     54.177403    0.0002211306

  -10.122977    -54.177403   -0.0001035448
  -10.122977    -46.953749   -0.0000618816
  -10.122977    -39.730095   -0.0000324201
  -10.122977    -32.506442   -0.0000131663
  -10.122977    -25.282788   -0.0000021385
  -10.122977    -18.059134    0.0000026327
  -10.122977    -10.835481    0.0000031041
  -10.122977     -3.611827    0.0000012205
  -10.122977      3.611827   -0.0000010856
  -10.122977     10.835481   -0.0000018943
  -10.122977     18.059134    0.0000007021
  -10.122977     25.282788    0.0000085992
  -10.122977     32.506442    0.0000236799
  -10.122977     39.730095    0.0000478151
  -10.122977     46.953749    0.0000828633
  -10.122977     54.177403    0.0001306705

   -3.374326    -54.177403   -0.0000386137
   -3.374326    -46.953749   -0.0000238921
   -3.374326    -39.730095   -0.0000133027
   -3.374326    -32.506442   -0.0000061967
   -3.374326    -25.282788   -0.0000019267
   -3.374326    -18.059134    0.0000001534
   -3.374326    -10.835481    0.0000006882
   -3.374326     -3.611827    0.0000003211
   -3.374326      3.611827   -0.0000003060
   -3.374326     10.835481   -0.0000005526
   -3.374326     18.059134    0.0000002205
   -3.374326     25.282788    0.0000026511
   -3.374326     32.506442    0.0000073757
   -3.374326     39.730095    0.0000150293
   -3.374326     46.953749    0.0000262456
   -3.374326     54.177403    0.0000416569

    3.374326    -54.177403    0.0000416569
    3.374326    -46.953749    0.0000262456
    3.374326    -39.730095    0.0000150293
    3.374326    -32.506442    0.0000073757
    3.374326    -25.282788    0.0000026511
    3.374326    -18.059134    0.0000002205
    3.374326    -10.835481   -0.0000005526
    3.374326     -3.611827   -0.0000003060
    3.374326      3.611827    0.0000003211
    3.374326     10.835481    0.0000006882
    3.374326     18.059134    0.0000001534
    3.374326     25.282788   -0.0000019267
    3.374326     32.506442   -0.0000061967
    3.374326     39.730095   -0.0000133027
    3.374326     46.953749   -0.0000238921
    3.374326     54.177403   -0.0000386137

   10.122977    -54.177403    0.0001306705
   10.122977    -46.953749    0.0000828633
   10.122977    -39.730095    0.0000478151
   10.122977    -32.506442    0.0000236799
   10.122977    -25.282788    0.0000085992
   10.122977    -18.059134    0.0000007021
   10.122977    -10.835481   -0.0000018943
   10.122977     -3.611827   -0.0000010856
   10.122977      3.611827    0.0000012205
   10.122977     10.835481    0.0000031041
   10.122977     18.059134    0.0000026327
   10.122977     25.282788   -0.0000021385
   10.122977     32.506442   -0.0000131663
   10.122977     39.730095   -0.0000324201
   10.122977     46.953749   -0.0000618816
   10.122977     54.177403   -0.0001035448

   16.871628    -54.177403    0.0002211306
   16.871628    -46.953749    0.0001397612
   16.871628    -39.730095    0.0000799098
   16.871628    -32.506442    0.0000385857
   16.871628    -25.282788    0.0000127639
   16.871628    -18.059134   -0.0000006144
   16.871628    -10.835481   -0.0000046420
   16.871628     -3.611827   -0.0000024457
   16.871628      3.611827    0.0000028138
   16.871628     10.835481    0.0000079416
   16.871628     18.059134    0.0000097092
   16.871628     25.282788    0.0000048539
   16.871628     32.506442   -0.0000099211
   16.871628     39.730095   -0.0000379463
   16.871628     46.953749   -0.0000825864
   16.871628     54.177403   -0.0001472400

   23.620279    -54.177403    0.0003050403
   23.620279    -46.953749    0.0001902076
   23.620279    -39.730095    0.0001057841
   23.620279    -32.506442    0.0000477035
   23.620279    -25.282788    0.0000118339
   23.620279    -18.059134   -0.0000060227
   23.620279    -10.835481   -0.0000101299
   23.620279     -3.611827   -0.0000048175
   23.620279      3.611827    0.0000055190
   23.620279     10.835481    0.0000164183
   23.620279     18.059134    0.0000233532
   23.620279     25.282788    0.0000217306
   23.620279     32.506442    0.0000068914
   23.620279     39.730095   -0.0000258891
   23.620279     46.953749   -0.0000814017
   23.620279     54.177403   -0.0001645029

   30.368930    -54.177403    0.0003737028
   30.368930    -46.953749    0.0002269395
   30.368930    -39.730095    0.0001195245
   30.368930    -32.506442    0.0000463848
   30.368930    -25.282788    0.0000023402
   30.368930    -18.059134   -0.0000178970
   30.368930    -10.835481   -0.0000197215
   30.368930     -3.611827   -0.0000086356
   30.368930      3.611827    0.0000097513
   30.368930     10.835481    0.0000297225
   30.368930     18.059134    0.0000454539
   30.368930     25.282788    0.0000510142
   30.368930     32.506442    0.0000403648
   30.368930     39.730095    0.0000073597
   30.368930     46.953749   -0.0000542543
   30.368930     54.177403   -0.0001508376

   37.117581    -54.177403    0.0004177210
   37.117581    -46.953749    0.0002421618
   37.117581    -39.730095    0.0001148333
   37.117581    -32.506442    0.0000297217
   37.117581    -25.282788   -0.0000193441
   37.117581    -18.059134   -0.0000386926
   37.117581    -10.835481   -0.0000348095
   37.117581     -3.611827   -0.0000143377
   37.117581      3.611827    0.0000159224
   37.117581     10.835481    0.0000490132
   37.117581     18.059134    0.0000778196
   37.117581     25.282788    0.0000950695
   37.117581     32.506442    0.0000933332
   37.117581     39.730095    0.0000650239
   37.117581     46.953749    0.0000023974
   37.117581     54.177403   -0.0001024479

   43.866232    -54.177403    0.0004269979
   43.866232    -46.953749    0.0002275481
   43.866232    -39.730095    0.0000850287
   43.866232    -32.506442   -0.0000074529
   43.866232    -25.282788   -0.0000570037
   43.866232    -18.059134   -0.0000709458
   43.866232    -10.835481   -0.0000568156
   43.866232     -3.611827   -0.0000223647
   43.866232      3.611827    0.0000244409
   43.866232     10.835481    0.0000754202
   43.866232     18.059134    0.0001221779
   43.866232     25.282788    0.0001561034
   43.866232     32.506442    0.0001683717
   43.866232     39.730095    0.0001499431
   43.866232     46.953749    0.0000915630
   43.866232     54.177403   -0.0000162379

   50.614883    -54.177403    0.0003907361
   50.614883    -46.953749    0.0001742400
   50.614883    -39.730095    0.0000230443
   50.614883    -32.506442   -0.0000705652
   50.614883    -25.282788   -0.0001145809
   50.614883    -18.059134   -0.0001172733
   50.614883    -10.835481   -0.0000871911
   50.614883     -3.611827   -0.0000331610
   50.614883      3.611827    0.0000357119
   50.614883     10.835481    0.0001100444
   50.614883     18.059134    0.0001801754
   50.614883     25.282788    0.0002361652
   50.614883     32.506442    0.0002677962
   50.614883     39.730095    0.0002645727
   50.614883     46.953749    0.0002157207
   50.614883     54.177403    0.0001101880

