  -54.177403    -55.127356    0.0482657307
  -54.177403    -47.777042    0.0416666293
  -54.177403    -40.426728    0.0358118668
  -54.177403    -33.076414    0.0307696734
  -54.177403    -25.726100    0.0266150030
  -54.177403    -18.375785    0.0234213809
  -54.177403    -11.025471    0.0212526644
  -54.177403     -3.675157    0.0201558604
  -54.177403      3.675157    0.0201558604
  -54.177403     11.025471    0.0212526644
  -54.177403     18.375785    0.0234213809
  -54.177403     25.726100    0.0266150030
  -54.177403     33.076414    0.0307696734
  -54.177403     40.426728    0.0358118668
  -54.177403     47.777042    0.0416666293
  -54.177403     55.127356    0.0482657307

  -46.953749    -55.127356    0.0415598232
  -46.953749    -47.777042    0.0351001780
  -46.953749    -40.426728    0.0294600193
  -46.953749    -33.076414    0.0246488050
  -46.953749    -25.726100    0.0207125790
  -46.953749    -18.375785    0.0177051303
  -46.953749    -11.025471    0.0156729452
  -46.953749     -3.675157    0.0146486032
  -46.953749      3.675157    0.0146486032
  -46.953749     11.025471    0.0156729452
  -46.953749     18.375785    0.0177051303
  -46.953749     25.726100    0.0207125790
  -46.953749     33.076414    0.0246488050
  -46.953749     40.426728    0.0294600193
  -46.953749     47.777042    0.0351001780
  -46.953749     55.127356    0.0415598232

  -39.730095    -55.127356    0.0356080614
  -39.730095    -47.777042    0.0293502512
  -39.730095    -40.426728    0.0239483183
  -39.730095    -33.076414    0.0194044746
  -39.730095    -25.726100    0.0157345508
  -39.730095    -18.375785    0.0129588670
  -39.730095    -11.025471    0.0110964288
  -39.730095     -3.675157    0.0101614498
  -39.730095      3.675157    0.0101614498
  -39.730095     11.025471    0.0110964288
  -39.730095     18.375785    0.0129588670
  -39.730095     25.726100    0.0157345508
  -39.730095     33.076414    0.0194044746
  -39.730095     40.426728    0.0239483183
  -39.730095     47.777042    0.0293502512
  -39.730095     55.127356    0.0356080614

  -32.506442    -55.127356    0.0304859083
  -32.506442    -47.777042    0.0244369917
  -32.506442    -40.426728    0.0192925102
  -32.506442    -33.076414    0.0150370730
  -32.506442    -25.726100    0.0116539360
  -32.506442    -18.375785    0.0091287204
  -32.506442    -11.025471    0.0074508065
  -32.506442     -3.675157    0.0066134564
  -32.506442      3.675157    0.0066134564
  -32.506442     11.025471    0.0074508065
  -32.506442     18.375785    0.0091287204
  -32.506442     25.726100    0.0116539360
  -32.506442     33.076414    0.0150370730
  -32.506442     40.426728    0.0192925102
  -32.506442     47.777042    0.0244369917
  -32.506442     55.127356    0.0304859083

  -25.282788    -55.127356    0.0262706750
  -25.282788    -47.777042    0.0204139727
  -25.282788    -40.426728    0.0155197967
  -25.282788    -33.076414    0.0115441956
  -25.282788    -25.726100    0.0084386215
  -25.282788    -18.375785    0.0061566138
  -25.282788    -11.025471    0.0046589655
  -25.282788     -3.675157    0.0039174915
  -25.282788      3.675157    0.0039174915
  -25.282788     11.025471    0.0046589655
  -25.282788     18.375785    0.0061566138
  -25.282788     25.726100    0.0084386215
  -25.282788     33.076414    0.0115441956
  -25.282788     40.426728    0.0155197967
  -25.282788     47.777042    0.0204139727
  -25.282788     55.127356    0.0262706750

  -18.059134    -55.127356    0.0230350386
  -18.059134    -47.777042    0.0173394431
  -18.059134    -40.426728    0.0126594594
  -18.059134    -33.076414    0.0089241502
  -18.059134    -25.726100    0.0060577417
  -18.059134    -18.375785    0.0039862906
  -18.059134    -11.025471    0.0026454380
  -18.059134     -3.675157    0.0019876354
  -18.059134      3.675157    0.0019876354
  -18.059134     11.025471    0.0026454380
  -18.059134     18.375785    0.0039862906
  -18.059134     25.726100    0.0060577417
  -18.059134     33.076414    0.0089241502
  -18.059134     40.426728    0.0126594594
  -18.059134     47.777042    0.0173394431
  -18.059134     55.127356    0.0230350386

  -10.835481    -55.127356    0.0208404708
  -10.835481    -47.777042    0.0152620119
  -10.835481    -40.426728    0.0107370547
  -10.835481    -33.076414    0.0071767448
  -10.835481    -25.726100    0.0044856544
  -10.835481    -18.375785    0.0025693008
  -10.835481    -11.025471    0.0013443060
  -10.835481     -3.675157    0.0007484342
  -10.835481      3.675157    0.0007484342
  -10.835481     11.025471    0.0013443060
  -10.835481     18.375785    0.0025693008
  -10.835481     25.726100    0.0044856544
  -10.835481     33.076414    0.0071767448
  -10.835481     40.426728    0.0107370547
  -10.835481     47.777042    0.0152620119
  -10.835481     55.127356    0.0208404708

   -3.611827    -55.127356    0.0197314997
   -3.611827    -47.777042    0.0142149813
   -3.611827    -40.426728    0.0097710494
   -3.611827    -33.076414    0.0063027008
   -3.611827    -25.726100    0.0037042655
   -3.611827    -18.375785    0.0018701700
   -3.611827    -11.025471    0.0007067298
   -3.611827     -3.675157    0.0001437850
   -3.611827      3.675157    0.0001437850
   -3.611827     11.025471    0.0007067298
   -3.611827     18.375785    0.0018701700
   -3.611827     25.726100    0.0037042655
   -3.611827     33.076414    0.0063027008
   -3.611827     40.426728    0.0097710494
   -3.611827     47.777042    0.0142149813
   -3.611827     55.127356    0.0197314997

    3.611827    -55.127356    0.0197314997
    3.611827    -47.777042    0.0142149813
    3.611827    -40.426728    0.0097710494
    3.611827    -33.076414    0.0063027008
    3.611827    -25.726100    0.0037042655
    3.611827    -18.375785    0.0018701700
    3.611827    -11.025471    0.0007067298
    3.611827     -3.675157    0.0001437850
    3.611827      3.675157    0.0001437850
    3.611827     11.025471    0.0007067298
    3.611827     18.375785    0.0018701700
    3.611827     25.726100    0.0037042655
    3.611827     33.076414    0.0063027008
    3.611827     40.426728    0.0097710494
    3.611827     47.777042    0.0142149813
    3.611827     55.127356    0.0197314997

   10.835481    -55.127356    0.0208404708
   10.835481    -47.777042    0.0152620119
   10.835481    -40.426728    0.0107370547
   10.835481    -33.076414    0.0071767448
   10.835481    -25.726100    0.0044856544
   10.835481    -18.375785    0.0025693008
   10.835481    -11.025471    0.0013443060
   10.835481     -3.675157    0.0007484342
   10.835481      3.675157    0.0007484342
   10.835481     11.025471    0.0013443060
   10.835481     18.375785    0.0025693008
   10.835481     25.726100    0.0044856544
   10.835481     33.076414    0.0071767448
   10.835481     40.426728    0.0107370547
   10.835481     47.777042    0.0152620119
   10.835481     55.127356    0.0208404708

   18.059134    -55.127356    0.0230350386
   18.059134    -47.777042    0.0173394431
   18.059134    -40.426728    0.0126594594
   18.059134    -33.076414    0.0089241502
   18.059134    -25.726100    0.0060577417
   18.059134    -18.375785    0.0039862906
   18.059134    -11.025471    0.0026454380
   18.059134     -3.675157    0.0019876354
   18.059134      3.675157    0.0019876354
   18.059134     11.025471    0.0026454380
   18.059134     18.375785    0.0039862906
   18.059134     25.726100    0.0060577417
   18.059134     33.076414    0.0089241502
   18.059134     40.426728    0.0126594594
   18.059134     47.777042    0.0173394431
   18.059134     55.127356    0.0230350386

   25.282788    -55.127356    0.0262706750
   25.282788    -47.777042    0.0204139727
   25.282788    -40.426728    0.0155197967
   25.282788    -33.076414    0.0115441956
   25.282788    -25.726100    0.0084386215
   25.282788    -18.375785    0.0061566138
   25.282788    -11.025471    0.0046589655
   25.282788     -3.675157    0.0039174915
   25.282788      3.675157    0.0039174915
   25.282788     11.025471    0.0046589655
   25.282788     18.375785    0.0061566138
   25.282788     25.726100    0.0084386215
   25.282788     33.076414    0.0115441956
   25.282788     40.426728    0.0155197967
   25.282788     47.777042    0.0204139727
   25.282788     55.127356    0.0262706750

   32.506442    -55.127356    0.0304859083
   32.506442    -47.777042    0.0244369917
   32.506442    -40.426728    0.0192925102
   32.506442    -33.076414    0.0150370730
   32.506442    -25.726100    0.0116539360
   32.506442    -18.375785    0.0091287204
   32.506442    -11.025471    0.0074508065
   32.506442     -3.675157    0.0066134564
   32.506442      3.675157    0.0066134564
   32.506442     11.025471    0.0074508065
   32.506442     18.375785    0.0091287204
   32.506442     25.726100    0.0116539360
   32.506442     33.076414    0.0150370730
   32.506442     40.426728    0.0192925102
   32.506442     47.777042    0.0244369917
   32.506442     55.127356    0.0304859083

   39.730095    -55.127356    0.0356080614
   39.730095    -47.777042    0.0293502512
   39.730095    -40.426728    0.0239483183
   39.730095    -33.076414    0.0194044746
   39.730095    -25.726100    0.0157345508
   39.730095    -18.375785    0.0129588670
   39.730095    -11.025471    0.0110964288
   39.730095     -3.675157    0.0101614498
   39.730095      3.675157    0.0101614498
   39.730095     11.025471    0.0110964288
   39.730095     18.375785    0.0129588670
   39.730095     25.726100    0.0157345508
   39.730095     33.076414    0.0194044746
   39.730095     40.426728    0.0239483183
   39.730095     47.777042    0.0293502512
   39.730095     55.127356    0.0356080614

   46.953749    -55.127356    0.0415598232
   46.953749    -47.777042    0.0351001780
   46.953749    -40.426728    0.0294600193
   46.953749    -33.076414    0.0246488050
   46.953749    -25.726100    0.0207125790
   46.953749    -18.375785    0.0177051303
   46.953749    -11.025471    0.0156729452
   46.953749     -3.675157    0.0146486032
   46.953749      3.675157    0.0146486032
   46.953749     11.025471    0.0156729452
   46.953749     18.375785    0.0177051303
   46.953749     25.726100    0.0207125790
   46.953749     33.076414    0.0246488050
   46.953749     40.426728    0.0294600193
   46.953749     47.777042    0.0351001780
   46.953749     55.127356    0.0415598232

   54.177403    -55.127356    0.0482657307
   54.177403    -47.777042    0.0416666293
   54.177403    -40.426728    0.0358118668
   54.177403    -33.076414    0.0307696734
   54.177403    -25.726100    0.0266150030
   54.177403    -18.375785    0.0234213809
   54.177403    -11.025471    0.0212526644
   54.177403     -3.675157    0.0201558604
   54.177403      3.675157    0.0201558604
   54.177403     11.025471    0.0212526644
   54.177403     18.375785    0.0234213809
   54.177403     25.726100    0.0266150030
   54.177403     33.076414    0.0307696734
   54.177403     40.426728    0.0358118668
   54.177403     47.777042    0.0416666293
   54.177403     55.127356    0.0482657307

