  -25.746645    -47.136383   -0.0261678504
  -25.746645    -40.851532   -0.0201337950
  -25.746645    -34.566681   -0.0146260754
  -25.746645    -28.281830   -0.0098087220
  -25.746645    -21.996979   -0.0058306128
  -25.746645    -15.712128   -0.0028162903
  -25.746645     -9.427277   -0.0008574103
  -25.746645     -3.142426   -0.0000060179
  -25.746645      3.142426   -0.0002704872
  -25.746645      9.427277   -0.0016146011
  -25.746645     15.712128   -0.0039598859
  -25.746645     21.996979   -0.0071909563
  -25.746645     28.281830   -0.0111632652
  -25.746645     34.566681   -0.0157122920
  -25.746645     40.851532   -0.0206628438
  -25.746645     47.136383   -0.0258367830

  -21.065436    -47.136383   -0.0182010499
  -21.065436    -40.851532   -0.0140080007
  -21.065436    -34.566681   -0.0101847040
  -21.065436    -28.281830   -0.0068423647
  -21.065436    -21.996979   -0.0040823033
  -21.065436    -15.712128   -0.0019884265
  -21.065436     -9.427277   -0.0006215198
  -21.065436     -3.142426   -0.0000152996
  -21.065436      3.142426   -0.0001741922
  -21.065436      9.427277   -0.0010728254
  -21.065436     15.712128   -0.0026572513
  -21.065436     21.996979   -0.0048479381
  -21.065436     28.281830   -0.0075445977
  -21.065436     34.566681   -0.0106329388
  -21.065436     40.851532   -0.0139934627
  -21.065436     47.136383   -0.0175124416

  -16.384228    -47.136383   -0.0120592128
  -16.384228    -40.851532   -0.0092862044
  -16.384228    -34.566681   -0.0067595228
  -16.384228    -28.281830   -0.0045515716
  -16.384228    -21.996979   -0.0027273329
  -16.384228    -15.712128   -0.0013406103
  -16.384228     -9.427277   -0.0004304103
  -16.384228     -3.142426   -0.0000180748
  -16.384228      3.142426   -0.0001055865
  -16.384228      9.427277   -0.0006752777
  -16.384228     15.712128   -0.0016909806
  -16.384228     21.996979   -0.0031004668
  -16.384228     28.281830   -0.0048388321
  -16.384228     34.566681   -0.0068322896
  -16.384228     40.851532   -0.0090016457
  -16.384228     47.136383   -0.0112645388

  -11.703020    -47.136383   -0.0073512363
  -11.703020    -40.851532   -0.0056658400
  -11.703020    -34.566681   -0.0041303967
  -11.703020    -28.281830   -0.0027886272
  -11.703020    -21.996979   -0.0016791063
  -11.703020    -15.712128   -0.0008336577
  -11.703020     -9.427277   -0.0002753035
  -11.703020     -3.142426   -0.0000164440
  -11.703020      3.142426   -0.0000577345
  -11.703020      9.427277   -0.0003879168
  -11.703020     15.712128   -0.0009846546
  -11.703020     21.996979   -0.0018162098
  -11.703020     28.281830   -0.0028435915
  -11.703020     34.566681   -0.0040225959
  -11.703020     40.851532   -0.0053049495
  -11.703020     47.136383   -0.0066375560

   -7.021812    -47.136383   -0.0037705057
   -7.021812    -40.851532   -0.0029096459
   -7.021812    -34.566681   -0.0021250600
   -7.021812    -28.281830   -0.0014390727
   -7.021812    -21.996979   -0.0008711783
   -7.021812    -15.712128   -0.0004372842
   -7.021812     -9.427277   -0.0001487571
   -7.021812     -3.142426   -0.0000115772
   -7.021812      3.142426   -0.0000258116
   -7.021812      9.427277   -0.0001855296
   -7.021812     15.712128   -0.0004791913
   -7.021812     21.996979   -0.0008904500
   -7.021812     28.281830   -0.0013992200
   -7.021812     34.566681   -0.0019827685
   -7.021812     40.851532   -0.0026165014
   -7.021812     47.136383   -0.0032740225

   -2.340604    -47.136383   -0.0010760027
   -2.340604    -40.851532   -0.0008316444
   -2.340604    -34.566681   -0.0006087472
   -2.340604    -28.281830   -0.0004136601
   -2.340604    -21.996979   -0.0002519128
   -2.340604    -15.712128   -0.0001279504
   -2.340604     -9.427277   -0.0000448865
   -2.340604     -3.142426   -0.0000043087
   -2.340604      3.142426   -0.0000061607
   -2.340604      9.427277   -0.0000487195
   -2.340604     15.712128   -0.0001286756
   -2.340604     21.996979   -0.0002413161
   -2.340604     28.281830   -0.0003808050
   -2.340604     34.566681   -0.0005405426
   -2.340604     40.851532   -0.0007135807
   -2.340604     47.136383   -0.0008930618

    2.340604    -47.136383    0.0009224578
    2.340604    -40.851532    0.0007143257
    2.340604    -34.566681    0.0005242517
    2.340604    -28.281830    0.0003576503
    2.340604    -21.996979    0.0002192425
    2.340604    -15.712128    0.0001127753
    2.340604     -9.427277    0.0000408220
    2.340604     -3.142426    0.0000046495
    2.340604      3.142426    0.0000041428
    2.340604      9.427277    0.0000377879
    2.340604     15.712128    0.0001027176
    2.340604     21.996979    0.0001948357
    2.340604     28.281830    0.0003090373
    2.340604     34.566681    0.0004395560
    2.340604     40.851532    0.0005804705
    2.340604     47.136383    0.0007264133

    7.021812    -47.136383    0.0023756496
    7.021812    -40.851532    0.0018437534
    7.021812    -34.566681    0.0013573085
    7.021812    -28.281830    0.0009301562
    7.021812    -21.996979    0.0005743641
    7.021812    -15.712128    0.0002994498
    7.021812     -9.427277    0.0001118686
    7.021812     -3.142426    0.0000146939
    7.021812      3.142426    0.0000074466
    7.021812      9.427277    0.0000860596
    7.021812     15.712128    0.0002429900
    7.021812     21.996979    0.0004675216
    7.021812     28.281830    0.0007463260
    7.021812     34.566681    0.0010643820
    7.021812     40.851532    0.0014063779
    7.021812     47.136383    0.0017587532

   11.703020    -47.136383    0.0034037030
   11.703020    -40.851532    0.0026485413
   11.703020    -34.566681    0.0019566605
   11.703020    -28.281830    0.0013477565
   11.703020    -21.996979    0.0008389361
   11.703020    -15.712128    0.0004436823
   11.703020     -9.427277    0.0001710946
   11.703020     -3.142426    0.0000253783
   11.703020      3.142426    0.0000055687
   11.703020      9.427277    0.0001054965
   11.703020     15.712128    0.0003140091
   11.703020     21.996979    0.0006154834
   11.703020     28.281830    0.0009906773
   11.703020     34.566681    0.0014179830
   11.703020     40.851532    0.0018751612
   11.703020     47.136383    0.0023416482

   16.384228    -47.136383    0.0041028052
   16.384228    -40.851532    0.0032023313
   16.384228    -34.566681    0.0023753296
   16.384228    -28.281830    0.0016454980
   16.384228    -21.996979    0.0010332960
   16.384228    -15.712128    0.0005548331
   16.384228     -9.427277    0.0002209313
   16.384228     -3.142426    0.0000364377
   16.384228      3.142426   -0.0000001530
   16.384228      9.427277    0.0001032737
   16.384228     15.712128    0.0003327999
   16.384228     21.996979    0.0006692021
   16.384228     28.281830    0.0010890474
   16.384228     34.566681    0.0015661286
   16.384228     40.851532    0.0020731925
   16.384228     47.136383    0.0025838958

   21.065436    -47.136383    0.0045503234
   21.065436    -40.851532    0.0035644024
   21.065436    -34.566681    0.0026559998
   21.065436    -28.281830    0.0018515588
   21.065436    -21.996979    0.0011738188
   21.065436    -15.712128    0.0006405431
   21.065436     -9.427277    0.0002635016
   21.065436     -3.142426    0.0000477502
   21.065436      3.142426   -0.0000087553
   21.065436      9.427277    0.0000848206
   21.065436     15.712128    0.0003125671
   21.065436     21.996979    0.0006526182
   21.065436     28.281830    0.0010783783
   21.065436     34.566681    0.0015601978
   21.065436     40.851532    0.0020675060
   21.065436     47.136383    0.0025714067

   25.746645    -47.136383    0.0048087384
   25.746645    -40.851532    0.0037825063
   25.746645    -34.566681    0.0028331123
   25.746645    -28.281830    0.0019888126
   25.746645    -21.996979    0.0012739129
   25.746645    -15.712128    0.0007071364
   25.746645     -9.427277    0.0003006043
   25.746645     -3.142426    0.0000592435
   25.746645      3.142426   -0.0000194951
   25.746645      9.427277    0.0000543489
   25.746645     15.712128    0.0002635249
   25.746645     21.996979    0.0005842424
   25.746645     28.281830    0.0009874041
   25.746645     34.566681    0.0014406404
   25.746645     40.851532    0.0019114577
   25.746645     47.136383    0.0023718834

   30.427853    -47.136383    0.0049286797
   30.427853    -40.851532    0.0038950402
   30.427853    -34.566681    0.0029344514
   30.427853    -28.281830    0.0020760270
   30.427853    -21.996979    0.0013447897
   30.427853    -15.712128    0.0007599168
   30.427853     -9.427277    0.0003336721
   30.427853     -3.142426    0.0000708070
   30.427853      3.142426   -0.0000317109
   30.427853      9.427277    0.0000153048
   30.427853     15.712128    0.0001935584
   30.427853     21.996979    0.0004779774
   30.427853     28.281830    0.0008380106
   30.427853     34.566681    0.0012397918
   30.427853     40.851532    0.0016495203
   30.427853     47.136383    0.0020384932

   35.109061    -47.136383    0.0049512524
   35.109061    -40.851532    0.0039329902
   35.109061    -34.566681    0.0029825109
   35.109061    -28.281830    0.0021286583
   35.109061    -21.996979    0.0013958645
   35.109061    -15.712128    0.0008033642
   35.109061     -9.427277    0.0003638660
   35.109061     -3.142426    0.0000823144
   35.109061      3.142426   -0.0000448236
   35.109061      9.427277   -0.0000295129
   35.109061     15.712128    0.0001086904
   35.109061     21.996979    0.0003441088
   35.109061     28.281830    0.0006466797
   35.109061     34.566681    0.0009833946
   35.109061     40.851532    0.0013186768
   35.109061     47.136383    0.0016127368

   39.790269    -47.136383    0.0049097481
   39.790269    -40.851532    0.0039221135
   39.790269    -34.566681    0.0029959440
   39.790269    -28.281830    0.0021591152
   39.790269    -21.996979    0.0014345373
   39.790269    -15.712128    0.0008412147
   39.790269     -9.427277    0.0003925303
   39.790269     -3.142426    0.0000939123
   39.790269      3.142426   -0.0000586606
   39.790269      9.427277   -0.0000785556
   39.790269     15.712128    0.0000132735
   39.790269     21.996979    0.0001910619
   39.790269     28.281830    0.0004266847
   39.790269     34.566681    0.0006897453
   39.790269     40.851532    0.0009425602
   39.790269     47.136383    0.0011266057

   44.471477    -47.136383    0.0048307309
   44.471477    -40.851532    0.0038858578
   44.471477    -34.566681    0.0029914168
   44.471477    -28.281830    0.0021762727
   44.471477    -21.996979    0.0014649962
   44.471477    -15.712128    0.0008763918
   44.471477     -9.427277    0.0004223033
   44.471477     -3.142426    0.0001067786
   44.471477      3.142426   -0.0000743426
   44.471477      9.427277   -0.0001333726
   44.471477     15.712128   -0.0000902228
   44.471477     21.996979    0.0000286573
   44.471477     28.281830    0.0001918405
   44.471477     34.566681    0.0003649582
   44.471477     40.851532    0.0005131693
   44.471477     47.136383    0.0006040009

