  -34.795266    -25.746645    0.1971365932
  -34.795266    -21.065436    0.1437941991
  -34.795266    -16.384228    0.1001720165
  -34.795266    -11.703020    0.0643686245
  -34.795266     -7.021812    0.0348878048
  -34.795266     -2.340604    0.0105459537
  -34.795266      2.340604   -0.0095985165
  -34.795266      7.021812   -0.0262985646
  -34.795266     11.703020   -0.0401587754
  -34.795266     16.384228   -0.0516658565
  -34.795266     21.065436   -0.0612120509
  -34.795266     25.746645   -0.0691134358
  -34.795266     30.427853   -0.0756243762
  -34.795266     35.109061   -0.0809487012
  -34.795266     39.790269   -0.0852474645
  -34.795266     44.471477   -0.0886424549

  -30.155897    -25.746645    0.1413954238
  -30.155897    -21.065436    0.1032687033
  -30.155897    -16.384228    0.0720057532
  -30.155897    -11.703020    0.0463073043
  -30.155897     -7.021812    0.0251189980
  -30.155897     -2.340604    0.0075989324
  -30.155897      2.340604   -0.0069209230
  -30.155897      7.021812   -0.0189724520
  -30.155897     11.703020   -0.0289834789
  -30.155897     16.384228   -0.0373016624
  -30.155897     21.065436   -0.0442098560
  -30.155897     25.746645   -0.0499348143
  -30.155897     30.427853   -0.0546533400
  -30.155897     35.109061   -0.0585021864
  -30.155897     39.790269   -0.0616002480
  -30.155897     44.471477   -0.0640937872

  -25.516528    -25.746645    0.0973402535
  -25.516528    -21.065436    0.0711580046
  -25.516528    -16.384228    0.0496615798
  -25.516528    -11.703020    0.0319623158
  -25.516528     -7.021812    0.0173481982
  -25.516528     -2.340604    0.0052506973
  -25.516528      2.340604   -0.0047842938
  -25.516528      7.021812   -0.0131208346
  -25.516528     11.703020   -0.0200524331
  -25.516528     16.384228   -0.0258168576
  -25.516528     21.065436   -0.0306068573
  -25.516528     25.746645   -0.0345777715
  -25.516528     30.427853   -0.0378534016
  -25.516528     35.109061   -0.0405319129
  -25.516528     39.790269   -0.0426939220
  -25.516528     44.471477   -0.0444153207

  -20.877160    -25.746645    0.0630775995
  -20.877160    -21.065436    0.0461439440
  -20.877160    -16.384228    0.0322284660
  -20.877160    -11.703020    0.0207554091
  -20.877160     -7.021812    0.0112707999
  -20.877160     -2.340604    0.0034125566
  -20.877160      2.340604   -0.0031104858
  -20.877160      7.021812   -0.0085334049
  -20.877160     11.703020   -0.0130460603
  -20.877160     16.384228   -0.0168015930
  -20.877160     21.065436   -0.0199235605
  -20.877160     25.746645   -0.0225121184
  -20.877160     30.427853   -0.0246490719
  -20.877160     35.109061   -0.0264010303
  -20.877160     39.790269   -0.0278193070
  -20.877160     44.471477   -0.0289346175

  -16.237791    -25.746645    0.0371827375
  -16.237791    -21.065436    0.0272165990
  -16.237791    -16.384228    0.0190190826
  -16.237791    -11.703020    0.0122540462
  -16.237791     -7.021812    0.0066568816
  -16.237791     -2.340604    0.0020162371
  -16.237791      2.340604   -0.0018383232
  -16.237791      7.021812   -0.0050447408
  -16.237791     11.703020   -0.0077145251
  -16.237791     16.384228   -0.0099375643
  -16.237791     21.065436   -0.0117863335
  -16.237791     25.746645   -0.0133196976
  -16.237791     30.427853   -0.0145860480
  -16.237791     35.109061   -0.0156250587
  -16.237791     39.790269   -0.0164668910
  -16.237791     44.471477   -0.0171272227

  -11.598422    -25.746645    0.0186070002
  -11.598422    -21.065436    0.0136261624
  -11.598422    -16.384228    0.0095250806
  -11.598422    -11.703020    0.0061388391
  -11.598422     -7.021812    0.0033358759
  -11.598422     -2.340604    0.0010106762
  -11.598422      2.340604   -0.0009217434
  -11.598422      7.021812   -0.0025300134
  -11.598422     11.703020   -0.0038696231
  -11.598422     16.384228   -0.0049854499
  -11.598422     21.065436   -0.0059138079
  -11.598422     25.746645   -0.0066841338
  -11.598422     30.427853   -0.0073203428
  -11.598422     35.109061   -0.0078418034
  -11.598422     39.790269   -0.0082637965
  -11.598422     44.471477   -0.0085972407

   -6.959053    -25.746645    0.0066127660
   -6.959053    -21.065436    0.0048442703
   -6.959053    -16.384228    0.0033868384
   -6.959053    -11.703020    0.0021831506
   -6.959053     -7.021812    0.0011865898
   -6.959053     -2.340604    0.0003595886
   -6.959053      2.340604   -0.0003280163
   -6.959053      7.021812   -0.0009004814
   -6.959053     11.703020   -0.0013774141
   -6.959053     16.384228   -0.0017747488
   -6.959053     21.065436   -0.0021054464
   -6.959053     25.746645   -0.0023799751
   -6.959053     30.427853   -0.0026066738
   -6.959053     35.109061   -0.0027921554
   -6.959053     39.790269   -0.0029419485
   -6.959053     44.471477   -0.0030616327

   -2.319684    -25.746645    0.0007300381
   -2.319684    -21.065436    0.0005348958
   -2.319684    -16.384228    0.0003739925
   -2.319684    -11.703020    0.0002410922
   -2.319684     -7.021812    0.0001310535
   -2.319684     -2.340604    0.0000397202
   -2.319684      2.340604   -0.0000362369
   -2.319684      7.021812   -0.0000994867
   -2.319684     11.703020   -0.0001521859
   -2.319684     16.384228   -0.0001960933
   -2.319684     21.065436   -0.0002326445
   -2.319684     25.746645   -0.0002629962
   -2.319684     30.427853   -0.0002880564
   -2.319684     35.109061   -0.0003085340
   -2.319684     39.790269   -0.0003250469
   -2.319684     44.471477   -0.0003383440

    2.319684    -25.746645    0.0007300381
    2.319684    -21.065436    0.0005348958
    2.319684    -16.384228    0.0003739925
    2.319684    -11.703020    0.0002410922
    2.319684     -7.021812    0.0001310535
    2.319684     -2.340604    0.0000397202
    2.319684      2.340604   -0.0000362369
    2.319684      7.021812   -0.0000994867
    2.319684     11.703020   -0.0001521859
    2.319684     16.384228   -0.0001960933
    2.319684     21.065436   -0.0002326445
    2.319684     25.746645   -0.0002629962
    2.319684     30.427853   -0.0002880564
    2.319684     35.109061   -0.0003085340
    2.319684     39.790269   -0.0003250469
    2.319684     44.471477   -0.0003383440

    6.959053    -25.746645    0.0066127660
    6.959053    -21.065436    0.0048442703
    6.959053    -16.384228    0.0033868384
    6.959053    -11.703020    0.0021831506
    6.959053     -7.021812    0.0011865898
    6.959053     -2.340604    0.0003595886
    6.959053      2.340604   -0.0003280163
    6.959053      7.021812   -0.0009004814
    6.959053     11.703020   -0.0013774141
    6.959053     16.384228   -0.0017747488
    6.959053     21.065436   -0.0021054464
    6.959053     25.746645   -0.0023799751
    6.959053     30.427853   -0.0026066738
    6.959053     35.109061   -0.0027921554
    6.959053     39.790269   -0.0029419485
    6.959053     44.471477   -0.0030616327

   11.598422    -25.746645    0.0186070002
   11.598422    -21.065436    0.0136261624
   11.598422    -16.384228    0.0095250806
   11.598422    -11.703020    0.0061388391
   11.598422     -7.021812    0.0033358759
   11.598422     -2.340604    0.0010106762
   11.598422      2.340604   -0.0009217434
   11.598422      7.021812   -0.0025300134
   11.598422     11.703020   -0.0038696231
   11.598422     16.384228   -0.0049854499
   11.598422     21.065436   -0.0059138079
   11.598422     25.746645   -0.0066841338
   11.598422     30.427853   -0.0073203428
   11.598422     35.109061   -0.0078418034
   11.598422     39.790269   -0.0082637965
   11.598422     44.471477   -0.0085972407

   16.237791    -25.746645    0.0371827375
   16.237791    -21.065436    0.0272165990
   16.237791    -16.384228    0.0190190826
   16.237791    -11.703020    0.0122540462
   16.237791     -7.021812    0.0066568816
   16.237791     -2.340604    0.0020162371
   16.237791      2.340604   -0.0018383232
   16.237791      7.021812   -0.0050447408
   16.237791     11.703020   -0.0077145251
   16.237791     16.384228   -0.0099375643
   16.237791     21.065436   -0.0117863335
   16.237791     25.746645   -0.0133196976
   16.237791     30.427853   -0.0145860480
   16.237791     35.109061   -0.0156250587
   16.237791     39.790269   -0.0164668910
   16.237791     44.471477   -0.0171272227

   20.877160    -25.746645    0.0630775995
   20.877160    -21.065436    0.0461439440
   20.877160    -16.384228    0.0322284660
   20.877160    -11.703020    0.0207554091
   20.877160     -7.021812    0.0112707999
   20.877160     -2.340604    0.0034125566
   20.877160      2.340604   -0.0031104858
   20.877160      7.021812   -0.0085334049
   20.877160     11.703020   -0.0130460603
   20.877160     16.384228   -0.0168015930
   20.877160     21.065436   -0.0199235605
   20.877160     25.746645   -0.0225121184
   20.877160     30.427853   -0.0246490719
   20.877160     35.109061   -0.0264010303
   20.877160     39.790269   -0.0278193070
   20.877160     44.471477   -0.0289346175

   25.516528    -25.746645    0.0973402535
   25.516528    -21.065436    0.0711580046
   25.516528    -16.384228    0.0496615798
   25.516528    -11.703020    0.0319623158
   25.516528     -7.021812    0.0173481982
   25.516528     -2.340604    0.0052506973
   25.516528      2.340604   -0.0047842938
   25.516528      7.021812   -0.0131208346
   25.516528     11.703020   -0.0200524331
   25.516528     16.384228   -0.0258168576
   25.516528     21.065436   -0.0306068573
   25.516528     25.746645   -0.0345777715
   25.516528     30.427853   -0.0378534016
   25.516528     35.109061   -0.0405319129
   25.516528     39.790269   -0.0426939220
   25.516528     44.471477   -0.0444153207

   30.155897    -25.746645    0.1413954238
   30.155897    -21.065436    0.1032687033
   30.155897    -16.384228    0.0720057532
   30.155897    -11.703020    0.0463073043
   30.155897     -7.021812    0.0251189980
   30.155897     -2.340604    0.0075989324
   30.155897      2.340604   -0.0069209230
   30.155897      7.021812   -0.0189724520
   30.155897     11.703020   -0.0289834789
   30.155897     16.384228   -0.0373016624
   30.155897     21.065436   -0.0442098560
   30.155897     25.746645   -0.0499348143
   30.155897     30.427853   -0.0546533400
   30.155897     35.109061   -0.0585021864
   30.155897     39.790269   -0.0616002480
   30.155897     44.471477   -0.0640937872

   34.795266    -25.746645    0.1971365932
   34.795266    -21.065436    0.1437941991
   34.795266    -16.384228    0.1001720165
   34.795266    -11.703020    0.0643686244
   34.795266     -7.021812    0.0348878048
   34.795266     -2.340604    0.0105459537
   34.795266      2.340604   -0.0095985165
   34.795266      7.021812   -0.0262985646
   34.795266     11.703020   -0.0401587754
   34.795266     16.384228   -0.0516658565
   34.795266     21.065436   -0.0612120509
   34.795266     25.746645   -0.0691134358
   34.795266     30.427853   -0.0756243762
   34.795266     35.109061   -0.0809487012
   34.795266     39.790269   -0.0852474645
   34.795266     44.471477   -0.0886424549

