  -25.746645    -35.358766    0.0082032763
  -25.746645    -30.644264    0.0060356522
  -25.746645    -25.929762    0.0042465544
  -25.746645    -21.215260    0.0028021458
  -25.746645    -16.500757    0.0016759395
  -25.746645    -11.786255    0.0008478657
  -25.746645     -7.071753    0.0003035257
  -25.746645     -2.357251    0.0000336311
  -25.746645      2.357251    0.0000336311
  -25.746645      7.071753    0.0003035257
  -25.746645     11.786255    0.0008478657
  -25.746645     16.500757    0.0016759395
  -25.746645     21.215260    0.0028021458
  -25.746645     25.929762    0.0042465544
  -25.746645     30.644264    0.0060356522
  -25.746645     35.358766    0.0082032763

  -21.065436    -35.358766    0.0064562461
  -21.065436    -30.644264    0.0047469566
  -21.065436    -25.929762    0.0033378149
  -21.065436    -21.215260    0.0022013555
  -21.065436    -16.500757    0.0013160543
  -21.065436    -11.786255    0.0006655839
  -21.065436     -7.071753    0.0002382194
  -21.065436     -2.357251    0.0000263922
  -21.065436      2.357251    0.0000263922
  -21.065436      7.071753    0.0002382194
  -21.065436     11.786255    0.0006655839
  -21.065436     16.500757    0.0013160543
  -21.065436     21.215260    0.0022013555
  -21.065436     25.929762    0.0033378149
  -21.065436     30.644264    0.0047469566
  -21.065436     35.358766    0.0064562461

  -16.384228    -35.358766    0.0048469815
  -16.384228    -30.644264    0.0035613545
  -16.384228    -25.929762    0.0025027605
  -16.384228    -21.215260    0.0016498718
  -16.384228    -16.500757    0.0009860072
  -16.384228    -11.786255    0.0004985356
  -16.384228     -7.071753    0.0001784007
  -16.384228     -2.357251    0.0000197632
  -16.384228      2.357251    0.0000197632
  -16.384228      7.071753    0.0001784007
  -16.384228     11.786255    0.0004985356
  -16.384228     16.500757    0.0009860072
  -16.384228     21.215260    0.0016498718
  -16.384228     25.929762    0.0025027605
  -16.384228     30.644264    0.0035613545
  -16.384228     35.358766    0.0048469815

  -11.703020    -35.358766    0.0033520467
  -11.703020    -30.644264    0.0024613969
  -11.703020    -25.929762    0.0017288602
  -11.703020    -21.215260    0.0011392225
  -11.703020    -16.500757    0.0006806077
  -11.703020    -11.786255    0.0003440403
  -11.703020     -7.071753    0.0001230954
  -11.703020     -2.357251    0.0000136355
  -11.703020      2.357251    0.0000136355
  -11.703020      7.071753    0.0001230954
  -11.703020     11.786255    0.0003440403
  -11.703020     16.500757    0.0006806077
  -11.703020     21.215260    0.0011392225
  -11.703020     25.929762    0.0017288602
  -11.703020     30.644264    0.0024613969
  -11.703020     35.358766    0.0033520467

   -7.021812    -35.358766    0.0019525624
   -7.021812    -30.644264    0.0014329389
   -7.021812    -25.929762    0.0010059895
   -7.021812    -21.215260    0.0006626223
   -7.021812    -16.500757    0.0003957439
   -7.021812    -11.786255    0.0001999964
   -7.021812     -7.071753    0.0000715460
   -7.021812     -2.357251    0.0000079246
   -7.021812      2.357251    0.0000079246
   -7.021812      7.071753    0.0000715460
   -7.021812     11.786255    0.0001999964
   -7.021812     16.500757    0.0003957439
   -7.021812     21.215260    0.0006626223
   -7.021812     25.929762    0.0010059895
   -7.021812     30.644264    0.0014329389
   -7.021812     35.358766    0.0019525624

   -2.340604    -35.358766    0.0006333767
   -2.340604    -30.644264    0.0004645793
   -2.340604    -25.929762    0.0003260054
   -2.340604    -21.215260    0.0002146467
   -2.340604    -16.500757    0.0001281534
   -2.340604    -11.786255    0.0000647484
   -2.340604     -7.071753    0.0000231589
   -2.340604     -2.357251    0.0000025649
   -2.340604      2.357251    0.0000025649
   -2.340604      7.071753    0.0000231589
   -2.340604     11.786255    0.0000647484
   -2.340604     16.500757    0.0001281534
   -2.340604     21.215260    0.0002146467
   -2.340604     25.929762    0.0003260054
   -2.340604     30.644264    0.0004645793
   -2.340604     35.358766    0.0006333767

    2.340604    -35.358766   -0.0006176578
    2.340604    -30.644264   -0.0004528371
    2.340604    -25.929762   -0.0003176270
    2.340604    -21.215260   -0.0002090490
    2.340604    -16.500757   -0.0001247704
    2.340604    -11.786255   -0.0000630231
    2.340604     -7.071753   -0.0000225379
    2.340604     -2.357251   -0.0000024959
    2.340604      2.357251   -0.0000024959
    2.340604      7.071753   -0.0000225379
    2.340604     11.786255   -0.0000630231
    2.340604     16.500757   -0.0001247704
    2.340604     21.215260   -0.0002090490
    2.340604     25.929762   -0.0003176270
    2.340604     30.644264   -0.0004528371
    2.340604     35.358766   -0.0006176578

    7.021812    -35.358766   -0.0018103028
    7.021812    -30.644264   -0.0013266539
    7.021812    -25.929762   -0.0009301562
    7.021812    -21.215260   -0.0006119654
    7.021812    -16.500757   -0.0003651360
    7.021812    -11.786255   -0.0001843894
    7.021812     -7.071753   -0.0000659289
    7.021812     -2.357251   -0.0000073006
    7.021812      2.357251   -0.0000073006
    7.021812      7.071753   -0.0000659289
    7.021812     11.786255   -0.0001843894
    7.021812     16.500757   -0.0003651360
    7.021812     21.215260   -0.0006119654
    7.021812     25.929762   -0.0009301562
    7.021812     30.644264   -0.0013266539
    7.021812     35.358766   -0.0018103028

   11.703020    -35.358766   -0.0029524481
   11.703020    -30.644264   -0.0021627745
   11.703020    -25.929762   -0.0015158151
   11.703020    -21.215260   -0.0009969492
   11.703020    -16.500757   -0.0005946754
   11.703020    -11.786255   -0.0003002392
   11.703020     -7.071753   -0.0001073354
   11.703020     -2.357251   -0.0000118848
   11.703020      2.357251   -0.0000118848
   11.703020      7.071753   -0.0001073354
   11.703020     11.786255   -0.0003002392
   11.703020     16.500757   -0.0005946754
   11.703020     21.215260   -0.0009969492
   11.703020     25.929762   -0.0015158151
   11.703020     30.644264   -0.0021627745
   11.703020     35.358766   -0.0029524481

   16.384228    -35.358766   -0.0040505205
   16.384228    -30.644264   -0.0029659700
   16.384228    -25.929762   -0.0020780401
   16.384228    -21.215260   -0.0013663380
   16.384228    -16.500757   -0.0008148309
   16.384228    -11.786255   -0.0004113221
   16.384228     -7.071753   -0.0001470312
   16.384228     -2.357251   -0.0000162792
   16.384228      2.357251   -0.0000162792
   16.384228      7.071753   -0.0001470312
   16.384228     11.786255   -0.0004113221
   16.384228     16.500757   -0.0008148309
   16.384228     21.215260   -0.0013663380
   16.384228     25.929762   -0.0020780401
   16.384228     30.644264   -0.0029659700
   16.384228     35.358766   -0.0040505205

   21.065436    -35.358766   -0.0051097884
   21.065436    -30.644264   -0.0037401252
   21.065436    -25.929762   -0.0026196389
   21.065436    -21.215260   -0.0017220593
   21.065436    -16.500757   -0.0010268051
   21.065436    -11.786255   -0.0005182697
   21.065436     -7.071753   -0.0001852485
   21.065436     -2.357251   -0.0000205099
   21.065436      2.357251   -0.0000205099
   21.065436      7.071753   -0.0001852485
   21.065436     11.786255   -0.0005182697
   21.065436     16.500757   -0.0010268051
   21.065436     21.215260   -0.0017220593
   21.065436     25.929762   -0.0026196389
   21.065436     30.644264   -0.0037401252
   21.065436     35.358766   -0.0051097884

   25.746645    -35.358766   -0.0061345606
   25.746645    -30.644264   -0.0044884201
   25.746645    -25.929762   -0.0031429068
   25.746645    -21.215260   -0.0020656850
   25.746645    -16.500757   -0.0012315761
   25.746645    -11.786255   -0.0006215943
   25.746645     -7.071753   -0.0002221755
   25.746645     -2.357251   -0.0000245982
   25.746645      2.357251   -0.0000245982
   25.746645      7.071753   -0.0002221755
   25.746645     11.786255   -0.0006215943
   25.746645     16.500757   -0.0012315761
   25.746645     21.215260   -0.0020656850
   25.746645     25.929762   -0.0031429068
   25.746645     30.644264   -0.0044884201
   25.746645     35.358766   -0.0061345606

   30.427853    -35.358766   -0.0071282816
   30.427853    -30.644264   -0.0052134494
   30.427853    -25.929762   -0.0036496918
   30.427853    -21.215260   -0.0023984400
   30.427853    -16.500757   -0.0014298759
   30.427853    -11.786255   -0.0007216652
   30.427853     -7.071753   -0.0002579440
   30.427853     -2.357251   -0.0000285584
   30.427853      2.357251   -0.0000285584
   30.427853      7.071753   -0.0002579440
   30.427853     11.786255   -0.0007216652
   30.427853     16.500757   -0.0014298759
   30.427853     21.215260   -0.0023984400
   30.427853     25.929762   -0.0036496918
   30.427853     30.644264   -0.0052134494
   30.427853     35.358766   -0.0071282816

   35.109061    -35.358766   -0.0080935207
   35.109061    -30.644264   -0.0059172786
   35.109061    -25.929762   -0.0041414079
   35.109061    -21.215260   -0.0027211649
   35.109061    -16.500757   -0.0016221343
   35.109061    -11.786255   -0.0008186633
   35.109061     -7.071753   -0.0002926085
   35.109061     -2.357251   -0.0000323961
   35.109061      2.357251   -0.0000323961
   35.109061      7.071753   -0.0002926085
   35.109061     11.786255   -0.0008186633
   35.109061     16.500757   -0.0016221343
   35.109061     21.215260   -0.0027211649
   35.109061     25.929762   -0.0041414079
   35.109061     30.644264   -0.0059172786
   35.109061     35.358766   -0.0080935207

   39.790269    -35.358766   -0.0090318574
   39.790269    -30.644264   -0.0066014371
   39.790269    -25.929762   -0.0046189977
   39.790269    -21.215260   -0.0030342343
   39.790269    -16.500757   -0.0018083860
   39.790269    -11.786255   -0.0009125127
   39.790269     -7.071753   -0.0003261157
   39.790269     -2.357251   -0.0000361038
   39.790269      2.357251   -0.0000361038
   39.790269      7.071753   -0.0003261157
   39.790269     11.786255   -0.0009125127
   39.790269     16.500757   -0.0018083860
   39.790269     21.215260   -0.0030342343
   39.790269     25.929762   -0.0046189977
   39.790269     30.644264   -0.0066014371
   39.790269     35.358766   -0.0090318574

   44.471477    -35.358766   -0.0099436614
   44.471477    -30.644264   -0.0072668481
   44.471477    -25.929762   -0.0050828428
   44.471477    -21.215260   -0.0033374289
   44.471477    -16.500757   -0.0019881423
   44.471477    -11.786255   -0.0010027902
   44.471477     -7.071753   -0.0003582652
   44.471477     -2.357251   -0.0000396563
   44.471477      2.357251   -0.0000396563
   44.471477      7.071753   -0.0003582652
   44.471477     11.786255   -0.0010027902
   44.471477     16.500757   -0.0019881423
   44.471477     21.215260   -0.0033374289
   44.471477     25.929762   -0.0050828428
   44.471477     30.644264   -0.0072668481
   44.471477     35.358766   -0.0099436614

