  -44.510090    -92.332122    0.0076610831
  -44.510090    -80.021172    0.0059207883
  -44.510090    -67.710222    0.0043454718
  -44.510090    -55.399273    0.0029702354
  -44.510090    -43.088323    0.0018272465
  -44.510090    -30.777374    0.0009441475
  -44.510090    -18.466424    0.0003427838
  -44.510090     -6.155475    0.0000382490
  -44.510090      6.155475    0.0000382490
  -44.510090     18.466424    0.0003427838
  -44.510090     30.777374    0.0009441475
  -44.510090     43.088323    0.0018272465
  -44.510090     55.399273    0.0029702354
  -44.510090     67.710222    0.0043454718
  -44.510090     80.021172    0.0059207883
  -44.510090     92.332122    0.0076610831

  -39.273609    -92.332122    0.0071898649
  -39.273609    -80.021172    0.0055524676
  -39.273609    -67.710222    0.0040724082
  -39.273609    -55.399273    0.0027819731
  -39.273609    -43.088323    0.0017106147
  -39.273609    -30.777374    0.0008835619
  -39.273609    -18.466424    0.0003207088
  -39.273609     -6.155475    0.0000357814
  -39.273609      6.155475    0.0000357814
  -39.273609     18.466424    0.0003207088
  -39.273609     30.777374    0.0008835619
  -39.273609     43.088323    0.0017106147
  -39.273609     55.399273    0.0027819731
  -39.273609     67.710222    0.0040724082
  -39.273609     80.021172    0.0055524676
  -39.273609     92.332122    0.0071898649

  -34.037128    -92.332122    0.0066209822
  -34.037128    -80.021172    0.0051095287
  -34.037128    -67.710222    0.0037452750
  -34.037128    -55.399273    0.0025572169
  -34.037128    -43.088323    0.0015717861
  -34.037128    -30.777374    0.0008116125
  -34.037128    -18.466424    0.0002945348
  -34.037128     -6.155475    0.0000328579
  -34.037128      6.155475    0.0000328579
  -34.037128     18.466424    0.0002945348
  -34.037128     30.777374    0.0008116125
  -34.037128     43.088323    0.0015717861
  -34.037128     55.399273    0.0025572169
  -34.037128     67.710222    0.0037452750
  -34.037128     80.021172    0.0051095287
  -34.037128     92.332122    0.0066209822

  -28.800647    -92.332122    0.0059480143
  -28.800647    -80.021172    0.0045871432
  -28.800647    -67.710222    0.0033604968
  -28.800647    -55.399273    0.0022934531
  -28.800647    -43.088323    0.0014091603
  -28.800647    -30.777374    0.0007274460
  -28.800647    -18.466424    0.0002639446
  -28.800647     -6.155475    0.0000294428
  -28.800647      6.155475    0.0000294428
  -28.800647     18.466424    0.0002639446
  -28.800647     30.777374    0.0007274460
  -28.800647     43.088323    0.0014091603
  -28.800647     55.399273    0.0022934531
  -28.800647     67.710222    0.0033604968
  -28.800647     80.021172    0.0045871432
  -28.800647     92.332122    0.0059480143

  -23.564166    -92.332122    0.0051635971
  -23.564166    -80.021172    0.0039797272
  -23.564166    -67.710222    0.0029139894
  -23.564166    -55.399273    0.0019878739
  -23.564166    -43.088323    0.0012209930
  -23.564166    -30.777374    0.0006301518
  -23.564166    -18.466424    0.0002286050
  -23.564166     -6.155475    0.0000254986
  -23.564166      6.155475    0.0000254986
  -23.564166     18.466424    0.0002286050
  -23.564166     30.777374    0.0006301518
  -23.564166     43.088323    0.0012209930
  -23.564166     55.399273    0.0019878739
  -23.564166     67.710222    0.0029139894
  -23.564166     80.021172    0.0039797272
  -23.564166     92.332122    0.0051635971

  -18.327684    -92.332122    0.0042593236
  -18.327684    -80.021172    0.0032808785
  -18.327684    -67.710222    0.0024011003
  -18.327684    -55.399273    0.0016373195
  -18.327684    -43.088323    0.0010053480
  -18.327684    -30.777374    0.0005187320
  -18.327684    -18.466424    0.0001881540
  -18.327684     -6.155475    0.0000209850
  -18.327684      6.155475    0.0000209850
  -18.327684     18.466424    0.0001881540
  -18.327684     30.777374    0.0005187320
  -18.327684     43.088323    0.0010053480
  -18.327684     55.399273    0.0016373195
  -18.327684     67.710222    0.0024011003
  -18.327684     80.021172    0.0032808785
  -18.327684     92.332122    0.0042593236

  -13.091203    -92.332122    0.0032256219
  -13.091203    -80.021172    0.0024832931
  -13.091203    -67.710222    0.0018165364
  -13.091203    -55.399273    0.0012382144
  -13.091203    -43.088323    0.0007600480
  -13.091203    -30.777374    0.0003920703
  -13.091203    -18.466424    0.0001421888
  -13.091203     -6.155475    0.0000158572
  -13.091203      6.155475    0.0000158572
  -13.091203     18.466424    0.0001421888
  -13.091203     30.777374    0.0003920703
  -13.091203     43.088323    0.0007600480
  -13.091203     55.399273    0.0012382144
  -13.091203     67.710222    0.0018165364
  -13.091203     80.021172    0.0024832931
  -13.091203     92.332122    0.0032256219

   -7.854722    -92.332122    0.0020516083
   -7.854722    -80.021172    0.0015786605
   -7.854722    -67.710222    0.0011542791
   -7.854722    -55.399273    0.0007864981
   -7.854722    -43.088323    0.0004826243
   -7.854722    -30.777374    0.0002489035
   -7.854722    -18.466424    0.0000902536
   -7.854722     -6.155475    0.0000100645
   -7.854722      6.155475    0.0000100645
   -7.854722     18.466424    0.0000902536
   -7.854722     30.777374    0.0002489035
   -7.854722     43.088323    0.0004826243
   -7.854722     55.399273    0.0007864981
   -7.854722     67.710222    0.0011542791
   -7.854722     80.021172    0.0015786605
   -7.854722     92.332122    0.0020516083

   -2.618241    -92.332122    0.0007249168
   -2.618241    -80.021172    0.0005575392
   -2.618241    -67.710222    0.0004074867
   -2.618241    -55.399273    0.0002775511
   -2.618241    -43.088323    0.0001702654
   -2.618241    -30.777374    0.0000877911
   -2.618241    -18.466424    0.0000318287
   -2.618241     -6.155475    0.0000035491
   -2.618241      6.155475    0.0000035491
   -2.618241     18.466424    0.0000318287
   -2.618241     30.777374    0.0000877911
   -2.618241     43.088323    0.0001702654
   -2.618241     55.399273    0.0002775511
   -2.618241     67.710222    0.0004074867
   -2.618241     80.021172    0.0005575392
   -2.618241     92.332122    0.0007249168

    2.618241    -92.332122   -0.0007684947
    2.618241    -80.021172   -0.0005907893
    2.618241    -67.710222   -0.0004316155
    2.618241    -55.399273   -0.0002938854
    2.618241    -43.088323   -0.0001802354
    2.618241    -30.777374   -0.0000929122
    2.618241    -18.466424   -0.0000336805
    2.618241     -6.155475   -0.0000037553
    2.618241      6.155475   -0.0000037553
    2.618241     18.466424   -0.0000336805
    2.618241     30.777374   -0.0000929122
    2.618241     43.088323   -0.0001802354
    2.618241     55.399273   -0.0002938854
    2.618241     67.710222   -0.0004316155
    2.618241     80.021172   -0.0005907893
    2.618241     92.332122   -0.0007684947

    7.854722    -92.332122   -0.0024445628
    7.854722    -80.021172   -0.0018784867
    7.854722    -67.710222   -0.0013718587
    7.854722    -55.399273   -0.0009337948
    7.854722    -43.088323   -0.0005725335
    7.854722    -30.777374   -0.0002950854
    7.854722    -18.466424   -0.0001069539
    7.854722     -6.155475   -0.0000119242
    7.854722      6.155475   -0.0000119242
    7.854722     18.466424   -0.0001069539
    7.854722     30.777374   -0.0002950854
    7.854722     43.088323   -0.0005725335
    7.854722     55.399273   -0.0009337948
    7.854722     67.710222   -0.0013718587
    7.854722     80.021172   -0.0018784867
    7.854722     92.332122   -0.0024445628

   13.091203    -92.332122   -0.0043213603
   13.091203    -80.021172   -0.0033193448
   13.091203    -67.710222   -0.0024232652
   13.091203    -55.399273   -0.0016489755
   13.091203    -43.088323   -0.0010107872
   13.091203    -30.777374   -0.0005208687
   13.091203    -18.466424   -0.0001887664
   13.091203     -6.155475   -0.0000210442
   13.091203      6.155475   -0.0000210442
   13.091203     18.466424   -0.0001887664
   13.091203     30.777374   -0.0005208687
   13.091203     43.088323   -0.0010107872
   13.091203     55.399273   -0.0016489755
   13.091203     67.710222   -0.0024232652
   13.091203     80.021172   -0.0033193448
   13.091203     92.332122   -0.0043213603

   18.327684    -92.332122   -0.0064193618
   18.327684    -80.021172   -0.0049289936
   18.327684    -67.710222   -0.0035971970
   18.327684    -55.399273   -0.0024471374
   18.327684    -43.088323   -0.0014997140
   18.327684    -30.777374   -0.0007726903
   18.327684    -18.466424   -0.0002799975
   18.327684     -6.155475   -0.0000312132
   18.327684      6.155475   -0.0000312132
   18.327684     18.466424   -0.0002799975
   18.327684     30.777374   -0.0007726903
   18.327684     43.088323   -0.0014997140
   18.327684     55.399273   -0.0024471374
   18.327684     67.710222   -0.0035971970
   18.327684     80.021172   -0.0049289936
   18.327684     92.332122   -0.0064193618

   23.564166    -92.332122   -0.0087617333
   23.564166    -80.021172   -0.0067251294
   23.564166    -67.710222   -0.0049065167
   23.564166    -55.399273   -0.0033370030
   23.564166    -43.088323   -0.0020446470
   23.564166    -30.777374   -0.0010532932
   23.564166    -18.466424   -0.0003816401
   23.564166     -6.155475   -0.0000425418
   23.564166      6.155475   -0.0000425418
   23.564166     18.466424   -0.0003816401
   23.564166     30.777374   -0.0010532932
   23.564166     43.088323   -0.0020446470
   23.564166     55.399273   -0.0033370030
   23.564166     67.710222   -0.0049065167
   23.564166     80.021172   -0.0067251294
   23.564166     92.332122   -0.0087617333

   28.800647    -92.332122   -0.0113746453
   28.800647    -80.021172   -0.0087277640
   28.800647    -67.710222   -0.0063657604
   28.800647    -55.399273   -0.0043284150
   28.800647    -43.088323   -0.0026515925
   28.800647    -30.777374   -0.0013657613
   28.800647    -18.466424   -0.0004948090
   28.800647     -6.155475   -0.0000551542
   28.800647      6.155475   -0.0000551542
   28.800647     18.466424   -0.0004948090
   28.800647     30.777374   -0.0013657613
   28.800647     43.088323   -0.0026515925
   28.800647     55.399273   -0.0043284150
   28.800647     67.710222   -0.0063657604
   28.800647     80.021172   -0.0087277640
   28.800647     92.332122   -0.0113746453

   34.037128    -92.332122   -0.0142876103
   34.037128    -80.021172   -0.0109594944
   34.037128    -67.710222   -0.0079913240
   34.037128    -55.399273   -0.0054324479
   34.037128    -43.088323   -0.0033272891
   34.037128    -30.777374   -0.0017135451
   34.037128    -18.466424   -0.0006207489
   34.037128     -6.155475   -0.0000691887
   34.037128      6.155475   -0.0000691887
   34.037128     18.466424   -0.0006207489
   34.037128     30.777374   -0.0017135451
   34.037128     43.088323   -0.0033272891
   34.037128     55.399273   -0.0054324479
   34.037128     67.710222   -0.0079913240
   34.037128     80.021172   -0.0109594944
   34.037128     92.332122   -0.0142876103

