  -55.127356   -136.038482    0.0030394151
  -55.127356   -117.900018    0.0023544788
  -55.127356    -99.761554    0.0017307481
  -55.127356    -81.623089    0.0011842555
  -55.127356    -63.484625    0.0007290494
  -55.127356    -45.346161    0.0003768757
  -55.127356    -27.207696    0.0001368668
  -55.127356     -9.069232    0.0000152741
  -55.127356      9.069232    0.0000152741
  -55.127356     27.207696    0.0001368668
  -55.127356     45.346161    0.0003768757
  -55.127356     63.484625    0.0007290494
  -55.127356     81.623089    0.0011842555
  -55.127356     99.761554    0.0017307481
  -55.127356    117.900018    0.0023544788
  -55.127356    136.038482    0.0030394151

  -47.777042   -136.038482    0.0026543932
  -47.777042   -117.900018    0.0020538985
  -47.777042    -99.761554    0.0015105672
  -47.777042    -81.623089    0.0010343330
  -47.777042    -63.484625    0.0006369959
  -47.777042    -45.346161    0.0003292935
  -47.777042    -27.207696    0.0001195657
  -47.777042     -9.069232    0.0000133412
  -47.777042      9.069232    0.0000133412
  -47.777042     27.207696    0.0001195657
  -47.777042     45.346161    0.0003292935
  -47.777042     63.484625    0.0006369959
  -47.777042     81.623089    0.0010343330
  -47.777042     99.761554    0.0015105672
  -47.777042    117.900018    0.0020538985
  -47.777042    136.038482    0.0026543932

  -40.426728   -136.038482    0.0021584328
  -40.426728   -117.900018    0.0016721458
  -40.426728    -99.761554    0.0012299278
  -40.426728    -81.623089    0.0008421142
  -40.426728    -63.484625    0.0005186675
  -40.426728    -45.346161    0.0002681954
  -40.426728    -27.207696    0.0000974110
  -40.426728     -9.069232    0.0000108714
  -40.426728      9.069232    0.0000108714
  -40.426728     27.207696    0.0000974110
  -40.426728     45.346161    0.0002681954
  -40.426728     63.484625    0.0005186675
  -40.426728     81.623089    0.0008421142
  -40.426728     99.761554    0.0012299278
  -40.426728    117.900018    0.0016721458
  -40.426728    136.038482    0.0021584328

  -33.076414   -136.038482    0.0016057725
  -33.076414   -117.900018    0.0012454622
  -33.076414    -99.761554    0.0009162514
  -33.076414    -81.623089    0.0006273480
  -33.076414    -63.484625    0.0003864394
  -33.076414    -45.346161    0.0001998739
  -33.076414    -27.207696    0.0000726165
  -33.076414     -9.069232    0.0000081057
  -33.076414      9.069232    0.0000081057
  -33.076414     27.207696    0.0000726165
  -33.076414     45.346161    0.0001998739
  -33.076414     63.484625    0.0003864394
  -33.076414     81.623089    0.0006273480
  -33.076414     99.761554    0.0009162514
  -33.076414    117.900018    0.0012454622
  -33.076414    136.038482    0.0016057725

  -25.726100   -136.038482    0.0010568972
  -25.726100   -117.900018    0.0008202243
  -25.726100    -99.761554    0.0006036072
  -25.726100    -81.623089    0.0004133768
  -25.726100    -63.484625    0.0002546863
  -25.726100    -45.346161    0.0001317523
  -25.726100    -27.207696    0.0000478738
  -25.726100     -9.069232    0.0000053442
  -25.726100      9.069232    0.0000053442
  -25.726100     27.207696    0.0000478738
  -25.726100     45.346161    0.0001317523
  -25.726100     63.484625    0.0002546863
  -25.726100     81.623089    0.0004133768
  -25.726100     99.761554    0.0006036072
  -25.726100    117.900018    0.0008202243
  -25.726100    136.038482    0.0010568972

  -18.375785   -136.038482    0.0005744499
  -18.375785   -117.900018    0.0004458503
  -18.375785    -99.761554    0.0003282244
  -18.375785    -81.623089    0.0002248612
  -18.375785    -63.484625    0.0001385710
  -18.375785    -45.346161    0.0000716918
  -18.375785    -27.207696    0.0000260508
  -18.375785     -9.069232    0.0000029081
  -18.375785      9.069232    0.0000029081
  -18.375785     27.207696    0.0000260508
  -18.375785     45.346161    0.0000716918
  -18.375785     63.484625    0.0001385710
  -18.375785     81.623089    0.0002248612
  -18.375785     99.761554    0.0003282244
  -18.375785    117.900018    0.0004458503
  -18.375785    136.038482    0.0005744499

  -11.025471   -136.038482    0.0002157106
  -11.025471   -117.900018    0.0001673962
  -11.025471    -99.761554    0.0001232719
  -11.025471    -81.623089    0.0000844795
  -11.025471    -63.484625    0.0000520705
  -11.025471    -45.346161    0.0000269408
  -11.025471    -27.207696    0.0000097892
  -11.025471     -9.069232    0.0000010927
  -11.025471      9.069232    0.0000010927
  -11.025471     27.207696    0.0000097892
  -11.025471     45.346161    0.0000269408
  -11.025471     63.484625    0.0000520705
  -11.025471     81.623089    0.0000844795
  -11.025471     99.761554    0.0001232719
  -11.025471    117.900018    0.0001673962
  -11.025471    136.038482    0.0002157106

   -3.675157   -136.038482    0.0000244786
   -3.675157   -117.900018    0.0000189933
   -3.675157    -99.761554    0.0000139893
   -3.675157    -81.623089    0.0000095889
   -3.675157    -63.484625    0.0000059110
   -3.675157    -45.346161    0.0000030583
   -3.675157    -27.207696    0.0000011112
   -3.675157     -9.069232    0.0000001240
   -3.675157      9.069232    0.0000001240
   -3.675157     27.207696    0.0000011112
   -3.675157     45.346161    0.0000030583
   -3.675157     63.484625    0.0000059110
   -3.675157     81.623089    0.0000095889
   -3.675157     99.761554    0.0000139893
   -3.675157    117.900018    0.0000189933
   -3.675157    136.038482    0.0000244786

    3.675157   -136.038482    0.0000244786
    3.675157   -117.900018    0.0000189933
    3.675157    -99.761554    0.0000139893
    3.675157    -81.623089    0.0000095889
    3.675157    -63.484625    0.0000059110
    3.675157    -45.346161    0.0000030583
    3.675157    -27.207696    0.0000011112
    3.675157     -9.069232    0.0000001240
    3.675157      9.069232    0.0000001240
    3.675157     27.207696    0.0000011112
    3.675157     45.346161    0.0000030583
    3.675157     63.484625    0.0000059110
    3.675157     81.623089    0.0000095889
    3.675157     99.761554    0.0000139893
    3.675157    117.900018    0.0000189933
    3.675157    136.038482    0.0000244786

   11.025471   -136.038482    0.0002157106
   11.025471   -117.900018    0.0001673962
   11.025471    -99.761554    0.0001232719
   11.025471    -81.623089    0.0000844795
   11.025471    -63.484625    0.0000520705
   11.025471    -45.346161    0.0000269408
   11.025471    -27.207696    0.0000097892
   11.025471     -9.069232    0.0000010927
   11.025471      9.069232    0.0000010927
   11.025471     27.207696    0.0000097892
   11.025471     45.346161    0.0000269408
   11.025471     63.484625    0.0000520705
   11.025471     81.623089    0.0000844795
   11.025471     99.761554    0.0001232719
   11.025471    117.900018    0.0001673962
   11.025471    136.038482    0.0002157106

   18.375785   -136.038482    0.0005744499
   18.375785   -117.900018    0.0004458503
   18.375785    -99.761554    0.0003282244
   18.375785    -81.623089    0.0002248612
   18.375785    -63.484625    0.0001385710
   18.375785    -45.346161    0.0000716918
   18.375785    -27.207696    0.0000260508
   18.375785     -9.069232    0.0000029081
   18.375785      9.069232    0.0000029081
   18.375785     27.207696    0.0000260508
   18.375785     45.346161    0.0000716918
   18.375785     63.484625    0.0001385710
   18.375785     81.623089    0.0002248612
   18.375785     99.761554    0.0003282244
   18.375785    117.900018    0.0004458503
   18.375785    136.038482    0.0005744499

   25.726100   -136.038482    0.0010568972
   25.726100   -117.900018    0.0008202243
   25.726100    -99.761554    0.0006036072
   25.726100    -81.623089    0.0004133768
   25.726100    -63.484625    0.0002546863
   25.726100    -45.346161    0.0001317523
   25.726100    -27.207696    0.0000478738
   25.726100     -9.069232    0.0000053442
   25.726100      9.069232    0.0000053442
   25.726100     27.207696    0.0000478738
   25.726100     45.346161    0.0001317523
   25.726100     63.484625    0.0002546863
   25.726100     81.623089    0.0004133768
   25.726100     99.761554    0.0006036072
   25.726100    117.900018    0.0008202243
   25.726100    136.038482    0.0010568972

   33.076414   -136.038482    0.0016057725
   33.076414   -117.900018    0.0012454622
   33.076414    -99.761554    0.0009162514
   33.076414    -81.623089    0.0006273480
   33.076414    -63.484625    0.0003864394
   33.076414    -45.346161    0.0001998739
   33.076414    -27.207696    0.0000726165
   33.076414     -9.069232    0.0000081057
   33.076414      9.069232    0.0000081057
   33.076414     27.207696    0.0000726165
   33.076414     45.346161    0.0001998739
   33.076414     63.484625    0.0003864394
   33.076414     81.623089    0.0006273480
   33.076414     99.761554    0.0009162514
   33.076414    117.900018    0.0012454622
   33.076414    136.038482    0.0016057725

   40.426728   -136.038482    0.0021584328
   40.426728   -117.900018    0.0016721458
   40.426728    -99.761554    0.0012299278
   40.426728    -81.623089    0.0008421142
   40.426728    -63.484625    0.0005186675
   40.426728    -45.346161    0.0002681954
   40.426728    -27.207696    0.0000974110
   40.426728     -9.069232    0.0000108714
   40.426728      9.069232    0.0000108714
   40.426728     27.207696    0.0000974110
   40.426728     45.346161    0.0002681954
   40.426728     63.484625    0.0005186675
   40.426728     81.623089    0.0008421142
   40.426728     99.761554    0.0012299278
   40.426728    117.900018    0.0016721458
   40.426728    136.038482    0.0021584328

   47.777042   -136.038482    0.0026543933
   47.777042   -117.900018    0.0020538985
   47.777042    -99.761554    0.0015105672
   47.777042    -81.623089    0.0010343330
   47.777042    -63.484625    0.0006369959
   47.777042    -45.346161    0.0003292935
   47.777042    -27.207696    0.0001195657
   47.777042     -9.069232    0.0000133412
   47.777042      9.069232    0.0000133412
   47.777042     27.207696    0.0001195657
   47.777042     45.346161    0.0003292935
   47.777042     63.484625    0.0006369959
   47.777042     81.623089    0.0010343330
   47.777042     99.761554    0.0015105672
   47.777042    117.900018    0.0020538985
   47.777042    136.038482    0.0026543933

   55.127356   -136.038482    0.0030394151
   55.127356   -117.900018    0.0023544788
   55.127356    -99.761554    0.0017307481
   55.127356    -81.623089    0.0011842555
   55.127356    -63.484625    0.0007290494
   55.127356    -45.346161    0.0003768757
   55.127356    -27.207696    0.0001368668
   55.127356     -9.069232    0.0000152741
   55.127356      9.069232    0.0000152741
   55.127356     27.207696    0.0001368668
   55.127356     45.346161    0.0003768757
   55.127356     63.484625    0.0007290494
   55.127356     81.623089    0.0011842555
   55.127356     99.761554    0.0017307481
   55.127356    117.900018    0.0023544788
   55.127356    136.038482    0.0030394151

