  -42.952389    -92.332122   -0.0024562397
  -42.952389    -80.021172   -0.0018724949
  -42.952389    -67.710222   -0.0013580878
  -42.952389    -55.399273   -0.0009190886
  -42.952389    -43.088323   -0.0005609026
  -42.952389    -30.777374   -0.0002880815
  -42.952389    -18.466424   -0.0001041717
  -42.952389     -6.155475   -0.0000116005
  -42.952389      6.155475   -0.0000116005
  -42.952389     18.466424   -0.0001041717
  -42.952389     30.777374   -0.0002880815
  -42.952389     43.088323   -0.0005609026
  -42.952389     55.399273   -0.0009190886
  -42.952389     67.710222   -0.0013580878
  -42.952389     80.021172   -0.0018724949
  -42.952389     92.332122   -0.0024562397

  -37.225404    -92.332122   -0.0018322911
  -37.225404    -80.021172   -0.0013966985
  -37.225404    -67.710222   -0.0010129939
  -37.225404    -55.399273   -0.0006855765
  -37.225404    -43.088323   -0.0004184232
  -37.225404    -30.777374   -0.0002149186
  -37.225404    -18.466424   -0.0000777199
  -37.225404     -6.155475   -0.0000086551
  -37.225404      6.155475   -0.0000086551
  -37.225404     18.466424   -0.0000777199
  -37.225404     30.777374   -0.0002149186
  -37.225404     43.088323   -0.0004184232
  -37.225404     55.399273   -0.0006855765
  -37.225404     67.710222   -0.0010129939
  -37.225404     80.021172   -0.0013966985
  -37.225404     92.332122   -0.0018322911

  -31.498419    -92.332122   -0.0013042205
  -31.498419    -80.021172   -0.0009941872
  -31.498419    -67.710222   -0.0007210397
  -31.498419    -55.399273   -0.0004879588
  -31.498419    -43.088323   -0.0002977926
  -31.498419    -30.777374   -0.0001529485
  -31.498419    -18.466424   -0.0000553074
  -31.498419     -6.155475   -0.0000061590
  -31.498419      6.155475   -0.0000061590
  -31.498419     18.466424   -0.0000553074
  -31.498419     30.777374   -0.0001529485
  -31.498419     43.088323   -0.0002977926
  -31.498419     55.399273   -0.0004879588
  -31.498419     67.710222   -0.0007210397
  -31.498419     80.021172   -0.0009941872
  -31.498419     92.332122   -0.0013042205

  -25.771434    -92.332122   -0.0008688430
  -25.771434    -80.021172   -0.0006623660
  -25.771434    -67.710222   -0.0004803640
  -25.771434    -55.399273   -0.0003250450
  -25.771434    -43.088323   -0.0001983403
  -25.771434    -30.777374   -0.0001018549
  -25.771434    -18.466424   -0.0000368276
  -25.771434     -6.155475   -0.0000041009
  -25.771434      6.155475   -0.0000041009
  -25.771434     18.466424   -0.0000368276
  -25.771434     30.777374   -0.0001018549
  -25.771434     43.088323   -0.0001983403
  -25.771434     55.399273   -0.0003250450
  -25.771434     67.710222   -0.0004803640
  -25.771434     80.021172   -0.0006623660
  -25.771434     92.332122   -0.0008688430

  -20.044448    -92.332122   -0.0005235654
  -20.044448    -80.021172   -0.0003991909
  -20.044448    -67.710222   -0.0002894898
  -20.044448    -55.399273   -0.0001958599
  -20.044448    -43.088323   -0.0001194913
  -20.044448    -30.777374   -0.0000613527
  -20.044448    -18.466424   -0.0000221804
  -20.044448     -6.155475   -0.0000024697
  -20.044448      6.155475   -0.0000024697
  -20.044448     18.466424   -0.0000221804
  -20.044448     30.777374   -0.0000613527
  -20.044448     43.088323   -0.0001194913
  -20.044448     55.399273   -0.0001958599
  -20.044448     67.710222   -0.0002894898
  -20.044448     80.021172   -0.0003991909
  -20.044448     92.332122   -0.0005235654

  -14.317463    -92.332122   -0.0002663529
  -14.317463    -80.021172   -0.0002031044
  -14.317463    -67.710222   -0.0001472835
  -14.317463    -55.399273   -0.0000996343
  -14.317463    -43.088323   -0.0000607753
  -14.317463    -30.777374   -0.0000312000
  -14.317463    -18.466424   -0.0000112781
  -14.317463     -6.155475   -0.0000012557
  -14.317463      6.155475   -0.0000012557
  -14.317463     18.466424   -0.0000112781
  -14.317463     30.777374   -0.0000312000
  -14.317463     43.088323   -0.0000607753
  -14.317463     55.399273   -0.0000996343
  -14.317463     67.710222   -0.0001472835
  -14.317463     80.021172   -0.0002031044
  -14.317463     92.332122   -0.0002663529

   -8.590478    -92.332122   -0.0000957025
   -8.590478    -80.021172   -0.0000729837
   -8.590478    -67.710222   -0.0000529234
   -8.590478    -55.399273   -0.0000357980
   -8.590478    -43.088323   -0.0000218334
   -8.590478    -30.777374   -0.0000112071
   -8.590478    -18.466424   -0.0000040507
   -8.590478     -6.155475   -0.0000004510
   -8.590478      6.155475   -0.0000004510
   -8.590478     18.466424   -0.0000040507
   -8.590478     30.777374   -0.0000112071
   -8.590478     43.088323   -0.0000218334
   -8.590478     55.399273   -0.0000357980
   -8.590478     67.710222   -0.0000529234
   -8.590478     80.021172   -0.0000729837
   -8.590478     92.332122   -0.0000957025

   -2.863493    -92.332122   -0.0000106234
   -2.863493    -80.021172   -0.0000081019
   -2.863493    -67.710222   -0.0000058749
   -2.863493    -55.399273   -0.0000039737
   -2.863493    -43.088323   -0.0000024234
   -2.863493    -30.777374   -0.0000012438
   -2.863493    -18.466424   -0.0000004496
   -2.863493     -6.155475   -0.0000000500
   -2.863493      6.155475   -0.0000000500
   -2.863493     18.466424   -0.0000004496
   -2.863493     30.777374   -0.0000012438
   -2.863493     43.088323   -0.0000024234
   -2.863493     55.399273   -0.0000039737
   -2.863493     67.710222   -0.0000058749
   -2.863493     80.021172   -0.0000081019
   -2.863493     92.332122   -0.0000106234

    2.863493    -92.332122   -0.0000106234
    2.863493    -80.021172   -0.0000081019
    2.863493    -67.710222   -0.0000058749
    2.863493    -55.399273   -0.0000039737
    2.863493    -43.088323   -0.0000024234
    2.863493    -30.777374   -0.0000012438
    2.863493    -18.466424   -0.0000004496
    2.863493     -6.155475   -0.0000000500
    2.863493      6.155475   -0.0000000500
    2.863493     18.466424   -0.0000004496
    2.863493     30.777374   -0.0000012438
    2.863493     43.088323   -0.0000024234
    2.863493     55.399273   -0.0000039737
    2.863493     67.710222   -0.0000058749
    2.863493     80.021172   -0.0000081019
    2.863493     92.332122   -0.0000106234

    8.590478    -92.332122   -0.0000957025
    8.590478    -80.021172   -0.0000729837
    8.590478    -67.710222   -0.0000529234
    8.590478    -55.399273   -0.0000357980
    8.590478    -43.088323   -0.0000218334
    8.590478    -30.777374   -0.0000112071
    8.590478    -18.466424   -0.0000040507
    8.590478     -6.155475   -0.0000004510
    8.590478      6.155475   -0.0000004510
    8.590478     18.466424   -0.0000040507
    8.590478     30.777374   -0.0000112071
    8.590478     43.088323   -0.0000218334
    8.590478     55.399273   -0.0000357980
    8.590478     67.710222   -0.0000529234
    8.590478     80.021172   -0.0000729837
    8.590478     92.332122   -0.0000957025

   14.317463    -92.332122   -0.0002663529
   14.317463    -80.021172   -0.0002031044
   14.317463    -67.710222   -0.0001472835
   14.317463    -55.399273   -0.0000996343
   14.317463    -43.088323   -0.0000607753
   14.317463    -30.777374   -0.0000312000
   14.317463    -18.466424   -0.0000112781
   14.317463     -6.155475   -0.0000012557
   14.317463      6.155475   -0.0000012557
   14.317463     18.466424   -0.0000112781
   14.317463     30.777374   -0.0000312000
   14.317463     43.088323   -0.0000607753
   14.317463     55.399273   -0.0000996343
   14.317463     67.710222   -0.0001472835
   14.317463     80.021172   -0.0002031044
   14.317463     92.332122   -0.0002663529

   20.044448    -92.332122   -0.0005235654
   20.044448    -80.021172   -0.0003991909
   20.044448    -67.710222   -0.0002894898
   20.044448    -55.399273   -0.0001958599
   20.044448    -43.088323   -0.0001194913
   20.044448    -30.777374   -0.0000613527
   20.044448    -18.466424   -0.0000221804
   20.044448     -6.155475   -0.0000024697
   20.044448      6.155475   -0.0000024697
   20.044448     18.466424   -0.0000221804
   20.044448     30.777374   -0.0000613527
   20.044448     43.088323   -0.0001194913
   20.044448     55.399273   -0.0001958599
   20.044448     67.710222   -0.0002894898
   20.044448     80.021172   -0.0003991909
   20.044448     92.332122   -0.0005235654

   25.771434    -92.332122   -0.0008688430
   25.771434    -80.021172   -0.0006623660
   25.771434    -67.710222   -0.0004803640
   25.771434    -55.399273   -0.0003250450
   25.771434    -43.088323   -0.0001983403
   25.771434    -30.777374   -0.0001018549
   25.771434    -18.466424   -0.0000368276
   25.771434     -6.155475   -0.0000041009
   25.771434      6.155475   -0.0000041009
   25.771434     18.466424   -0.0000368276
   25.771434     30.777374   -0.0001018549
   25.771434     43.088323   -0.0001983403
   25.771434     55.399273   -0.0003250450
   25.771434     67.710222   -0.0004803640
   25.771434     80.021172   -0.0006623660
   25.771434     92.332122   -0.0008688430

   31.498419    -92.332122   -0.0013042205
   31.498419    -80.021172   -0.0009941872
   31.498419    -67.710222   -0.0007210397
   31.498419    -55.399273   -0.0004879588
   31.498419    -43.088323   -0.0002977926
   31.498419    -30.777374   -0.0001529485
   31.498419    -18.466424   -0.0000553074
   31.498419     -6.155475   -0.0000061590
   31.498419      6.155475   -0.0000061590
   31.498419     18.466424   -0.0000553074
   31.498419     30.777374   -0.0001529485
   31.498419     43.088323   -0.0002977926
   31.498419     55.399273   -0.0004879588
   31.498419     67.710222   -0.0007210397
   31.498419     80.021172   -0.0009941872
   31.498419     92.332122   -0.0013042205

   37.225404    -92.332122   -0.0018322911
   37.225404    -80.021172   -0.0013966985
   37.225404    -67.710222   -0.0010129939
   37.225404    -55.399273   -0.0006855765
   37.225404    -43.088323   -0.0004184232
   37.225404    -30.777374   -0.0002149186
   37.225404    -18.466424   -0.0000777199
   37.225404     -6.155475   -0.0000086551
   37.225404      6.155475   -0.0000086551
   37.225404     18.466424   -0.0000777199
   37.225404     30.777374   -0.0002149186
   37.225404     43.088323   -0.0004184232
   37.225404     55.399273   -0.0006855765
   37.225404     67.710222   -0.0010129939
   37.225404     80.021172   -0.0013966985
   37.225404     92.332122   -0.0018322911

   42.952389    -92.332122   -0.0024562397
   42.952389    -80.021172   -0.0018724949
   42.952389    -67.710222   -0.0013580878
   42.952389    -55.399273   -0.0009190886
   42.952389    -43.088323   -0.0005609026
   42.952389    -30.777374   -0.0002880815
   42.952389    -18.466424   -0.0001041717
   42.952389     -6.155475   -0.0000116005
   42.952389      6.155475   -0.0000116005
   42.952389     18.466424   -0.0001041717
   42.952389     30.777374   -0.0002880815
   42.952389     43.088323   -0.0005609026
   42.952389     55.399273   -0.0009190886
   42.952389     67.710222   -0.0013580878
   42.952389     80.021172   -0.0018724949
   42.952389     92.332122   -0.0024562397

