  -47.136383    -54.177403    0.0000076166
  -47.136383    -46.953749    0.0001033560
  -47.136383    -39.730095    0.0001395421
  -47.136383    -32.506442    0.0001335714
  -47.136383    -25.282788    0.0001019723
  -47.136383    -18.059134    0.0000607177
  -47.136383    -10.835481    0.0000240550
  -47.136383     -3.611827    0.0000027987
  -47.136383      3.611827    0.0000027987
  -47.136383     10.835481    0.0000240550
  -47.136383     18.059134    0.0000607177
  -47.136383     25.282788    0.0001019723
  -47.136383     32.506442    0.0001335714
  -47.136383     39.730095    0.0001395421
  -47.136383     46.953749    0.0001033560
  -47.136383     54.177403    0.0000076166

  -40.851532    -54.177403   -0.0001597424
  -40.851532    -46.953749   -0.0000465788
  -40.851532    -39.730095    0.0000098687
  -40.851532    -32.506442    0.0000330040
  -40.851532    -25.282788    0.0000346869
  -40.851532    -18.059134    0.0000241575
  -40.851532    -10.835481    0.0000104207
  -40.851532     -3.611827    0.0000012601
  -40.851532      3.611827    0.0000012601
  -40.851532     10.835481    0.0000104207
  -40.851532     18.059134    0.0000241575
  -40.851532     25.282788    0.0000346869
  -40.851532     32.506442    0.0000330040
  -40.851532     39.730095    0.0000098687
  -40.851532     46.953749   -0.0000465788
  -40.851532     54.177403   -0.0001597424

  -34.566681    -54.177403   -0.0002958432
  -34.566681    -46.953749   -0.0001783376
  -34.566681    -39.730095   -0.0001002841
  -34.566681    -32.506442   -0.0000502497
  -34.566681    -25.282788   -0.0000211428
  -34.566681    -18.059134   -0.0000068149
  -34.566681    -10.835481   -0.0000014124
  -34.566681     -3.611827   -0.0000000959
  -34.566681      3.611827   -0.0000000959
  -34.566681     10.835481   -0.0000014124
  -34.566681     18.059134   -0.0000068149
  -34.566681     25.282788   -0.0000211428
  -34.566681     32.506442   -0.0000502497
  -34.566681     39.730095   -0.0001002841
  -34.566681     46.953749   -0.0001783376
  -34.566681     54.177403   -0.0002958432

  -28.281830    -54.177403   -0.0003868147
  -28.281830    -46.953749   -0.0002719718
  -28.281830    -39.730095   -0.0001798057
  -28.281830    -32.506442   -0.0001109697
  -28.281830    -25.282788   -0.0000623525
  -28.281830    -18.059134   -0.0000299623
  -28.281830    -10.835481   -0.0000103445
  -28.281830     -3.611827   -0.0000011250
  -28.281830      3.611827   -0.0000011250
  -28.281830     10.835481   -0.0000103445
  -28.281830     18.059134   -0.0000299623
  -28.281830     25.282788   -0.0000623525
  -28.281830     32.506442   -0.0001109697
  -28.281830     39.730095   -0.0001798057
  -28.281830     46.953749   -0.0002719718
  -28.281830     54.177403   -0.0003868147

  -21.996979    -54.177403   -0.0004209089
  -21.996979    -46.953749   -0.0003138348
  -21.996979    -39.730095   -0.0002201603
  -21.996979    -32.506442   -0.0001443082
  -21.996979    -25.282788   -0.0000859042
  -21.996979    -18.059134   -0.0000433964
  -21.996979    -10.835481   -0.0000155457
  -21.996979     -3.611827   -0.0000017241
  -21.996979      3.611827   -0.0000017241
  -21.996979     10.835481   -0.0000155457
  -21.996979     18.059134   -0.0000433964
  -21.996979     25.282788   -0.0000859042
  -21.996979     32.506442   -0.0001443082
  -21.996979     39.730095   -0.0002201603
  -21.996979     46.953749   -0.0003138348
  -21.996979     54.177403   -0.0004209089

  -15.712128    -54.177403   -0.0003894008
  -15.712128    -46.953749   -0.0002976488
  -15.712128    -39.730095   -0.0002160370
  -15.712128    -32.506442   -0.0001461882
  -15.712128    -25.282788   -0.0000891846
  -15.712128    -18.059134   -0.0000457904
  -15.712128    -10.835481   -0.0000165544
  -15.712128     -3.611827   -0.0000018433
  -15.712128      3.611827   -0.0000018433
  -15.712128     10.835481   -0.0000165544
  -15.712128     18.059134   -0.0000457904
  -15.712128     25.282788   -0.0000891846
  -15.712128     32.506442   -0.0001461882
  -15.712128     39.730095   -0.0002160370
  -15.712128     46.953749   -0.0002976488
  -15.712128     54.177403   -0.0003894008

   -9.427277    -54.177403   -0.0002871896
   -9.427277    -46.953749   -0.0002221644
   -9.427277    -39.730095   -0.0001649390
   -9.427277    -32.506442   -0.0001138859
   -9.427277    -25.282788   -0.0000704178
   -9.427277    -18.059134   -0.0000364084
   -9.427277    -10.835481   -0.0000131977
   -9.427277     -3.611827   -0.0000014705
   -9.427277      3.611827   -0.0000014705
   -9.427277     10.835481   -0.0000131977
   -9.427277     18.059134   -0.0000364084
   -9.427277     25.282788   -0.0000704178
   -9.427277     32.506442   -0.0001138859
   -9.427277     39.730095   -0.0001649390
   -9.427277     46.953749   -0.0002221644
   -9.427277     54.177403   -0.0002871896

   -3.142426    -54.177403   -0.0001131608
   -3.142426    -46.953749   -0.0000883232
   -3.142426    -39.730095   -0.0000665411
   -3.142426    -32.506442   -0.0000465269
   -3.142426    -25.282788   -0.0000290105
   -3.142426    -18.059134   -0.0000150680
   -3.142426    -10.835481   -0.0000054729
   -3.142426     -3.611827   -0.0000006102
   -3.142426      3.611827   -0.0000006102
   -3.142426     10.835481   -0.0000054729
   -3.142426     18.059134   -0.0000150680
   -3.142426     25.282788   -0.0000290105
   -3.142426     32.506442   -0.0000465269
   -3.142426     39.730095   -0.0000665411
   -3.142426     46.953749   -0.0000883232
   -3.142426     54.177403   -0.0001131608

    3.142426    -54.177403    0.0001296523
    3.142426    -46.953749    0.0001022425
    3.142426    -39.730095    0.0000776614
    3.142426    -32.506442    0.0000546704
    3.142426    -25.282788    0.0000342821
    3.142426    -18.059134    0.0000178882
    3.142426    -10.835481    0.0000065188
    3.142426     -3.611827    0.0000007280
    3.142426      3.611827    0.0000007280
    3.142426     10.835481    0.0000065188
    3.142426     18.059134    0.0000178882
    3.142426     25.282788    0.0000342821
    3.142426     32.506442    0.0000546704
    3.142426     39.730095    0.0000776614
    3.142426     46.953749    0.0001022425
    3.142426     54.177403    0.0001296523

    9.427277    -54.177403    0.0004340893
    9.427277    -46.953749    0.0003466101
    9.427277    -39.730095    0.0002641936
    9.427277    -32.506442    0.0001864705
    9.427277    -25.282788    0.0001174121
    9.427277    -18.059134    0.0000615811
    9.427277    -10.835481    0.0000225473
    9.427277     -3.611827    0.0000025252
    9.427277      3.611827    0.0000025252
    9.427277     10.835481    0.0000225473
    9.427277     18.059134    0.0000615811
    9.427277     25.282788    0.0001174121
    9.427277     32.506442    0.0001864705
    9.427277     39.730095    0.0002641936
    9.427277     46.953749    0.0003466101
    9.427277     54.177403    0.0004340893

   15.712128    -54.177403    0.0007890693
   15.712128    -46.953749    0.0006381780
   15.712128    -39.730095    0.0004870198
   15.712128    -32.506442    0.0003439814
   15.712128    -25.282788    0.0002172887
   15.712128    -18.059134    0.0001145452
   15.712128    -10.835481    0.0000421497
   15.712128     -3.611827    0.0000047350
   15.712128      3.611827    0.0000047350
   15.712128     10.835481    0.0000421497
   15.712128     18.059134    0.0001145452
   15.712128     25.282788    0.0002172887
   15.712128     32.506442    0.0003439814
   15.712128     39.730095    0.0004870198
   15.712128     46.953749    0.0006381780
   15.712128     54.177403    0.0007890693

   21.996979    -54.177403    0.0011800083
   21.996979    -46.953749    0.0009638744
   21.996979    -39.730095    0.0007369322
   21.996979    -32.506442    0.0005211661
   21.996979    -25.282788    0.0003301260
   21.996979    -18.059134    0.0001746891
   21.996979    -10.835481    0.0000645094
   21.996979     -3.611827    0.0000072622
   21.996979      3.611827    0.0000072622
   21.996979     10.835481    0.0000645094
   21.996979     18.059134    0.0001746891
   21.996979     25.282788    0.0003301260
   21.996979     32.506442    0.0005211661
   21.996979     39.730095    0.0007369322
   21.996979     46.953749    0.0009638744
   21.996979     54.177403    0.0011800083

   28.281830    -54.177403    0.0015894923
   28.281830    -46.953749    0.0013034195
   28.281830    -39.730095    0.0010016075
   28.281830    -32.506442    0.0007112669
   28.281830    -25.282788    0.0004517212
   28.281830    -18.059134    0.0002393511
   28.281830    -10.835481    0.0000884342
   28.281830     -3.611827    0.0000099570
   28.281830      3.611827    0.0000099570
   28.281830     10.835481    0.0000884342
   28.281830     18.059134    0.0002393511
   28.281830     25.282788    0.0004517212
   28.281830     32.506442    0.0007112669
   28.281830     39.730095    0.0010016075
   28.281830     46.953749    0.0013034195
   28.281830     54.177403    0.0015894923

   34.566681    -54.177403    0.0019982736
   34.566681    -46.953749    0.0016341748
   34.566681    -39.730095    0.0012673370
   34.566681    -32.506442    0.0009068091
   34.566681    -25.282788    0.0005774281
   34.566681    -18.059134    0.0003055761
   34.566681    -10.835481    0.0001125951
   34.566681     -3.611827    0.0000126521
   34.566681      3.611827    0.0000126521
   34.566681     10.835481    0.0001125951
   34.566681     18.059134    0.0003055761
   34.566681     25.282788    0.0005774281
   34.566681     32.506442    0.0009068091
   34.566681     39.730095    0.0012673370
   34.566681     46.953749    0.0016341748
   34.566681     54.177403    0.0019982736

   40.851532    -54.177403    0.0023866786
   40.851532    -46.953749    0.0019461840
   40.851532    -39.730095    0.0015237370
   40.851532    -32.506442    0.0010987429
   40.851532    -25.282788    0.0007015190
   40.851532    -18.059134    0.0003707804
   40.851532    -10.835481    0.0001362445
   40.851532     -3.611827    0.0000152786
   40.851532      3.611827    0.0000152786
   40.851532     10.835481    0.0001362445
   40.851532     18.059134    0.0003707804
   40.851532     25.282788    0.0007015190
   40.851532     32.506442    0.0010987429
   40.851532     39.730095    0.0015237370
   40.851532     46.953749    0.0019461840
   40.851532     54.177403    0.0023866786

   47.136383    -54.177403    0.0027365348
   47.136383    -46.953749    0.0022730838
   47.136383    -39.730095    0.0017730560
   47.136383    -32.506442    0.0012741889
   47.136383    -25.282788    0.0008155618
   47.136383    -18.059134    0.0004340100
   47.136383    -10.835481    0.0001606791
   47.136383     -3.611827    0.0000181043
   47.136383      3.611827    0.0000181043
   47.136383     10.835481    0.0001606791
   47.136383     18.059134    0.0004340100
   47.136383     25.282788    0.0008155618
   47.136383     32.506442    0.0012741889
   47.136383     39.730095    0.0017730560
   47.136383     46.953749    0.0022730838
   47.136383     54.177403    0.0027365348

