  -44.766107    -42.952389    0.0001175184
  -44.766107    -37.225404    0.0000950843
  -44.766107    -31.498419    0.0000722605
  -44.766107    -25.771434    0.0000507058
  -44.766107    -20.044448    0.0000318030
  -44.766107    -14.317463    0.0000166581
  -44.766107     -8.590478    0.0000061006
  -44.766107     -2.863493    0.0000006836
  -44.766107      2.863493    0.0000006836
  -44.766107      8.590478    0.0000061006
  -44.766107     14.317463    0.0000166581
  -44.766107     20.044448    0.0000318030
  -44.766107     25.771434    0.0000507058
  -44.766107     31.498419    0.0000722605
  -44.766107     37.225404    0.0000950843
  -44.766107     42.952389    0.0001175184

  -40.053885    -42.952389    0.0002009982
  -40.053885    -37.225404    0.0001567564
  -40.053885    -31.498419    0.0001157838
  -40.053885    -25.771434    0.0000794885
  -40.053885    -20.044448    0.0000490440
  -40.053885    -14.317463    0.0000253892
  -40.053885     -8.590478    0.0000092281
  -40.053885     -2.863493    0.0000010302
  -40.053885      2.863493    0.0000010302
  -40.053885      8.590478    0.0000092281
  -40.053885     14.317463    0.0000253892
  -40.053885     20.044448    0.0000490440
  -40.053885     25.771434    0.0000794885
  -40.053885     31.498419    0.0001157838
  -40.053885     37.225404    0.0001567564
  -40.053885     42.952389    0.0002009982

  -35.341663    -42.952389    0.0002601825
  -35.341663    -37.225404    0.0002002901
  -35.341663    -31.498419    0.0001463880
  -35.341663    -25.771434    0.0000996605
  -35.341663    -20.044448    0.0000610944
  -35.341663    -14.317463    0.0000314790
  -35.341663     -8.590478    0.0000114064
  -35.341663     -2.863493    0.0000012715
  -35.341663      2.863493    0.0000012715
  -35.341663      8.590478    0.0000114064
  -35.341663     14.317463    0.0000314790
  -35.341663     20.044448    0.0000610944
  -35.341663     25.771434    0.0000996605
  -35.341663     31.498419    0.0001463880
  -35.341663     37.225404    0.0002002901
  -35.341663     42.952389    0.0002601825

  -30.629441    -42.952389    0.0002975304
  -30.629441    -37.225404    0.0002275146
  -30.629441    -31.498419    0.0001653721
  -30.629441    -25.771434    0.0001120854
  -30.629441    -20.044448    0.0000684735
  -30.629441    -14.317463    0.0000351913
  -30.629441     -8.590478    0.0000127303
  -30.629441     -2.863493    0.0000014179
  -30.629441      2.863493    0.0000014179
  -30.629441      8.590478    0.0000127303
  -30.629441     14.317463    0.0000351913
  -30.629441     20.044448    0.0000684735
  -30.629441     25.771434    0.0001120854
  -30.629441     31.498419    0.0001653721
  -30.629441     37.225404    0.0002275146
  -30.629441     42.952389    0.0002975304

  -25.917220    -42.952389    0.0003144165
  -25.917220    -37.225404    0.0002394468
  -25.917220    -31.498419    0.0001734542
  -25.917220    -25.771434    0.0001172386
  -25.917220    -20.044448    0.0000714664
  -25.917220    -14.317463    0.0000366707
  -25.917220     -8.590478    0.0000132514
  -25.917220     -2.863493    0.0000014752
  -25.917220      2.863493    0.0000014752
  -25.917220      8.590478    0.0000132514
  -25.917220     14.317463    0.0000366707
  -25.917220     20.044448    0.0000714664
  -25.917220     25.771434    0.0001172386
  -25.917220     31.498419    0.0001734542
  -25.917220     37.225404    0.0002394468
  -25.917220     42.952389    0.0003144165

  -21.204998    -42.952389    0.0003111313
  -21.204998    -37.225404    0.0002362908
  -21.204998    -31.498419    0.0001707722
  -21.204998    -25.771434    0.0001152075
  -21.204998    -20.044448    0.0000701236
  -21.204998    -14.317463    0.0000359420
  -21.204998     -8.590478    0.0000129786
  -21.204998     -2.863493    0.0000014443
  -21.204998      2.863493    0.0000014443
  -21.204998      8.590478    0.0000129786
  -21.204998     14.317463    0.0000359420
  -21.204998     20.044448    0.0000701236
  -21.204998     25.771434    0.0001152075
  -21.204998     31.498419    0.0001707722
  -21.204998     37.225404    0.0002362908
  -21.204998     42.952389    0.0003111313

  -16.492776    -42.952389    0.0002868808
  -16.492776    -37.225404    0.0002174384
  -16.492776    -31.498419    0.0001568830
  -16.492776    -25.771434    0.0001056916
  -16.492776    -20.044448    0.0000642615
  -16.492776    -14.317463    0.0000329107
  -16.492776     -8.590478    0.0000118776
  -16.492776     -2.863493    0.0000013214
  -16.492776      2.863493    0.0000013214
  -16.492776      8.590478    0.0000118776
  -16.492776     14.317463    0.0000329107
  -16.492776     20.044448    0.0000642615
  -16.492776     25.771434    0.0001056916
  -16.492776     31.498419    0.0001568830
  -16.492776     37.225404    0.0002174384
  -16.492776     42.952389    0.0002868808

  -11.780554    -42.952389    0.0002397866
  -11.780554    -37.225404    0.0001814687
  -11.780554    -31.498419    0.0001307633
  -11.780554    -25.771434    0.0000880022
  -11.780554    -20.044448    0.0000534616
  -11.780554    -14.317463    0.0000273627
  -11.780554     -8.590478    0.0000098713
  -11.780554     -2.863493    0.0000010980
  -11.780554      2.863493    0.0000010980
  -11.780554      8.590478    0.0000098713
  -11.780554     14.317463    0.0000273627
  -11.780554     20.044448    0.0000534616
  -11.780554     25.771434    0.0000880022
  -11.780554     31.498419    0.0001307633
  -11.780554     37.225404    0.0001814687
  -11.780554     42.952389    0.0002397866

   -7.068333    -42.952389    0.0001668863
   -7.068333    -37.225404    0.0001261483
   -7.068333    -31.498419    0.0000908090
   -7.068333    -25.771434    0.0000610628
   -7.068333    -20.044448    0.0000370714
   -7.068333    -14.317463    0.0000189646
   -7.068333     -8.590478    0.0000068394
   -7.068333     -2.863493    0.0000007606
   -7.068333      2.863493    0.0000007606
   -7.068333      8.590478    0.0000068394
   -7.068333     14.317463    0.0000189646
   -7.068333     20.044448    0.0000370714
   -7.068333     25.771434    0.0000610628
   -7.068333     31.498419    0.0000908090
   -7.068333     37.225404    0.0001261483
   -7.068333     42.952389    0.0001668863

   -2.356111    -42.952389    0.0000641328
   -2.356111    -37.225404    0.0000484313
   -2.356111    -31.498419    0.0000348355
   -2.356111    -25.771434    0.0000234088
   -2.356111    -20.044448    0.0000142040
   -2.356111    -14.317463    0.0000072634
   -2.356111     -8.590478    0.0000026188
   -2.356111     -2.863493    0.0000002912
   -2.356111      2.863493    0.0000002912
   -2.356111      8.590478    0.0000026188
   -2.356111     14.317463    0.0000072634
   -2.356111     20.044448    0.0000142040
   -2.356111     25.771434    0.0000234088
   -2.356111     31.498419    0.0000348355
   -2.356111     37.225404    0.0000484313
   -2.356111     42.952389    0.0000641328

    2.356111    -42.952389   -0.0000736050
    2.356111    -37.225404   -0.0000555409
    2.356111    -31.498419   -0.0000399226
    2.356111    -25.771434   -0.0000268124
    2.356111    -20.044448   -0.0000162622
    2.356111    -14.317463   -0.0000083132
    2.356111     -8.590478   -0.0000029966
    2.356111     -2.863493   -0.0000003332
    2.356111      2.863493   -0.0000003332
    2.356111      8.590478   -0.0000029966
    2.356111     14.317463   -0.0000083132
    2.356111     20.044448   -0.0000162622
    2.356111     25.771434   -0.0000268124
    2.356111     31.498419   -0.0000399226
    2.356111     37.225404   -0.0000555409
    2.356111     42.952389   -0.0000736050

    7.068333    -42.952389   -0.0002525429
    7.068333    -37.225404   -0.0001904391
    7.068333    -31.498419   -0.0001368110
    7.068333    -25.771434   -0.0000918414
    7.068333    -20.044448   -0.0000556829
    7.068333    -14.317463   -0.0000284573
    7.068333     -8.590478   -0.0000102561
    7.068333     -2.863493   -0.0000011402
    7.068333      2.863493   -0.0000011402
    7.068333      8.590478   -0.0000102561
    7.068333     14.317463   -0.0000284573
    7.068333     20.044448   -0.0000556829
    7.068333     25.771434   -0.0000918414
    7.068333     31.498419   -0.0001368110
    7.068333     37.225404   -0.0001904391
    7.068333     42.952389   -0.0002525429

   11.780554    -42.952389   -0.0004799806
   11.780554    -37.225404   -0.0003617471
   11.780554    -31.498419   -0.0002597561
   11.780554    -25.771434   -0.0001743068
   11.780554    -20.044448   -0.0001056484
   11.780554    -14.317463   -0.0000539801
   11.780554     -8.590478   -0.0000194515
   11.780554     -2.863493   -0.0000021623
   11.780554      2.863493   -0.0000021623
   11.780554      8.590478   -0.0000194515
   11.780554     14.317463   -0.0000539801
   11.780554     20.044448   -0.0001056484
   11.780554     25.771434   -0.0001743068
   11.780554     31.498419   -0.0002597561
   11.780554     37.225404   -0.0003617471
   11.780554     42.952389   -0.0004799806

   16.492776    -42.952389   -0.0007643025
   16.492776    -37.225404   -0.0005757608
   16.492776    -31.498419   -0.0004132650
   16.492776    -25.771434   -0.0002772253
   16.492776    -20.044448   -0.0001679833
   16.492776    -14.317463   -0.0000858126
   16.492776     -8.590478   -0.0000309182
   16.492776     -2.863493   -0.0000034368
   16.492776      2.863493   -0.0000034368
   16.492776      8.590478   -0.0000309182
   16.492776     14.317463   -0.0000858126
   16.492776     20.044448   -0.0001679833
   16.492776     25.771434   -0.0002772253
   16.492776     31.498419   -0.0004132650
   16.492776     37.225404   -0.0005757608
   16.492776     42.952389   -0.0007643025

   21.204998    -42.952389   -0.0011149771
   21.204998    -37.225404   -0.0008395890
   21.204998    -31.498419   -0.0006024253
   21.204998    -25.771434   -0.0004040013
   21.204998    -20.044448   -0.0002447466
   21.204998    -14.317463   -0.0001250050
   21.204998     -8.590478   -0.0000450340
   21.204998     -2.863493   -0.0000050056
   21.204998      2.863493   -0.0000050056
   21.204998      8.590478   -0.0000450340
   21.204998     14.317463   -0.0001250050
   21.204998     20.044448   -0.0002447466
   21.204998     25.771434   -0.0004040013
   21.204998     31.498419   -0.0006024253
   21.204998     37.225404   -0.0008395890
   21.204998     42.952389   -0.0011149771

   25.917220    -42.952389   -0.0015425573
   25.917220    -37.225404   -0.0011611528
   25.917220    -31.498419   -0.0008329050
   25.917220    -25.771434   -0.0005584275
   25.917220    -20.044448   -0.0003382318
   25.917220    -14.317463   -0.0001727271
   25.917220     -8.590478   -0.0000622201
   25.917220     -2.863493   -0.0000069155
   25.917220      2.863493   -0.0000069155
   25.917220      8.590478   -0.0000622201
   25.917220     14.317463   -0.0001727271
   25.917220     20.044448   -0.0003382318
   25.917220     25.771434   -0.0005584275
   25.917220     31.498419   -0.0008329050
   25.917220     37.225404   -0.0011611528
   25.917220     42.952389   -0.0015425573

