  -44.766107   -136.038482   -0.0034026676
  -44.766107   -117.900018   -0.0026416996
  -44.766107    -99.761554   -0.0019459701
  -44.766107    -81.623089   -0.0013340208
  -44.766107    -63.484625   -0.0008225369
  -44.766107    -45.346161   -0.0004257182
  -44.766107    -27.207696   -0.0001547315
  -44.766107     -9.069232   -0.0000172749
  -44.766107      9.069232   -0.0000172749
  -44.766107     27.207696   -0.0001547315
  -44.766107     45.346161   -0.0004257182
  -44.766107     63.484625   -0.0008225369
  -44.766107     81.623089   -0.0013340208
  -44.766107     99.761554   -0.0019459701
  -44.766107    117.900018   -0.0026416996
  -44.766107    136.038482   -0.0034026676

  -40.053885   -136.038482   -0.0029055053
  -40.053885   -117.900018   -0.0022569994
  -40.053885    -99.761554   -0.0016640288
  -40.053885    -81.623089   -0.0011416063
  -40.053885    -63.484625   -0.0007042591
  -40.053885    -45.346161   -0.0003646046
  -40.053885    -27.207696   -0.0001325355
  -40.053885     -9.069232   -0.0000147974
  -40.053885      9.069232   -0.0000147974
  -40.053885     27.207696   -0.0001325355
  -40.053885     45.346161   -0.0003646046
  -40.053885     63.484625   -0.0007042591
  -40.053885     81.623089   -0.0011416063
  -40.053885     99.761554   -0.0016640288
  -40.053885    117.900018   -0.0022569994
  -40.053885    136.038482   -0.0029055053

  -35.341663   -136.038482   -0.0024312402
  -35.341663   -117.900018   -0.0018913320
  -35.341663    -99.761554   -0.0013957386
  -35.341663    -81.623089   -0.0009582419
  -35.341663    -63.484625   -0.0005915110
  -35.341663    -45.346161   -0.0003063953
  -35.341663    -27.207696   -0.0001114198
  -35.341663     -9.069232   -0.0000124425
  -35.341663      9.069232   -0.0000124425
  -35.341663     27.207696   -0.0001114198
  -35.341663     45.346161   -0.0003063953
  -35.341663     63.484625   -0.0005915110
  -35.341663     81.623089   -0.0009582419
  -35.341663     99.761554   -0.0013957386
  -35.341663    117.900018   -0.0018913320
  -35.341663    136.038482   -0.0024312402

  -30.629441   -136.038482   -0.0019832239
  -30.629441   -117.900018   -0.0015454045
  -30.629441    -99.761554   -0.0011418236
  -30.629441    -81.623089   -0.0007846583
  -30.629441    -63.484625   -0.0004847372
  -30.629441    -45.346161   -0.0002512440
  -30.629441    -27.207696   -0.0000914044
  -30.629441     -9.069232   -0.0000102097
  -30.629441      9.069232   -0.0000102097
  -30.629441     27.207696   -0.0000914044
  -30.629441     45.346161   -0.0002512440
  -30.629441     63.484625   -0.0004847372
  -30.629441     81.623089   -0.0007846583
  -30.629441     99.761554   -0.0011418236
  -30.629441    117.900018   -0.0015454045
  -30.629441    136.038482   -0.0019832239

  -25.917220   -136.038482   -0.0015643796
  -25.917220   -117.900018   -0.0012213193
  -25.917220    -99.761554   -0.0009037814
  -25.917220    -81.623089   -0.0006218610
  -25.917220    -63.484625   -0.0003845451
  -25.917220    -45.346161   -0.0001994580
  -25.917220    -27.207696   -0.0000725989
  -25.917220     -9.069232   -0.0000081110
  -25.917220      9.069232   -0.0000081110
  -25.917220     27.207696   -0.0000725989
  -25.917220     45.346161   -0.0001994580
  -25.917220     63.484625   -0.0003845451
  -25.917220     81.623089   -0.0006218610
  -25.917220     99.761554   -0.0009037814
  -25.917220    117.900018   -0.0012213193
  -25.917220    136.038482   -0.0015643796

  -21.204998   -136.038482   -0.0011781552
  -21.204998   -117.900018   -0.0009219622
  -21.204998    -99.761554   -0.0006836420
  -21.204998    -81.623089   -0.0004711681
  -21.204998    -63.484625   -0.0002917310
  -21.204998    -45.346161   -0.0001514554
  -21.204998    -27.207696   -0.0000551594
  -21.204998     -9.069232   -0.0000061644
  -21.204998      9.069232   -0.0000061644
  -21.204998     27.207696   -0.0000551594
  -21.204998     45.346161   -0.0001514554
  -21.204998     63.484625   -0.0002917310
  -21.204998     81.623089   -0.0004711681
  -21.204998     99.761554   -0.0006836420
  -21.204998    117.900018   -0.0009219622
  -21.204998    136.038482   -0.0011781552

  -16.492776   -136.038482   -0.0008290650
  -16.492776   -117.900018   -0.0006508976
  -16.492776    -99.761554   -0.0004839514
  -16.492776    -81.623089   -0.0003342679
  -16.492776    -63.484625   -0.0002073168
  -16.492776    -45.346161   -0.0001077635
  -16.492776    -27.207696   -0.0000392786
  -16.492776     -9.069232   -0.0000043914
  -16.492776      9.069232   -0.0000043914
  -16.492776     27.207696   -0.0000392786
  -16.492776     45.346161   -0.0001077635
  -16.492776     63.484625   -0.0002073168
  -16.492776     81.623089   -0.0003342679
  -16.492776     99.761554   -0.0004839514
  -16.492776    117.900018   -0.0006508976
  -16.492776    136.038482   -0.0008290650

  -11.780554   -136.038482   -0.0005230001
  -11.780554   -117.900018   -0.0004125435
  -11.780554    -99.761554   -0.0003078895
  -11.780554    -81.623089   -0.0002132993
  -11.780554    -63.484625   -0.0001325989
  -11.780554    -45.346161   -0.0000690432
  -11.780554    -27.207696   -0.0000251939
  -11.780554     -9.069232   -0.0000028183
  -11.780554      9.069232   -0.0000028183
  -11.780554     27.207696   -0.0000251939
  -11.780554     45.346161   -0.0000690432
  -11.780554     63.484625   -0.0001325989
  -11.780554     81.623089   -0.0002132993
  -11.780554     99.761554   -0.0003078895
  -11.780554    117.900018   -0.0004125435
  -11.780554    136.038482   -0.0005230001

   -7.068333   -136.038482   -0.0002674591
   -7.068333   -117.900018   -0.0002124673
   -7.068333    -99.761554   -0.0001594581
   -7.068333    -81.623089   -0.0001109567
   -7.068333    -63.484625   -0.0000692108
   -7.068333    -45.346161   -0.0000361267
   -7.068333    -27.207696   -0.0000132040
   -7.068333     -9.069232   -0.0000014782
   -7.068333      9.069232   -0.0000014782
   -7.068333     27.207696   -0.0000132040
   -7.068333     45.346161   -0.0000361267
   -7.068333     63.484625   -0.0000692108
   -7.068333     81.623089   -0.0001109567
   -7.068333     99.761554   -0.0001594581
   -7.068333    117.900018   -0.0002124673
   -7.068333    136.038482   -0.0002674591

   -2.356111   -136.038482   -0.0000718189
   -2.356111   -117.900018   -0.0000577070
   -2.356111    -99.761554   -0.0000437026
   -2.356111    -81.623089   -0.0000306246
   -2.356111    -63.484625   -0.0000192045
   -2.356111    -45.346161   -0.0000100627
   -2.356111    -27.207696   -0.0000036869
   -2.356111     -9.069232   -0.0000004133
   -2.356111      9.069232   -0.0000004133
   -2.356111     27.207696   -0.0000036869
   -2.356111     45.346161   -0.0000100627
   -2.356111     63.484625   -0.0000192045
   -2.356111     81.623089   -0.0000306246
   -2.356111     99.761554   -0.0000437026
   -2.356111    117.900018   -0.0000577070
   -2.356111    136.038482   -0.0000718189

    2.356111   -136.038482    0.0000522665
    2.356111   -117.900018    0.0000429093
    2.356111    -99.761554    0.0000330427
    2.356111    -81.623089    0.0000234517
    2.356111    -63.484625    0.0000148464
    2.356111    -45.346161    0.0000078315
    2.356111    -27.207696    0.0000028818
    2.356111     -9.069232    0.0000003237
    2.356111      9.069232    0.0000003237
    2.356111     27.207696    0.0000028818
    2.356111     45.346161    0.0000078315
    2.356111     63.484625    0.0000148464
    2.356111     81.623089    0.0000234517
    2.356111     99.761554    0.0000330427
    2.356111    117.900018    0.0000429093
    2.356111    136.038482    0.0000522665

    7.068333   -136.038482    0.0000902814
    7.068333   -117.900018    0.0000784078
    7.068333    -99.761554    0.0000628674
    7.068333    -81.623089    0.0000459517
    7.068333    -63.484625    0.0000297161
    7.068333    -45.346161    0.0000159096
    7.068333    -27.207696    0.0000059096
    7.068333     -9.069232    0.0000006668
    7.068333      9.069232    0.0000006668
    7.068333     27.207696    0.0000059096
    7.068333     45.346161    0.0000159096
    7.068333     63.484625    0.0000297161
    7.068333     81.623089    0.0000459517
    7.068333     99.761554    0.0000628674
    7.068333    117.900018    0.0000784078
    7.068333    136.038482    0.0000902814

   11.780554   -136.038482    0.0000240515
   11.780554   -117.900018    0.0000351752
   11.780554    -99.761554    0.0000359136
   11.780554    -81.623089    0.0000302126
   11.780554    -63.484625    0.0000213628
   11.780554    -45.346161    0.0000121161
   11.780554    -27.207696    0.0000046607
   11.780554     -9.069232    0.0000005347
   11.780554      9.069232    0.0000005347
   11.780554     27.207696    0.0000046607
   11.780554     45.346161    0.0000121161
   11.780554     63.484625    0.0000213628
   11.780554     81.623089    0.0000302126
   11.780554     99.761554    0.0000359136
   11.780554    117.900018    0.0000351752
   11.780554    136.038482    0.0000240515

   16.492776   -136.038482   -0.0001692603
   16.492776   -117.900018   -0.0001038434
   16.492776    -99.761554   -0.0000601541
   16.492776    -81.623089   -0.0000321026
   16.492776    -63.484625   -0.0000152737
   16.492776    -45.346161   -0.0000061251
   16.492776    -27.207696   -0.0000017880
   16.492776     -9.069232   -0.0000001749
   16.492776      9.069232   -0.0000001749
   16.492776     27.207696   -0.0000017880
   16.492776     45.346161   -0.0000061251
   16.492776     63.484625   -0.0000152737
   16.492776     81.623089   -0.0000321026
   16.492776     99.761554   -0.0000601541
   16.492776    117.900018   -0.0001038434
   16.492776    136.038482   -0.0001692603

   21.204998   -136.038482   -0.0005183296
   21.204998   -117.900018   -0.0003604908
   21.204998    -99.761554   -0.0002409329
   21.204998    -81.623089   -0.0001514132
   21.204998    -63.484625   -0.0000865227
   21.204998    -45.346161   -0.0000420727
   21.204998    -27.207696   -0.0000146212
   21.204998     -9.069232   -0.0000015944
   21.204998      9.069232   -0.0000015944
   21.204998     27.207696   -0.0000146212
   21.204998     45.346161   -0.0000420727
   21.204998     63.484625   -0.0000865227
   21.204998     81.623089   -0.0001514132
   21.204998     99.761554   -0.0002409329
   21.204998    117.900018   -0.0003604908
   21.204998    136.038482   -0.0005183296

   25.917220   -136.038482   -0.0010589502
   25.917220   -117.900018   -0.0007635879
   25.917220    -99.761554   -0.0005264473
   25.917220    -81.623089   -0.0003407200
   25.917220    -63.484625   -0.0002002873
   25.917220    -45.346161   -0.0000999047
   25.917220    -27.207696   -0.0000354084
   25.917220     -9.069232   -0.0000039030
   25.917220      9.069232   -0.0000039030
   25.917220     27.207696   -0.0000354084
   25.917220     45.346161   -0.0000999047
   25.917220     63.484625   -0.0002002873
   25.917220     81.623089   -0.0003407200
   25.917220     99.761554   -0.0005264473
   25.917220    117.900018   -0.0007635879
   25.917220    136.038482   -0.0010589502

