  -38.681015    -42.952389    0.0830958764
  -38.681015    -37.225404    0.0751075103
  -38.681015    -31.498419    0.0681936913
  -38.681015    -25.771434    0.0623587337
  -38.681015    -20.044448    0.0576120262
  -38.681015    -14.317463    0.0539681195
  -38.681015     -8.590478    0.0514468328
  -38.681015     -2.863493    0.0500733792
  -38.681015      2.863493    0.0498785100
  -38.681015      8.590478    0.0508986774
  -38.681015     14.317463    0.0531762170
  -38.681015     20.044448    0.0567595485
  -38.681015     25.771434    0.0617033950
  -38.681015     31.498419    0.0680690222
  -38.681015     37.225404    0.0759244953
  -38.681015     42.952389    0.0853449560

  -33.523546    -42.952389    0.0696440680
  -33.523546    -37.225404    0.0617330273
  -33.523546    -31.498419    0.0549096451
  -33.523546    -25.771434    0.0491733813
  -33.523546    -20.044448    0.0445287916
  -33.523546    -14.317463    0.0409855804
  -33.523546     -8.590478    0.0385586744
  -33.523546     -2.863493    0.0372683164
  -33.523546      2.863493    0.0371401803
  -33.523546      8.590478    0.0382055058
  -33.523546     14.317463    0.0405012539
  -33.523546     20.044448    0.0440702835
  -33.523546     25.771434    0.0489615475
  -33.523546     31.498419    0.0552303100
  -33.523546     37.225404    0.0629383841
  -33.523546     42.952389    0.0721543901

  -28.366078    -42.952389    0.0584167457
  -28.366078    -37.225404    0.0505484882
  -28.366078    -31.498419    0.0437830352
  -28.366078    -25.771434    0.0381151337
  -28.366078    -20.044448    0.0335446045
  -28.366078    -14.317463    0.0300763846
  -28.366078     -8.590478    0.0277205882
  -28.366078     -2.863493    0.0264925837
  -28.366078      2.863493    0.0264130895
  -28.366078      8.590478    0.0275082865
  -28.366078     14.317463    0.0298099481
  -28.366078     20.044448    0.0333555877
  -28.366078     25.771434    0.0381886236
  -28.366078     31.498419    0.0443585613
  -28.366078     37.225404    0.0519211935
  -28.366078     42.952389    0.0609388170

  -23.208609    -42.952389    0.0492990943
  -23.208609    -37.225404    0.0414417366
  -23.208609    -31.498419    0.0347046350
  -23.208609    -25.771434    0.0290778370
  -23.208609    -20.044448    0.0245564591
  -23.208609    -14.317463    0.0211407206
  -23.208609     -8.590478    0.0188359909
  -23.208609     -2.863493    0.0176528518
  -23.208609      2.863493    0.0176071737
  -23.208609      8.590478    0.0187202066
  -23.208609     14.317463    0.0210186854
  -23.208609     20.044448    0.0245349499
  -23.208609     25.771434    0.0293070785
  -23.208609     31.498419    0.0353790372
  -23.208609     37.225404    0.0428008425
  -23.208609     42.952389    0.0516287386

  -18.051140    -42.952389    0.0421945300
  -18.051140    -37.225404    0.0343186632
  -18.051140    -31.498419    0.0275830013
  -18.051140    -25.771434    0.0219728429
  -18.051140    -20.044448    0.0174785921
  -18.051140    -14.317463    0.0140957735
  -18.051140     -8.590478    0.0118250607
  -18.051140     -2.863493    0.0106723179
  -18.051140      2.863493    0.0106486542
  -18.051140      8.590478    0.0117704921
  -18.051140     14.317463    0.0140596485
  -18.051140     20.044448    0.0175434292
  -18.051140     25.771434    0.0222547364
  -18.051140     31.498419    0.0282321900
  -18.051140     37.225404    0.0355202614
  -18.051140     42.952389    0.0441694213

  -12.893672    -42.952389    0.0370237641
  -12.893672    -37.225404    0.0291022886
  -12.893672    -31.498419    0.0223436073
  -12.893672    -25.771434    0.0167281990
  -12.893672    -20.044448    0.0122417232
  -12.893672    -14.317463    0.0088750100
  -12.893672     -8.590478    0.0066240619
  -12.893672     -2.863493    0.0054900704
  -12.893672      2.863493    0.0054794467
  -12.893672      8.590478    0.0066038649
  -12.893672     14.317463    0.0088803201
  -12.893672     20.044448    0.0123311998
  -12.893672     25.771434    0.0169843686
  -12.893672     31.498419    0.0228732675
  -12.893672     37.225404    0.0300370263
  -12.893672     42.952389    0.0385205900

   -7.736203    -42.952389    0.0337239911
   -7.736203    -37.225404    0.0257319736
   -7.736203    -31.498419    0.0189281024
   -7.736203    -25.771434    0.0132879610
   -7.736203    -20.044448    0.0087924177
   -7.736203    -14.317463    0.0054275844
   -7.736203     -8.590478    0.0031847918
   -7.736203     -2.863493    0.0020605779
   -7.736203      2.863493    0.0020566933
   -7.736203      8.590478    0.0031801202
   -7.736203     14.317463    0.0054431069
   -7.736203     20.044448    0.0088632173
   -7.736203     25.771434    0.0134633954
   -7.736203     31.498419    0.0192720444
   -7.736203     37.225404    0.0263231215
   -7.736203     42.952389    0.0346562472

   -2.578734    -42.952389    0.0322482007
   -2.578734    -37.225404    0.0241627587
   -2.578734    -31.498419    0.0172936979
   -2.578734    -25.771434    0.0116116299
   -2.578734    -20.044448    0.0070925693
   -2.578734    -14.317463    0.0037178654
   -2.578734     -8.590478    0.0014741496
   -2.578734     -2.863493    0.0003532993
   -2.578734      2.863493    0.0003524171
   -2.578734      8.590478    0.0014738269
   -2.578734     14.317463    0.0037250847
   -2.578734     20.044448    0.0071190063
   -2.578734     25.771434    0.0116737107
   -2.578734     31.498419    0.0174126793
   -2.578734     37.225404    0.0243648313
   -2.578734     42.952389    0.0325646146

    2.578734    -42.952389    0.0325646146
    2.578734    -37.225404    0.0243648313
    2.578734    -31.498419    0.0174126793
    2.578734    -25.771434    0.0116737107
    2.578734    -20.044448    0.0071190063
    2.578734    -14.317463    0.0037250847
    2.578734     -8.590478    0.0014738269
    2.578734     -2.863493    0.0003524171
    2.578734      2.863493    0.0003532993
    2.578734      8.590478    0.0014741496
    2.578734     14.317463    0.0037178654
    2.578734     20.044448    0.0070925693
    2.578734     25.771434    0.0116116299
    2.578734     31.498419    0.0172936979
    2.578734     37.225404    0.0241627587
    2.578734     42.952389    0.0322482007

    7.736203    -42.952389    0.0346562472
    7.736203    -37.225404    0.0263231215
    7.736203    -31.498419    0.0192720444
    7.736203    -25.771434    0.0134633954
    7.736203    -20.044448    0.0088632173
    7.736203    -14.317463    0.0054431069
    7.736203     -8.590478    0.0031801202
    7.736203     -2.863493    0.0020566933
    7.736203      2.863493    0.0020605779
    7.736203      8.590478    0.0031847918
    7.736203     14.317463    0.0054275844
    7.736203     20.044448    0.0087924177
    7.736203     25.771434    0.0132879610
    7.736203     31.498419    0.0189281024
    7.736203     37.225404    0.0257319736
    7.736203     42.952389    0.0337239911

   12.893672    -42.952389    0.0385205900
   12.893672    -37.225404    0.0300370263
   12.893672    -31.498419    0.0228732675
   12.893672    -25.771434    0.0169843686
   12.893672    -20.044448    0.0123311998
   12.893672    -14.317463    0.0088803201
   12.893672     -8.590478    0.0066038649
   12.893672     -2.863493    0.0054794467
   12.893672      2.863493    0.0054900704
   12.893672      8.590478    0.0066240619
   12.893672     14.317463    0.0088750100
   12.893672     20.044448    0.0122417232
   12.893672     25.771434    0.0167281990
   12.893672     31.498419    0.0223436073
   12.893672     37.225404    0.0291022886
   12.893672     42.952389    0.0370237641

   18.051140    -42.952389    0.0441694213
   18.051140    -37.225404    0.0355202614
   18.051140    -31.498419    0.0282321900
   18.051140    -25.771434    0.0222547364
   18.051140    -20.044448    0.0175434292
   18.051140    -14.317463    0.0140596485
   18.051140     -8.590478    0.0117704921
   18.051140     -2.863493    0.0106486542
   18.051140      2.863493    0.0106723179
   18.051140      8.590478    0.0118250607
   18.051140     14.317463    0.0140957735
   18.051140     20.044448    0.0174785921
   18.051140     25.771434    0.0219728429
   18.051140     31.498419    0.0275830013
   18.051140     37.225404    0.0343186632
   18.051140     42.952389    0.0421945300

   23.208609    -42.952389    0.0516287386
   23.208609    -37.225404    0.0428008425
   23.208609    -31.498419    0.0353790372
   23.208609    -25.771434    0.0293070785
   23.208609    -20.044448    0.0245349499
   23.208609    -14.317463    0.0210186854
   23.208609     -8.590478    0.0187202066
   23.208609     -2.863493    0.0176071737
   23.208609      2.863493    0.0176528518
   23.208609      8.590478    0.0188359909
   23.208609     14.317463    0.0211407206
   23.208609     20.044448    0.0245564591
   23.208609     25.771434    0.0290778370
   23.208609     31.498419    0.0347046350
   23.208609     37.225404    0.0414417366
   23.208609     42.952389    0.0492990943

   28.366078    -42.952389    0.0609388170
   28.366078    -37.225404    0.0519211935
   28.366078    -31.498419    0.0443585613
   28.366078    -25.771434    0.0381886236
   28.366078    -20.044448    0.0333555877
   28.366078    -14.317463    0.0298099481
   28.366078     -8.590478    0.0275082865
   28.366078     -2.863493    0.0264130895
   28.366078      2.863493    0.0264925837
   28.366078      8.590478    0.0277205882
   28.366078     14.317463    0.0300763846
   28.366078     20.044448    0.0335446045
   28.366078     25.771434    0.0381151337
   28.366078     31.498419    0.0437830352
   28.366078     37.225404    0.0505484882
   28.366078     42.952389    0.0584167457

   33.523546    -42.952389    0.0721543901
   33.523546    -37.225404    0.0629383841
   33.523546    -31.498419    0.0552303100
   33.523546    -25.771434    0.0489615475
   33.523546    -20.044448    0.0440702835
   33.523546    -14.317463    0.0405012539
   33.523546     -8.590478    0.0382055058
   33.523546     -2.863493    0.0371401803
   33.523546      2.863493    0.0372683164
   33.523546      8.590478    0.0385586744
   33.523546     14.317463    0.0409855804
   33.523546     20.044448    0.0445287916
   33.523546     25.771434    0.0491733813
   33.523546     31.498419    0.0549096451
   33.523546     37.225404    0.0617330273
   33.523546     42.952389    0.0696440680

   38.681015    -42.952389    0.0853449560
   38.681015    -37.225404    0.0759244953
   38.681015    -31.498419    0.0680690222
   38.681015    -25.771434    0.0617033950
   38.681015    -20.044448    0.0567595485
   38.681015    -14.317463    0.0531762170
   38.681015     -8.590478    0.0508986774
   38.681015     -2.863493    0.0498785100
   38.681015      2.863493    0.0500733792
   38.681015      8.590478    0.0514468328
   38.681015     14.317463    0.0539681195
   38.681015     20.044448    0.0576120262
   38.681015     25.771434    0.0623587337
   38.681015     31.498419    0.0681936913
   38.681015     37.225404    0.0751075103
   38.681015     42.952389    0.0830958764

