  -47.136383    -55.127356    0.0006283765
  -47.136383    -47.777042    0.0005982511
  -47.136383    -40.426728    0.0005143009
  -47.136383    -33.076414    0.0003973267
  -47.136383    -25.726100    0.0002683999
  -47.136383    -18.375785    0.0001484601
  -47.136383    -11.025471    0.0000563573
  -47.136383     -3.675157    0.0000064288
  -47.136383      3.675157    0.0000064288
  -47.136383     11.025471    0.0000563573
  -47.136383     18.375785    0.0001484601
  -47.136383     25.726100    0.0002683999
  -47.136383     33.076414    0.0003973267
  -47.136383     40.426728    0.0005143009
  -47.136383     47.777042    0.0005982511
  -47.136383     55.127356    0.0006283765

  -40.851532    -55.127356    0.0003766248
  -40.851532    -47.777042    0.0003965964
  -40.851532    -40.426728    0.0003351812
  -40.851532    -33.076414    0.0002553486
  -40.851532    -25.726100    0.0001740863
  -40.851532    -18.375785    0.0000985792
  -40.851532    -11.025471    0.0000383298
  -40.851532     -3.675157    0.0000044359
  -40.851532      3.675157    0.0000044359
  -40.851532     11.025471    0.0000383298
  -40.851532     18.375785    0.0000985792
  -40.851532     25.726100    0.0001740863
  -40.851532     33.076414    0.0002553486
  -40.851532     40.426728    0.0003351812
  -40.851532     47.777042    0.0003965964
  -40.851532     55.127356    0.0003766248

  -34.566681    -55.127356    0.0001557342
  -34.566681    -47.777042    0.0001828655
  -34.566681    -40.426728    0.0001679053
  -34.566681    -33.076414    0.0001352489
  -34.566681    -25.726100    0.0000950267
  -34.566681    -18.375785    0.0000544807
  -34.566681    -11.025471    0.0000212531
  -34.566681     -3.675157    0.0000024601
  -34.566681      3.675157    0.0000024601
  -34.566681     11.025471    0.0000212531
  -34.566681     18.375785    0.0000544807
  -34.566681     25.726100    0.0000950267
  -34.566681     33.076414    0.0001352489
  -34.566681     40.426728    0.0001679053
  -34.566681     47.777042    0.0001828655
  -34.566681     55.127356    0.0001557342

  -28.281830    -55.127356   -0.0000196726
  -28.281830    -47.777042    0.0000133103
  -28.281830    -40.426728    0.0000338017
  -28.281830    -33.076414    0.0000380761
  -28.281830    -25.726100    0.0000307998
  -28.281830    -18.375785    0.0000186611
  -28.281830    -11.025471    0.0000074068
  -28.281830     -3.675157    0.0000008603
  -28.281830      3.675157    0.0000008603
  -28.281830     11.025471    0.0000074068
  -28.281830     18.375785    0.0000186611
  -28.281830     25.726100    0.0000307998
  -28.281830     33.076414    0.0000380761
  -28.281830     40.426728    0.0000338017
  -28.281830     47.777042    0.0000133103
  -28.281830     55.127356   -0.0000196726

  -21.996979    -55.127356   -0.0001372936
  -21.996979    -47.777042   -0.0000956130
  -21.996979    -40.426728   -0.0000575162
  -21.996979    -33.076414   -0.0000312480
  -21.996979    -25.726100   -0.0000155426
  -21.996979    -18.375785   -0.0000068331
  -21.996979    -11.025471   -0.0000022477
  -21.996979     -3.675157   -0.0000002401
  -21.996979      3.675157   -0.0000002401
  -21.996979     11.025471   -0.0000022477
  -21.996979     18.375785   -0.0000068331
  -21.996979     25.726100   -0.0000155426
  -21.996979     33.076414   -0.0000312480
  -21.996979     40.426728   -0.0000575162
  -21.996979     47.777042   -0.0000956130
  -21.996979     55.127356   -0.0001372936

  -15.712128    -55.127356   -0.0001881054
  -15.712128    -47.777042   -0.0001426456
  -15.712128    -40.426728   -0.0001018937
  -15.712128    -33.076414   -0.0000677157
  -15.712128    -25.726100   -0.0000406288
  -15.712128    -18.375785   -0.0000205834
  -15.712128    -11.025471   -0.0000073736
  -15.712128     -3.675157   -0.0000008172
  -15.712128      3.675157   -0.0000008172
  -15.712128     11.025471   -0.0000073736
  -15.712128     18.375785   -0.0000205834
  -15.712128     25.726100   -0.0000406288
  -15.712128     33.076414   -0.0000677157
  -15.712128     40.426728   -0.0001018937
  -15.712128     47.777042   -0.0001426456
  -15.712128     55.127356   -0.0001881054

   -9.427277    -55.127356   -0.0001670046
   -9.427277    -47.777042   -0.0001296513
   -9.427277    -40.426728   -0.0000976119
   -9.427277    -33.076414   -0.0000681087
   -9.427277    -25.726100   -0.0000422670
   -9.427277    -18.375785   -0.0000218173
   -9.427277    -11.025471   -0.0000078787
   -9.427277     -3.675157   -0.0000008754
   -9.427277      3.675157   -0.0000008754
   -9.427277     11.025471   -0.0000078787
   -9.427277     18.375785   -0.0000218173
   -9.427277     25.726100   -0.0000422670
   -9.427277     33.076414   -0.0000681087
   -9.427277     40.426728   -0.0000976119
   -9.427277     47.777042   -0.0001296513
   -9.427277     55.127356   -0.0001670046

   -3.142426    -55.127356   -0.0000731950
   -3.142426    -47.777042   -0.0000577504
   -3.142426    -40.426728   -0.0000444766
   -3.142426    -33.076414   -0.0000316412
   -3.142426    -25.726100   -0.0000199114
   -3.142426    -18.375785   -0.0000103706
   -3.142426    -11.025471   -0.0000037645
   -3.142426     -3.675157   -0.0000004192
   -3.142426      3.675157   -0.0000004192
   -3.142426     11.025471   -0.0000037645
   -3.142426     18.375785   -0.0000103706
   -3.142426     25.726100   -0.0000199114
   -3.142426     33.076414   -0.0000316412
   -3.142426     40.426728   -0.0000444766
   -3.142426     47.777042   -0.0000577504
   -3.142426     55.127356   -0.0000731950

    3.142426    -55.127356    0.0000896391
    3.142426    -47.777042    0.0000719063
    3.142426    -40.426728    0.0000559119
    3.142426    -33.076414    0.0000400871
    3.142426    -25.726100    0.0000254210
    3.142426    -18.375785    0.0000133381
    3.142426    -11.025471    0.0000048706
    3.142426     -3.675157    0.0000005442
    3.142426      3.675157    0.0000005442
    3.142426     11.025471    0.0000048706
    3.142426     18.375785    0.0000133381
    3.142426     25.726100    0.0000254210
    3.142426     33.076414    0.0000400871
    3.142426     40.426728    0.0000559119
    3.142426     47.777042    0.0000719063
    3.142426     55.127356    0.0000896391

    9.427277    -55.127356    0.0003133547
    9.427277    -47.777042    0.0002555551
    9.427277    -40.426728    0.0001994617
    9.427277    -33.076414    0.0001434239
    9.427277    -25.726100    0.0000914240
    9.427277    -18.375785    0.0000482930
    9.427277    -11.025471    0.0000177453
    9.427277     -3.675157    0.0000019902
    9.427277      3.675157    0.0000019902
    9.427277     11.025471    0.0000177453
    9.427277     18.375785    0.0000482930
    9.427277     25.726100    0.0000914240
    9.427277     33.076414    0.0001434239
    9.427277     40.426728    0.0001994617
    9.427277     47.777042    0.0002555551
    9.427277     55.127356    0.0003133547

   15.712128    -55.127356    0.0005855706
   15.712128    -47.777042    0.0004845122
   15.712128    -40.426728    0.0003790315
   15.712128    -33.076414    0.0002730178
   15.712128    -25.726100    0.0001747466
   15.712128    -18.375785    0.0000928331
   15.712128    -11.025471    0.0000342950
   15.712128     -3.675157    0.0000038587
   15.712128      3.675157    0.0000038587
   15.712128     11.025471    0.0000342950
   15.712128     18.375785    0.0000928331
   15.712128     25.726100    0.0001747466
   15.712128     33.076414    0.0002730178
   15.712128     40.426728    0.0003790315
   15.712128     47.777042    0.0004845122
   15.712128     55.127356    0.0005855706

   21.996979    -55.127356    0.0008901137
   21.996979    -47.777042    0.0007444889
   21.996979    -40.426728    0.0005843963
   21.996979    -33.076414    0.0004220640
   21.996979    -25.726100    0.0002711135
   21.996979    -18.375785    0.0001446172
   21.996979    -11.025471    0.0000536154
   21.996979     -3.675157    0.0000060450
   21.996979      3.675157    0.0000060450
   21.996979     11.025471    0.0000536154
   21.996979     18.375785    0.0001446172
   21.996979     25.726100    0.0002711135
   21.996979     33.076414    0.0004220640
   21.996979     40.426728    0.0005843963
   21.996979     47.777042    0.0007444889
   21.996979     55.127356    0.0008901137

   28.281830    -55.127356    0.0012077380
   28.281830    -47.777042    0.0010171295
   28.281830    -40.426728    0.0008029364
   28.281830    -33.076414    0.0005824534
   28.281830    -25.726100    0.0003753630
   28.281830    -18.375785    0.0002006844
   28.281830    -11.025471    0.0000745094
   28.281830     -3.675157    0.0000084066
   28.281830      3.675157    0.0000084066
   28.281830     11.025471    0.0000745094
   28.281830     18.375785    0.0002006844
   28.281830     25.726100    0.0003753630
   28.281830     33.076414    0.0005824534
   28.281830     40.426728    0.0008029364
   28.281830     47.777042    0.0010171295
   28.281830     55.127356    0.0012077380

   34.566681    -55.127356    0.0015171882
   34.566681    -47.777042    0.0012836341
   34.566681    -40.426728    0.0010210676
   34.566681    -33.076414    0.0007449723
   34.566681    -25.726100    0.0004815744
   34.566681    -18.375785    0.0002577313
   34.566681    -11.025471    0.0000956859
   34.566681     -3.675157    0.0000107931
   34.566681      3.675157    0.0000107931
   34.566681     11.025471    0.0000956859
   34.566681     18.375785    0.0002577313
   34.566681     25.726100    0.0004815744
   34.566681     33.076414    0.0007449723
   34.566681     40.426728    0.0010210676
   34.566681     47.777042    0.0012836341
   34.566681     55.127356    0.0015171882

   40.851532    -55.127356    0.0017966995
   40.851532    -47.777042    0.0015295829
   40.851532    -40.426728    0.0012262463
   40.851532    -33.076414    0.0008998402
   40.851532    -25.726100    0.0005835863
   40.851532    -18.375785    0.0003127616
   40.851532    -11.025471    0.0001161579
   40.851532     -3.675157    0.0000131022
   40.851532      3.675157    0.0000131022
   40.851532     11.025471    0.0001161579
   40.851532     18.375785    0.0003127616
   40.851532     25.726100    0.0005835863
   40.851532     33.076414    0.0008998402
   40.851532     40.426728    0.0012262463
   40.851532     47.777042    0.0015295829
   40.851532     55.127356    0.0017966995

   47.136383    -55.127356    0.0020260492
   47.136383    -47.777042    0.0017493386
   47.136383    -40.426728    0.0014091976
   47.136383    -33.076414    0.0010380104
   47.136383    -25.726100    0.0006763429
   47.136383    -18.375785    0.0003643067
   47.136383    -11.025471    0.0001358799
   47.136383     -3.675157    0.0000153641
   47.136383      3.675157    0.0000153641
   47.136383     11.025471    0.0001358799
   47.136383     18.375785    0.0003643067
   47.136383     25.726100    0.0006763429
   47.136383     33.076414    0.0010380104
   47.136383     40.426728    0.0014091976
   47.136383     47.777042    0.0017493386
   47.136383     55.127356    0.0020260492

