  -47.456659    -54.177403    0.0009118362
  -47.456659    -46.953749    0.0008193413
  -47.456659    -39.730095    0.0006775506
  -47.456659    -32.506442    0.0005085400
  -47.456659    -25.282788    0.0003360166
  -47.456659    -18.059134    0.0001828483
  -47.456659    -10.835481    0.0000686614
  -47.456659     -3.611827    0.0000077899
  -47.456659      3.611827    0.0000077899
  -47.456659     10.835481    0.0000686614
  -47.456659     18.059134    0.0001828483
  -47.456659     25.282788    0.0003360166
  -47.456659     32.506442    0.0005085400
  -47.456659     39.730095    0.0006775506
  -47.456659     46.953749    0.0008193413
  -47.456659     54.177403    0.0009118362

  -41.129105    -54.177403    0.0007473000
  -41.129105    -46.953749    0.0006669276
  -41.129105    -39.730095    0.0005476785
  -41.129105    -32.506442    0.0004093398
  -41.129105    -25.282788    0.0002700500
  -41.129105    -18.059134    0.0001469651
  -41.129105    -10.835481    0.0000552257
  -41.129105     -3.611827    0.0000062690
  -41.129105      3.611827    0.0000062690
  -41.129105     10.835481    0.0000552257
  -41.129105     18.059134    0.0001469651
  -41.129105     25.282788    0.0002700500
  -41.129105     32.506442    0.0004093398
  -41.129105     39.730095    0.0005476785
  -41.129105     46.953749    0.0006669276
  -41.129105     54.177403    0.0007473000

  -34.801550    -54.177403    0.0005754619
  -34.801550    -46.953749    0.0005097406
  -34.801550    -39.730095    0.0004171520
  -34.801550    -32.506442    0.0003108744
  -34.801550    -25.282788    0.0002044657
  -34.801550    -18.059134    0.0001109505
  -34.801550    -10.835481    0.0000415976
  -34.801550     -3.611827    0.0000047161
  -34.801550      3.611827    0.0000047161
  -34.801550     10.835481    0.0000415976
  -34.801550     18.059134    0.0001109505
  -34.801550     25.282788    0.0002044657
  -34.801550     32.506442    0.0003108744
  -34.801550     39.730095    0.0004171520
  -34.801550     46.953749    0.0005097406
  -34.801550     54.177403    0.0005754619

  -28.473996    -54.177403    0.0004087244
  -28.473996    -46.953749    0.0003600478
  -28.473996    -39.730095    0.0002938357
  -28.473996    -32.506442    0.0002184344
  -28.473996    -25.282788    0.0001432925
  -28.473996    -18.059134    0.0000775631
  -28.473996    -10.835481    0.0000290237
  -28.473996     -3.611827    0.0000032871
  -28.473996      3.611827    0.0000032871
  -28.473996     10.835481    0.0000290237
  -28.473996     18.059134    0.0000775631
  -28.473996     25.282788    0.0001432925
  -28.473996     32.506442    0.0002184344
  -28.473996     39.730095    0.0002938357
  -28.473996     46.953749    0.0003600478
  -28.473996     54.177403    0.0004087244

  -22.146441    -54.177403    0.0002589880
  -22.146441    -46.953749    0.0002274208
  -22.146441    -39.730095    0.0001850709
  -22.146441    -32.506442    0.0001372726
  -22.146441    -25.282788    0.0000899043
  -22.146441    -18.059134    0.0000486109
  -22.146441    -10.835481    0.0000181776
  -22.146441     -3.611827    0.0000020580
  -22.146441      3.611827    0.0000020580
  -22.146441     10.835481    0.0000181776
  -22.146441     18.059134    0.0000486109
  -22.146441     25.282788    0.0000899043
  -22.146441     32.506442    0.0001372726
  -22.146441     39.730095    0.0001850709
  -22.146441     46.953749    0.0002274208
  -22.146441     54.177403    0.0002589880

  -15.818886    -54.177403    0.0001367318
  -15.818886    -46.953749    0.0001199034
  -15.818886    -39.730095    0.0000973048
  -15.818886    -32.506442    0.0000720358
  -15.818886    -25.282788    0.0000471432
  -15.818886    -18.059134    0.0000254914
  -15.818886    -10.835481    0.0000095358
  -15.818886     -3.611827    0.0000010799
  -15.818886      3.611827    0.0000010799
  -15.818886     10.835481    0.0000095358
  -15.818886     18.059134    0.0000254914
  -15.818886     25.282788    0.0000471432
  -15.818886     32.506442    0.0000720358
  -15.818886     39.730095    0.0000973048
  -15.818886     46.953749    0.0001199034
  -15.818886     54.177403    0.0001367318

   -9.491332    -54.177403    0.0000503438
   -9.491332    -46.953749    0.0000441332
   -9.491332    -39.730095    0.0000357353
   -9.491332    -32.506442    0.0000264178
   -9.491332    -25.282788    0.0000172852
   -9.491332    -18.059134    0.0000093517
   -9.491332    -10.835481    0.0000035009
   -9.491332     -3.611827    0.0000003967
   -9.491332      3.611827    0.0000003967
   -9.491332     10.835481    0.0000035009
   -9.491332     18.059134    0.0000093517
   -9.491332     25.282788    0.0000172852
   -9.491332     32.506442    0.0000264178
   -9.491332     39.730095    0.0000357353
   -9.491332     46.953749    0.0000441332
   -9.491332     54.177403    0.0000503438

   -3.163777    -54.177403    0.0000056566
   -3.163777    -46.953749    0.0000049589
   -3.163777    -39.730095    0.0000040103
   -3.163777    -32.506442    0.0000029624
   -3.163777    -25.282788    0.0000019383
   -3.163777    -18.059134    0.0000010491
   -3.163777    -10.835481    0.0000003930
   -3.163777     -3.611827    0.0000000445
   -3.163777      3.611827    0.0000000445
   -3.163777     10.835481    0.0000003930
   -3.163777     18.059134    0.0000010491
   -3.163777     25.282788    0.0000019383
   -3.163777     32.506442    0.0000029624
   -3.163777     39.730095    0.0000040103
   -3.163777     46.953749    0.0000049589
   -3.163777     54.177403    0.0000056566

    3.163777    -54.177403    0.0000056566
    3.163777    -46.953749    0.0000049589
    3.163777    -39.730095    0.0000040103
    3.163777    -32.506442    0.0000029624
    3.163777    -25.282788    0.0000019383
    3.163777    -18.059134    0.0000010491
    3.163777    -10.835481    0.0000003930
    3.163777     -3.611827    0.0000000445
    3.163777      3.611827    0.0000000445
    3.163777     10.835481    0.0000003930
    3.163777     18.059134    0.0000010491
    3.163777     25.282788    0.0000019383
    3.163777     32.506442    0.0000029624
    3.163777     39.730095    0.0000040103
    3.163777     46.953749    0.0000049589
    3.163777     54.177403    0.0000056566

    9.491332    -54.177403    0.0000503438
    9.491332    -46.953749    0.0000441332
    9.491332    -39.730095    0.0000357353
    9.491332    -32.506442    0.0000264178
    9.491332    -25.282788    0.0000172852
    9.491332    -18.059134    0.0000093517
    9.491332    -10.835481    0.0000035009
    9.491332     -3.611827    0.0000003967
    9.491332      3.611827    0.0000003967
    9.491332     10.835481    0.0000035009
    9.491332     18.059134    0.0000093517
    9.491332     25.282788    0.0000172852
    9.491332     32.506442    0.0000264178
    9.491332     39.730095    0.0000357353
    9.491332     46.953749    0.0000441332
    9.491332     54.177403    0.0000503438

   15.818886    -54.177403    0.0001367318
   15.818886    -46.953749    0.0001199034
   15.818886    -39.730095    0.0000973048
   15.818886    -32.506442    0.0000720358
   15.818886    -25.282788    0.0000471432
   15.818886    -18.059134    0.0000254914
   15.818886    -10.835481    0.0000095358
   15.818886     -3.611827    0.0000010799
   15.818886      3.611827    0.0000010799
   15.818886     10.835481    0.0000095358
   15.818886     18.059134    0.0000254914
   15.818886     25.282788    0.0000471432
   15.818886     32.506442    0.0000720358
   15.818886     39.730095    0.0000973048
   15.818886     46.953749    0.0001199034
   15.818886     54.177403    0.0001367318

   22.146441    -54.177403    0.0002589880
   22.146441    -46.953749    0.0002274208
   22.146441    -39.730095    0.0001850709
   22.146441    -32.506442    0.0001372726
   22.146441    -25.282788    0.0000899043
   22.146441    -18.059134    0.0000486109
   22.146441    -10.835481    0.0000181776
   22.146441     -3.611827    0.0000020580
   22.146441      3.611827    0.0000020580
   22.146441     10.835481    0.0000181776
   22.146441     18.059134    0.0000486109
   22.146441     25.282788    0.0000899043
   22.146441     32.506442    0.0001372726
   22.146441     39.730095    0.0001850709
   22.146441     46.953749    0.0002274208
   22.146441     54.177403    0.0002589880

   28.473996    -54.177403    0.0004087244
   28.473996    -46.953749    0.0003600478
   28.473996    -39.730095    0.0002938357
   28.473996    -32.506442    0.0002184344
   28.473996    -25.282788    0.0001432925
   28.473996    -18.059134    0.0000775631
   28.473996    -10.835481    0.0000290237
   28.473996     -3.611827    0.0000032871
   28.473996      3.611827    0.0000032871
   28.473996     10.835481    0.0000290237
   28.473996     18.059134    0.0000775631
   28.473996     25.282788    0.0001432925
   28.473996     32.506442    0.0002184344
   28.473996     39.730095    0.0002938357
   28.473996     46.953749    0.0003600478
   28.473996     54.177403    0.0004087244

   34.801550    -54.177403    0.0005754619
   34.801550    -46.953749    0.0005097406
   34.801550    -39.730095    0.0004171520
   34.801550    -32.506442    0.0003108744
   34.801550    -25.282788    0.0002044657
   34.801550    -18.059134    0.0001109505
   34.801550    -10.835481    0.0000415976
   34.801550     -3.611827    0.0000047161
   34.801550      3.611827    0.0000047161
   34.801550     10.835481    0.0000415976
   34.801550     18.059134    0.0001109505
   34.801550     25.282788    0.0002044657
   34.801550     32.506442    0.0003108744
   34.801550     39.730095    0.0004171520
   34.801550     46.953749    0.0005097406
   34.801550     54.177403    0.0005754619

   41.129105    -54.177403    0.0007473000
   41.129105    -46.953749    0.0006669276
   41.129105    -39.730095    0.0005476785
   41.129105    -32.506442    0.0004093398
   41.129105    -25.282788    0.0002700500
   41.129105    -18.059134    0.0001469651
   41.129105    -10.835481    0.0000552257
   41.129105     -3.611827    0.0000062690
   41.129105      3.611827    0.0000062690
   41.129105     10.835481    0.0000552257
   41.129105     18.059134    0.0001469651
   41.129105     25.282788    0.0002700500
   41.129105     32.506442    0.0004093398
   41.129105     39.730095    0.0005476785
   41.129105     46.953749    0.0006669276
   41.129105     54.177403    0.0007473000

   47.456659    -54.177403    0.0009118362
   47.456659    -46.953749    0.0008193413
   47.456659    -39.730095    0.0006775506
   47.456659    -32.506442    0.0005085400
   47.456659    -25.282788    0.0003360166
   47.456659    -18.059134    0.0001828483
   47.456659    -10.835481    0.0000686614
   47.456659     -3.611827    0.0000077899
   47.456659      3.611827    0.0000077899
   47.456659     10.835481    0.0000686614
   47.456659     18.059134    0.0001828483
   47.456659     25.282788    0.0003360166
   47.456659     32.506442    0.0005085400
   47.456659     39.730095    0.0006775506
   47.456659     46.953749    0.0008193413
   47.456659     54.177403    0.0009118362

