  -44.510090    -91.194683    0.0541024892
  -44.510090    -79.035392    0.0517504799
  -44.510090    -66.876101    0.0498268697
  -44.510090    -54.716810    0.0482884032
  -44.510090    -42.557519    0.0470995429
  -44.510090    -30.398228    0.0462321916
  -44.510090    -18.238937    0.0456654704
  -44.510090     -6.079646    0.0453855526
  -44.510090      6.079646    0.0453855526
  -44.510090     18.238937    0.0456654704
  -44.510090     30.398228    0.0462321916
  -44.510090     42.557519    0.0470995429
  -44.510090     54.716810    0.0482884032
  -44.510090     66.876101    0.0498268697
  -44.510090     79.035392    0.0517504799
  -44.510090     91.194683    0.0541024892

  -39.273609    -91.194683    0.0450313125
  -39.273609    -79.035392    0.0426770299
  -39.273609    -66.876101    0.0407499633
  -39.273609    -54.716810    0.0392077123
  -39.273609    -42.557519    0.0380153193
  -39.273609    -30.398228    0.0371450641
  -39.273609    -18.238937    0.0365763004
  -39.273609     -6.079646    0.0362953323
  -39.273609      6.079646    0.0362953323
  -39.273609     18.238937    0.0365763004
  -39.273609     30.398228    0.0371450641
  -39.273609     42.557519    0.0380153193
  -39.273609     54.716810    0.0392077123
  -39.273609     66.876101    0.0407499633
  -39.273609     79.035392    0.0426770299
  -39.273609     91.194683    0.0450313125

  -34.037128    -91.194683    0.0367226431
  -34.037128    -79.035392    0.0343790651
  -34.037128    -66.876101    0.0324601378
  -34.037128    -54.716810    0.0309239600
  -34.037128    -42.557519    0.0297359728
  -34.037128    -30.398228    0.0288687634
  -34.037128    -18.238937    0.0283019090
  -34.037128     -6.079646    0.0280218595
  -34.037128      6.079646    0.0280218595
  -34.037128     18.238937    0.0283019090
  -34.037128     30.398228    0.0288687634
  -34.037128     42.557519    0.0297359728
  -34.037128     54.716810    0.0309239600
  -34.037128     66.876101    0.0324601378
  -34.037128     79.035392    0.0343790651
  -34.037128     91.194683    0.0367226431

  -28.800647    -91.194683    0.0292443550
  -28.800647    -79.035392    0.0269256817
  -28.800647    -66.876101    0.0250273759
  -28.800647    -54.716810    0.0235078605
  -28.800647    -42.557519    0.0223328556
  -28.800647    -30.398228    0.0214751773
  -28.800647    -18.238937    0.0209145781
  -28.800647     -6.079646    0.0206376264
  -28.800647      6.079646    0.0206376264
  -28.800647     18.238937    0.0209145781
  -28.800647     30.398228    0.0214751773
  -28.800647     42.557519    0.0223328556
  -28.800647     54.716810    0.0235078605
  -28.800647     66.876101    0.0250273759
  -28.800647     79.035392    0.0269256817
  -28.800647     91.194683    0.0292443550

  -23.564166    -91.194683    0.0226724187
  -23.564166    -79.035392    0.0203941211
  -23.564166    -66.876101    0.0185299404
  -23.564166    -54.716810    0.0170385286
  -23.564166    -42.557519    0.0158857914
  -23.564166    -30.398228    0.0150446899
  -23.564166    -18.238937    0.0144950834
  -23.564166     -6.079646    0.0142236106
  -23.564166      6.079646    0.0142236106
  -23.564166     18.238937    0.0144950834
  -23.564166     30.398228    0.0150446899
  -23.564166     42.557519    0.0158857914
  -23.564166     54.716810    0.0170385286
  -23.564166     66.876101    0.0185299404
  -23.564166     79.035392    0.0203941211
  -23.564166     91.194683    0.0226724187

  -18.327684    -91.194683    0.0170914667
  -18.327684    -79.035392    0.0148703689
  -18.327684    -66.876101    0.0130549698
  -18.327684    -54.716810    0.0116040710
  -18.327684    -42.557519    0.0104836727
  -18.327684    -30.398228    0.0096667930
  -18.327684    -18.238937    0.0091333221
  -18.327684     -6.079646    0.0088699140
  -18.327684      6.079646    0.0088699140
  -18.327684     18.238937    0.0091333221
  -18.327684     30.398228    0.0096667930
  -18.327684     42.557519    0.0104836727
  -18.327684     54.716810    0.0116040710
  -18.327684     66.876101    0.0130549698
  -18.327684     79.035392    0.0148703689
  -18.327684     91.194683    0.0170914667

  -13.091203    -91.194683    0.0125954843
  -13.091203    -79.035392    0.0104498803
  -13.091203    -66.876101    0.0086992068
  -13.091203    -54.716810    0.0073023146
  -13.091203    -42.557519    0.0062251977
  -13.091203    -30.398228    0.0054408379
  -13.091203    -18.238937    0.0049290802
  -13.091203     -6.079646    0.0046765397
  -13.091203      6.079646    0.0046765397
  -13.091203     18.238937    0.0049290802
  -13.091203     30.398228    0.0054408379
  -13.091203     42.557519    0.0062251977
  -13.091203     54.716810    0.0073023146
  -13.091203     66.876101    0.0086992068
  -13.091203     79.035392    0.0104498803
  -13.091203     91.194683    0.0125954843

   -7.854722    -91.194683    0.0092886263
   -7.854722    -79.035392    0.0072384304
   -7.854722    -66.876101    0.0055698576
   -7.854722    -54.716810    0.0042416731
   -7.854722    -42.557519    0.0032197472
   -7.854722    -30.398228    0.0024769278
   -7.854722    -18.238937    0.0019929395
   -7.854722     -6.079646    0.0017543077
   -7.854722      6.079646    0.0017543077
   -7.854722     18.238937    0.0019929395
   -7.854722     30.398228    0.0024769278
   -7.854722     42.557519    0.0032197472
   -7.854722     54.716810    0.0042416731
   -7.854722     66.876101    0.0055698576
   -7.854722     79.035392    0.0072384304
   -7.854722     91.194683    0.0092886263

   -2.618241    -91.194683    0.0072861598
   -2.618241    -79.035392    0.0053530915
   -2.618241    -66.876101    0.0037855841
   -2.618241    -54.716810    0.0025421502
   -2.618241    -42.557519    0.0015884018
   -2.618241    -30.398228    0.0008969500
   -2.618241    -18.238937    0.0004473235
   -2.618241     -6.079646    0.0002259087
   -2.618241      6.079646    0.0002259087
   -2.618241     18.238937    0.0004473235
   -2.618241     30.398228    0.0008969500
   -2.618241     42.557519    0.0015884018
   -2.618241     54.716810    0.0025421502
   -2.618241     66.876101    0.0037855841
   -2.618241     79.035392    0.0053530915
   -2.618241     91.194683    0.0072861598

    2.618241    -91.194683    0.0067155329
    2.618241    -79.035392    0.0049233353
    2.618241    -66.876101    0.0034776277
    2.618241    -54.716810    0.0023364802
    2.618241    -42.557519    0.0014650998
    2.618241    -30.398228    0.0008357493
    2.618241    -18.238937    0.0004276826
    2.618241     -6.079646    0.0002270962
    2.618241      6.079646    0.0002270962
    2.618241     18.238937    0.0004276826
    2.618241     30.398228    0.0008357493
    2.618241     42.557519    0.0014650998
    2.618241     54.716810    0.0023364802
    2.618241     66.876101    0.0034776277
    2.618241     79.035392    0.0049233353
    2.618241     91.194683    0.0067155329

    7.854722    -91.194683    0.0077175687
    7.854722    -79.035392    0.0060922619
    7.854722    -66.876101    0.0047910645
    7.854722    -54.716810    0.0037714069
    7.854722    -42.557519    0.0029979342
    7.854722    -30.398228    0.0024424411
    7.854722    -18.238937    0.0020838189
    7.854722     -6.079646    0.0019080172
    7.854722      6.079646    0.0019080172
    7.854722     18.238937    0.0020838189
    7.854722     30.398228    0.0024424411
    7.854722     42.557519    0.0029979342
    7.854722     54.716810    0.0037714069
    7.854722     66.876101    0.0047910645
    7.854722     79.035392    0.0060922619
    7.854722     91.194683    0.0077175687

   13.091203    -91.194683    0.0104477866
   13.091203    -79.035392    0.0090179544
   13.091203    -66.876101    0.0078861928
   13.091203    -54.716810    0.0070090987
   13.091203    -42.557519    0.0063505916
   13.091203    -30.398228    0.0058818655
   13.091203    -18.238937    0.0055813500
   13.091203     -6.079646    0.0054346808
   13.091203      6.079646    0.0054346808
   13.091203     18.238937    0.0055813500
   13.091203     30.398228    0.0058818655
   13.091203     42.557519    0.0063505916
   13.091203     54.716810    0.0070090987
   13.091203     66.876101    0.0078861928
   13.091203     79.035392    0.0090179544
   13.091203     91.194683    0.0104477866

   18.327684    -91.194683    0.0150778478
   18.327684    -79.035392    0.0138749588
   18.327684    -66.876101    0.0129400529
   18.327684    -54.716810    0.0122287022
   18.327684    -42.557519    0.0117039292
   18.327684    -30.398228    0.0113361815
   18.327684    -18.238937    0.0111033125
   18.327684     -6.079646    0.0109905658
   18.327684      6.079646    0.0109905658
   18.327684     18.238937    0.0111033125
   18.327684     30.398228    0.0113361815
   18.327684     42.557519    0.0117039292
   18.327684     54.716810    0.0122287022
   18.327684     66.876101    0.0129400529
   18.327684     79.035392    0.0138749588
   18.327684     91.194683    0.0150778478

   23.564166    -91.194683    0.0217971278
   23.564166    -79.035392    0.0208558910
   23.564166    -66.876101    0.0201480776
   23.564166    -54.716810    0.0196280325
   23.564166    -42.557519    0.0192576939
   23.564166    -30.398228    0.0190066016
   23.564166    -18.238937    0.0188519045
   23.564166     -6.079646    0.0187783656
   23.564166      6.079646    0.0187783656
   23.564166     18.238937    0.0188519045
   23.564166     30.398228    0.0190066016
   23.564166     42.557519    0.0192576939
   23.564166     54.716810    0.0196280325
   23.564166     66.876101    0.0201480776
   23.564166     79.035392    0.0208558910
   23.564166     91.194683    0.0217971278

   28.800647    -91.194683    0.0308144147
   28.800647    -79.035392    0.0301731686
   28.800647    -66.876101    0.0297258760
   28.800647    -54.716810    0.0294254013
   28.800647    -42.557519    0.0292323804
   28.800647    -30.398228    0.0291152666
   28.800647    -18.238937    0.0290503675
   28.800647     -6.079646    0.0290218728
   28.800647      6.079646    0.0290218728
   28.800647     18.238937    0.0290503675
   28.800647     30.398228    0.0291152666
   28.800647     42.557519    0.0292323804
   28.800647     54.716810    0.0294254013
   28.800647     66.876101    0.0297258760
   28.800647     79.035392    0.0301731686
   28.800647     91.194683    0.0308144147

   34.037128    -91.194683    0.0423597329
   34.037128    -79.035392    0.0420608693
   34.037128    -66.876101    0.0419111480
   34.037128    -54.716810    0.0418615821
   34.037128    -42.557519    0.0418712304
   34.037128    -30.398228    0.0419072618
   34.037128    -18.238937    0.0419450077
   34.037128     -6.079646    0.0419680008
   34.037128      6.079646    0.0419680008
   34.037128     18.238937    0.0419450077
   34.037128     30.398228    0.0419072618
   34.037128     42.557519    0.0418712304
   34.037128     54.716810    0.0418615821
   34.037128     66.876101    0.0419111480
   34.037128     79.035392    0.0420608693
   34.037128     91.194683    0.0423597329

