  -62.630025    -91.194683    0.0004872556
  -62.630025    -79.035392    0.0003679437
  -62.630025    -66.876101    0.0002645307
  -62.630025    -54.716810    0.0001776389
  -62.630025    -42.557519    0.0001077090
  -62.630025    -30.398228    0.0000550424
  -62.630025    -18.238937    0.0000198355
  -62.630025     -6.079646    0.0000022050
  -62.630025      6.079646    0.0000022050
  -62.630025     18.238937    0.0000198355
  -62.630025     30.398228    0.0000550424
  -62.630025     42.557519    0.0001077090
  -62.630025     54.716810    0.0001776389
  -62.630025     66.876101    0.0002645307
  -62.630025     79.035392    0.0003679437
  -62.630025     91.194683    0.0004872556

  -54.279355    -91.194683    0.0003709360
  -54.279355    -79.035392    0.0002785527
  -54.279355    -66.876101    0.0001992863
  -54.279355    -54.716810    0.0001332691
  -54.279355    -42.557519    0.0000805319
  -54.279355    -30.398228    0.0000410479
  -54.279355    -18.238937    0.0000147666
  -54.279355     -6.079646    0.0000016401
  -54.279355      6.079646    0.0000016401
  -54.279355     18.238937    0.0000147666
  -54.279355     30.398228    0.0000410479
  -54.279355     42.557519    0.0000805319
  -54.279355     54.716810    0.0001332691
  -54.279355     66.876101    0.0001992863
  -54.279355     79.035392    0.0002785527
  -54.279355     91.194683    0.0003709360

  -45.928685    -91.194683    0.0002627813
  -45.928685    -79.035392    0.0001957514
  -45.928685    -66.876101    0.0001390751
  -45.928685    -54.716810    0.0000924605
  -45.928685    -42.557519    0.0000556085
  -45.928685    -30.398228    0.0000282431
  -45.928685    -18.238937    0.0000101359
  -45.928685     -6.079646    0.0000011244
  -45.928685      6.079646    0.0000011244
  -45.928685     18.238937    0.0000101359
  -45.928685     30.398228    0.0000282431
  -45.928685     42.557519    0.0000556085
  -45.928685     54.716810    0.0000924605
  -45.928685     66.876101    0.0001390751
  -45.928685     79.035392    0.0001957514
  -45.928685     91.194683    0.0002627813

  -37.578015    -91.194683    0.0001674398
  -37.578015    -79.035392    0.0001230963
  -37.578015    -66.876101    0.0000864493
  -37.578015    -54.716810    0.0000569092
  -37.578015    -42.557519    0.0000339524
  -37.578015    -30.398228    0.0000171387
  -37.578015    -18.238937    0.0000061253
  -37.578015     -6.079646    0.0000006781
  -37.578015      6.079646    0.0000006781
  -37.578015     18.238937    0.0000061253
  -37.578015     30.398228    0.0000171387
  -37.578015     42.557519    0.0000339524
  -37.578015     54.716810    0.0000569092
  -37.578015     66.876101    0.0000864493
  -37.578015     79.035392    0.0001230963
  -37.578015     91.194683    0.0001674398

  -29.227345    -91.194683    0.0000892046
  -29.227345    -79.035392    0.0000638575
  -29.227345    -66.876101    0.0000437656
  -29.227345    -54.716810    0.0000281954
  -29.227345    -42.557519    0.0000165185
  -29.227345    -30.398228    0.0000082205
  -29.227345    -18.238937    0.0000029094
  -29.227345     -6.079646    0.0000003205
  -29.227345      6.079646    0.0000003205
  -29.227345     18.238937    0.0000029094
  -29.227345     30.398228    0.0000082205
  -29.227345     42.557519    0.0000165185
  -29.227345     54.716810    0.0000281954
  -29.227345     66.876101    0.0000437656
  -29.227345     79.035392    0.0000638575
  -29.227345     91.194683    0.0000892046

  -20.876675    -91.194683    0.0000318990
  -20.876675    -79.035392    0.0000209376
  -20.876675    -66.876101    0.0000131211
  -20.876675    -54.716810    0.0000077334
  -20.876675    -42.557519    0.0000041672
  -20.876675    -30.398228    0.0000019298
  -20.876675    -18.238937    0.0000006474
  -20.876675     -6.079646    0.0000000693
  -20.876675      6.079646    0.0000000693
  -20.876675     18.238937    0.0000006474
  -20.876675     30.398228    0.0000019298
  -20.876675     42.557519    0.0000041672
  -20.876675     54.716810    0.0000077334
  -20.876675     66.876101    0.0000131211
  -20.876675     79.035392    0.0000209376
  -20.876675     91.194683    0.0000318990

  -12.526005    -91.194683   -0.0000012179
  -12.526005    -79.035392   -0.0000031972
  -12.526005    -66.876101   -0.0000037008
  -12.526005    -54.716810   -0.0000032702
  -12.526005    -42.557519   -0.0000023640
  -12.526005    -30.398228   -0.0000013543
  -12.526005    -18.238937   -0.0000005232
  -12.526005     -6.079646   -0.0000000601
  -12.526005      6.079646   -0.0000000601
  -12.526005     18.238937   -0.0000005232
  -12.526005     30.398228   -0.0000013543
  -12.526005     42.557519   -0.0000023640
  -12.526005     54.716810   -0.0000032702
  -12.526005     66.876101   -0.0000037008
  -12.526005     79.035392   -0.0000031972
  -12.526005     91.194683   -0.0000012179

   -4.175335    -91.194683   -0.0000075272
   -4.175335    -79.035392   -0.0000065711
   -4.175335    -66.876101   -0.0000052731
   -4.175335    -54.716810   -0.0000038494
   -4.175335    -42.557519   -0.0000024843
   -4.175335    -30.398228   -0.0000013273
   -4.175335    -18.238937   -0.0000004923
   -4.175335     -6.079646   -0.0000000555
   -4.175335      6.079646   -0.0000000555
   -4.175335     18.238937   -0.0000004923
   -4.175335     30.398228   -0.0000013273
   -4.175335     42.557519   -0.0000024843
   -4.175335     54.716810   -0.0000038494
   -4.175335     66.876101   -0.0000052731
   -4.175335     79.035392   -0.0000065711
   -4.175335     91.194683   -0.0000075272

    4.175335    -91.194683    0.0000148932
    4.175335    -79.035392    0.0000122596
    4.175335    -66.876101    0.0000094436
    4.175335    -54.716810    0.0000066967
    4.175335    -42.557519    0.0000042340
    4.175335    -30.398228    0.0000022306
    4.175335    -18.238937    0.0000008200
    4.175335     -6.079646    0.0000000921
    4.175335      6.079646    0.0000000921
    4.175335     18.238937    0.0000008200
    4.175335     30.398228    0.0000022306
    4.175335     42.557519    0.0000042340
    4.175335     54.716810    0.0000066967
    4.175335     66.876101    0.0000094436
    4.175335     79.035392    0.0000122596
    4.175335     91.194683    0.0000148932

   12.526005    -91.194683    0.0000672315
   12.526005    -79.035392    0.0000541800
   12.526005    -66.876101    0.0000410792
   12.526005    -54.716810    0.0000287888
   12.526005    -42.557519    0.0000180448
   12.526005    -30.398228    0.0000094489
   12.526005    -18.238937    0.0000034601
   12.526005     -6.079646    0.0000003877
   12.526005      6.079646    0.0000003877
   12.526005     18.238937    0.0000034601
   12.526005     30.398228    0.0000094489
   12.526005     42.557519    0.0000180448
   12.526005     54.716810    0.0000287888
   12.526005     66.876101    0.0000410792
   12.526005     79.035392    0.0000541800
   12.526005     91.194683    0.0000672315

   20.876675    -91.194683    0.0001499244
   20.876675    -79.035392    0.0001195021
   20.876675    -66.876101    0.0000898450
   20.876675    -54.716810    0.0000625599
   20.876675    -42.557519    0.0000390242
   20.876675    -30.398228    0.0000203646
   20.876675    -18.238937    0.0000074408
   20.876675     -6.079646    0.0000008329
   20.876675      6.079646    0.0000008329
   20.876675     18.238937    0.0000074408
   20.876675     30.398228    0.0000203646
   20.876675     42.557519    0.0000390242
   20.876675     54.716810    0.0000625599
   20.876675     66.876101    0.0000898450
   20.876675     79.035392    0.0001195021
   20.876675     91.194683    0.0001499244

   29.227345    -91.194683    0.0002626577
   29.227345    -79.035392    0.0002079654
   29.227345    -66.876101    0.0001555335
   29.227345    -54.716810    0.0001078571
   29.227345    -42.557519    0.0000670718
   29.227345    -30.398228    0.0000349231
   29.227345    -18.238937    0.0000127418
   29.227345     -6.079646    0.0000014252
   29.227345      6.079646    0.0000014252
   29.227345     18.238937    0.0000127418
   29.227345     30.398228    0.0000349231
   29.227345     42.557519    0.0000670718
   29.227345     54.716810    0.0001078571
   29.227345     66.876101    0.0001555335
   29.227345     79.035392    0.0002079654
   29.227345     91.194683    0.0002626577

   37.578015    -91.194683    0.0004043872
   37.578015    -79.035392    0.0003187497
   37.578015    -66.876101    0.0002375311
   37.578015    -54.716810    0.0001642524
   37.578015    -42.557519    0.0001019195
   37.578015    -30.398228    0.0000529839
   37.578015    -18.238937    0.0000193114
   37.578015     -6.079646    0.0000021589
   37.578015      6.079646    0.0000021589
   37.578015     18.238937    0.0000193114
   37.578015     30.398228    0.0000529839
   37.578015     42.557519    0.0001019195
   37.578015     54.716810    0.0001642524
   37.578015     66.876101    0.0002375311
   37.578015     79.035392    0.0003187497
   37.578015     91.194683    0.0004043872

   45.928685    -91.194683    0.0005733786
   45.928685    -79.035392    0.0004505031
   45.928685    -66.876101    0.0003348396
   45.928685    -54.716810    0.0002310612
   45.928685    -42.557519    0.0001431453
   45.928685    -30.398228    0.0000743285
   45.928685    -18.238937    0.0000270703
   45.928685     -6.079646    0.0000030252
   45.928685      6.079646    0.0000030252
   45.928685     18.238937    0.0000270703
   45.928685     30.398228    0.0000743285
   45.928685     42.557519    0.0001431453
   45.928685     54.716810    0.0002310612
   45.928685     66.876101    0.0003348396
   45.928685     79.035392    0.0004505031
   45.928685     91.194683    0.0005733786

   54.279355    -91.194683    0.0007672661
   54.279355    -79.035392    0.0006013822
   54.279355    -66.876101    0.0004461107
   54.279355    -54.716810    0.0003073703
   54.279355    -42.557519    0.0001901939
   54.279355    -30.398228    0.0000986734
   54.279355    -18.238937    0.0000359164
   54.279355     -6.079646    0.0000040126
   54.279355      6.079646    0.0000040126
   54.279355     18.238937    0.0000359164
   54.279355     30.398228    0.0000986734
   54.279355     42.557519    0.0001901939
   54.279355     54.716810    0.0003073703
   54.279355     66.876101    0.0004461107
   54.279355     79.035392    0.0006013822
   54.279355     91.194683    0.0007672661

   62.630025    -91.194683    0.0009831309
   62.630025    -79.035392    0.0007691069
   62.630025    -66.876101    0.0005696894
   62.630025    -54.716810    0.0003920745
   62.630025    -42.557519    0.0002424037
   62.630025    -30.398228    0.0001256855
   62.630025    -18.238937    0.0000457312
   62.630025     -6.079646    0.0000051082
   62.630025      6.079646    0.0000051082
   62.630025     18.238937    0.0000457312
   62.630025     30.398228    0.0001256855
   62.630025     42.557519    0.0002424037
   62.630025     54.716810    0.0003920745
   62.630025     66.876101    0.0005696894
   62.630025     79.035392    0.0007691069
   62.630025     91.194683    0.0009831309

