  -47.456659    -92.332122   -0.0008735575
  -47.456659    -80.021172   -0.0006584041
  -47.456659    -67.710222   -0.0004727920
  -47.456659    -55.399273   -0.0003172727
  -47.456659    -43.088323   -0.0001923057
  -47.456659    -30.777374   -0.0000982588
  -47.456659    -18.466424   -0.0000354076
  -47.456659     -6.155475   -0.0000039361
  -47.456659      6.155475   -0.0000039361
  -47.456659     18.466424   -0.0000354076
  -47.456659     30.777374   -0.0000982588
  -47.456659     43.088323   -0.0001923057
  -47.456659     55.399273   -0.0003172727
  -47.456659     67.710222   -0.0004727920
  -47.456659     80.021172   -0.0006584041
  -47.456659     92.332122   -0.0008735575

  -41.129105    -92.332122   -0.0006585095
  -41.129105    -80.021172   -0.0004962826
  -41.129105    -67.710222   -0.0003563507
  -41.129105    -55.399273   -0.0002391201
  -41.129105    -43.088323   -0.0001449294
  -41.129105    -30.777374   -0.0000740494
  -41.129105    -18.466424   -0.0000266832
  -41.129105     -6.155475   -0.0000029662
  -41.129105      6.155475   -0.0000029662
  -41.129105     18.466424   -0.0000266832
  -41.129105     30.777374   -0.0000740494
  -41.129105     43.088323   -0.0001449294
  -41.129105     55.399273   -0.0002391201
  -41.129105     67.710222   -0.0003563507
  -41.129105     80.021172   -0.0004962826
  -41.129105     92.332122   -0.0006585095

  -34.801550    -92.332122   -0.0004729321
  -34.801550    -80.021172   -0.0003563993
  -34.801550    -67.710222   -0.0002558944
  -34.801550    -55.399273   -0.0001717034
  -34.801550    -43.088323   -0.0001040646
  -34.801550    -30.777374   -0.0000531686
  -34.801550    -18.466424   -0.0000191586
  -34.801550     -6.155475   -0.0000021297
  -34.801550      6.155475   -0.0000021297
  -34.801550     18.466424   -0.0000191586
  -34.801550     30.777374   -0.0000531686
  -34.801550     43.088323   -0.0001040646
  -34.801550     55.399273   -0.0001717034
  -34.801550     67.710222   -0.0002558944
  -34.801550     80.021172   -0.0003563993
  -34.801550     92.332122   -0.0004729321

  -28.473996    -92.332122   -0.0003174026
  -28.473996    -80.021172   -0.0002391798
  -28.473996    -67.710222   -0.0001717228
  -28.473996    -55.399273   -0.0001152203
  -28.473996    -43.088323   -0.0000698296
  -28.473996    -30.777374   -0.0000356765
  -28.473996    -18.466424   -0.0000128553
  -28.473996     -6.155475   -0.0000014290
  -28.473996      6.155475   -0.0000014290
  -28.473996     18.466424   -0.0000128553
  -28.473996     30.777374   -0.0000356765
  -28.473996     43.088323   -0.0000698296
  -28.473996     55.399273   -0.0001152203
  -28.473996     67.710222   -0.0001717228
  -28.473996     80.021172   -0.0002391798
  -28.473996     92.332122   -0.0003174026

  -22.146441    -92.332122   -0.0001924017
  -22.146441    -80.021172   -0.0001449786
  -22.146441    -67.710222   -0.0001040857
  -22.146441    -55.399273   -0.0000698359
  -22.146441    -43.088323   -0.0000423232
  -22.146441    -30.777374   -0.0000216228
  -22.146441    -18.466424   -0.0000077913
  -22.146441     -6.155475   -0.0000008661
  -22.146441      6.155475   -0.0000008661
  -22.146441     18.466424   -0.0000077913
  -22.146441     30.777374   -0.0000216228
  -22.146441     43.088323   -0.0000423232
  -22.146441     55.399273   -0.0000698359
  -22.146441     67.710222   -0.0001040857
  -22.146441     80.021172   -0.0001449786
  -22.146441     92.332122   -0.0001924017

  -15.818886    -92.332122   -0.0000983145
  -15.818886    -80.021172   -0.0000740795
  -15.818886    -67.710222   -0.0000531830
  -15.818886    -55.399273   -0.0000356821
  -15.818886    -43.088323   -0.0000216243
  -15.818886    -30.777374   -0.0000110477
  -15.818886    -18.466424   -0.0000039807
  -15.818886     -6.155475   -0.0000004425
  -15.818886      6.155475   -0.0000004425
  -15.818886     18.466424   -0.0000039807
  -15.818886     30.777374   -0.0000110477
  -15.818886     43.088323   -0.0000216243
  -15.818886     55.399273   -0.0000356821
  -15.818886     67.710222   -0.0000531830
  -15.818886     80.021172   -0.0000740795
  -15.818886     92.332122   -0.0000983145

   -9.491332    -92.332122   -0.0000354293
   -9.491332    -80.021172   -0.0000266952
   -9.491332    -67.710222   -0.0000191646
   -9.491332    -55.399273   -0.0000128579
   -9.491332    -43.088323   -0.0000077922
   -9.491332    -30.777374   -0.0000039809
   -9.491332    -18.466424   -0.0000014344
   -9.491332     -6.155475   -0.0000001594
   -9.491332      6.155475   -0.0000001594
   -9.491332     18.466424   -0.0000014344
   -9.491332     30.777374   -0.0000039809
   -9.491332     43.088323   -0.0000077922
   -9.491332     55.399273   -0.0000128579
   -9.491332     67.710222   -0.0000191646
   -9.491332     80.021172   -0.0000266952
   -9.491332     92.332122   -0.0000354293

   -3.163777    -92.332122   -0.0000039386
   -3.163777    -80.021172   -0.0000029676
   -3.163777    -67.710222   -0.0000021304
   -3.163777    -55.399273   -0.0000014293
   -3.163777    -43.088323   -0.0000008662
   -3.163777    -30.777374   -0.0000004425
   -3.163777    -18.466424   -0.0000001595
   -3.163777     -6.155475   -0.0000000177
   -3.163777      6.155475   -0.0000000177
   -3.163777     18.466424   -0.0000001595
   -3.163777     30.777374   -0.0000004425
   -3.163777     43.088323   -0.0000008662
   -3.163777     55.399273   -0.0000014293
   -3.163777     67.710222   -0.0000021304
   -3.163777     80.021172   -0.0000029676
   -3.163777     92.332122   -0.0000039386

    3.163777    -92.332122   -0.0000039386
    3.163777    -80.021172   -0.0000029676
    3.163777    -67.710222   -0.0000021304
    3.163777    -55.399273   -0.0000014293
    3.163777    -43.088323   -0.0000008662
    3.163777    -30.777374   -0.0000004425
    3.163777    -18.466424   -0.0000001595
    3.163777     -6.155475   -0.0000000177
    3.163777      6.155475   -0.0000000177
    3.163777     18.466424   -0.0000001595
    3.163777     30.777374   -0.0000004425
    3.163777     43.088323   -0.0000008662
    3.163777     55.399273   -0.0000014293
    3.163777     67.710222   -0.0000021304
    3.163777     80.021172   -0.0000029676
    3.163777     92.332122   -0.0000039386

    9.491332    -92.332122   -0.0000354293
    9.491332    -80.021172   -0.0000266952
    9.491332    -67.710222   -0.0000191646
    9.491332    -55.399273   -0.0000128579
    9.491332    -43.088323   -0.0000077922
    9.491332    -30.777374   -0.0000039809
    9.491332    -18.466424   -0.0000014344
    9.491332     -6.155475   -0.0000001594
    9.491332      6.155475   -0.0000001594
    9.491332     18.466424   -0.0000014344
    9.491332     30.777374   -0.0000039809
    9.491332     43.088323   -0.0000077922
    9.491332     55.399273   -0.0000128579
    9.491332     67.710222   -0.0000191646
    9.491332     80.021172   -0.0000266952
    9.491332     92.332122   -0.0000354293

   15.818886    -92.332122   -0.0000983145
   15.818886    -80.021172   -0.0000740795
   15.818886    -67.710222   -0.0000531830
   15.818886    -55.399273   -0.0000356821
   15.818886    -43.088323   -0.0000216243
   15.818886    -30.777374   -0.0000110477
   15.818886    -18.466424   -0.0000039807
   15.818886     -6.155475   -0.0000004425
   15.818886      6.155475   -0.0000004425
   15.818886     18.466424   -0.0000039807
   15.818886     30.777374   -0.0000110477
   15.818886     43.088323   -0.0000216243
   15.818886     55.399273   -0.0000356821
   15.818886     67.710222   -0.0000531830
   15.818886     80.021172   -0.0000740795
   15.818886     92.332122   -0.0000983145

   22.146441    -92.332122   -0.0001924017
   22.146441    -80.021172   -0.0001449786
   22.146441    -67.710222   -0.0001040857
   22.146441    -55.399273   -0.0000698359
   22.146441    -43.088323   -0.0000423232
   22.146441    -30.777374   -0.0000216228
   22.146441    -18.466424   -0.0000077913
   22.146441     -6.155475   -0.0000008661
   22.146441      6.155475   -0.0000008661
   22.146441     18.466424   -0.0000077913
   22.146441     30.777374   -0.0000216228
   22.146441     43.088323   -0.0000423232
   22.146441     55.399273   -0.0000698359
   22.146441     67.710222   -0.0001040857
   22.146441     80.021172   -0.0001449786
   22.146441     92.332122   -0.0001924017

   28.473996    -92.332122   -0.0003174026
   28.473996    -80.021172   -0.0002391798
   28.473996    -67.710222   -0.0001717228
   28.473996    -55.399273   -0.0001152203
   28.473996    -43.088323   -0.0000698296
   28.473996    -30.777374   -0.0000356765
   28.473996    -18.466424   -0.0000128553
   28.473996     -6.155475   -0.0000014290
   28.473996      6.155475   -0.0000014290
   28.473996     18.466424   -0.0000128553
   28.473996     30.777374   -0.0000356765
   28.473996     43.088323   -0.0000698296
   28.473996     55.399273   -0.0001152203
   28.473996     67.710222   -0.0001717228
   28.473996     80.021172   -0.0002391798
   28.473996     92.332122   -0.0003174026

   34.801550    -92.332122   -0.0004729321
   34.801550    -80.021172   -0.0003563993
   34.801550    -67.710222   -0.0002558944
   34.801550    -55.399273   -0.0001717034
   34.801550    -43.088323   -0.0001040646
   34.801550    -30.777374   -0.0000531686
   34.801550    -18.466424   -0.0000191586
   34.801550     -6.155475   -0.0000021297
   34.801550      6.155475   -0.0000021297
   34.801550     18.466424   -0.0000191586
   34.801550     30.777374   -0.0000531686
   34.801550     43.088323   -0.0001040646
   34.801550     55.399273   -0.0001717034
   34.801550     67.710222   -0.0002558944
   34.801550     80.021172   -0.0003563993
   34.801550     92.332122   -0.0004729321

   41.129105    -92.332122   -0.0006585095
   41.129105    -80.021172   -0.0004962826
   41.129105    -67.710222   -0.0003563507
   41.129105    -55.399273   -0.0002391201
   41.129105    -43.088323   -0.0001449294
   41.129105    -30.777374   -0.0000740494
   41.129105    -18.466424   -0.0000266832
   41.129105     -6.155475   -0.0000029662
   41.129105      6.155475   -0.0000029662
   41.129105     18.466424   -0.0000266832
   41.129105     30.777374   -0.0000740494
   41.129105     43.088323   -0.0001449294
   41.129105     55.399273   -0.0002391201
   41.129105     67.710222   -0.0003563507
   41.129105     80.021172   -0.0004962826
   41.129105     92.332122   -0.0006585095

   47.456659    -92.332122   -0.0008735575
   47.456659    -80.021172   -0.0006584041
   47.456659    -67.710222   -0.0004727920
   47.456659    -55.399273   -0.0003172727
   47.456659    -43.088323   -0.0001923057
   47.456659    -30.777374   -0.0000982588
   47.456659    -18.466424   -0.0000354076
   47.456659     -6.155475   -0.0000039361
   47.456659      6.155475   -0.0000039361
   47.456659     18.466424   -0.0000354076
   47.456659     30.777374   -0.0000982588
   47.456659     43.088323   -0.0001923057
   47.456659     55.399273   -0.0003172727
   47.456659     67.710222   -0.0004727920
   47.456659     80.021172   -0.0006584041
   47.456659     92.332122   -0.0008735575

