  -50.619018    -96.008735    0.0003677273
  -50.619018    -81.238160    0.0003038746
  -50.619018    -66.467585    0.0002419412
  -50.619018    -51.697011    0.0001824663
  -50.619018    -36.926436    0.0001259273
  -50.619018    -22.155862    0.0000727398
  -50.619018     -7.385287    0.0000232578
  -50.619018      7.385287   -0.0000222267
  -50.619018     22.155862   -0.0000634831
  -50.619018     36.926436   -0.0001003428
  -50.619018     51.697011   -0.0001326989
  -50.619018     66.467585   -0.0001605063
  -50.619018     81.238160   -0.0001837815
  -50.619018     96.008735   -0.0002026029
  -50.619018    110.779309   -0.0002171105
  -50.619018    125.549884   -0.0002275063

  -43.869816    -96.008735    0.0002789781
  -43.869816    -81.238160    0.0002303452
  -43.869816    -66.467585    0.0001832126
  -43.869816    -51.697011    0.0001380090
  -43.869816    -36.926436    0.0000951129
  -43.869816    -22.155862    0.0000548526
  -43.869816     -7.385287    0.0000175067
  -43.869816      7.385287   -0.0000166964
  -43.869816     22.155862   -0.0000475784
  -43.869816     36.926436   -0.0000750109
  -43.869816     51.697011   -0.0000989156
  -43.869816     66.467585   -0.0001192642
  -43.869816     81.238160   -0.0001360785
  -43.869816     96.008735   -0.0001494302
  -43.869816    110.779309   -0.0001594412
  -43.869816    125.549884   -0.0001662833

  -37.120613    -96.008735    0.0002014442
  -37.120613    -81.238160    0.0001662114
  -37.120613    -66.467585    0.0001320890
  -37.120613    -51.697011    0.0000993982
  -37.120613    -36.926436    0.0000684222
  -37.120613    -22.155862    0.0000394063
  -37.120613     -7.385287    0.0000125575
  -37.120613      7.385287   -0.0000119553
  -37.120613     22.155862   -0.0000340009
  -37.120613     36.926436   -0.0000534865
  -37.120613     51.697011   -0.0000703572
  -37.120613     66.467585   -0.0000845963
  -37.120613     81.238160   -0.0000962250
  -37.120613     96.008735   -0.0001053026
  -37.120613    110.779309   -0.0001119266
  -37.120613    125.549884   -0.0001162323

  -30.371411    -96.008735    0.0001358008
  -30.371411    -81.238160    0.0001119850
  -30.371411    -66.467585    0.0000889326
  -30.371411    -51.697011    0.0000668668
  -30.371411    -36.926436    0.0000459839
  -30.371411    -22.155862    0.0000264537
  -30.371411     -7.385287    0.0000084191
  -30.371411      7.385287   -0.0000080037
  -30.371411     22.155862   -0.0000227252
  -30.371411     36.926436   -0.0000356825
  -30.371411     51.697011   -0.0000468398
  -30.371411     66.467585   -0.0000561876
  -30.371411     81.238160   -0.0000637434
  -30.371411     96.008735   -0.0000695514
  -30.371411    110.779309   -0.0000736823
  -30.371411    125.549884   -0.0000762339

  -23.622208    -96.008735    0.0000826107
  -23.622208    -81.238160    0.0000680922
  -23.622208    -66.467585    0.0000540452
  -23.622208    -51.697011    0.0000406087
  -23.622208    -36.926436    0.0000279048
  -23.622208    -22.155862    0.0000160388
  -23.622208     -7.385287    0.0000050993
  -23.622208      7.385287   -0.0000048420
  -23.622208     22.155862   -0.0000137300
  -23.622208     36.926436   -0.0000215265
  -23.622208     51.697011   -0.0000282099
  -23.622208     66.467585   -0.0000337757
  -23.622208     81.238160   -0.0000382358
  -23.622208     96.008735   -0.0000416191
  -23.622208    110.779309   -0.0000439713
  -23.622208    125.549884   -0.0000453548

  -16.873006    -96.008735    0.0000423242
  -16.873006    -81.238160    0.0000348741
  -16.873006    -66.467585    0.0000276684
  -16.873006    -51.697011    0.0000207794
  -16.873006    -36.926436    0.0000142706
  -16.873006    -22.155862    0.0000081968
  -16.873006     -7.385287    0.0000026040
  -16.873006      7.385287   -0.0000024705
  -16.873006     22.155862   -0.0000069985
  -16.873006     36.926436   -0.0000109602
  -16.873006     51.697011   -0.0000143449
  -16.873006     66.467585   -0.0000171504
  -16.873006     81.238160   -0.0000193837
  -16.873006     96.008735   -0.0000210601
  -16.873006    110.779309   -0.0000222040
  -16.873006    125.549884   -0.0000228486

  -10.123804    -96.008735    0.0000152789
  -10.123804    -81.238160    0.0000125867
  -10.123804    -66.467585    0.0000099833
  -10.123804    -51.697011    0.0000074951
  -10.123804    -36.926436    0.0000051454
  -10.123804    -22.155862    0.0000029542
  -10.123804     -7.385287    0.0000009380
  -10.123804      7.385287   -0.0000008894
  -10.123804     22.155862   -0.0000025179
  -10.123804     36.926436   -0.0000039402
  -10.123804     51.697011   -0.0000051527
  -10.123804     66.467585   -0.0000061545
  -10.123804     81.238160   -0.0000069483
  -10.123804     96.008735   -0.0000075398
  -10.123804    110.779309   -0.0000079382
  -10.123804    125.549884   -0.0000081555

   -3.374601    -96.008735    0.0000017000
   -3.374601    -81.238160    0.0000014003
   -3.374601    -66.467585    0.0000011105
   -3.374601    -51.697011    0.0000008336
   -3.374601    -36.926436    0.0000005722
   -3.374601    -22.155862    0.0000003284
   -3.374601     -7.385287    0.0000001043
   -3.374601      7.385287   -0.0000000988
   -3.374601     22.155862   -0.0000002797
   -3.374601     36.926436   -0.0000004375
   -3.374601     51.697011   -0.0000005719
   -3.374601     66.467585   -0.0000006827
   -3.374601     81.238160   -0.0000007704
   -3.374601     96.008735   -0.0000008354
   -3.374601    110.779309   -0.0000008789
   -3.374601    125.549884   -0.0000009023

    3.374601    -96.008735    0.0000017000
    3.374601    -81.238160    0.0000014003
    3.374601    -66.467585    0.0000011105
    3.374601    -51.697011    0.0000008336
    3.374601    -36.926436    0.0000005722
    3.374601    -22.155862    0.0000003284
    3.374601     -7.385287    0.0000001043
    3.374601      7.385287   -0.0000000988
    3.374601     22.155862   -0.0000002797
    3.374601     36.926436   -0.0000004375
    3.374601     51.697011   -0.0000005719
    3.374601     66.467585   -0.0000006827
    3.374601     81.238160   -0.0000007704
    3.374601     96.008735   -0.0000008354
    3.374601    110.779309   -0.0000008789
    3.374601    125.549884   -0.0000009023

   10.123804    -96.008735    0.0000152789
   10.123804    -81.238160    0.0000125867
   10.123804    -66.467585    0.0000099833
   10.123804    -51.697011    0.0000074951
   10.123804    -36.926436    0.0000051454
   10.123804    -22.155862    0.0000029542
   10.123804     -7.385287    0.0000009380
   10.123804      7.385287   -0.0000008894
   10.123804     22.155862   -0.0000025179
   10.123804     36.926436   -0.0000039402
   10.123804     51.697011   -0.0000051527
   10.123804     66.467585   -0.0000061545
   10.123804     81.238160   -0.0000069483
   10.123804     96.008735   -0.0000075398
   10.123804    110.779309   -0.0000079382
   10.123804    125.549884   -0.0000081555

   16.873006    -96.008735    0.0000423242
   16.873006    -81.238160    0.0000348741
   16.873006    -66.467585    0.0000276684
   16.873006    -51.697011    0.0000207794
   16.873006    -36.926436    0.0000142706
   16.873006    -22.155862    0.0000081968
   16.873006     -7.385287    0.0000026040
   16.873006      7.385287   -0.0000024705
   16.873006     22.155862   -0.0000069985
   16.873006     36.926436   -0.0000109602
   16.873006     51.697011   -0.0000143449
   16.873006     66.467585   -0.0000171504
   16.873006     81.238160   -0.0000193837
   16.873006     96.008735   -0.0000210601
   16.873006    110.779309   -0.0000222040
   16.873006    125.549884   -0.0000228486

   23.622208    -96.008735    0.0000826107
   23.622208    -81.238160    0.0000680922
   23.622208    -66.467585    0.0000540452
   23.622208    -51.697011    0.0000406087
   23.622208    -36.926436    0.0000279048
   23.622208    -22.155862    0.0000160388
   23.622208     -7.385287    0.0000050993
   23.622208      7.385287   -0.0000048420
   23.622208     22.155862   -0.0000137300
   23.622208     36.926436   -0.0000215265
   23.622208     51.697011   -0.0000282099
   23.622208     66.467585   -0.0000337757
   23.622208     81.238160   -0.0000382358
   23.622208     96.008735   -0.0000416191
   23.622208    110.779309   -0.0000439713
   23.622208    125.549884   -0.0000453548

   30.371411    -96.008735    0.0001358008
   30.371411    -81.238160    0.0001119850
   30.371411    -66.467585    0.0000889326
   30.371411    -51.697011    0.0000668668
   30.371411    -36.926436    0.0000459839
   30.371411    -22.155862    0.0000264537
   30.371411     -7.385287    0.0000084191
   30.371411      7.385287   -0.0000080037
   30.371411     22.155862   -0.0000227252
   30.371411     36.926436   -0.0000356825
   30.371411     51.697011   -0.0000468398
   30.371411     66.467585   -0.0000561876
   30.371411     81.238160   -0.0000637434
   30.371411     96.008735   -0.0000695514
   30.371411    110.779309   -0.0000736823
   30.371411    125.549884   -0.0000762339

   37.120613    -96.008735    0.0002014442
   37.120613    -81.238160    0.0001662114
   37.120613    -66.467585    0.0001320890
   37.120613    -51.697011    0.0000993982
   37.120613    -36.926436    0.0000684222
   37.120613    -22.155862    0.0000394063
   37.120613     -7.385287    0.0000125575
   37.120613      7.385287   -0.0000119553
   37.120613     22.155862   -0.0000340009
   37.120613     36.926436   -0.0000534865
   37.120613     51.697011   -0.0000703572
   37.120613     66.467585   -0.0000845963
   37.120613     81.238160   -0.0000962250
   37.120613     96.008735   -0.0001053026
   37.120613    110.779309   -0.0001119266
   37.120613    125.549884   -0.0001162323

   43.869816    -96.008735    0.0002789781
   43.869816    -81.238160    0.0002303452
   43.869816    -66.467585    0.0001832126
   43.869816    -51.697011    0.0001380090
   43.869816    -36.926436    0.0000951129
   43.869816    -22.155862    0.0000548526
   43.869816     -7.385287    0.0000175067
   43.869816      7.385287   -0.0000166964
   43.869816     22.155862   -0.0000475784
   43.869816     36.926436   -0.0000750109
   43.869816     51.697011   -0.0000989156
   43.869816     66.467585   -0.0001192642
   43.869816     81.238160   -0.0001360785
   43.869816     96.008735   -0.0001494302
   43.869816    110.779309   -0.0001594412
   43.869816    125.549884   -0.0001662833

   50.619018    -96.008735    0.0003677273
   50.619018    -81.238160    0.0003038746
   50.619018    -66.467585    0.0002419412
   50.619018    -51.697011    0.0001824663
   50.619018    -36.926436    0.0001259273
   50.619018    -22.155862    0.0000727398
   50.619018     -7.385287    0.0000232578
   50.619018      7.385287   -0.0000222267
   50.619018     22.155862   -0.0000634831
   50.619018     36.926436   -0.0001003428
   50.619018     51.697011   -0.0001326989
   50.619018     66.467585   -0.0001605063
   50.619018     81.238160   -0.0001837815
   50.619018     96.008735   -0.0002026029
   50.619018    110.779309   -0.0002171105
   50.619018    125.549884   -0.0002275063

