  -34.795266    -91.194683   -0.0066821809
  -34.795266    -79.035392   -0.0052476161
  -34.795266    -66.876101   -0.0039709802
  -34.795266    -54.716810   -0.0028580351
  -34.795266    -42.557519   -0.0019140184
  -34.795266    -30.398228   -0.0011435789
  -34.795266    -18.238937   -0.0005506217
  -34.795266     -6.079646   -0.0001380653
  -34.795266      6.079646    0.0000924897
  -34.795266     18.238937    0.0001411813
  -34.795266     30.398228    0.0000103957
  -34.795266     42.557519   -0.0002946357
  -34.795266     54.716810   -0.0007651486
  -34.795266     66.876101   -0.0013880712
  -34.795266     79.035392   -0.0021451595
  -34.795266     91.194683   -0.0030120445

  -30.155897    -91.194683   -0.0046337311
  -30.155897    -79.035392   -0.0036249499
  -30.155897    -66.876101   -0.0027304175
  -30.155897    -54.716810   -0.0019537580
  -30.155897    -42.557519   -0.0012983657
  -30.155897    -30.398228   -0.0007673439
  -30.155897    -18.238937   -0.0003633801
  -30.155897     -6.079646   -0.0000885578
  -30.155897      6.079646    0.0000558951
  -30.155897     18.238937    0.0000699206
  -30.155897     30.398228   -0.0000449904
  -30.155897     42.557519   -0.0002853571
  -30.155897     54.716810   -0.0006452041
  -30.155897     66.876101   -0.0011154924
  -30.155897     79.035392   -0.0016834886
  -30.155897     91.194683   -0.0023320695

  -25.516528    -91.194683   -0.0030894275
  -25.516528    -79.035392   -0.0024076230
  -25.516528    -66.876101   -0.0018051727
  -25.516528    -54.716810   -0.0012842010
  -25.516528    -42.557519   -0.0008467772
  -25.516528    -30.398228   -0.0004948689
  -25.516528    -18.238937   -0.0002302491
  -25.516528     -6.079646   -0.0000543579
  -25.516528      6.079646    0.0000318822
  -25.516528     18.238937    0.0000282962
  -25.516528     30.398228   -0.0000642673
  -25.516528     42.557519   -0.0002436141
  -25.516528     54.716810   -0.0005058372
  -25.516528     66.876101   -0.0008449024
  -25.516528     79.035392   -0.0012521899
  -25.516528     91.194683   -0.0017159885

  -20.877160    -91.194683   -0.0019449090
  -20.877160    -79.035392   -0.0015101260
  -20.877160    -66.876101   -0.0011273337
  -20.877160    -54.716810   -0.0007975949
  -20.877160    -42.557519   -0.0005220309
  -20.877160    -30.398228   -0.0003017854
  -20.877160    -18.238937   -0.0001379560
  -20.877160     -6.079646   -0.0000314935
  -20.877160      6.079646    0.0000169303
  -20.877160     18.238937    0.0000070877
  -20.877160     30.398228   -0.0000606080
  -20.877160     42.557519   -0.0001848738
  -20.877160     54.716810   -0.0003632955
  -20.877160     66.876101   -0.0005920348
  -20.877160     79.035392   -0.0008655034
  -20.877160     91.194683   -0.0011760062

  -16.237791    -91.194683   -0.0011198196
  -16.237791    -79.035392   -0.0008665711
  -16.237791    -66.876101   -0.0006444873
  -16.237791    -54.716810   -0.0004538953
  -16.237791    -42.557519   -0.0002952565
  -16.237791    -30.398228   -0.0001691332
  -16.237791    -18.238937   -0.0000761359
  -16.237791     -6.079646   -0.0000168491
  -16.237791      6.079646    0.0000082628
  -16.237791     18.238937   -0.0000010289
  -16.237791     30.398228   -0.0000445823
  -16.237791     42.557519   -0.0001217281
  -16.237791     54.716810   -0.0002310928
  -16.237791     66.876101   -0.0003704015
  -16.237791     79.035392   -0.0005362598
  -16.237791     91.194683   -0.0007239151

  -11.598422    -91.194683   -0.0005533431
  -11.598422    -79.035392   -0.0004270527
  -11.598422    -66.876101   -0.0003168588
  -11.598422    -54.716810   -0.0002226309
  -11.598422    -42.557519   -0.0001444101
  -11.598422    -30.398228   -0.0000823760
  -11.598422    -18.238937   -0.0000368040
  -11.598422     -6.079646   -0.0000080105
  -11.598422      6.079646    0.0000037123
  -11.598422     18.238937   -0.0000018264
  -11.598422     30.398228   -0.0000246288
  -11.598422     42.557519   -0.0000644094
  -11.598422     54.716810   -0.0001204852
  -11.598422     66.876101   -0.0001916543
  -11.598422     79.035392   -0.0002760645
  -11.598422     91.194683   -0.0003710694

   -6.959053    -91.194683   -0.0002001871
   -6.959053    -79.035392   -0.0001543534
   -6.959053    -66.876101   -0.0001147017
   -6.959053    -54.716810   -0.0000809189
   -6.959053    -42.557519   -0.0000528497
   -6.959053    -30.398228   -0.0000304680
   -6.959053    -18.238937   -0.0000138446
   -6.959053     -6.079646   -0.0000031108
   -6.959053      6.079646    0.0000015828
   -6.959053     18.238937    0.0000001106
   -6.959053     30.398228   -0.0000075785
   -6.959053     42.557519   -0.0000214079
   -6.959053     54.716810   -0.0000411165
   -6.959053     66.876101   -0.0000661965
   -6.959053     79.035392   -0.0000958280
   -6.959053     91.194683   -0.0001288093

   -2.319684    -91.194683   -0.0000270159
   -2.319684    -79.035392   -0.0000209963
   -2.319684    -66.876101   -0.0000159374
   -2.319684    -54.716810   -0.0000116482
   -2.319684    -42.557519   -0.0000080118
   -2.319684    -30.398228   -0.0000049721
   -2.319684    -18.238937   -0.0000025200
   -2.319684     -6.079646   -0.0000006789
   -2.319684      6.079646    0.0000005102
   -2.319684     18.238937    0.0000010035
   -2.319684     30.398228    0.0000007707
   -2.319684     42.557519   -0.0000001889
   -2.319684     54.716810   -0.0000018301
   -2.319684     66.876101   -0.0000040441
   -2.319684     79.035392   -0.0000066412
   -2.319684     91.194683   -0.0000093323

    2.319684    -91.194683   -0.0000093323
    2.319684    -79.035392   -0.0000066412
    2.319684    -66.876101   -0.0000040441
    2.319684    -54.716810   -0.0000018301
    2.319684    -42.557519   -0.0000001889
    2.319684    -30.398228    0.0000007707
    2.319684    -18.238937    0.0000010035
    2.319684     -6.079646    0.0000005102
    2.319684      6.079646   -0.0000006789
    2.319684     18.238937   -0.0000025200
    2.319684     30.398228   -0.0000049721
    2.319684     42.557519   -0.0000080118
    2.319684     54.716810   -0.0000116482
    2.319684     66.876101   -0.0000159374
    2.319684     79.035392   -0.0000209963
    2.319684     91.194683   -0.0000270159

    6.959053    -91.194683   -0.0001288093
    6.959053    -79.035392   -0.0000958280
    6.959053    -66.876101   -0.0000661965
    6.959053    -54.716810   -0.0000411165
    6.959053    -42.557519   -0.0000214079
    6.959053    -30.398228   -0.0000075785
    6.959053    -18.238937    0.0000001106
    6.959053     -6.079646    0.0000015828
    6.959053      6.079646   -0.0000031108
    6.959053     18.238937   -0.0000138446
    6.959053     30.398228   -0.0000304680
    6.959053     42.557519   -0.0000528497
    6.959053     54.716810   -0.0000809189
    6.959053     66.876101   -0.0001147017
    6.959053     79.035392   -0.0001543534
    6.959053     91.194683   -0.0002001871

   11.598422    -91.194683   -0.0003710694
   11.598422    -79.035392   -0.0002760645
   11.598422    -66.876101   -0.0001916543
   11.598422    -54.716810   -0.0001204852
   11.598422    -42.557519   -0.0000644094
   11.598422    -30.398228   -0.0000246288
   11.598422    -18.238937   -0.0000018264
   11.598422     -6.079646    0.0000037123
   11.598422      6.079646   -0.0000080105
   11.598422     18.238937   -0.0000368040
   11.598422     30.398228   -0.0000823760
   11.598422     42.557519   -0.0001444101
   11.598422     54.716810   -0.0002226309
   11.598422     66.876101   -0.0003168588
   11.598422     79.035392   -0.0004270527
   11.598422     91.194683   -0.0005533431

   16.237791    -91.194683   -0.0007239151
   16.237791    -79.035392   -0.0005362598
   16.237791    -66.876101   -0.0003704015
   16.237791    -54.716810   -0.0002310928
   16.237791    -42.557519   -0.0001217281
   16.237791    -30.398228   -0.0000445823
   16.237791    -18.238937   -0.0000010289
   16.237791     -6.079646    0.0000082628
   16.237791      6.079646   -0.0000168491
   16.237791     18.238937   -0.0000761359
   16.237791     30.398228   -0.0001691332
   16.237791     42.557519   -0.0002952565
   16.237791     54.716810   -0.0004538953
   16.237791     66.876101   -0.0006444873
   16.237791     79.035392   -0.0008665711
   16.237791     91.194683   -0.0011198196

   20.877160    -91.194683   -0.0011760062
   20.877160    -79.035392   -0.0008655034
   20.877160    -66.876101   -0.0005920348
   20.877160    -54.716810   -0.0003632955
   20.877160    -42.557519   -0.0001848738
   20.877160    -30.398228   -0.0000606080
   20.877160    -18.238937    0.0000070877
   20.877160     -6.079646    0.0000169303
   20.877160      6.079646   -0.0000314935
   20.877160     18.238937   -0.0001379560
   20.877160     30.398228   -0.0003017854
   20.877160     42.557519   -0.0005220309
   20.877160     54.716810   -0.0007975949
   20.877160     66.876101   -0.0011273337
   20.877160     79.035392   -0.0015101260
   20.877160     91.194683   -0.0019449090

   25.516528    -91.194683   -0.0017159885
   25.516528    -79.035392   -0.0012521899
   25.516528    -66.876101   -0.0008449024
   25.516528    -54.716810   -0.0005058372
   25.516528    -42.557519   -0.0002436141
   25.516528    -30.398228   -0.0000642673
   25.516528    -18.238937    0.0000282962
   25.516528     -6.079646    0.0000318822
   25.516528      6.079646   -0.0000543579
   25.516528     18.238937   -0.0002302491
   25.516528     30.398228   -0.0004948689
   25.516528     42.557519   -0.0008467772
   25.516528     54.716810   -0.0012842010
   25.516528     66.876101   -0.0018051727
   25.516528     79.035392   -0.0024076230
   25.516528     91.194683   -0.0030894275

   30.155897    -91.194683   -0.0023320695
   30.155897    -79.035392   -0.0016834886
   30.155897    -66.876101   -0.0011154924
   30.155897    -54.716810   -0.0006452041
   30.155897    -42.557519   -0.0002853571
   30.155897    -30.398228   -0.0000449904
   30.155897    -18.238937    0.0000699206
   30.155897     -6.079646    0.0000558951
   30.155897      6.079646   -0.0000885578
   30.155897     18.238937   -0.0003633801
   30.155897     30.398228   -0.0007673439
   30.155897     42.557519   -0.0012983657
   30.155897     54.716810   -0.0019537580
   30.155897     66.876101   -0.0027304175
   30.155897     79.035392   -0.0036249499
   30.155897     91.194683   -0.0046337311

   34.795266    -91.194683   -0.0030120445
   34.795266    -79.035392   -0.0021451595
   34.795266    -66.876101   -0.0013880712
   34.795266    -54.716810   -0.0007651486
   34.795266    -42.557519   -0.0002946357
   34.795266    -30.398228    0.0000103957
   34.795266    -18.238937    0.0001411813
   34.795266     -6.079646    0.0000924897
   34.795266      6.079646   -0.0001380653
   34.795266     18.238937   -0.0005506217
   34.795266     30.398228   -0.0011435789
   34.795266     42.557519   -0.0019140184
   34.795266     54.716810   -0.0028580351
   34.795266     66.876101   -0.0039709802
   34.795266     79.035392   -0.0052476161
   34.795266     91.194683   -0.0066821809

