  -34.795266    -50.614883   -0.0002766039
  -34.795266    -43.866232   -0.0002150701
  -34.795266    -37.117581   -0.0001584711
  -34.795266    -30.368930   -0.0001085865
  -34.795266    -23.620279   -0.0000668992
  -34.795266    -16.871628   -0.0000345957
  -34.795266    -10.122977   -0.0000125657
  -34.795266     -3.374326   -0.0000014024
  -34.795266      3.374326   -0.0000014024
  -34.795266     10.122977   -0.0000125657
  -34.795266     16.871628   -0.0000345957
  -34.795266     23.620279   -0.0000668992
  -34.795266     30.368930   -0.0001085865
  -34.795266     37.117581   -0.0001584711
  -34.795266     43.866232   -0.0002150701
  -34.795266     50.614883   -0.0002766039

  -30.155897    -50.614883   -0.0002053373
  -30.155897    -43.866232   -0.0001596161
  -30.155897    -37.117581   -0.0001175861
  -30.155897    -30.368930   -0.0000805582
  -30.155897    -23.620279   -0.0000496249
  -30.155897    -16.871628   -0.0000256602
  -30.155897    -10.122977   -0.0000093196
  -30.155897     -3.374326   -0.0000010401
  -30.155897      3.374326   -0.0000010401
  -30.155897     10.122977   -0.0000093196
  -30.155897     16.871628   -0.0000256602
  -30.155897     23.620279   -0.0000496249
  -30.155897     30.368930   -0.0000805582
  -30.155897     37.117581   -0.0001175861
  -30.155897     43.866232   -0.0001596161
  -30.155897     50.614883   -0.0002053373

  -25.516528    -50.614883   -0.0001455298
  -25.516528    -43.866232   -0.0001130997
  -25.516528    -37.117581   -0.0000833031
  -25.516528    -30.368930   -0.0000570626
  -25.516528    -23.620279   -0.0000351474
  -25.516528    -16.871628   -0.0000181727
  -25.516528    -10.122977   -0.0000065998
  -25.516528     -3.374326   -0.0000007365
  -25.516528      3.374326   -0.0000007365
  -25.516528     10.122977   -0.0000065998
  -25.516528     16.871628   -0.0000181727
  -25.516528     23.620279   -0.0000351474
  -25.516528     30.368930   -0.0000570626
  -25.516528     37.117581   -0.0000833031
  -25.516528     43.866232   -0.0001130997
  -25.516528     50.614883   -0.0001455298

  -20.877160    -50.614883   -0.0000965913
  -20.877160    -43.866232   -0.0000750522
  -20.877160    -37.117581   -0.0000552708
  -20.877160    -30.368930   -0.0000378558
  -20.877160    -23.620279   -0.0000233149
  -20.877160    -16.871628   -0.0000120539
  -20.877160    -10.122977   -0.0000043775
  -20.877160     -3.374326   -0.0000004885
  -20.877160      3.374326   -0.0000004885
  -20.877160     10.122977   -0.0000043775
  -20.877160     16.871628   -0.0000120539
  -20.877160     23.620279   -0.0000233149
  -20.877160     30.368930   -0.0000378558
  -20.877160     37.117581   -0.0000552708
  -20.877160     43.866232   -0.0000750522
  -20.877160     50.614883   -0.0000965913

  -16.237791    -50.614883   -0.0000580303
  -16.237791    -43.866232   -0.0000450830
  -16.237791    -37.117581   -0.0000331963
  -16.237791    -30.368930   -0.0000227344
  -16.237791    -23.620279   -0.0000140007
  -16.237791    -16.871628   -0.0000072380
  -16.237791    -10.122977   -0.0000026285
  -16.237791     -3.374326   -0.0000002933
  -16.237791      3.374326   -0.0000002933
  -16.237791     10.122977   -0.0000026285
  -16.237791     16.871628   -0.0000072380
  -16.237791     23.620279   -0.0000140007
  -16.237791     30.368930   -0.0000227344
  -16.237791     37.117581   -0.0000331963
  -16.237791     43.866232   -0.0000450830
  -16.237791     50.614883   -0.0000580303

  -11.598422    -50.614883   -0.0000294537
  -11.598422    -43.866232   -0.0000228794
  -11.598422    -37.117581   -0.0000168454
  -11.598422    -30.368930   -0.0000115356
  -11.598422    -23.620279   -0.0000071037
  -11.598422    -16.871628   -0.0000036723
  -11.598422    -10.122977   -0.0000013335
  -11.598422     -3.374326   -0.0000001488
  -11.598422      3.374326   -0.0000001488
  -11.598422     10.122977   -0.0000013335
  -11.598422     16.871628   -0.0000036723
  -11.598422     23.620279   -0.0000071037
  -11.598422     30.368930   -0.0000115356
  -11.598422     37.117581   -0.0000168454
  -11.598422     43.866232   -0.0000228794
  -11.598422     50.614883   -0.0000294537

   -6.959053    -50.614883   -0.0000105665
   -6.959053    -43.866232   -0.0000082073
   -6.959053    -37.117581   -0.0000060424
   -6.959053    -30.368930   -0.0000041376
   -6.959053    -23.620279   -0.0000025478
   -6.959053    -16.871628   -0.0000013171
   -6.959053    -10.122977   -0.0000004783
   -6.959053     -3.374326   -0.0000000534
   -6.959053      3.374326   -0.0000000534
   -6.959053     10.122977   -0.0000004783
   -6.959053     16.871628   -0.0000013171
   -6.959053     23.620279   -0.0000025478
   -6.959053     30.368930   -0.0000041376
   -6.959053     37.117581   -0.0000060424
   -6.959053     43.866232   -0.0000082073
   -6.959053     50.614883   -0.0000105665

   -2.319684    -50.614883   -0.0000011720
   -2.319684    -43.866232   -0.0000009103
   -2.319684    -37.117581   -0.0000006702
   -2.319684    -30.368930   -0.0000004589
   -2.319684    -23.620279   -0.0000002826
   -2.319684    -16.871628   -0.0000001461
   -2.319684    -10.122977   -0.0000000530
   -2.319684     -3.374326   -0.0000000059
   -2.319684      3.374326   -0.0000000059
   -2.319684     10.122977   -0.0000000530
   -2.319684     16.871628   -0.0000001461
   -2.319684     23.620279   -0.0000002826
   -2.319684     30.368930   -0.0000004589
   -2.319684     37.117581   -0.0000006702
   -2.319684     43.866232   -0.0000009103
   -2.319684     50.614883   -0.0000011720

    2.319684    -50.614883   -0.0000011720
    2.319684    -43.866232   -0.0000009103
    2.319684    -37.117581   -0.0000006702
    2.319684    -30.368930   -0.0000004589
    2.319684    -23.620279   -0.0000002826
    2.319684    -16.871628   -0.0000001461
    2.319684    -10.122977   -0.0000000530
    2.319684     -3.374326   -0.0000000059
    2.319684      3.374326   -0.0000000059
    2.319684     10.122977   -0.0000000530
    2.319684     16.871628   -0.0000001461
    2.319684     23.620279   -0.0000002826
    2.319684     30.368930   -0.0000004589
    2.319684     37.117581   -0.0000006702
    2.319684     43.866232   -0.0000009103
    2.319684     50.614883   -0.0000011720

    6.959053    -50.614883   -0.0000105665
    6.959053    -43.866232   -0.0000082073
    6.959053    -37.117581   -0.0000060424
    6.959053    -30.368930   -0.0000041376
    6.959053    -23.620279   -0.0000025478
    6.959053    -16.871628   -0.0000013171
    6.959053    -10.122977   -0.0000004783
    6.959053     -3.374326   -0.0000000534
    6.959053      3.374326   -0.0000000534
    6.959053     10.122977   -0.0000004783
    6.959053     16.871628   -0.0000013171
    6.959053     23.620279   -0.0000025478
    6.959053     30.368930   -0.0000041376
    6.959053     37.117581   -0.0000060424
    6.959053     43.866232   -0.0000082073
    6.959053     50.614883   -0.0000105665

   11.598422    -50.614883   -0.0000294537
   11.598422    -43.866232   -0.0000228794
   11.598422    -37.117581   -0.0000168454
   11.598422    -30.368930   -0.0000115356
   11.598422    -23.620279   -0.0000071037
   11.598422    -16.871628   -0.0000036723
   11.598422    -10.122977   -0.0000013335
   11.598422     -3.374326   -0.0000001488
   11.598422      3.374326   -0.0000001488
   11.598422     10.122977   -0.0000013335
   11.598422     16.871628   -0.0000036723
   11.598422     23.620279   -0.0000071037
   11.598422     30.368930   -0.0000115356
   11.598422     37.117581   -0.0000168454
   11.598422     43.866232   -0.0000228794
   11.598422     50.614883   -0.0000294537

   16.237791    -50.614883   -0.0000580303
   16.237791    -43.866232   -0.0000450830
   16.237791    -37.117581   -0.0000331963
   16.237791    -30.368930   -0.0000227344
   16.237791    -23.620279   -0.0000140007
   16.237791    -16.871628   -0.0000072380
   16.237791    -10.122977   -0.0000026285
   16.237791     -3.374326   -0.0000002933
   16.237791      3.374326   -0.0000002933
   16.237791     10.122977   -0.0000026285
   16.237791     16.871628   -0.0000072380
   16.237791     23.620279   -0.0000140007
   16.237791     30.368930   -0.0000227344
   16.237791     37.117581   -0.0000331963
   16.237791     43.866232   -0.0000450830
   16.237791     50.614883   -0.0000580303

   20.877160    -50.614883   -0.0000965913
   20.877160    -43.866232   -0.0000750522
   20.877160    -37.117581   -0.0000552708
   20.877160    -30.368930   -0.0000378558
   20.877160    -23.620279   -0.0000233149
   20.877160    -16.871628   -0.0000120539
   20.877160    -10.122977   -0.0000043775
   20.877160     -3.374326   -0.0000004885
   20.877160      3.374326   -0.0000004885
   20.877160     10.122977   -0.0000043775
   20.877160     16.871628   -0.0000120539
   20.877160     23.620279   -0.0000233149
   20.877160     30.368930   -0.0000378558
   20.877160     37.117581   -0.0000552708
   20.877160     43.866232   -0.0000750522
   20.877160     50.614883   -0.0000965913

   25.516528    -50.614883   -0.0001455298
   25.516528    -43.866232   -0.0001130997
   25.516528    -37.117581   -0.0000833031
   25.516528    -30.368930   -0.0000570626
   25.516528    -23.620279   -0.0000351474
   25.516528    -16.871628   -0.0000181727
   25.516528    -10.122977   -0.0000065998
   25.516528     -3.374326   -0.0000007365
   25.516528      3.374326   -0.0000007365
   25.516528     10.122977   -0.0000065998
   25.516528     16.871628   -0.0000181727
   25.516528     23.620279   -0.0000351474
   25.516528     30.368930   -0.0000570626
   25.516528     37.117581   -0.0000833031
   25.516528     43.866232   -0.0001130997
   25.516528     50.614883   -0.0001455298

   30.155897    -50.614883   -0.0002053373
   30.155897    -43.866232   -0.0001596161
   30.155897    -37.117581   -0.0001175861
   30.155897    -30.368930   -0.0000805582
   30.155897    -23.620279   -0.0000496249
   30.155897    -16.871628   -0.0000256602
   30.155897    -10.122977   -0.0000093196
   30.155897     -3.374326   -0.0000010401
   30.155897      3.374326   -0.0000010401
   30.155897     10.122977   -0.0000093196
   30.155897     16.871628   -0.0000256602
   30.155897     23.620279   -0.0000496249
   30.155897     30.368930   -0.0000805582
   30.155897     37.117581   -0.0001175861
   30.155897     43.866232   -0.0001596161
   30.155897     50.614883   -0.0002053373

   34.795266    -50.614883   -0.0002766039
   34.795266    -43.866232   -0.0002150701
   34.795266    -37.117581   -0.0001584711
   34.795266    -30.368930   -0.0001085865
   34.795266    -23.620279   -0.0000668992
   34.795266    -16.871628   -0.0000345957
   34.795266    -10.122977   -0.0000125657
   34.795266     -3.374326   -0.0000014024
   34.795266      3.374326   -0.0000014024
   34.795266     10.122977   -0.0000125657
   34.795266     16.871628   -0.0000345957
   34.795266     23.620279   -0.0000668992
   34.795266     30.368930   -0.0001085865
   34.795266     37.117581   -0.0001584711
   34.795266     43.866232   -0.0002150701
   34.795266     50.614883   -0.0002766039

