  -35.358766    -92.332122   -0.0204581409
  -35.358766    -80.021172   -0.0160686495
  -35.358766    -67.710222   -0.0119665442
  -35.358766    -55.399273   -0.0082838744
  -35.358766    -43.088323   -0.0051499959
  -35.358766    -30.777374   -0.0026826797
  -35.358766    -18.466424   -0.0009793555
  -35.358766     -6.155475   -0.0001095846
  -35.358766      6.155475   -0.0001095846
  -35.358766     18.466424   -0.0009793555
  -35.358766     30.777374   -0.0026826797
  -35.358766     43.088323   -0.0051499959
  -35.358766     55.399273   -0.0082838744
  -35.358766     67.710222   -0.0119665442
  -35.358766     80.021172   -0.0160686495
  -35.358766     92.332122   -0.0204581409

  -30.644264    -92.332122   -0.0146457683
  -30.644264    -80.021172   -0.0115131381
  -30.644264    -67.710222   -0.0085564283
  -30.644264    -55.399273   -0.0059122458
  -30.644264    -43.088323   -0.0036729548
  -30.644264    -30.777374   -0.0019137861
  -30.644264    -18.466424   -0.0006991288
  -30.644264     -6.155475   -0.0000782683
  -30.644264      6.155475   -0.0000782683
  -30.644264     18.466424   -0.0006991288
  -30.644264     30.777374   -0.0019137861
  -30.644264     43.088323   -0.0036729548
  -30.644264     55.399273   -0.0059122458
  -30.644264     67.710222   -0.0085564283
  -30.644264     80.021172   -0.0115131381
  -30.644264     92.332122   -0.0146457683

  -25.929762    -92.332122   -0.0100617164
  -25.929762    -80.021172   -0.0078939107
  -25.929762    -67.710222   -0.0058664544
  -25.929762    -55.399273   -0.0040535336
  -25.929762    -43.088323   -0.0025168991
  -25.929762    -30.777374   -0.0013102055
  -25.929762    -18.466424   -0.0004781818
  -25.929762     -6.155475   -0.0000535018
  -25.929762      6.155475   -0.0000535018
  -25.929762     18.466424   -0.0004781818
  -25.929762     30.777374   -0.0013102055
  -25.929762     43.088323   -0.0025168991
  -25.929762     55.399273   -0.0040535336
  -25.929762     67.710222   -0.0058664544
  -25.929762     80.021172   -0.0078939107
  -25.929762     92.332122   -0.0100617164

  -21.215260    -92.332122   -0.0065073242
  -21.215260    -80.021172   -0.0050948750
  -21.215260    -67.710222   -0.0037872131
  -21.215260    -55.399273   -0.0026174767
  -21.215260    -43.088323   -0.0016245414
  -21.215260    -30.777374   -0.0008448783
  -21.215260    -18.466424   -0.0003080402
  -21.215260     -6.155475   -0.0000344434
  -21.215260      6.155475   -0.0000344434
  -21.215260     18.466424   -0.0003080402
  -21.215260     30.777374   -0.0008448783
  -21.215260     43.088323   -0.0016245414
  -21.215260     55.399273   -0.0026174767
  -21.215260     67.710222   -0.0037872131
  -21.215260     80.021172   -0.0050948750
  -21.215260     92.332122   -0.0065073242

  -16.500757    -92.332122   -0.0038294682
  -16.500757    -80.021172   -0.0029954887
  -16.500757    -67.710222   -0.0022261185
  -16.500757    -55.399273   -0.0015382346
  -16.500757    -43.088323   -0.0009543733
  -16.500757    -30.777374   -0.0004961198
  -16.500757    -18.466424   -0.0001808091
  -16.500757     -6.155475   -0.0000202121
  -16.500757      6.155475   -0.0000202121
  -16.500757     18.466424   -0.0001808091
  -16.500757     30.777374   -0.0004961198
  -16.500757     43.088323   -0.0009543733
  -16.500757     55.399273   -0.0015382346
  -16.500757     67.710222   -0.0022261185
  -16.500757     80.021172   -0.0029954887
  -16.500757     92.332122   -0.0038294682

  -11.786255    -92.332122   -0.0019138521
  -11.786255    -80.021172   -0.0014974044
  -11.786255    -67.710222   -0.0011119673
  -11.786255    -55.399273   -0.0007678399
  -11.786255    -43.088323   -0.0004762594
  -11.786255    -30.777374   -0.0002475935
  -11.786255    -18.466424   -0.0000902538
  -11.786255     -6.155475   -0.0000100909
  -11.786255      6.155475   -0.0000100909
  -11.786255     18.466424   -0.0000902538
  -11.786255     30.777374   -0.0002475935
  -11.786255     43.088323   -0.0004762594
  -11.786255     55.399273   -0.0007678399
  -11.786255     67.710222   -0.0011119673
  -11.786255     80.021172   -0.0014974044
  -11.786255     92.332122   -0.0019138521

   -7.071753    -92.332122   -0.0006795703
   -7.071753    -80.021172   -0.0005321219
   -7.071753    -67.710222   -0.0003947966
   -7.071753    -55.399273   -0.0002723928
   -7.071753    -43.088323   -0.0001689197
   -7.071753    -30.777374   -0.0000878446
   -7.071753    -18.466424   -0.0000320376
   -7.071753     -6.155475   -0.0000035832
   -7.071753      6.155475   -0.0000035832
   -7.071753     18.466424   -0.0000320376
   -7.071753     30.777374   -0.0000878446
   -7.071753     43.088323   -0.0001689197
   -7.071753     55.399273   -0.0002723928
   -7.071753     67.710222   -0.0003947966
   -7.071753     80.021172   -0.0005321219
   -7.071753     92.332122   -0.0006795703

   -2.357251    -92.332122   -0.0000749905
   -2.357251    -80.021172   -0.0000587567
   -2.357251    -67.710222   -0.0000435674
   -2.357251    -55.399273   -0.0000300433
   -2.357251    -43.088323   -0.0000186288
   -2.357251    -30.777374   -0.0000096902
   -2.357251    -18.466424   -0.0000035355
   -2.357251     -6.155475   -0.0000003955
   -2.357251      6.155475   -0.0000003955
   -2.357251     18.466424   -0.0000035355
   -2.357251     30.777374   -0.0000096902
   -2.357251     43.088323   -0.0000186288
   -2.357251     55.399273   -0.0000300433
   -2.357251     67.710222   -0.0000435674
   -2.357251     80.021172   -0.0000587567
   -2.357251     92.332122   -0.0000749905

    2.357251    -92.332122   -0.0000749905
    2.357251    -80.021172   -0.0000587567
    2.357251    -67.710222   -0.0000435674
    2.357251    -55.399273   -0.0000300433
    2.357251    -43.088323   -0.0000186288
    2.357251    -30.777374   -0.0000096902
    2.357251    -18.466424   -0.0000035355
    2.357251     -6.155475   -0.0000003955
    2.357251      6.155475   -0.0000003955
    2.357251     18.466424   -0.0000035355
    2.357251     30.777374   -0.0000096902
    2.357251     43.088323   -0.0000186288
    2.357251     55.399273   -0.0000300433
    2.357251     67.710222   -0.0000435674
    2.357251     80.021172   -0.0000587567
    2.357251     92.332122   -0.0000749905

    7.071753    -92.332122   -0.0006795703
    7.071753    -80.021172   -0.0005321219
    7.071753    -67.710222   -0.0003947966
    7.071753    -55.399273   -0.0002723928
    7.071753    -43.088323   -0.0001689197
    7.071753    -30.777374   -0.0000878446
    7.071753    -18.466424   -0.0000320376
    7.071753     -6.155475   -0.0000035832
    7.071753      6.155475   -0.0000035832
    7.071753     18.466424   -0.0000320376
    7.071753     30.777374   -0.0000878446
    7.071753     43.088323   -0.0001689197
    7.071753     55.399273   -0.0002723928
    7.071753     67.710222   -0.0003947966
    7.071753     80.021172   -0.0005321219
    7.071753     92.332122   -0.0006795703

   11.786255    -92.332122   -0.0019138521
   11.786255    -80.021172   -0.0014974044
   11.786255    -67.710222   -0.0011119673
   11.786255    -55.399273   -0.0007678399
   11.786255    -43.088323   -0.0004762594
   11.786255    -30.777374   -0.0002475935
   11.786255    -18.466424   -0.0000902538
   11.786255     -6.155475   -0.0000100909
   11.786255      6.155475   -0.0000100909
   11.786255     18.466424   -0.0000902538
   11.786255     30.777374   -0.0002475935
   11.786255     43.088323   -0.0004762594
   11.786255     55.399273   -0.0007678399
   11.786255     67.710222   -0.0011119673
   11.786255     80.021172   -0.0014974044
   11.786255     92.332122   -0.0019138521

   16.500757    -92.332122   -0.0038294682
   16.500757    -80.021172   -0.0029954887
   16.500757    -67.710222   -0.0022261185
   16.500757    -55.399273   -0.0015382346
   16.500757    -43.088323   -0.0009543733
   16.500757    -30.777374   -0.0004961198
   16.500757    -18.466424   -0.0001808091
   16.500757     -6.155475   -0.0000202121
   16.500757      6.155475   -0.0000202121
   16.500757     18.466424   -0.0001808091
   16.500757     30.777374   -0.0004961198
   16.500757     43.088323   -0.0009543733
   16.500757     55.399273   -0.0015382346
   16.500757     67.710222   -0.0022261185
   16.500757     80.021172   -0.0029954887
   16.500757     92.332122   -0.0038294682

   21.215260    -92.332122   -0.0065073242
   21.215260    -80.021172   -0.0050948750
   21.215260    -67.710222   -0.0037872131
   21.215260    -55.399273   -0.0026174767
   21.215260    -43.088323   -0.0016245414
   21.215260    -30.777374   -0.0008448783
   21.215260    -18.466424   -0.0003080402
   21.215260     -6.155475   -0.0000344434
   21.215260      6.155475   -0.0000344434
   21.215260     18.466424   -0.0003080402
   21.215260     30.777374   -0.0008448783
   21.215260     43.088323   -0.0016245414
   21.215260     55.399273   -0.0026174767
   21.215260     67.710222   -0.0037872131
   21.215260     80.021172   -0.0050948750
   21.215260     92.332122   -0.0065073242

   25.929762    -92.332122   -0.0100617164
   25.929762    -80.021172   -0.0078939107
   25.929762    -67.710222   -0.0058664544
   25.929762    -55.399273   -0.0040535336
   25.929762    -43.088323   -0.0025168991
   25.929762    -30.777374   -0.0013102055
   25.929762    -18.466424   -0.0004781818
   25.929762     -6.155475   -0.0000535018
   25.929762      6.155475   -0.0000535018
   25.929762     18.466424   -0.0004781818
   25.929762     30.777374   -0.0013102055
   25.929762     43.088323   -0.0025168991
   25.929762     55.399273   -0.0040535336
   25.929762     67.710222   -0.0058664544
   25.929762     80.021172   -0.0078939107
   25.929762     92.332122   -0.0100617164

   30.644264    -92.332122   -0.0146457683
   30.644264    -80.021172   -0.0115131381
   30.644264    -67.710222   -0.0085564283
   30.644264    -55.399273   -0.0059122458
   30.644264    -43.088323   -0.0036729548
   30.644264    -30.777374   -0.0019137861
   30.644264    -18.466424   -0.0006991288
   30.644264     -6.155475   -0.0000782683
   30.644264      6.155475   -0.0000782683
   30.644264     18.466424   -0.0006991288
   30.644264     30.777374   -0.0019137861
   30.644264     43.088323   -0.0036729548
   30.644264     55.399273   -0.0059122458
   30.644264     67.710222   -0.0085564283
   30.644264     80.021172   -0.0115131381
   30.644264     92.332122   -0.0146457683

   35.358766    -92.332122   -0.0204581409
   35.358766    -80.021172   -0.0160686495
   35.358766    -67.710222   -0.0119665442
   35.358766    -55.399273   -0.0082838744
   35.358766    -43.088323   -0.0051499959
   35.358766    -30.777374   -0.0026826797
   35.358766    -18.466424   -0.0009793555
   35.358766     -6.155475   -0.0001095846
   35.358766      6.155475   -0.0001095846
   35.358766     18.466424   -0.0009793555
   35.358766     30.777374   -0.0026826797
   35.358766     43.088323   -0.0051499959
   35.358766     55.399273   -0.0082838744
   35.358766     67.710222   -0.0119665442
   35.358766     80.021172   -0.0160686495
   35.358766     92.332122   -0.0204581409

