  -34.795266    -45.038700    0.1259720519
  -34.795266    -39.033540    0.1152914267
  -34.795266    -33.028380    0.1066145441
  -34.795266    -27.023220    0.0997999523
  -34.795266    -21.018060    0.0947158675
  -34.795266    -15.012900    0.0912396049
  -34.795266     -9.007740    0.0892570319
  -34.795266     -3.002580    0.0886620431
  -34.795266      3.002580    0.0893560584
  -34.795266      9.007740    0.0912475423
  -34.795266     15.012900    0.0942515458
  -34.795266     21.018060    0.0982892706
  -34.795266     27.023220    0.1032876551
  -34.795266     33.028380    0.1091789833
  -34.795266     39.033540    0.1159005150
  -34.795266     45.038700    0.1233941387

  -30.155897    -45.038700    0.1021876064
  -30.155897    -39.033540    0.0913159835
  -30.155897    -33.028380    0.0824478259
  -30.155897    -27.023220    0.0754417396
  -30.155897    -21.018060    0.0701659660
  -30.155897    -15.012900    0.0664978309
  -30.155897     -9.007740    0.0643232104
  -30.155897     -3.002580    0.0635360168
  -30.155897      3.002580    0.0640377021
  -30.155897      9.007740    0.0657367805
  -30.155897     15.012900    0.0685483694
  -30.155897     21.018060    0.0723937483
  -30.155897     27.023220    0.0771999374
  -30.155897     33.028380    0.0828992938
  -30.155897     39.033540    0.0894291263
  -30.155897     45.038700    0.0967313294

  -25.516528    -45.038700    0.0834247390
  -25.516528    -39.033540    0.0723998324
  -25.516528    -33.028380    0.0633782894
  -25.516528    -27.023220    0.0562186426
  -25.516528    -21.018060    0.0507891029
  -25.516528    -15.012900    0.0469669956
  -25.516528     -9.007740    0.0446382164
  -25.516528     -3.002580    0.0436967088
  -25.516528      3.002580    0.0440439622
  -25.516528      9.007740    0.0455885302
  -25.516528     15.012900    0.0482455702
  -25.516528     21.018060    0.0519364032
  -25.516528     27.023220    0.0565880945
  -25.516528     33.028380    0.0621330551
  -25.516528     39.033540    0.0685086642
  -25.516528     45.038700    0.0756569114

  -20.877160    -45.038700    0.0688840807
  -20.877160    -39.033540    0.0577383750
  -20.877160    -33.028380    0.0485959846
  -20.877160    -27.023220    0.0413153546
  -20.877160    -21.018060    0.0357646566
  -20.877160    -15.012900    0.0318212087
  -20.877160     -9.007740    0.0293709208
  -20.877160     -3.002580    0.0283077613
  -20.877160      3.002580    0.0285332490
  -20.877160      9.007740    0.0299559671
  -20.877160     15.012900    0.0324911011
  -20.877160     21.018060    0.0360599996
  -20.877160     27.023220    0.0405897593
  -20.877160     33.028380    0.0460128325
  -20.877160     39.033540    0.0522666583
  -20.877160     45.038700    0.0592933172

  -16.237791    -45.038700    0.0579410931
  -16.237791    -39.033540    0.0467030619
  -16.237791    -33.028380    0.0374682987
  -16.237791    -27.023220    0.0300951946
  -16.237791    -21.018060    0.0244518925
  -16.237791    -15.012900    0.0204157012
  -16.237791     -9.007740    0.0178725340
  -16.237791     -3.002580    0.0167163720
  -16.237791      3.002580    0.0168487517
  -16.237791      9.007740    0.0181782771
  -16.237791     15.012900    0.0206201562
  -16.237791     21.018060    0.0240957618
  -16.237791     27.023220    0.0285322174
  -16.237791     33.028380    0.0338620068
  -16.237791     39.033540    0.0400226087
  -16.237791     45.038700    0.0469561552

  -11.598422    -45.038700    0.0501233758
  -11.598422    -39.033540    0.0388185109
  -11.598422    -33.028380    0.0295168584
  -11.598422    -27.023220    0.0220767935
  -11.598422    -21.018060    0.0163664451
  -11.598422    -15.012900    0.0122631126
  -11.598422     -9.007740    0.0096527051
  -11.598422     -3.002580    0.0084292054
  -11.598422      3.002580    0.0084941578
  -11.598422      9.007740    0.0097561800
  -11.598422     15.012900    0.0121304984
  -11.598422     21.018060    0.0155385082
  -11.598422     27.023220    0.0199073568
  -11.598422     33.028380    0.0251695513
  -11.598422     39.033540    0.0312625904
  -11.598422     45.038700    0.0381286195

   -6.959053    -45.038700    0.0450925132
   -6.959053    -39.033540    0.0337442025
   -6.959053    -33.028380    0.0243990522
   -6.959053    -27.023220    0.0169154438
   -6.959053    -21.018060    0.0111615031
   -6.959053    -15.012900    0.0070145216
   -6.959053     -9.007740    0.0043604016
   -6.959053     -3.002580    0.0030931221
   -6.959053      3.002580    0.0031142292
   -6.959053      9.007740    0.0043323488
   -6.959053     15.012900    0.0066627210
   -6.959053     21.018060    0.0100267587
   -6.959053     27.023220    0.0143516282
   -6.959053     33.028380    0.0195698522
   -6.959053     39.033540    0.0256189366
   -6.959053     45.038700    0.0324410187

   -2.319684    -45.038700    0.0426304589
   -2.319684    -39.033540    0.0312607507
   -2.319684    -33.028380    0.0218941714
   -2.319684    -27.023220    0.0143891118
   -2.319684    -21.018060    0.0086136981
   -2.319684    -15.012900    0.0044452181
   -2.319684     -9.007740    0.0017695685
   -2.319684     -3.002580    0.0004807251
   -2.319684      3.002580    0.0004802339
   -2.319684      9.007740    0.0016767242
   -2.319684     15.012900    0.0039854437
   -2.319684     21.018060    0.0073278152
   -2.319684     27.023220    0.0116310154
   -2.319684     33.028380    0.0168275751
   -2.319684     39.033540    0.0228550014
   -2.319684     45.038700    0.0296554216

    2.319684    -45.038700    0.0426304589
    2.319684    -39.033540    0.0312607507
    2.319684    -33.028380    0.0218941714
    2.319684    -27.023220    0.0143891118
    2.319684    -21.018060    0.0086136981
    2.319684    -15.012900    0.0044452181
    2.319684     -9.007740    0.0017695685
    2.319684     -3.002580    0.0004807251
    2.319684      3.002580    0.0004802339
    2.319684      9.007740    0.0016767242
    2.319684     15.012900    0.0039854437
    2.319684     21.018060    0.0073278152
    2.319684     27.023220    0.0116310154
    2.319684     33.028380    0.0168275751
    2.319684     39.033540    0.0228550014
    2.319684     45.038700    0.0296554216

    6.959053    -45.038700    0.0450925132
    6.959053    -39.033540    0.0337442025
    6.959053    -33.028380    0.0243990522
    6.959053    -27.023220    0.0169154438
    6.959053    -21.018060    0.0111615031
    6.959053    -15.012900    0.0070145216
    6.959053     -9.007740    0.0043604016
    6.959053     -3.002580    0.0030931221
    6.959053      3.002580    0.0031142292
    6.959053      9.007740    0.0043323488
    6.959053     15.012900    0.0066627210
    6.959053     21.018060    0.0100267587
    6.959053     27.023220    0.0143516282
    6.959053     33.028380    0.0195698522
    6.959053     39.033540    0.0256189366
    6.959053     45.038700    0.0324410187

   11.598422    -45.038700    0.0501233758
   11.598422    -39.033540    0.0388185109
   11.598422    -33.028380    0.0295168584
   11.598422    -27.023220    0.0220767935
   11.598422    -21.018060    0.0163664451
   11.598422    -15.012900    0.0122631126
   11.598422     -9.007740    0.0096527051
   11.598422     -3.002580    0.0084292054
   11.598422      3.002580    0.0084941578
   11.598422      9.007740    0.0097561800
   11.598422     15.012900    0.0121304984
   11.598422     21.018060    0.0155385082
   11.598422     27.023220    0.0199073568
   11.598422     33.028380    0.0251695513
   11.598422     39.033540    0.0312625904
   11.598422     45.038700    0.0381286195

   16.237791    -45.038700    0.0579410931
   16.237791    -39.033540    0.0467030619
   16.237791    -33.028380    0.0374682987
   16.237791    -27.023220    0.0300951946
   16.237791    -21.018060    0.0244518925
   16.237791    -15.012900    0.0204157012
   16.237791     -9.007740    0.0178725340
   16.237791     -3.002580    0.0167163720
   16.237791      3.002580    0.0168487517
   16.237791      9.007740    0.0181782771
   16.237791     15.012900    0.0206201562
   16.237791     21.018060    0.0240957618
   16.237791     27.023220    0.0285322174
   16.237791     33.028380    0.0338620068
   16.237791     39.033540    0.0400226087
   16.237791     45.038700    0.0469561552

   20.877160    -45.038700    0.0688840807
   20.877160    -39.033540    0.0577383750
   20.877160    -33.028380    0.0485959846
   20.877160    -27.023220    0.0413153546
   20.877160    -21.018060    0.0357646566
   20.877160    -15.012900    0.0318212087
   20.877160     -9.007740    0.0293709208
   20.877160     -3.002580    0.0283077613
   20.877160      3.002580    0.0285332490
   20.877160      9.007740    0.0299559671
   20.877160     15.012900    0.0324911011
   20.877160     21.018060    0.0360599996
   20.877160     27.023220    0.0405897593
   20.877160     33.028380    0.0460128325
   20.877160     39.033540    0.0522666583
   20.877160     45.038700    0.0592933172

   25.516528    -45.038700    0.0834247390
   25.516528    -39.033540    0.0723998324
   25.516528    -33.028380    0.0633782894
   25.516528    -27.023220    0.0562186426
   25.516528    -21.018060    0.0507891029
   25.516528    -15.012900    0.0469669956
   25.516528     -9.007740    0.0446382164
   25.516528     -3.002580    0.0436967088
   25.516528      3.002580    0.0440439622
   25.516528      9.007740    0.0455885302
   25.516528     15.012900    0.0482455702
   25.516528     21.018060    0.0519364032
   25.516528     27.023220    0.0565880945
   25.516528     33.028380    0.0621330551
   25.516528     39.033540    0.0685086642
   25.516528     45.038700    0.0756569114

   30.155897    -45.038700    0.1021876064
   30.155897    -39.033540    0.0913159835
   30.155897    -33.028380    0.0824478259
   30.155897    -27.023220    0.0754417396
   30.155897    -21.018060    0.0701659660
   30.155897    -15.012900    0.0664978309
   30.155897     -9.007740    0.0643232104
   30.155897     -3.002580    0.0635360168
   30.155897      3.002580    0.0640377021
   30.155897      9.007740    0.0657367805
   30.155897     15.012900    0.0685483694
   30.155897     21.018060    0.0723937483
   30.155897     27.023220    0.0771999374
   30.155897     33.028380    0.0828992938
   30.155897     39.033540    0.0894291263
   30.155897     45.038700    0.0967313294

   34.795266    -45.038700    0.1259720519
   34.795266    -39.033540    0.1152914267
   34.795266    -33.028380    0.1066145441
   34.795266    -27.023220    0.0997999523
   34.795266    -21.018060    0.0947158675
   34.795266    -15.012900    0.0912396049
   34.795266     -9.007740    0.0892570319
   34.795266     -3.002580    0.0886620431
   34.795266      3.002580    0.0893560584
   34.795266      9.007740    0.0912475423
   34.795266     15.012900    0.0942515458
   34.795266     21.018060    0.0982892706
   34.795266     27.023220    0.1032876551
   34.795266     33.028380    0.1091789833
   34.795266     39.033540    0.1159005150
   34.795266     45.038700    0.1233941387

