  -44.510090   -100.911229    0.0585610426
  -44.510090    -87.456398    0.0547033906
  -44.510090    -74.001568    0.0516812655
  -44.510090    -60.546737    0.0493762634
  -44.510090    -47.091907    0.0476797360
  -44.510090    -33.637076    0.0464972797
  -44.510090    -20.182246    0.0457532805
  -44.510090     -6.727415    0.0453948791
  -44.510090      6.727415    0.0453948791
  -44.510090     20.182246    0.0457532805
  -44.510090     33.637076    0.0464972797
  -44.510090     47.091907    0.0476797360
  -44.510090     60.546737    0.0493762634
  -44.510090     74.001568    0.0516812655
  -44.510090     87.456398    0.0547033906
  -44.510090    100.911229    0.0585610426

  -39.273609   -100.911229    0.0490885750
  -39.273609    -87.456398    0.0453134445
  -39.273609    -74.001568    0.0423680429
  -39.273609    -60.546737    0.0401317436
  -39.273609    -47.091907    0.0384935942
  -39.273609    -33.637076    0.0373570518
  -39.273609    -20.182246    0.0366447257
  -39.273609     -6.727415    0.0363024899
  -39.273609      6.727415    0.0363024899
  -39.273609     20.182246    0.0366447257
  -39.273609     33.637076    0.0373570518
  -39.273609     47.091907    0.0384935942
  -39.273609     60.546737    0.0401317436
  -39.273609     74.001568    0.0423680429
  -39.273609     87.456398    0.0453134445
  -39.273609    100.911229    0.0490885750

  -34.037128   -100.911229    0.0403310007
  -34.037128    -87.456398    0.0366624184
  -34.037128    -74.001568    0.0338152076
  -34.037128    -60.546737    0.0316659965
  -34.037128    -47.091907    0.0301011926
  -34.037128    -33.637076    0.0290219109
  -34.037128    -20.182246    0.0283488690
  -34.037128     -6.727415    0.0280266162
  -34.037128      6.727415    0.0280266162
  -34.037128     20.182246    0.0283488690
  -34.037128     33.637076    0.0290219109
  -34.037128     47.091907    0.0301011926
  -34.037128     60.546737    0.0316659965
  -34.037128     74.001568    0.0338152076
  -34.037128     87.456398    0.0366624184
  -34.037128    100.911229    0.0403310007

  -28.800647   -100.911229    0.0323566700
  -28.800647    -87.456398    0.0288197747
  -28.800647    -74.001568    0.0260930077
  -28.800647    -60.546737    0.0240499144
  -28.800647    -47.091907    0.0225739910
  -28.800647    -33.637076    0.0215637995
  -28.800647    -20.182246    0.0209380122
  -28.800647     -6.727415    0.0206397524
  -28.800647      6.727415    0.0206397524
  -28.800647     20.182246    0.0209380122
  -28.800647     33.637076    0.0215637995
  -28.800647     47.091907    0.0225739910
  -28.800647     60.546737    0.0240499144
  -28.800647     74.001568    0.0260930077
  -28.800647     87.456398    0.0288197747
  -28.800647    100.911229    0.0323566700

  -23.564166   -100.911229    0.0252416420
  -23.564166    -87.456398    0.0218628221
  -23.564166    -74.001568    0.0192797535
  -23.564166    -60.546737    0.0173626431
  -23.564166    -47.091907    0.0159918314
  -23.564166    -33.637076    0.0150631107
  -23.564166    -20.182246    0.0144929340
  -23.564166     -6.727415    0.0142228766
  -23.564166      6.727415    0.0142228766
  -23.564166     20.182246    0.0144929340
  -23.564166     33.637076    0.0150631107
  -23.564166     47.091907    0.0159918314
  -23.564166     60.546737    0.0173626431
  -23.564166     74.001568    0.0192797535
  -23.564166     87.456398    0.0218628221
  -23.564166    100.911229    0.0252416420

  -18.327684   -100.911229    0.0190702558
  -18.327684    -87.456398    0.0158773201
  -18.327684    -74.001568    0.0134624179
  -18.327684    -60.546737    0.0116921763
  -18.327684    -47.091907    0.0104435368
  -18.327684    -33.637076    0.0096093006
  -18.327684    -20.182246    0.0091035185
  -18.327684     -6.727415    0.0088660891
  -18.327684      6.727415    0.0088660891
  -18.327684     20.182246    0.0091035185
  -18.327684     33.637076    0.0096093006
  -18.327684     47.091907    0.0104435368
  -18.327684     60.546737    0.0116921763
  -18.327684     74.001568    0.0134624179
  -18.327684     87.456398    0.0158773201
  -18.327684    100.911229    0.0190702558

  -13.091203   -100.911229    0.0139358212
  -13.091203    -87.456398    0.0109582050
  -13.091203    -74.001568    0.0087373655
  -13.091203    -60.546737    0.0071360845
  -13.091203    -47.091907    0.0060276485
  -13.091203    -33.637076    0.0053016399
  -13.091203    -20.182246    0.0048695228
  -13.091203     -6.727415    0.0046693897
  -13.091203      6.727415    0.0046693897
  -13.091203     20.182246    0.0048695228
  -13.091203     33.637076    0.0053016399
  -13.091203     47.091907    0.0060276485
  -13.091203     60.546737    0.0071360845
  -13.091203     74.001568    0.0087373655
  -13.091203     87.456398    0.0109582050
  -13.091203    100.911229    0.0139358212

   -7.854722   -100.911229    0.0099414297
   -7.854722    -87.456398    0.0072104369
   -7.854722    -74.001568    0.0052112094
   -7.854722    -60.546737    0.0038023792
   -7.854722    -47.091907    0.0028533019
   -7.854722    -33.637076    0.0022501055
   -7.854722    -20.182246    0.0019014830
   -7.854722     -6.727415    0.0017435935
   -7.854722      6.727415    0.0017435935
   -7.854722     20.182246    0.0019014830
   -7.854722     33.637076    0.0022501055
   -7.854722     47.091907    0.0028533019
   -7.854722     60.546737    0.0038023792
   -7.854722     74.001568    0.0052112094
   -7.854722     87.456398    0.0072104369
   -7.854722    100.911229    0.0099414297

   -2.618241   -100.911229    0.0072008862
   -2.618241    -87.456398    0.0047499683
   -2.618241    -74.001568    0.0030017976
   -2.618241    -60.546737    0.0018105125
   -2.618241    -47.091907    0.0010412408
   -2.618241    -33.637076    0.0005764118
   -2.618241    -20.182246    0.0003217600
   -2.618241     -6.727415    0.0002113840
   -2.618241      6.727415    0.0002113840
   -2.618241     20.182246    0.0003217600
   -2.618241     33.637076    0.0005764118
   -2.618241     47.091907    0.0010412408
   -2.618241     60.546737    0.0018105125
   -2.618241     74.001568    0.0030017976
   -2.618241     87.456398    0.0047499683
   -2.618241    100.911229    0.0072008862

    2.618241   -100.911229    0.0058397592
    2.618241    -87.456398    0.0037048328
    2.618241    -74.001568    0.0022393258
    2.618241    -60.546737    0.0012925107
    2.618241    -47.091907    0.0007249711
    2.618241    -33.637076    0.0004151817
    2.618241    -20.182246    0.0002657240
    2.618241     -6.727415    0.0002085061
    2.618241      6.727415    0.0002085061
    2.618241     20.182246    0.0002657240
    2.618241     33.637076    0.0004151817
    2.618241     47.091907    0.0007249711
    2.618241     60.546737    0.0012925107
    2.618241     74.001568    0.0022393258
    2.618241     87.456398    0.0037048328
    2.618241    100.911229    0.0058397592

    7.854722   -100.911229    0.0059965528
    7.854722    -87.456398    0.0042163563
    7.854722    -74.001568    0.0030675808
    7.854722    -60.546737    0.0023942436
    7.854722    -47.091907    0.0020520525
    7.854722    -33.637076    0.0019152563
    7.854722    -20.182246    0.0018830779
    7.854722     -6.727415    0.0018850955
    7.854722      6.727415    0.0018850955
    7.854722     20.182246    0.0018830779
    7.854722     33.637076    0.0019152563
    7.854722     47.091907    0.0020520525
    7.854722     60.546737    0.0023942436
    7.854722     74.001568    0.0030675808
    7.854722     87.456398    0.0042163563
    7.854722    100.911229    0.0059965528

   13.091203   -100.911229    0.0078239974
   13.091203    -87.456398    0.0064404884
   13.091203    -74.001568    0.0056453101
   13.091203    -60.546737    0.0052768287
   13.091203    -47.091907    0.0051855293
   13.091203    -33.637076    0.0052411460
   13.091203    -20.182246    0.0053393200
   13.091203     -6.727415    0.0054071481
   13.091203      6.727415    0.0054071481
   13.091203     20.182246    0.0053393200
   13.091203     33.637076    0.0052411460
   13.091203     47.091907    0.0051855293
   13.091203     60.546737    0.0052768287
   13.091203     74.001568    0.0056453101
   13.091203     87.456398    0.0064404884
   13.091203    100.911229    0.0078239974

   18.327684   -100.911229    0.0114904614
   18.327684    -87.456398    0.0105492555
   18.327684    -74.001568    0.0101477215
   18.327684    -60.546737    0.0101181702
   18.327684    -47.091907    0.0103054996
   18.327684    -33.637076    0.0105746195
   18.327684    -20.182246    0.0108173457
   18.327684     -6.727415    0.0109581269
   18.327684      6.727415    0.0109581269
   18.327684     20.182246    0.0108173457
   18.327684     33.637076    0.0105746195
   18.327684     47.091907    0.0103054996
   18.327684     60.546737    0.0101181702
   18.327684     74.001568    0.0101477215
   18.327684     87.456398    0.0105492555
   18.327684    100.911229    0.0114904614

   23.564166   -100.911229    0.0171814819
   23.564166    -87.456398    0.0167323349
   23.564166    -74.001568    0.0167681098
   23.564166    -60.546737    0.0171146330
   23.564166    -47.091907    0.0176108239
   23.564166    -33.637076    0.0181164333
   23.564166    -20.182246    0.0185191883
   23.564166     -6.727415    0.0187407071
   23.564166      6.727415    0.0187407071
   23.564166     20.182246    0.0185191883
   23.564166     33.637076    0.0181164333
   23.564166     47.091907    0.0176108239
   23.564166     60.546737    0.0171146330
   23.564166     74.001568    0.0167681098
   23.564166     87.456398    0.0167323349
   23.564166    100.911229    0.0171814819

   28.800647   -100.911229    0.0251014168
   28.800647    -87.456398    0.0251987499
   28.800647    -74.001568    0.0257196128
   28.800647    -60.546737    0.0264828516
   28.800647    -47.091907    0.0273209713
   28.800647    -33.637076    0.0280882009
   28.800647    -20.182246    0.0286678982
   28.800647     -6.727415    0.0289786597
   28.800647      6.727415    0.0289786597
   28.800647     20.182246    0.0286678982
   28.800647     33.637076    0.0280882009
   28.800647     47.091907    0.0273209713
   28.800647     60.546737    0.0264828516
   28.800647     74.001568    0.0257196128
   28.800647     87.456398    0.0251987499
   28.800647    100.911229    0.0251014168

   34.037128   -100.911229    0.0354752154
   34.037128    -87.456398    0.0361786865
   34.037128    -74.001568    0.0372370953
   34.037128    -60.546737    0.0384616740
   34.037128    -47.091907    0.0396780053
   34.037128    -33.637076    0.0407344015
   34.037128    -20.182246    0.0415095623
   34.037128     -6.727415    0.0419188740
   34.037128      6.727415    0.0419188740
   34.037128     20.182246    0.0415095623
   34.037128     33.637076    0.0407344015
   34.037128     47.091907    0.0396780053
   34.037128     60.546737    0.0384616740
   34.037128     74.001568    0.0372370953
   34.037128     87.456398    0.0361786865
   34.037128    100.911229    0.0354752154

