  -35.358766    -45.038700    0.1263906632
  -35.358766    -39.033540    0.1144307750
  -35.358766    -33.028380    0.1043968853
  -35.358766    -27.023220    0.0961514897
  -35.358766    -21.018060    0.0895667358
  -35.358766    -15.012900    0.0845238511
  -35.358766     -9.007740    0.0809125924
  -35.358766     -3.002580    0.0786307169
  -35.358766      3.002580    0.0775834751
  -35.358766      9.007740    0.0776831255
  -35.358766     15.012900    0.0788484708
  -35.358766     21.018060    0.0810044164
  -35.358766     27.023220    0.0840815494
  -35.358766     33.028380    0.0880157410
  -35.358766     39.033540    0.0927477692
  -35.358766     45.038700    0.0982229639

  -30.644264    -45.038700    0.1034648532
  -30.644264    -39.033540    0.0916679384
  -30.644264    -33.028380    0.0818182444
  -30.644264    -27.023220    0.0737771690
  -30.644264    -21.018060    0.0674157698
  -30.644264    -15.012900    0.0626141962
  -30.644264     -9.007740    0.0592611413
  -30.644264     -3.002580    0.0572533157
  -30.644264      3.002580    0.0564949419
  -30.644264      9.007740    0.0568972691
  -30.644264     15.012900    0.0583781098
  -30.644264     21.018060    0.0608613968
  -30.644264     27.023220    0.0642767608
  -30.644264     33.028380    0.0685591299
  -30.644264     39.033540    0.0736483489
  -30.644264     45.038700    0.0794888203

  -25.929762    -45.038700    0.0849024969
  -25.929762    -39.033540    0.0732362824
  -25.929762    -33.028380    0.0635343849
  -25.929762    -27.023220    0.0556572617
  -25.929762    -21.018060    0.0494750720
  -25.929762    -15.012900    0.0448670979
  -25.929762     -9.007740    0.0417211879
  -25.929762     -3.002580    0.0399332246
  -25.929762      3.002580    0.0394066147
  -25.929762      9.007740    0.0400518017
  -25.929762     15.012900    0.0417858020
  -25.929762     21.018060    0.0445317643
  -25.929762     27.023220    0.0482185512
  -25.929762     33.028380    0.0527803444
  -25.929762     39.033540    0.0581562727
  -25.929762     45.038700    0.0642900631

  -21.215260    -45.038700    0.0701745221
  -21.215260    -39.033540    0.0586110173
  -21.215260    -33.028380    0.0490253258
  -21.215260    -27.023220    0.0412771554
  -21.215260    -21.018060    0.0352359511
  -21.215260    -15.012900    0.0307803076
  -21.215260     -9.007740    0.0277974063
  -21.215260     -3.002580    0.0261824772
  -21.215260      3.002580    0.0258382851
  -21.215260      9.007740    0.0266746410
  -21.215260     15.012900    0.0286079379
  -21.215260     21.018060    0.0315607113
  -21.215260     27.023220    0.0354612245
  -21.215260     33.028380    0.0402430786
  -21.215260     39.033540    0.0458448472
  -21.215260     45.038700    0.0522097358

  -16.500757    -45.038700    0.0588623371
  -16.500757    -39.033540    0.0473770095
  -16.500757    -33.028380    0.0378798129
  -16.500757    -27.023220    0.0302298956
  -16.500757    -21.018060    0.0242961591
  -16.500757    -15.012900    0.0199566692
  -16.500757     -9.007740    0.0170980915
  -16.500757     -3.002580    0.0156151519
  -16.500757      3.002580    0.0154101227
  -16.500757      9.007740    0.0163923328
  -16.500757     15.012900    0.0184777037
  -16.500757     21.018060    0.0215883099
  -16.500757     27.023220    0.0256519642
  -16.500757     33.028380    0.0306018290
  -16.500757     39.033540    0.0363760511
  -16.500757     45.038700    0.0429174227

  -11.786255    -45.038700    0.0506456666
  -11.786255    -39.033540    0.0392166777
  -11.786255    -33.028380    0.0297832840
  -11.786255    -27.023220    0.0222042460
  -11.786255    -21.018060    0.0163480763
  -11.786255    -15.012900    0.0120924550
  -11.786255     -9.007740    0.0093236683
  -11.786255     -3.002580    0.0079360721
  -11.786255      3.002580    0.0078315792
  -11.786255      9.007740    0.0089191704
  -11.786255     15.012900    0.0111144300
  -11.786255     21.018060    0.0143391051
  -11.786255     27.023220    0.0185206891
  -11.786255     33.028380    0.0235920294
  -11.786255     39.033540    0.0294909587
  -11.786255     45.038700    0.0361599506

   -7.071753    -45.038700    0.0452928191
   -7.071753    -39.033540    0.0339003089
   -7.071753    -33.028380    0.0245082415
   -7.071753    -27.023220    0.0169751370
   -7.071753    -21.018060    0.0111692586
   -7.071753    -15.012900    0.0069680339
   -7.071753     -9.007740    0.0042574989
   -7.071753     -3.002580    0.0029317657
   -7.071753      3.002580    0.0028925112
   -7.071753      9.007740    0.0040484902
   -7.071753     15.012900    0.0063150705
   -7.071753     21.018060    0.0096137903
   -7.071753     27.023220    0.0138719390
   -7.071753     33.028380    0.0190221606
   -7.071753     39.033540    0.0250020794
   -7.071753     45.038700    0.0317539488

   -2.357251    -45.038700    0.0426533886
   -2.357251    -39.033540    0.0312787961
   -2.357251    -33.028380    0.0219070319
   -2.357251    -27.023220    0.0143965021
   -2.357251    -21.018060    0.0086153484
   -2.357251    -15.012900    0.0044408732
   -2.357251     -9.007740    0.0017589884
   -2.357251     -3.002580    0.0004636844
   -2.357251      3.002580    0.0004565215
   -2.357251      9.007740    0.0016461433
   -2.357251     15.012900    0.0039478116
   -2.357251     21.018060    0.0072829632
   -2.357251     27.023220    0.0115787882
   -2.357251     33.028380    0.0167678308
   -2.357251     39.033540    0.0227876113
   -2.357251     45.038700    0.0295802697

    2.357251    -45.038700    0.0426533886
    2.357251    -39.033540    0.0312787961
    2.357251    -33.028380    0.0219070319
    2.357251    -27.023220    0.0143965021
    2.357251    -21.018060    0.0086153484
    2.357251    -15.012900    0.0044408732
    2.357251     -9.007740    0.0017589884
    2.357251     -3.002580    0.0004636844
    2.357251      3.002580    0.0004565215
    2.357251      9.007740    0.0016461433
    2.357251     15.012900    0.0039478116
    2.357251     21.018060    0.0072829632
    2.357251     27.023220    0.0115787882
    2.357251     33.028380    0.0167678308
    2.357251     39.033540    0.0227876113
    2.357251     45.038700    0.0295802697

    7.071753    -45.038700    0.0452928191
    7.071753    -39.033540    0.0339003089
    7.071753    -33.028380    0.0245082415
    7.071753    -27.023220    0.0169751370
    7.071753    -21.018060    0.0111692586
    7.071753    -15.012900    0.0069680339
    7.071753     -9.007740    0.0042574989
    7.071753     -3.002580    0.0029317657
    7.071753      3.002580    0.0028925112
    7.071753      9.007740    0.0040484902
    7.071753     15.012900    0.0063150705
    7.071753     21.018060    0.0096137903
    7.071753     27.023220    0.0138719390
    7.071753     33.028380    0.0190221606
    7.071753     39.033540    0.0250020794
    7.071753     45.038700    0.0317539488

   11.786255    -45.038700    0.0506456666
   11.786255    -39.033540    0.0392166777
   11.786255    -33.028380    0.0297832840
   11.786255    -27.023220    0.0222042460
   11.786255    -21.018060    0.0163480763
   11.786255    -15.012900    0.0120924550
   11.786255     -9.007740    0.0093236683
   11.786255     -3.002580    0.0079360721
   11.786255      3.002580    0.0078315792
   11.786255      9.007740    0.0089191704
   11.786255     15.012900    0.0111144300
   11.786255     21.018060    0.0143391051
   11.786255     27.023220    0.0185206891
   11.786255     33.028380    0.0235920294
   11.786255     39.033540    0.0294909587
   11.786255     45.038700    0.0361599506

   16.500757    -45.038700    0.0588623371
   16.500757    -39.033540    0.0473770095
   16.500757    -33.028380    0.0378798129
   16.500757    -27.023220    0.0302298956
   16.500757    -21.018060    0.0242961591
   16.500757    -15.012900    0.0199566692
   16.500757     -9.007740    0.0170980915
   16.500757     -3.002580    0.0156151519
   16.500757      3.002580    0.0154101227
   16.500757      9.007740    0.0163923328
   16.500757     15.012900    0.0184777037
   16.500757     21.018060    0.0215883099
   16.500757     27.023220    0.0256519642
   16.500757     33.028380    0.0306018290
   16.500757     39.033540    0.0363760511
   16.500757     45.038700    0.0429174227

   21.215260    -45.038700    0.0701745221
   21.215260    -39.033540    0.0586110173
   21.215260    -33.028380    0.0490253258
   21.215260    -27.023220    0.0412771554
   21.215260    -21.018060    0.0352359511
   21.215260    -15.012900    0.0307803076
   21.215260     -9.007740    0.0277974063
   21.215260     -3.002580    0.0261824772
   21.215260      3.002580    0.0258382851
   21.215260      9.007740    0.0266746410
   21.215260     15.012900    0.0286079379
   21.215260     21.018060    0.0315607113
   21.215260     27.023220    0.0354612245
   21.215260     33.028380    0.0402430786
   21.215260     39.033540    0.0458448472
   21.215260     45.038700    0.0522097358

   25.929762    -45.038700    0.0849024969
   25.929762    -39.033540    0.0732362824
   25.929762    -33.028380    0.0635343849
   25.929762    -27.023220    0.0556572617
   25.929762    -21.018060    0.0494750720
   25.929762    -15.012900    0.0448670979
   25.929762     -9.007740    0.0417211879
   25.929762     -3.002580    0.0399332246
   25.929762      3.002580    0.0394066147
   25.929762      9.007740    0.0400518017
   25.929762     15.012900    0.0417858020
   25.929762     21.018060    0.0445317643
   25.929762     27.023220    0.0482185512
   25.929762     33.028380    0.0527803444
   25.929762     39.033540    0.0581562727
   25.929762     45.038700    0.0642900631

   30.644264    -45.038700    0.1034648532
   30.644264    -39.033540    0.0916679384
   30.644264    -33.028380    0.0818182444
   30.644264    -27.023220    0.0737771690
   30.644264    -21.018060    0.0674157698
   30.644264    -15.012900    0.0626141962
   30.644264     -9.007740    0.0592611413
   30.644264     -3.002580    0.0572533157
   30.644264      3.002580    0.0564949419
   30.644264      9.007740    0.0568972691
   30.644264     15.012900    0.0583781098
   30.644264     21.018060    0.0608613968
   30.644264     27.023220    0.0642767608
   30.644264     33.028380    0.0685591299
   30.644264     39.033540    0.0736483489
   30.644264     45.038700    0.0794888203

   35.358766    -45.038700    0.1263906632
   35.358766    -39.033540    0.1144307750
   35.358766    -33.028380    0.1043968853
   35.358766    -27.023220    0.0961514897
   35.358766    -21.018060    0.0895667358
   35.358766    -15.012900    0.0845238511
   35.358766     -9.007740    0.0809125924
   35.358766     -3.002580    0.0786307169
   35.358766      3.002580    0.0775834751
   35.358766      9.007740    0.0776831255
   35.358766     15.012900    0.0788484708
   35.358766     21.018060    0.0810044164
   35.358766     27.023220    0.0840815494
   35.358766     33.028380    0.0880157410
   35.358766     39.033540    0.0927477692
   35.358766     45.038700    0.0982229639

