  -34.795266    -61.469935   -0.0052569324
  -34.795266    -53.273944   -0.0036688000
  -34.795266    -45.077952   -0.0023283783
  -34.795266    -36.881961   -0.0012527981
  -34.795266    -28.685970   -0.0004564541
  -34.795266    -20.489978    0.0000493689
  -34.795266    -12.293987    0.0002567819
  -34.795266     -4.097996    0.0001614901
  -34.795266      4.097996   -0.0002370949
  -34.795266     12.293987   -0.0009358286
  -34.795266     20.489978   -0.0019278890
  -34.795266     28.685970   -0.0032029114
  -34.795266     36.881961   -0.0047471979
  -34.795266     45.077952   -0.0065439960
  -34.795266     53.273944   -0.0085738407
  -34.795266     61.469935   -0.0108149530

  -30.155897    -61.469935   -0.0038496859
  -30.155897    -53.273944   -0.0028049776
  -30.155897    -45.077952   -0.0017939125
  -30.155897    -36.881961   -0.0009911411
  -30.155897    -28.685970   -0.0004131044
  -30.155897    -20.489978   -0.0000415819
  -30.155897    -12.293987    0.0001307110
  -30.155897     -4.097996    0.0000969821
  -30.155897      4.097996   -0.0001509423
  -30.155897     12.293987   -0.0006118331
  -30.155897     20.489978   -0.0012750586
  -30.155897     28.685970   -0.0021313691
  -30.155897     36.881961   -0.0031855928
  -30.155897     45.077952   -0.0044534973
  -30.155897     53.273944   -0.0059161940
  -30.155897     61.469935   -0.0073965957

  -25.516528    -61.469935   -0.0027094808
  -25.516528    -53.273944   -0.0019669965
  -25.516528    -45.077952   -0.0012990630
  -25.516528    -36.881961   -0.0007576915
  -25.516528    -28.685970   -0.0003516868
  -25.516528    -20.489978   -0.0000798416
  -25.516528    -12.293987    0.0000568670
  -25.516528     -4.097996    0.0000545093
  -25.516528      4.097996   -0.0000903121
  -25.516528     12.293987   -0.0003775107
  -25.516528     20.489978   -0.0008034893
  -25.516528     28.685970   -0.0013640381
  -25.516528     36.881961   -0.0020577686
  -25.516528     45.077952   -0.0028852985
  -25.516528     53.273944   -0.0038370123
  -25.516528     61.469935   -0.0048598322

  -20.877160    -61.469935   -0.0017963406
  -20.877160    -53.273944   -0.0012971553
  -20.877160    -45.077952   -0.0008842520
  -20.877160    -36.881961   -0.0005413763
  -20.877160    -28.685970   -0.0002724730
  -20.877160    -20.489978   -0.0000851470
  -20.877160    -12.293987    0.0000155166
  -20.877160     -4.097996    0.0000274782
  -20.877160      4.097996   -0.0000498539
  -20.877160     12.293987   -0.0002169912
  -20.877160     20.489978   -0.0004743272
  -20.877160     28.685970   -0.0008206949
  -20.877160     36.881961   -0.0012516964
  -20.877160     45.077952   -0.0017601614
  -20.877160     53.273944   -0.0023422634
  -20.877160     61.469935   -0.0030140047

  -16.237791    -61.469935   -0.0010812356
  -16.237791    -53.273944   -0.0007887105
  -16.237791    -45.077952   -0.0005492082
  -16.237791    -36.881961   -0.0003475441
  -16.237791    -28.685970   -0.0001859827
  -16.237791    -20.489978   -0.0000701590
  -16.237791    -12.293987   -0.0000038293
  -16.237791     -4.097996    0.0000115615
  -16.237791      4.097996   -0.0000244896
  -16.237791     12.293987   -0.0001127116
  -16.237791     20.489978   -0.0002540207
  -16.237791     28.685970   -0.0004482767
  -16.237791     36.881961   -0.0006928394
  -16.237791     45.077952   -0.0009829343
  -16.237791     53.273944   -0.0013168402
  -16.237791     61.469935   -0.0017099163

  -11.598422    -61.469935   -0.0005471694
  -11.598422    -53.273944   -0.0004091611
  -11.598422    -45.077952   -0.0002883407
  -11.598422    -36.881961   -0.0001862914
  -11.598422    -28.685970   -0.0001046346
  -11.598422    -20.489978   -0.0000449030
  -11.598422    -12.293987   -0.0000084686
  -11.598422     -4.097996    0.0000034971
  -11.598422      4.097996   -0.0000099484
  -11.598422     12.293987   -0.0000494914
  -11.598422     20.489978   -0.0001155292
  -11.598422     28.685970   -0.0002081341
  -11.598422     36.881961   -0.0003270204
  -11.598422     45.077952   -0.0004715304
  -11.598422     53.273944   -0.0006406590
  -11.598422     61.469935   -0.0008331451

   -6.959053    -61.469935   -0.0001891480
   -6.959053    -53.273944   -0.0001462013
   -6.959053    -45.077952   -0.0001041382
   -6.959053    -36.881961   -0.0000684764
   -6.959053    -28.685970   -0.0000400901
   -6.959053    -20.489978   -0.0000188785
   -6.959053    -12.293987   -0.0000051095
   -6.959053     -4.097996    0.0000005019
   -6.959053      4.097996   -0.0000028098
   -6.959053     12.293987   -0.0000155195
   -6.959053     20.489978   -0.0000377898
   -6.959053     28.685970   -0.0000697700
   -6.959053     36.881961   -0.0001119535
   -6.959053     45.077952   -0.0001650647
   -6.959053     53.273944   -0.0002286872
   -6.959053     61.469935   -0.0002975755

   -2.319684    -61.469935   -0.0000138527
   -2.319684    -53.273944   -0.0000116587
   -2.319684    -45.077952   -0.0000086987
   -2.319684    -36.881961   -0.0000059977
   -2.319684    -28.685970   -0.0000037246
   -2.319684    -20.489978   -0.0000018836
   -2.319684    -12.293987   -0.0000005663
   -2.319684     -4.097996    0.0000000356
   -2.319684      4.097996   -0.0000002920
   -2.319684     12.293987   -0.0000017175
   -2.319684     20.489978   -0.0000043564
   -2.319684     28.685970   -0.0000083243
   -2.319684     36.881961   -0.0000138007
   -2.319684     45.077952   -0.0000210052
   -2.319684     53.273944   -0.0000299360
   -2.319684     61.469935   -0.0000396722

    2.319684    -61.469935   -0.0000396722
    2.319684    -53.273944   -0.0000299360
    2.319684    -45.077952   -0.0000210052
    2.319684    -36.881961   -0.0000138007
    2.319684    -28.685970   -0.0000083243
    2.319684    -20.489978   -0.0000043564
    2.319684    -12.293987   -0.0000017175
    2.319684     -4.097996   -0.0000002920
    2.319684      4.097996    0.0000000356
    2.319684     12.293987   -0.0000005663
    2.319684     20.489978   -0.0000018836
    2.319684     28.685970   -0.0000037246
    2.319684     36.881961   -0.0000059977
    2.319684     45.077952   -0.0000086987
    2.319684     53.273944   -0.0000116587
    2.319684     61.469935   -0.0000138527

    6.959053    -61.469935   -0.0002975755
    6.959053    -53.273944   -0.0002286872
    6.959053    -45.077952   -0.0001650647
    6.959053    -36.881961   -0.0001119535
    6.959053    -28.685970   -0.0000697700
    6.959053    -20.489978   -0.0000377898
    6.959053    -12.293987   -0.0000155195
    6.959053     -4.097996   -0.0000028098
    6.959053      4.097996    0.0000005019
    6.959053     12.293987   -0.0000051095
    6.959053     20.489978   -0.0000188785
    6.959053     28.685970   -0.0000400901
    6.959053     36.881961   -0.0000684764
    6.959053     45.077952   -0.0001041382
    6.959053     53.273944   -0.0001462013
    6.959053     61.469935   -0.0001891480

   11.598422    -61.469935   -0.0008331451
   11.598422    -53.273944   -0.0006406590
   11.598422    -45.077952   -0.0004715304
   11.598422    -36.881961   -0.0003270204
   11.598422    -28.685970   -0.0002081341
   11.598422    -20.489978   -0.0001155292
   11.598422    -12.293987   -0.0000494914
   11.598422     -4.097996   -0.0000099484
   11.598422      4.097996    0.0000034971
   11.598422     12.293987   -0.0000084686
   11.598422     20.489978   -0.0000449030
   11.598422     28.685970   -0.0001046346
   11.598422     36.881961   -0.0001862914
   11.598422     45.077952   -0.0002883407
   11.598422     53.273944   -0.0004091611
   11.598422     61.469935   -0.0005471694

   16.237791    -61.469935   -0.0017099163
   16.237791    -53.273944   -0.0013168402
   16.237791    -45.077952   -0.0009829343
   16.237791    -36.881961   -0.0006928394
   16.237791    -28.685970   -0.0004482767
   16.237791    -20.489978   -0.0002540207
   16.237791    -12.293987   -0.0001127116
   16.237791     -4.097996   -0.0000244896
   16.237791      4.097996    0.0000115615
   16.237791     12.293987   -0.0000038293
   16.237791     20.489978   -0.0000701590
   16.237791     28.685970   -0.0001859827
   16.237791     36.881961   -0.0003475441
   16.237791     45.077952   -0.0005492082
   16.237791     53.273944   -0.0007887105
   16.237791     61.469935   -0.0010812356

   20.877160    -61.469935   -0.0030140047
   20.877160    -53.273944   -0.0023422634
   20.877160    -45.077952   -0.0017601614
   20.877160    -36.881961   -0.0012516964
   20.877160    -28.685970   -0.0008206949
   20.877160    -20.489978   -0.0004743272
   20.877160    -12.293987   -0.0002169912
   20.877160     -4.097996   -0.0000498539
   20.877160      4.097996    0.0000274782
   20.877160     12.293987    0.0000155166
   20.877160     20.489978   -0.0000851470
   20.877160     28.685970   -0.0002724730
   20.877160     36.881961   -0.0005413763
   20.877160     45.077952   -0.0008842520
   20.877160     53.273944   -0.0012971553
   20.877160     61.469935   -0.0017963406

   25.516528    -61.469935   -0.0048598322
   25.516528    -53.273944   -0.0038370123
   25.516528    -45.077952   -0.0028852985
   25.516528    -36.881961   -0.0020577686
   25.516528    -28.685970   -0.0013640381
   25.516528    -20.489978   -0.0008034893
   25.516528    -12.293987   -0.0003775107
   25.516528     -4.097996   -0.0000903121
   25.516528      4.097996    0.0000545093
   25.516528     12.293987    0.0000568670
   25.516528     20.489978   -0.0000798416
   25.516528     28.685970   -0.0003516868
   25.516528     36.881961   -0.0007576915
   25.516528     45.077952   -0.0012990630
   25.516528     53.273944   -0.0019669965
   25.516528     61.469935   -0.0027094808

   30.155897    -61.469935   -0.0073965957
   30.155897    -53.273944   -0.0059161940
   30.155897    -45.077952   -0.0044534973
   30.155897    -36.881961   -0.0031855928
   30.155897    -28.685970   -0.0021313691
   30.155897    -20.489978   -0.0012750586
   30.155897    -12.293987   -0.0006118331
   30.155897     -4.097996   -0.0001509423
   30.155897      4.097996    0.0000969821
   30.155897     12.293987    0.0001307110
   30.155897     20.489978   -0.0000415819
   30.155897     28.685970   -0.0004131044
   30.155897     36.881961   -0.0009911411
   30.155897     45.077952   -0.0017939125
   30.155897     53.273944   -0.0028049776
   30.155897     61.469935   -0.0038496859

   34.795266    -61.469935   -0.0108149530
   34.795266    -53.273944   -0.0085738407
   34.795266    -45.077952   -0.0065439960
   34.795266    -36.881961   -0.0047471979
   34.795266    -28.685970   -0.0032029114
   34.795266    -20.489978   -0.0019278890
   34.795266    -12.293987   -0.0009358286
   34.795266     -4.097996   -0.0002370949
   34.795266      4.097996    0.0001614901
   34.795266     12.293987    0.0002567819
   34.795266     20.489978    0.0000493689
   34.795266     28.685970   -0.0004564541
   34.795266     36.881961   -0.0012527981
   34.795266     45.077952   -0.0023283783
   34.795266     53.273944   -0.0036688000
   34.795266     61.469935   -0.0052569324

