  -44.510090   -100.911229    0.0068707618
  -44.510090    -87.456398    0.0053106890
  -44.510090    -74.001568    0.0038995000
  -44.510090    -60.546737    0.0026670375
  -44.510090    -47.091907    0.0016417569
  -44.510090    -33.637076    0.0008487699
  -44.510090    -20.182246    0.0003082794
  -44.510090     -6.727415    0.0000344061
  -44.510090      6.727415    0.0000344061
  -44.510090     20.182246    0.0003082794
  -44.510090     33.637076    0.0008487699
  -44.510090     47.091907    0.0016417569
  -44.510090     60.546737    0.0026670375
  -44.510090     74.001568    0.0038995000
  -44.510090     87.456398    0.0053106890
  -44.510090    100.911229    0.0068707618

  -39.273609   -100.911229    0.0064886471
  -39.273609    -87.456398    0.0050110958
  -39.273609    -74.001568    0.0036766303
  -39.273609    -60.546737    0.0025128706
  -39.273609    -47.091907    0.0015459680
  -39.273609    -33.637076    0.0007988949
  -39.273609    -20.182246    0.0002900775
  -39.273609     -6.727415    0.0000323698
  -39.273609      6.727415    0.0000323698
  -39.273609     20.182246    0.0002900775
  -39.273609     33.637076    0.0007988949
  -39.273609     47.091907    0.0015459680
  -39.273609     60.546737    0.0025128706
  -39.273609     74.001568    0.0036766303
  -39.273609     87.456398    0.0050110958
  -39.273609    100.911229    0.0064886471

  -34.037128   -100.911229    0.0060044324
  -34.037128    -87.456398    0.0046334293
  -34.037128    -74.001568    0.0033971546
  -34.037128    -60.546737    0.0023204832
  -34.037128    -47.091907    0.0014269262
  -34.037128    -33.637076    0.0007371136
  -34.037128    -20.182246    0.0002675805
  -34.037128     -6.727415    0.0000298557
  -34.037128      6.727415    0.0000298557
  -34.037128     20.182246    0.0002675805
  -34.037128     33.637076    0.0007371136
  -34.037128     47.091907    0.0014269262
  -34.037128     60.546737    0.0023204832
  -34.037128     74.001568    0.0033971546
  -34.037128     87.456398    0.0046334293
  -34.037128    100.911229    0.0060044324

  -28.800647   -100.911229    0.0054139490
  -28.800647    -87.456398    0.0041746329
  -28.800647    -74.001568    0.0030588021
  -28.800647    -60.546737    0.0020882483
  -28.800647    -47.091907    0.0012835718
  -28.800647    -33.637076    0.0006628495
  -28.800647    -20.182246    0.0002405709
  -28.800647     -6.727415    0.0000268393
  -28.800647      6.727415    0.0000268393
  -28.800647     20.182246    0.0002405709
  -28.800647     33.637076    0.0006628495
  -28.800647     47.091907    0.0012835718
  -28.800647     60.546737    0.0020882483
  -28.800647     74.001568    0.0030588021
  -28.800647     87.456398    0.0041746329
  -28.800647    100.911229    0.0054139490

  -23.564166   -100.911229    0.0047122527
  -23.564166    -87.456398    0.0036310120
  -23.564166    -74.001568    0.0026588796
  -23.564166    -60.546737    0.0018143088
  -23.564166    -47.091907    0.0011147439
  -23.564166    -33.637076    0.0005754925
  -23.564166    -20.182246    0.0002088244
  -23.564166     -6.727415    0.0000232952
  -23.564166      6.727415    0.0000232952
  -23.564166     20.182246    0.0002088244
  -23.564166     33.637076    0.0005754925
  -23.564166     47.091907    0.0011147439
  -23.564166     60.546737    0.0018143088
  -23.564166     74.001568    0.0026588796
  -23.564166     87.456398    0.0036310120
  -23.564166    100.911229    0.0047122527

  -18.327684   -100.911229    0.0038935552
  -18.327684    -87.456398    0.0029981987
  -18.327684    -74.001568    0.0021942326
  -18.327684    -60.546737    0.0014965306
  -18.327684    -47.091907    0.0009191379
  -18.327684    -33.637076    0.0004743710
  -18.327684    -20.182246    0.0001720976
  -18.327684     -6.727415    0.0000191963
  -18.327684      6.727415    0.0000191963
  -18.327684     20.182246    0.0001720976
  -18.327684     33.637076    0.0004743710
  -18.327684     47.091907    0.0009191379
  -18.327684     60.546737    0.0014965306
  -18.327684     74.001568    0.0021942326
  -18.327684     87.456398    0.0029981987
  -18.327684    100.911229    0.0038935552

  -13.091203   -100.911229    0.0029511359
  -13.091203    -87.456398    0.0022710989
  -13.091203    -74.001568    0.0016611955
  -13.091203    -60.546737    0.0011324541
  -13.091203    -47.091907    0.0006952650
  -13.091203    -33.637076    0.0003587256
  -13.091203    -20.182246    0.0001301172
  -13.091203     -6.727415    0.0000145122
  -13.091203      6.727415    0.0000145122
  -13.091203     20.182246    0.0001301172
  -13.091203     33.637076    0.0003587256
  -13.091203     47.091907    0.0006952650
  -13.091203     60.546737    0.0011324541
  -13.091203     74.001568    0.0016611955
  -13.091203     87.456398    0.0022710989
  -13.091203    100.911229    0.0029511359

   -7.854722   -100.911229    0.0018772367
   -7.854722    -87.456398    0.0014438231
   -7.854722    -74.001568    0.0010555318
   -7.854722    -60.546737    0.0007192412
   -7.854722    -47.091907    0.0004414106
   -7.854722    -33.637076    0.0002276835
   -7.854722    -20.182246    0.0000825697
   -7.854722     -6.727415    0.0000092083
   -7.854722      6.727415    0.0000092083
   -7.854722     20.182246    0.0000825697
   -7.854722     33.637076    0.0002276835
   -7.854722     47.091907    0.0004414106
   -7.854722     60.546737    0.0007192412
   -7.854722     74.001568    0.0010555318
   -7.854722     87.456398    0.0014438231
   -7.854722    100.911229    0.0018772367

   -2.618241   -100.911229    0.0006629383
   -2.618241    -87.456398    0.0005095997
   -2.618241    -74.001568    0.0003723651
   -2.618241    -60.546737    0.0002536196
   -2.618241    -47.091907    0.0001555948
   -2.618241    -33.637076    0.0000802350
   -2.618241    -20.182246    0.0000290919
   -2.618241     -6.727415    0.0000032441
   -2.618241      6.727415    0.0000032441
   -2.618241     20.182246    0.0000290919
   -2.618241     33.637076    0.0000802350
   -2.618241     47.091907    0.0001555948
   -2.618241     60.546737    0.0002536196
   -2.618241     74.001568    0.0003723651
   -2.618241     87.456398    0.0005095997
   -2.618241    100.911229    0.0006629383

    2.618241   -100.911229   -0.0007019820
    2.618241    -87.456398   -0.0005393292
    2.618241    -74.001568   -0.0003939000
    2.618241    -60.546737   -0.0002681756
    2.618241    -47.091907   -0.0001644683
    2.618241    -33.637076   -0.0000847885
    2.618241    -20.182246   -0.0000307375
    2.618241     -6.727415   -0.0000034273
    2.618241      6.727415   -0.0000034273
    2.618241     20.182246   -0.0000307375
    2.618241     33.637076   -0.0000847885
    2.618241     47.091907   -0.0001644683
    2.618241     60.546737   -0.0002681756
    2.618241     74.001568   -0.0003939000
    2.618241     87.456398   -0.0005393292
    2.618241    100.911229   -0.0007019820

    7.854722   -100.911229   -0.0022292105
    7.854722    -87.456398   -0.0017118277
    7.854722    -74.001568   -0.0012496671
    7.854722    -60.546737   -0.0008504647
    7.854722    -47.091907   -0.0005214089
    7.854722    -33.637076   -0.0002687359
    7.854722    -20.182246   -0.0000974056
    7.854722     -6.727415   -0.0000108599
    7.854722      6.727415   -0.0000108599
    7.854722     20.182246   -0.0000974056
    7.854722     33.637076   -0.0002687359
    7.854722     47.091907   -0.0005214089
    7.854722     60.546737   -0.0008504647
    7.854722     74.001568   -0.0012496671
    7.854722     87.456398   -0.0017118277
    7.854722    100.911229   -0.0022292105

   13.091203   -100.911229   -0.0039320748
   13.091203    -87.456398   -0.0030180046
   13.091203    -74.001568   -0.0022022467
   13.091203    -60.546737   -0.0014981885
   13.091203    -47.091907   -0.0009182411
   13.091203    -33.637076   -0.0004731551
   13.091203    -20.182246   -0.0001714725
   13.091203     -6.727415   -0.0000191162
   13.091203      6.727415   -0.0000191162
   13.091203     20.182246   -0.0001714725
   13.091203     33.637076   -0.0004731551
   13.091203     47.091907   -0.0009182411
   13.091203     60.546737   -0.0014981885
   13.091203     74.001568   -0.0022022467
   13.091203     87.456398   -0.0030180046
   13.091203    100.911229   -0.0039320748

   18.327684   -100.911229   -0.0058257408
   18.327684    -87.456398   -0.0044693674
   18.327684    -74.001568   -0.0032599653
   18.327684    -60.546737   -0.0022169769
   18.327684    -47.091907   -0.0013584007
   18.327684    -33.637076   -0.0006998116
   18.327684    -20.182246   -0.0002535767
   18.327684     -6.727415   -0.0000282674
   18.327684      6.727415   -0.0000282674
   18.327684     20.182246   -0.0002535767
   18.327684     33.637076   -0.0006998116
   18.327684     47.091907   -0.0013584007
   18.327684     60.546737   -0.0022169769
   18.327684     74.001568   -0.0032599653
   18.327684     87.456398   -0.0044693674
   18.327684    100.911229   -0.0058257408

   23.564166   -100.911229   -0.0079274268
   23.564166    -87.456398   -0.0060789946
   23.564166    -74.001568   -0.0044322836
   23.564166    -60.546737   -0.0030132207
   23.564166    -47.091907   -0.0018457830
   23.564166    -33.637076   -0.0009507044
   23.564166    -20.182246   -0.0003444407
   23.564166     -6.727415   -0.0000383938
   23.564166      6.727415   -0.0000383938
   23.564166     20.182246   -0.0003444407
   23.564166     33.637076   -0.0009507044
   23.564166     47.091907   -0.0018457830
   23.564166     60.546737   -0.0030132207
   23.564166     74.001568   -0.0044322836
   23.564166     87.456398   -0.0060789946
   23.564166    100.911229   -0.0079274268

   28.800647   -100.911229   -0.0102566364
   28.800647    -87.456398   -0.0078617241
   28.800647    -74.001568   -0.0057299250
   28.800647    -60.546737   -0.0038941467
   28.800647    -47.091907   -0.0023847801
   28.800647    -33.637076   -0.0012280812
   28.800647    -20.182246   -0.0004448753
   28.800647     -6.727415   -0.0000495856
   28.800647      6.727415   -0.0000495856
   28.800647     20.182246   -0.0004448753
   28.800647     33.637076   -0.0012280812
   28.800647     47.091907   -0.0023847801
   28.800647     60.546737   -0.0038941467
   28.800647     74.001568   -0.0057299250
   28.800647     87.456398   -0.0078617241
   28.800647    100.911229   -0.0102566364

   34.037128   -100.911229   -0.0128354096
   34.037128    -87.456398   -0.0098343592
   34.037128    -74.001568   -0.0071650143
   34.037128    -60.546737   -0.0048678959
   34.037128    -47.091907   -0.0029803179
   34.037128    -33.637076   -0.0015344524
   34.037128    -20.182246   -0.0005557829
   34.037128     -6.727415   -0.0000619431
   34.037128      6.727415   -0.0000619431
   34.037128     20.182246   -0.0005557829
   34.037128     33.637076   -0.0015344524
   34.037128     47.091907   -0.0029803179
   34.037128     60.546737   -0.0048678959
   34.037128     74.001568   -0.0071650143
   34.037128     87.456398   -0.0098343592
   34.037128    100.911229   -0.0128354096

