 -100.911229   -136.038482    0.0140994838
 -100.911229   -117.900018    0.0110685645
 -100.911229    -99.761554    0.0083897450
 -100.911229    -81.623089    0.0060764622
 -100.911229    -63.484625    0.0041313311
 -100.911229    -45.346161    0.0025457797
 -100.911229    -27.207696    0.0013001185
 -100.911229     -9.069232    0.0003640611
 -100.911229      9.069232   -0.0003023133
 -100.911229     27.207696   -0.0007471849
 -100.911229     45.346161   -0.0010252580
 -100.911229     63.484625   -0.0011957390
 -100.911229     81.623089   -0.0013201264
 -100.911229     99.761554   -0.0014599297
 -100.911229    117.900018   -0.0016744605
 -100.911229    136.038482   -0.0020188575

  -87.456398   -136.038482    0.0110001320
  -87.456398   -117.900018    0.0085508094
  -87.456398    -99.761554    0.0064052729
  -87.456398    -81.623089    0.0045774238
  -87.456398    -63.484625    0.0030656045
  -87.456398    -45.346161    0.0018570954
  -87.456398    -27.207696    0.0009301449
  -87.456398     -9.069232    0.0002547962
  -87.456398      9.069232   -0.0002065518
  -87.456398     27.207696   -0.0004982346
  -87.456398     45.346161   -0.0006697759
  -87.456398     63.484625   -0.0007737406
  -87.456398     81.623089   -0.0008633473
  -87.456398     99.761554   -0.0009905283
  -87.456398    117.900018   -0.0012054451
  -87.456398    136.038482   -0.0015587971

  -74.001568   -136.038482    0.0082664020
  -74.001568   -117.900018    0.0063498960
  -74.001568    -99.761554    0.0046942899
  -74.001568    -81.623089    0.0033040694
  -74.001568    -63.484625    0.0021739140
  -74.001568    -45.346161    0.0012900216
  -74.001568    -27.207696    0.0006309397
  -74.001568     -9.069232    0.0001682647
  -74.001568      9.069232   -0.0001325354
  -74.001568     27.207696   -0.0003110196
  -74.001568     45.346161   -0.0004103483
  -74.001568     63.484625   -0.0004755873
  -74.001568     81.623089   -0.0005519031
  -74.001568     99.761554   -0.0006829120
  -74.001568    117.900018   -0.0009095532
  -74.001568    136.038482   -0.0012699575

  -60.546737   -136.038482    0.0059190675
  -60.546737   -117.900018    0.0044846306
  -60.546737    -99.761554    0.0032645642
  -60.546737    -81.623089    0.0022567781
  -60.546737    -63.484625    0.0014536360
  -60.546737    -45.346161    0.0008412759
  -60.546737    -27.207696    0.0003996611
  -60.546737     -9.069232    0.0001031555
  -60.546737      9.069232   -0.0000785474
  -60.546737     27.207696   -0.0001792793
  -60.546737     45.346161   -0.0002351382
  -60.546737     63.484625   -0.0002831832
  -60.546737     81.623089   -0.0003601186
  -60.546737     99.761554   -0.0005009659
  -60.546737    117.900018   -0.0007376889
  -60.546737    136.038482   -0.0010977053

  -47.091907   -136.038482    0.0039657429
  -47.091907   -117.900018    0.0029573984
  -47.091907    -99.761554    0.0021136319
  -47.091907    -81.623089    0.0014298448
  -47.091907    -63.484625    0.0008975956
  -47.091907    -45.346161    0.0005038535
  -47.091907    -27.207696    0.0002309997
  -47.091907     -9.069232    0.0000573354
  -47.091907      9.069232   -0.0000421014
  -47.091907     27.207696   -0.0000945599
  -47.091907     45.346161   -0.0001285505
  -47.091907     63.484625   -0.0001728260
  -47.091907     81.623089   -0.0002553897
  -47.091907     99.761554   -0.0004024980
  -47.091907    117.900018   -0.0006375849
  -47.091907    136.038482   -0.0009799883

  -33.637076   -136.038482    0.0023995398
  -33.637076   -117.900018    0.0017568095
  -33.637076    -99.761554    0.0012284076
  -33.637076    -81.623089    0.0008095990
  -33.637076    -63.484625    0.0004926155
  -33.637076    -45.346161    0.0002664632
  -33.637076    -27.207696    0.0001170960
  -33.637076     -9.069232    0.0000278514
  -33.637076      9.069232   -0.0000199413
  -33.637076     27.207696   -0.0000462537
  -33.637076     45.346161   -0.0000716075
  -33.637076     63.484625   -0.0001163263
  -33.637076     81.623089   -0.0001998131
  -33.637076     99.761554   -0.0003398671
  -33.637076    117.900018   -0.0005520352
  -33.637076    136.038482   -0.0008489778

  -20.182246   -136.038482    0.0011986847
  -20.182246   -117.900018    0.0008590288
  -20.182246    -99.761554    0.0005853612
  -20.182246    -81.623089    0.0003740013
  -20.182246    -63.484625    0.0002192702
  -20.182246    -45.346161    0.0001135934
  -20.182246    -27.207696    0.0000477167
  -20.182246     -9.069232    0.0000110144
  -20.182246      9.069232   -0.0000081329
  -20.182246     27.207696   -0.0000219119
  -20.182246     45.346161   -0.0000426238
  -20.182246     63.484625   -0.0000822287
  -20.182246     81.623089   -0.0001519097
  -20.182246     99.761554   -0.0002616793
  -20.182246    117.900018   -0.0004200531
  -20.182246    136.038482   -0.0006338139

   -6.727415   -136.038482    0.0003271171
   -6.727415   -117.900018    0.0002287311
   -6.727415    -99.761554    0.0001513164
   -6.727415    -81.623089    0.0000933146
   -6.727415    -63.484625    0.0000525026
   -6.727415    -45.346161    0.0000260567
   -6.727415    -27.207696    0.0000106457
   -6.727415     -9.069232    0.0000025462
   -6.727415      9.069232   -0.0000022241
   -6.727415     27.207696   -0.0000077615
   -6.727415     45.346161   -0.0000181252
   -6.727415     63.484625   -0.0000371877
   -6.727415     81.623089   -0.0000684941
   -6.727415     99.761554   -0.0001151372
   -6.727415    117.900018   -0.0001796578
   -6.727415    136.038482   -0.0002639786

    6.727415   -136.038482   -0.0002639786
    6.727415   -117.900018   -0.0001796578
    6.727415    -99.761554   -0.0001151372
    6.727415    -81.623089   -0.0000684941
    6.727415    -63.484625   -0.0000371877
    6.727415    -45.346161   -0.0000181252
    6.727415    -27.207696   -0.0000077615
    6.727415     -9.069232   -0.0000022241
    6.727415      9.069232    0.0000025462
    6.727415     27.207696    0.0000106457
    6.727415     45.346161    0.0000260567
    6.727415     63.484625    0.0000525026
    6.727415     81.623089    0.0000933146
    6.727415     99.761554    0.0001513164
    6.727415    117.900018    0.0002287311
    6.727415    136.038482    0.0003271171

   20.182246   -136.038482   -0.0006338139
   20.182246   -117.900018   -0.0004200531
   20.182246    -99.761554   -0.0002616793
   20.182246    -81.623089   -0.0001519097
   20.182246    -63.484625   -0.0000822287
   20.182246    -45.346161   -0.0000426238
   20.182246    -27.207696   -0.0000219119
   20.182246     -9.069232   -0.0000081329
   20.182246      9.069232    0.0000110144
   20.182246     27.207696    0.0000477167
   20.182246     45.346161    0.0001135934
   20.182246     63.484625    0.0002192702
   20.182246     81.623089    0.0003740013
   20.182246     99.761554    0.0005853612
   20.182246    117.900018    0.0008590288
   20.182246    136.038482    0.0011986847

   33.637076   -136.038482   -0.0008489778
   33.637076   -117.900018   -0.0005520352
   33.637076    -99.761554   -0.0003398671
   33.637076    -81.623089   -0.0001998131
   33.637076    -63.484625   -0.0001163263
   33.637076    -45.346161   -0.0000716075
   33.637076    -27.207696   -0.0000462537
   33.637076     -9.069232   -0.0000199413
   33.637076      9.069232    0.0000278514
   33.637076     27.207696    0.0001170960
   33.637076     45.346161    0.0002664632
   33.637076     63.484625    0.0004926155
   33.637076     81.623089    0.0008095990
   33.637076     99.761554    0.0012284076
   33.637076    117.900018    0.0017568095
   33.637076    136.038482    0.0023995398

   47.091907   -136.038482   -0.0009799883
   47.091907   -117.900018   -0.0006375849
   47.091907    -99.761554   -0.0004024980
   47.091907    -81.623089   -0.0002553897
   47.091907    -63.484625   -0.0001728260
   47.091907    -45.346161   -0.0001285505
   47.091907    -27.207696   -0.0000945599
   47.091907     -9.069232   -0.0000421014
   47.091907      9.069232    0.0000573354
   47.091907     27.207696    0.0002309997
   47.091907     45.346161    0.0005038535
   47.091907     63.484625    0.0008975956
   47.091907     81.623089    0.0014298448
   47.091907     99.761554    0.0021136319
   47.091907    117.900018    0.0029573984
   47.091907    136.038482    0.0039657429

   60.546737   -136.038482   -0.0010977053
   60.546737   -117.900018   -0.0007376889
   60.546737    -99.761554   -0.0005009659
   60.546737    -81.623089   -0.0003601186
   60.546737    -63.484625   -0.0002831832
   60.546737    -45.346161   -0.0002351382
   60.546737    -27.207696   -0.0001792793
   60.546737     -9.069232   -0.0000785474
   60.546737      9.069232    0.0001031555
   60.546737     27.207696    0.0003996611
   60.546737     45.346161    0.0008412759
   60.546737     63.484625    0.0014536360
   60.546737     81.623089    0.0022567781
   60.546737     99.761554    0.0032645642
   60.546737    117.900018    0.0044846306
   60.546737    136.038482    0.0059190675

   74.001568   -136.038482   -0.0012699575
   74.001568   -117.900018   -0.0009095532
   74.001568    -99.761554   -0.0006829120
   74.001568    -81.623089   -0.0005519031
   74.001568    -63.484625   -0.0004755873
   74.001568    -45.346161   -0.0004103483
   74.001568    -27.207696   -0.0003110196
   74.001568     -9.069232   -0.0001325354
   74.001568      9.069232    0.0001682647
   74.001568     27.207696    0.0006309397
   74.001568     45.346161    0.0012900216
   74.001568     63.484625    0.0021739140
   74.001568     81.623089    0.0033040694
   74.001568     99.761554    0.0046942899
   74.001568    117.900018    0.0063498960
   74.001568    136.038482    0.0082664020

   87.456398   -136.038482   -0.0015587971
   87.456398   -117.900018   -0.0012054451
   87.456398    -99.761554   -0.0009905283
   87.456398    -81.623089   -0.0008633473
   87.456398    -63.484625   -0.0007737406
   87.456398    -45.346161   -0.0006697759
   87.456398    -27.207696   -0.0004982346
   87.456398     -9.069232   -0.0002065518
   87.456398      9.069232    0.0002547962
   87.456398     27.207696    0.0009301449
   87.456398     45.346161    0.0018570954
   87.456398     63.484625    0.0030656045
   87.456398     81.623089    0.0045774238
   87.456398     99.761554    0.0064052729
   87.456398    117.900018    0.0085508094
   87.456398    136.038482    0.0110001320

  100.911229   -136.038482   -0.0020188575
  100.911229   -117.900018   -0.0016744605
  100.911229    -99.761554   -0.0014599297
  100.911229    -81.623089   -0.0013201264
  100.911229    -63.484625   -0.0011957390
  100.911229    -45.346161   -0.0010252580
  100.911229    -27.207696   -0.0007471849
  100.911229     -9.069232   -0.0003023133
  100.911229      9.069232    0.0003640611
  100.911229     27.207696    0.0013001185
  100.911229     45.346161    0.0025457797
  100.911229     63.484625    0.0041313311
  100.911229     81.623089    0.0060764622
  100.911229     99.761554    0.0083897450
  100.911229    117.900018    0.0110685645
  100.911229    136.038482    0.0140994838

