  -34.795266    -44.510090   -0.0291132145
  -34.795266    -39.273609   -0.0259638104
  -34.795266    -34.037128   -0.0227402300
  -34.795266    -28.800647   -0.0194432214
  -34.795266    -23.564166   -0.0160731654
  -34.795266    -18.327684   -0.0126301289
  -34.795266    -13.091203   -0.0091139132
  -34.795266     -7.854722   -0.0055240968
  -34.795266     -2.618241   -0.0018600725
  -34.795266      2.618241    0.0018789201
  -34.795266      7.854722    0.0056937680
  -34.795266     13.091203    0.0095854636
  -34.795266     18.327684    0.0135550886
  -34.795266     23.564166    0.0176038030
  -34.795266     28.800647    0.0217328404
  -34.795266     34.037128    0.0259435075

  -30.155897    -44.510090   -0.0211599164
  -30.155897    -39.273609   -0.0188662435
  -30.155897    -34.037128   -0.0165199280
  -30.155897    -28.800647   -0.0141214631
  -30.155897    -23.564166   -0.0116711142
  -30.155897    -18.327684   -0.0091689415
  -30.155897    -13.091203   -0.0066148203
  -30.155897     -7.854722   -0.0040084621
  -30.155897     -2.618241   -0.0013494346
  -30.155897      2.618241    0.0013628197
  -30.155897      7.854722    0.0041289644
  -30.155897     13.091203    0.0069497515
  -30.155897     18.327684    0.0098260042
  -30.155897     23.564166    0.0127585999
  -30.155897     28.800647    0.0157484549
  -30.155897     34.037128    0.0187965086

  -25.516528    -44.510090   -0.0147323323
  -25.516528    -39.273609   -0.0131326470
  -25.516528    -34.037128   -0.0114969238
  -25.516528    -28.800647   -0.0098256102
  -25.516528    -23.564166   -0.0081189468
  -25.516528    -18.327684   -0.0063769977
  -25.516528    -13.091203   -0.0045996777
  -25.516528     -7.854722   -0.0027867767
  -25.516528     -2.618241   -0.0009379807
  -25.516528      2.618241    0.0009471103
  -25.516528      7.854722    0.0028689674
  -25.516528     13.091203    0.0048281206
  -25.516528     18.327684    0.0068251509
  -25.516528     23.564166    0.0088606840
  -25.516528     28.800647    0.0109353880
  -25.516528     34.037128    0.0130499744

  -20.877160    -44.510090   -0.0096368966
  -20.877160    -39.273609   -0.0085890119
  -20.877160    -34.037128   -0.0075178149
  -20.877160    -28.800647   -0.0064237225
  -20.877160    -23.564166   -0.0053069537
  -20.877160    -18.327684   -0.0041675704
  -20.877160    -13.091203   -0.0030055125
  -20.877160     -7.854722   -0.0018206275
  -20.877160     -2.618241   -0.0006126937
  -20.877160      2.618241    0.0006185614
  -20.877160      7.854722    0.0018734497
  -20.877160     13.091203    0.0031523157
  -20.877160     18.327684    0.0044555363
  -20.877160     23.564166    0.0057835260
  -20.877160     28.800647    0.0071367478
  -20.877160     34.037128    0.0085157300

  -16.237791    -44.510090   -0.0057237909
  -16.237791    -39.273609   -0.0051007103
  -16.237791    -34.037128   -0.0044638770
  -16.237791    -28.800647   -0.0038136254
  -16.237791    -23.564166   -0.0031501277
  -16.237791    -18.327684   -0.0024734334
  -16.237791    -13.091203   -0.0017835027
  -16.237791     -7.854722   -0.0010802335
  -16.237791     -2.618241   -0.0003634829
  -16.237791      2.618241    0.0003669182
  -16.237791      7.854722    0.0011111563
  -16.237791     13.091203    0.0018694325
  -16.237791     18.327684    0.0026419663
  -16.237791     23.564166    0.0034290049
  -16.237791     28.800647    0.0042308396
  -16.237791     34.037128    0.0050478273

  -11.598422    -44.510090   -0.0028806781
  -11.598422    -39.273609   -0.0025668341
  -11.598422    -34.037128   -0.0022460943
  -11.598422    -28.800647   -0.0019186684
  -11.598422    -23.564166   -0.0015846629
  -11.598422    -18.327684   -0.0012441087
  -11.598422    -13.091203   -0.0008969834
  -11.598422     -7.854722   -0.0005432301
  -11.598422     -2.618241   -0.0001827713
  -11.598422      2.618241    0.0001844813
  -11.598422      7.854722    0.0005586219
  -11.598422     13.091203    0.0009397497
  -11.598422     18.327684    0.0013279724
  -11.598422     23.564166    0.0017234146
  -11.598422     28.800647    0.0021262301
  -11.598422     34.037128    0.0025366191

   -6.959053    -44.510090   -0.0010276911
   -6.959053    -39.273609   -0.0009156652
   -6.959053    -34.037128   -0.0008011836
   -6.959053    -28.800647   -0.0006843325
   -6.959053    -23.564166   -0.0005651553
   -6.959053    -18.327684   -0.0004436647
   -6.959053    -13.091203   -0.0003198518
   -6.959053     -7.854722   -0.0001936950
   -6.959053     -2.618241   -0.0000651650
   -6.959053      2.618241    0.0000657705
   -6.959053      7.854722    0.0001991453
   -6.959053     13.091203    0.0003349939
   -6.959053     18.327684    0.0004733542
   -6.959053     23.564166    0.0006142704
   -6.959053     28.800647    0.0007577995
   -6.959053     34.037128    0.0009040183

   -2.319684    -44.510090   -0.0001136735
   -2.319684    -39.273609   -0.0001012789
   -2.319684    -34.037128   -0.0000886129
   -2.319684    -28.800647   -0.0000756856
   -2.319684    -23.564166   -0.0000625022
   -2.319684    -18.327684   -0.0000490642
   -2.319684    -13.091203   -0.0000353706
   -2.319684     -7.854722   -0.0000214189
   -2.319684     -2.618241   -0.0000072057
   -2.319684      2.618241    0.0000072725
   -2.319684      7.854722    0.0000220195
   -2.319684     13.091203    0.0000370391
   -2.319684     18.327684    0.0000523355
   -2.319684     23.564166    0.0000679134
   -2.319684     28.800647    0.0000837794
   -2.319684     34.037128    0.0000999423

    2.319684    -44.510090   -0.0001136735
    2.319684    -39.273609   -0.0001012789
    2.319684    -34.037128   -0.0000886129
    2.319684    -28.800647   -0.0000756856
    2.319684    -23.564166   -0.0000625022
    2.319684    -18.327684   -0.0000490642
    2.319684    -13.091203   -0.0000353706
    2.319684     -7.854722   -0.0000214189
    2.319684     -2.618241   -0.0000072057
    2.319684      2.618241    0.0000072725
    2.319684      7.854722    0.0000220195
    2.319684     13.091203    0.0000370391
    2.319684     18.327684    0.0000523355
    2.319684     23.564166    0.0000679134
    2.319684     28.800647    0.0000837794
    2.319684     34.037128    0.0000999423

    6.959053    -44.510090   -0.0010276911
    6.959053    -39.273609   -0.0009156652
    6.959053    -34.037128   -0.0008011836
    6.959053    -28.800647   -0.0006843325
    6.959053    -23.564166   -0.0005651553
    6.959053    -18.327684   -0.0004436647
    6.959053    -13.091203   -0.0003198518
    6.959053     -7.854722   -0.0001936950
    6.959053     -2.618241   -0.0000651650
    6.959053      2.618241    0.0000657705
    6.959053      7.854722    0.0001991453
    6.959053     13.091203    0.0003349939
    6.959053     18.327684    0.0004733542
    6.959053     23.564166    0.0006142704
    6.959053     28.800647    0.0007577995
    6.959053     34.037128    0.0009040183

   11.598422    -44.510090   -0.0028806781
   11.598422    -39.273609   -0.0025668341
   11.598422    -34.037128   -0.0022460943
   11.598422    -28.800647   -0.0019186684
   11.598422    -23.564166   -0.0015846629
   11.598422    -18.327684   -0.0012441087
   11.598422    -13.091203   -0.0008969834
   11.598422     -7.854722   -0.0005432301
   11.598422     -2.618241   -0.0001827713
   11.598422      2.618241    0.0001844813
   11.598422      7.854722    0.0005586219
   11.598422     13.091203    0.0009397497
   11.598422     18.327684    0.0013279724
   11.598422     23.564166    0.0017234146
   11.598422     28.800647    0.0021262301
   11.598422     34.037128    0.0025366191

   16.237791    -44.510090   -0.0057237909
   16.237791    -39.273609   -0.0051007103
   16.237791    -34.037128   -0.0044638770
   16.237791    -28.800647   -0.0038136254
   16.237791    -23.564166   -0.0031501277
   16.237791    -18.327684   -0.0024734334
   16.237791    -13.091203   -0.0017835027
   16.237791     -7.854722   -0.0010802335
   16.237791     -2.618241   -0.0003634829
   16.237791      2.618241    0.0003669182
   16.237791      7.854722    0.0011111563
   16.237791     13.091203    0.0018694325
   16.237791     18.327684    0.0026419663
   16.237791     23.564166    0.0034290049
   16.237791     28.800647    0.0042308396
   16.237791     34.037128    0.0050478273

   20.877160    -44.510090   -0.0096368966
   20.877160    -39.273609   -0.0085890119
   20.877160    -34.037128   -0.0075178149
   20.877160    -28.800647   -0.0064237225
   20.877160    -23.564166   -0.0053069537
   20.877160    -18.327684   -0.0041675704
   20.877160    -13.091203   -0.0030055125
   20.877160     -7.854722   -0.0018206275
   20.877160     -2.618241   -0.0006126937
   20.877160      2.618241    0.0006185614
   20.877160      7.854722    0.0018734497
   20.877160     13.091203    0.0031523157
   20.877160     18.327684    0.0044555363
   20.877160     23.564166    0.0057835260
   20.877160     28.800647    0.0071367478
   20.877160     34.037128    0.0085157300

   25.516528    -44.510090   -0.0147323323
   25.516528    -39.273609   -0.0131326470
   25.516528    -34.037128   -0.0114969238
   25.516528    -28.800647   -0.0098256102
   25.516528    -23.564166   -0.0081189468
   25.516528    -18.327684   -0.0063769977
   25.516528    -13.091203   -0.0045996777
   25.516528     -7.854722   -0.0027867767
   25.516528     -2.618241   -0.0009379807
   25.516528      2.618241    0.0009471103
   25.516528      7.854722    0.0028689674
   25.516528     13.091203    0.0048281206
   25.516528     18.327684    0.0068251509
   25.516528     23.564166    0.0088606840
   25.516528     28.800647    0.0109353880
   25.516528     34.037128    0.0130499744

   30.155897    -44.510090   -0.0211599164
   30.155897    -39.273609   -0.0188662435
   30.155897    -34.037128   -0.0165199280
   30.155897    -28.800647   -0.0141214631
   30.155897    -23.564166   -0.0116711142
   30.155897    -18.327684   -0.0091689415
   30.155897    -13.091203   -0.0066148203
   30.155897     -7.854722   -0.0040084621
   30.155897     -2.618241   -0.0013494346
   30.155897      2.618241    0.0013628197
   30.155897      7.854722    0.0041289644
   30.155897     13.091203    0.0069497515
   30.155897     18.327684    0.0098260042
   30.155897     23.564166    0.0127585999
   30.155897     28.800647    0.0157484549
   30.155897     34.037128    0.0187965086

   34.795266    -44.510090   -0.0291132145
   34.795266    -39.273609   -0.0259638104
   34.795266    -34.037128   -0.0227402300
   34.795266    -28.800647   -0.0194432214
   34.795266    -23.564166   -0.0160731654
   34.795266    -18.327684   -0.0126301289
   34.795266    -13.091203   -0.0091139132
   34.795266     -7.854722   -0.0055240968
   34.795266     -2.618241   -0.0018600725
   34.795266      2.618241    0.0018789201
   34.795266      7.854722    0.0056937680
   34.795266     13.091203    0.0095854636
   34.795266     18.327684    0.0135550886
   34.795266     23.564166    0.0176038030
   34.795266     28.800647    0.0217328404
   34.795266     34.037128    0.0259435075

