  -61.469935    -91.194683    0.0004695771
  -61.469935    -79.035392    0.0002860093
  -61.469935    -66.876101    0.0001415741
  -61.469935    -54.716810    0.0000359492
  -61.469935    -42.557519   -0.0000318297
  -61.469935    -30.398228   -0.0000633688
  -61.469935    -18.238937   -0.0000609161
  -61.469935     -6.079646   -0.0000273617
  -61.469935      6.079646    0.0000337625
  -61.469935     18.238937    0.0001182826
  -61.469935     30.398228    0.0002213827
  -61.469935     42.557519    0.0003376053
  -61.469935     54.716810    0.0004608506
  -61.469935     66.876101    0.0005843770
  -61.469935     79.035392    0.0007008011
  -61.469935     91.194683    0.0008020975

  -53.273944    -91.194683    0.0004819646
  -53.273944    -79.035392    0.0003154782
  -53.273944    -66.876101    0.0001829500
  -53.273944    -54.716810    0.0000835674
  -53.273944    -42.557519    0.0000160259
  -53.273944    -30.398228   -0.0000214713
  -53.273944    -18.238937   -0.0000312128
  -53.273944     -6.079646   -0.0000159791
  -53.273944      6.079646    0.0000209572
  -53.273944     18.238937    0.0000758315
  -53.273944     30.398228    0.0001443873
  -53.273944     42.557519    0.0002218759
  -53.273944     54.716810    0.0003030570
  -53.273944     66.876101    0.0003821979
  -53.273944     79.035392    0.0004530742
  -53.273944     91.194683    0.0005089694

  -45.077952    -91.194683    0.0004490055
  -45.077952    -79.035392    0.0003057763
  -45.077952    -66.876101    0.0001910305
  -45.077952    -54.716810    0.0001036254
  -45.077952    -42.557519    0.0000420603
  -45.077952    -30.398228    0.0000044762
  -45.077952    -18.238937   -0.0000113442
  -45.077952     -6.079646   -0.0000079765
  -45.077952      6.079646    0.0000116453
  -45.077952     18.238937    0.0000442291
  -45.077952     30.398228    0.0000861245
  -45.077952     42.557519    0.0001333227
  -45.077952     54.716810    0.0001814566
  -45.077952     66.876101    0.0002258010
  -45.077952     79.035392    0.0002612723
  -45.077952     91.194683    0.0002824287

  -36.881961    -91.194683    0.0003836634
  -36.881961    -79.035392    0.0002675478
  -36.881961    -66.876101    0.0001743180
  -36.881961    -54.716810    0.0001026670
  -36.881961    -42.557519    0.0000510445
  -36.881961    -30.398228    0.0000176567
  -36.881961    -18.238937    0.0000004671
  -36.881961     -6.079646   -0.0000028045
  -36.881961      6.079646    0.0000053188
  -36.881961     18.238937    0.0000220707
  -36.881961     30.398228    0.0000444415
  -36.881961     42.557519    0.0000691783
  -36.881961     54.716810    0.0000927853
  -36.881961     66.876101    0.0001115232
  -36.881961     79.035392    0.0001214094
  -36.881961     91.194683    0.0001182185

  -28.685970    -91.194683    0.0002981766
  -28.685970    -79.035392    0.0002108816
  -28.685970    -66.876101    0.0001409119
  -28.685970    -54.716810    0.0000869632
  -28.685970    -42.557519    0.0000475822
  -28.685970    -30.398228    0.0000211671
  -28.685970    -18.238937    0.0000059671
  -28.685970     -6.079646    0.0000000829
  -28.685970      6.079646    0.0000014663
  -28.685970     18.238937    0.0000079203
  -28.685970     30.398228    0.0000170993
  -28.685970     42.557519    0.0000265088
  -28.685970     54.716810    0.0000335056
  -28.685970     66.876101    0.0000352977
  -28.685970     79.035392    0.0000289445
  -28.685970     91.194683    0.0000113565

  -20.489978    -91.194683    0.0002040578
  -20.489978    -79.035392    0.0001453122
  -20.489978    -66.876101    0.0000985082
  -20.489978    -54.716810    0.0000625112
  -20.489978    -42.557519    0.0000361104
  -20.489978    -30.398228    0.0000180184
  -20.489978    -18.238937    0.0000068712
  -20.489978     -6.079646    0.0000012284
  -20.489978      6.079646   -0.0000004271
  -20.489978     18.238937    0.0000003112
  -20.489978     30.398228    0.0000017734
  -20.489978     42.557519    0.0000022129
  -20.489978     54.716810   -0.0000001934
  -20.489978     66.876101   -0.0000073450
  -20.489978     79.035392   -0.0000212181
  -20.489978     91.194683   -0.0000438653

  -12.293987    -91.194683    0.0001120940
  -12.293987    -79.035392    0.0000798192
  -12.293987    -66.876101    0.0000543994
  -12.293987    -54.716810    0.0000350352
  -12.293987    -42.557519    0.0000208991
  -12.293987    -30.398228    0.0000111361
  -12.293987    -18.238937    0.0000048635
  -12.293987     -6.079646    0.0000011709
  -12.293987      6.079646   -0.0000008799
  -12.293987     18.238937   -0.0000022545
  -12.293987     30.398228   -0.0000039467
  -12.293987     42.557519   -0.0000069775
  -12.293987     54.716810   -0.0000123958
  -12.293987     66.876101   -0.0000212783
  -12.293987     79.035392   -0.0000347292
  -12.293987     91.194683   -0.0000538805

   -4.097996    -91.194683    0.0000323467
   -4.097996    -79.035392    0.0000228271
   -4.097996    -66.876101    0.0000154752
   -4.097996    -54.716810    0.0000099860
   -4.097996    -42.557519    0.0000060512
   -4.097996    -30.398228    0.0000033596
   -4.097996    -18.238937    0.0000015971
   -4.097996     -6.079646    0.0000004462
   -4.097996      6.079646   -0.0000004137
   -4.097996     18.238937   -0.0000013059
   -4.097996     30.398228   -0.0000025572
   -4.097996     42.557519   -0.0000044974
   -4.097996     54.716810   -0.0000074591
   -4.097996     66.876101   -0.0000117783
   -4.097996     79.035392   -0.0000177940
   -4.097996     91.194683   -0.0000258483

    4.097996    -91.194683   -0.0000258483
    4.097996    -79.035392   -0.0000177940
    4.097996    -66.876101   -0.0000117783
    4.097996    -54.716810   -0.0000074591
    4.097996    -42.557519   -0.0000044974
    4.097996    -30.398228   -0.0000025572
    4.097996    -18.238937   -0.0000013059
    4.097996     -6.079646   -0.0000004137
    4.097996      6.079646    0.0000004462
    4.097996     18.238937    0.0000015971
    4.097996     30.398228    0.0000033596
    4.097996     42.557519    0.0000060512
    4.097996     54.716810    0.0000099860
    4.097996     66.876101    0.0000154752
    4.097996     79.035392    0.0000228271
    4.097996     91.194683    0.0000323467

   12.293987    -91.194683   -0.0000538805
   12.293987    -79.035392   -0.0000347292
   12.293987    -66.876101   -0.0000212783
   12.293987    -54.716810   -0.0000123958
   12.293987    -42.557519   -0.0000069775
   12.293987    -30.398228   -0.0000039467
   12.293987    -18.238937   -0.0000022545
   12.293987     -6.079646   -0.0000008799
   12.293987      6.079646    0.0000011709
   12.293987     18.238937    0.0000048635
   12.293987     30.398228    0.0000111361
   12.293987     42.557519    0.0000208991
   12.293987     54.716810    0.0000350352
   12.293987     66.876101    0.0000543994
   12.293987     79.035392    0.0000798192
   12.293987     91.194683    0.0001120940

   20.489978    -91.194683   -0.0000438653
   20.489978    -79.035392   -0.0000212181
   20.489978    -66.876101   -0.0000073450
   20.489978    -54.716810   -0.0000001934
   20.489978    -42.557519    0.0000022129
   20.489978    -30.398228    0.0000017734
   20.489978    -18.238937    0.0000003112
   20.489978     -6.079646   -0.0000004271
   20.489978      6.079646    0.0000012284
   20.489978     18.238937    0.0000068712
   20.489978     30.398228    0.0000180184
   20.489978     42.557519    0.0000361104
   20.489978     54.716810    0.0000625112
   20.489978     66.876101    0.0000985082
   20.489978     79.035392    0.0001453122
   20.489978     91.194683    0.0002040578

   28.685970    -91.194683    0.0000113565
   28.685970    -79.035392    0.0000289445
   28.685970    -66.876101    0.0000352977
   28.685970    -54.716810    0.0000335056
   28.685970    -42.557519    0.0000265088
   28.685970    -30.398228    0.0000170993
   28.685970    -18.238937    0.0000079203
   28.685970     -6.079646    0.0000014663
   28.685970      6.079646    0.0000000829
   28.685970     18.238937    0.0000059671
   28.685970     30.398228    0.0000211671
   28.685970     42.557519    0.0000475822
   28.685970     54.716810    0.0000869632
   28.685970     66.876101    0.0001409119
   28.685970     79.035392    0.0002108816
   28.685970     91.194683    0.0002981766

   36.881961    -91.194683    0.0001182185
   36.881961    -79.035392    0.0001214094
   36.881961    -66.876101    0.0001115232
   36.881961    -54.716810    0.0000927853
   36.881961    -42.557519    0.0000691783
   36.881961    -30.398228    0.0000444415
   36.881961    -18.238937    0.0000220707
   36.881961     -6.079646    0.0000053188
   36.881961      6.079646   -0.0000028045
   36.881961     18.238937    0.0000004671
   36.881961     30.398228    0.0000176567
   36.881961     42.557519    0.0000510445
   36.881961     54.716810    0.0001026670
   36.881961     66.876101    0.0001743180
   36.881961     79.035392    0.0002675478
   36.881961     91.194683    0.0003836634

   45.077952    -91.194683    0.0002824287
   45.077952    -79.035392    0.0002612723
   45.077952    -66.876101    0.0002258010
   45.077952    -54.716810    0.0001814566
   45.077952    -42.557519    0.0001333227
   45.077952    -30.398228    0.0000861245
   45.077952    -18.238937    0.0000442291
   45.077952     -6.079646    0.0000116453
   45.077952      6.079646   -0.0000079765
   45.077952     18.238937   -0.0000113442
   45.077952     30.398228    0.0000044762
   45.077952     42.557519    0.0000420603
   45.077952     54.716810    0.0001036254
   45.077952     66.876101    0.0001910305
   45.077952     79.035392    0.0003057763
   45.077952     91.194683    0.0004490055

   53.273944    -91.194683    0.0005089694
   53.273944    -79.035392    0.0004530742
   53.273944    -66.876101    0.0003821979
   53.273944    -54.716810    0.0003030570
   53.273944    -42.557519    0.0002218759
   53.273944    -30.398228    0.0001443873
   53.273944    -18.238937    0.0000758315
   53.273944     -6.079646    0.0000209572
   53.273944      6.079646   -0.0000159791
   53.273944     18.238937   -0.0000312128
   53.273944     30.398228   -0.0000214713
   53.273944     42.557519    0.0000160259
   53.273944     54.716810    0.0000835674
   53.273944     66.876101    0.0001829500
   53.273944     79.035392    0.0003154782
   53.273944     91.194683    0.0004819646

   61.469935    -91.194683    0.0008020975
   61.469935    -79.035392    0.0007008011
   61.469935    -66.876101    0.0005843770
   61.469935    -54.716810    0.0004608506
   61.469935    -42.557519    0.0003376053
   61.469935    -30.398228    0.0002213827
   61.469935    -18.238937    0.0001182826
   61.469935     -6.079646    0.0000337625
   61.469935      6.079646   -0.0000273617
   61.469935     18.238937   -0.0000609161
   61.469935     30.398228   -0.0000633688
   61.469935     42.557519   -0.0000318297
   61.469935     54.716810    0.0000359492
   61.469935     66.876101    0.0001415741
   61.469935     79.035392    0.0002860093
   61.469935     91.194683    0.0004695771

