  -42.952389   -100.911229    0.0348259158
  -42.952389    -87.456398    0.0333924476
  -42.952389    -74.001568    0.0325505871
  -42.952389    -60.546737    0.0321399844
  -42.952389    -47.091907    0.0320126095
  -42.952389    -33.637076    0.0320396555
  -42.952389    -20.182246    0.0321180160
  -42.952389     -6.727415    0.0321756985
  -42.952389      6.727415    0.0321756985
  -42.952389     20.182246    0.0321180160
  -42.952389     33.637076    0.0320396555
  -42.952389     47.091907    0.0320126095
  -42.952389     60.546737    0.0321399844
  -42.952389     74.001568    0.0325505871
  -42.952389     87.456398    0.0333924476
  -42.952389    100.911229    0.0348259158

  -37.225404   -100.911229    0.0276266104
  -37.225404    -87.456398    0.0259733321
  -37.225404    -74.001568    0.0249357908
  -37.225404    -60.546737    0.0243567447
  -37.225404    -47.091907    0.0240909606
  -37.225404    -33.637076    0.0240120047
  -37.225404    -20.182246    0.0240186296
  -37.225404     -6.727415    0.0240401194
  -37.225404      6.727415    0.0240401194
  -37.225404     20.182246    0.0240186296
  -37.225404     33.637076    0.0240120047
  -37.225404     47.091907    0.0240909606
  -37.225404     60.546737    0.0243567447
  -37.225404     74.001568    0.0249357908
  -37.225404     87.456398    0.0259733321
  -37.225404    100.911229    0.0276266104

  -31.498419   -100.911229    0.0215135596
  -31.498419    -87.456398    0.0196744200
  -31.498419    -74.001568    0.0184714580
  -31.498419    -60.546737    0.0177500171
  -31.498419    -47.091907    0.0173672145
  -31.498419    -33.637076    0.0171986251
  -31.498419    -20.182246    0.0171445825
  -31.498419     -6.727415    0.0171354608
  -31.498419      6.727415    0.0171354608
  -31.498419     20.182246    0.0171445825
  -31.498419     33.637076    0.0171986251
  -31.498419     47.091907    0.0173672145
  -31.498419     60.546737    0.0177500171
  -31.498419     74.001568    0.0184714580
  -31.498419     87.456398    0.0196744200
  -31.498419    100.911229    0.0215135596

  -25.771434   -100.911229    0.0164600156
  -25.771434    -87.456398    0.0144677493
  -25.771434    -74.001568    0.0131285162
  -25.771434    -60.546737    0.0122897822
  -25.771434    -47.091907    0.0118105954
  -25.771434    -33.637076    0.0115681810
  -25.771434    -20.182246    0.0114641723
  -25.771434     -6.727415    0.0114298392
  -25.771434      6.727415    0.0114298392
  -25.771434     20.182246    0.0114641723
  -25.771434     33.637076    0.0115681810
  -25.771434     47.091907    0.0118105954
  -25.771434     60.546737    0.0122897822
  -25.771434     74.001568    0.0131285162
  -25.771434     87.456398    0.0144677493
  -25.771434    100.911229    0.0164600156

  -20.044448   -100.911229    0.0124437543
  -20.044448    -87.456398    0.0103301162
  -20.044448    -74.001568    0.0088828746
  -20.044448    -60.546737    0.0079511858
  -20.044448    -47.091907    0.0073956268
  -20.044448    -33.637076    0.0070947249
  -20.044448    -20.182246    0.0069511359
  -20.044448     -6.727415    0.0068968335
  -20.044448      6.727415    0.0068968335
  -20.044448     20.182246    0.0069511359
  -20.044448     33.637076    0.0070947249
  -20.044448     47.091907    0.0073956268
  -20.044448     60.546737    0.0079511858
  -20.044448     74.001568    0.0088828746
  -20.044448     87.456398    0.0103301162
  -20.044448    100.911229    0.0124437543

  -14.317463   -100.911229    0.0094470396
  -14.317463    -87.456398    0.0072430218
  -14.317463    -74.001568    0.0057153503
  -14.317463    -60.546737    0.0047144507
  -14.317463    -47.091907    0.0041020389
  -14.317463    -33.637076    0.0037576068
  -14.317463    -20.182246    0.0035845647
  -14.317463     -6.727415    0.0035154040
  -14.317463      6.727415    0.0035154040
  -14.317463     20.182246    0.0035845647
  -14.317463     33.637076    0.0037576068
  -14.317463     47.091907    0.0041020389
  -14.317463     60.546737    0.0047144507
  -14.317463     74.001568    0.0057153503
  -14.317463     87.456398    0.0072430218
  -14.317463    100.911229    0.0094470396

   -8.590478   -100.911229    0.0074565946
   -8.590478    -87.456398    0.0051926293
   -8.590478    -74.001568    0.0036116083
   -8.590478    -60.546737    0.0025648060
   -8.590478    -47.091907    0.0019146944
   -8.590478    -33.637076    0.0015414024
   -8.590478    -20.182246    0.0013488364
   -8.590478     -6.727415    0.0012698275
   -8.590478      6.727415    0.0012698275
   -8.590478     20.182246    0.0013488364
   -8.590478     33.637076    0.0015414024
   -8.590478     47.091907    0.0019146944
   -8.590478     60.546737    0.0025648060
   -8.590478     74.001568    0.0036116083
   -8.590478     87.456398    0.0051926293
   -8.590478    100.911229    0.0074565946

   -2.863493   -100.911229    0.0064635802
   -2.863493    -87.456398    0.0041697320
   -2.863493    -74.001568    0.0025621165
   -2.863493    -60.546737    0.0014924336
   -2.863493    -47.091907    0.0008235327
   -2.863493    -33.637076    0.0004358589
   -2.863493    -20.182246    0.0002335646
   -2.863493     -6.727415    0.0001496490
   -2.863493      6.727415    0.0001496490
   -2.863493     20.182246    0.0002335646
   -2.863493     33.637076    0.0004358589
   -2.863493     47.091907    0.0008235327
   -2.863493     60.546737    0.0014924336
   -2.863493     74.001568    0.0025621165
   -2.863493     87.456398    0.0041697320
   -2.863493    100.911229    0.0064635802

    2.863493   -100.911229    0.0064635802
    2.863493    -87.456398    0.0041697320
    2.863493    -74.001568    0.0025621165
    2.863493    -60.546737    0.0014924336
    2.863493    -47.091907    0.0008235327
    2.863493    -33.637076    0.0004358589
    2.863493    -20.182246    0.0002335646
    2.863493     -6.727415    0.0001496490
    2.863493      6.727415    0.0001496490
    2.863493     20.182246    0.0002335646
    2.863493     33.637076    0.0004358589
    2.863493     47.091907    0.0008235327
    2.863493     60.546737    0.0014924336
    2.863493     74.001568    0.0025621165
    2.863493     87.456398    0.0041697320
    2.863493    100.911229    0.0064635802

    8.590478   -100.911229    0.0074565946
    8.590478    -87.456398    0.0051926293
    8.590478    -74.001568    0.0036116083
    8.590478    -60.546737    0.0025648060
    8.590478    -47.091907    0.0019146944
    8.590478    -33.637076    0.0015414024
    8.590478    -20.182246    0.0013488364
    8.590478     -6.727415    0.0012698275
    8.590478      6.727415    0.0012698275
    8.590478     20.182246    0.0013488364
    8.590478     33.637076    0.0015414024
    8.590478     47.091907    0.0019146944
    8.590478     60.546737    0.0025648060
    8.590478     74.001568    0.0036116083
    8.590478     87.456398    0.0051926293
    8.590478    100.911229    0.0074565946

   14.317463   -100.911229    0.0094470396
   14.317463    -87.456398    0.0072430218
   14.317463    -74.001568    0.0057153503
   14.317463    -60.546737    0.0047144507
   14.317463    -47.091907    0.0041020389
   14.317463    -33.637076    0.0037576068
   14.317463    -20.182246    0.0035845647
   14.317463     -6.727415    0.0035154040
   14.317463      6.727415    0.0035154040
   14.317463     20.182246    0.0035845647
   14.317463     33.637076    0.0037576068
   14.317463     47.091907    0.0041020389
   14.317463     60.546737    0.0047144507
   14.317463     74.001568    0.0057153503
   14.317463     87.456398    0.0072430218
   14.317463    100.911229    0.0094470396

   20.044448   -100.911229    0.0124437543
   20.044448    -87.456398    0.0103301162
   20.044448    -74.001568    0.0088828746
   20.044448    -60.546737    0.0079511858
   20.044448    -47.091907    0.0073956268
   20.044448    -33.637076    0.0070947249
   20.044448    -20.182246    0.0069511359
   20.044448     -6.727415    0.0068968335
   20.044448      6.727415    0.0068968335
   20.044448     20.182246    0.0069511359
   20.044448     33.637076    0.0070947249
   20.044448     47.091907    0.0073956268
   20.044448     60.546737    0.0079511858
   20.044448     74.001568    0.0088828746
   20.044448     87.456398    0.0103301162
   20.044448    100.911229    0.0124437543

   25.771434   -100.911229    0.0164600156
   25.771434    -87.456398    0.0144677493
   25.771434    -74.001568    0.0131285162
   25.771434    -60.546737    0.0122897822
   25.771434    -47.091907    0.0118105954
   25.771434    -33.637076    0.0115681810
   25.771434    -20.182246    0.0114641723
   25.771434     -6.727415    0.0114298392
   25.771434      6.727415    0.0114298392
   25.771434     20.182246    0.0114641723
   25.771434     33.637076    0.0115681810
   25.771434     47.091907    0.0118105954
   25.771434     60.546737    0.0122897822
   25.771434     74.001568    0.0131285162
   25.771434     87.456398    0.0144677493
   25.771434    100.911229    0.0164600156

   31.498419   -100.911229    0.0215135596
   31.498419    -87.456398    0.0196744200
   31.498419    -74.001568    0.0184714580
   31.498419    -60.546737    0.0177500171
   31.498419    -47.091907    0.0173672145
   31.498419    -33.637076    0.0171986251
   31.498419    -20.182246    0.0171445825
   31.498419     -6.727415    0.0171354608
   31.498419      6.727415    0.0171354608
   31.498419     20.182246    0.0171445825
   31.498419     33.637076    0.0171986251
   31.498419     47.091907    0.0173672145
   31.498419     60.546737    0.0177500171
   31.498419     74.001568    0.0184714580
   31.498419     87.456398    0.0196744200
   31.498419    100.911229    0.0215135596

   37.225404   -100.911229    0.0276266104
   37.225404    -87.456398    0.0259733321
   37.225404    -74.001568    0.0249357908
   37.225404    -60.546737    0.0243567447
   37.225404    -47.091907    0.0240909606
   37.225404    -33.637076    0.0240120047
   37.225404    -20.182246    0.0240186296
   37.225404     -6.727415    0.0240401194
   37.225404      6.727415    0.0240401194
   37.225404     20.182246    0.0240186296
   37.225404     33.637076    0.0240120047
   37.225404     47.091907    0.0240909606
   37.225404     60.546737    0.0243567447
   37.225404     74.001568    0.0249357908
   37.225404     87.456398    0.0259733321
   37.225404    100.911229    0.0276266104

   42.952389   -100.911229    0.0348259158
   42.952389    -87.456398    0.0333924476
   42.952389    -74.001568    0.0325505871
   42.952389    -60.546737    0.0321399844
   42.952389    -47.091907    0.0320126095
   42.952389    -33.637076    0.0320396555
   42.952389    -20.182246    0.0321180160
   42.952389     -6.727415    0.0321756985
   42.952389      6.727415    0.0321756985
   42.952389     20.182246    0.0321180160
   42.952389     33.637076    0.0320396555
   42.952389     47.091907    0.0320126095
   42.952389     60.546737    0.0321399844
   42.952389     74.001568    0.0325505871
   42.952389     87.456398    0.0333924476
   42.952389    100.911229    0.0348259158

