  -44.766107    -61.469935    0.0828273170
  -44.766107    -53.273944    0.0787268006
  -44.766107    -45.077952    0.0752327709
  -44.766107    -36.881961    0.0723357321
  -44.766107    -28.685970    0.0700277232
  -44.766107    -20.489978    0.0683023439
  -44.766107    -12.293987    0.0671547761
  -44.766107     -4.097996    0.0665817987
  -44.766107      4.097996    0.0665817987
  -44.766107     12.293987    0.0671547761
  -44.766107     20.489978    0.0683023439
  -44.766107     28.685970    0.0700277232
  -44.766107     36.881961    0.0723357321
  -44.766107     45.077952    0.0752327709
  -44.766107     53.273944    0.0787268006
  -44.766107     61.469935    0.0828273170

  -40.053885    -61.469935    0.0723771688
  -40.053885    -53.273944    0.0682408666
  -40.053885    -45.077952    0.0647151924
  -40.053885    -36.881961    0.0617910987
  -40.053885    -28.685970    0.0594609976
  -40.053885    -20.489978    0.0577187878
  -40.053885    -12.293987    0.0565598752
  -40.053885     -4.097996    0.0559811880
  -40.053885      4.097996    0.0559811880
  -40.053885     12.293987    0.0565598752
  -40.053885     20.489978    0.0577187878
  -40.053885     28.685970    0.0594609976
  -40.053885     36.881961    0.0617910987
  -40.053885     45.077952    0.0647151924
  -40.053885     53.273944    0.0682408666
  -40.053885     61.469935    0.0723771688

  -35.341663    -61.469935    0.0623620950
  -35.341663    -53.273944    0.0581916277
  -35.341663    -45.077952    0.0546357615
  -35.341663    -36.881961    0.0516858675
  -35.341663    -28.685970    0.0493347074
  -35.341663    -20.489978    0.0475764590
  -35.341663    -12.293987    0.0464067375
  -35.341663     -4.097996    0.0458226110
  -35.341663      4.097996    0.0458226110
  -35.341663     12.293987    0.0464067375
  -35.341663     20.489978    0.0475764590
  -35.341663     28.685970    0.0493347074
  -35.341663     36.881961    0.0516858675
  -35.341663     45.077952    0.0546357615
  -35.341663     53.273944    0.0581916277
  -35.341663     61.469935    0.0623620950

  -30.629441    -61.469935    0.0529033442
  -30.629441    -53.273944    0.0487001396
  -30.629441    -45.077952    0.0451153541
  -30.629441    -36.881961    0.0421407552
  -30.629441    -28.685970    0.0397694348
  -30.629441    -20.489978    0.0379958349
  -30.629441    -12.293987    0.0368157690
  -30.629441     -4.097996    0.0362264373
  -30.629441      4.097996    0.0362264373
  -30.629441     12.293987    0.0368157690
  -30.629441     20.489978    0.0379958349
  -30.629441     28.685970    0.0397694348
  -30.629441     36.881961    0.0421407552
  -30.629441     45.077952    0.0451153541
  -30.629441     53.273944    0.0487001396
  -30.629441     61.469935    0.0529033442

  -25.917220    -61.469935    0.0441432634
  -25.917220    -53.273944    0.0399086420
  -25.917220    -45.077952    0.0362961059
  -25.917220    -36.881961    0.0332978017
  -25.917220    -28.685970    0.0309071377
  -25.917220    -20.489978    0.0291188088
  -25.917220    -12.293987    0.0279288182
  -25.917220     -4.097996    0.0273344925
  -25.917220      4.097996    0.0273344925
  -25.917220     12.293987    0.0279288182
  -25.917220     20.489978    0.0291188088
  -25.917220     28.685970    0.0309071377
  -25.917220     36.881961    0.0332978017
  -25.917220     45.077952    0.0362961059
  -25.917220     53.273944    0.0399086420
  -25.917220     61.469935    0.0441432634

  -21.204998    -61.469935    0.0362485040
  -21.204998    -53.273944    0.0319837648
  -21.204998    -45.077952    0.0283446178
  -21.204998    -36.881961    0.0253235770
  -21.204998    -28.685970    0.0229143565
  -21.204998    -20.489978    0.0211118961
  -21.204998    -12.293987    0.0199123825
  -21.204998     -4.097996    0.0193132647
  -21.204998      4.097996    0.0193132647
  -21.204998     12.293987    0.0199123825
  -21.204998     20.489978    0.0211118961
  -21.204998     28.685970    0.0229143565
  -21.204998     36.881961    0.0253235770
  -21.204998     45.077952    0.0283446178
  -21.204998     53.273944    0.0319837648
  -21.204998     61.469935    0.0362485040

  -16.492776    -61.469935    0.0294139947
  -16.492776    -53.273944    0.0251205004
  -16.492776    -45.077952    0.0214559290
  -16.492776    -36.881961    0.0184131534
  -16.492776    -28.685970    0.0159861863
  -16.492776    -20.489978    0.0141702067
  -16.492776    -12.293987    0.0129615807
  -16.492776     -4.097996    0.0123578769
  -16.492776      4.097996    0.0123578769
  -16.492776     12.293987    0.0129615807
  -16.492776     20.489978    0.0141702067
  -16.492776     28.685970    0.0159861863
  -16.492776     36.881961    0.0184131534
  -16.492776     45.077952    0.0214559290
  -16.492776     53.273944    0.0251205004
  -16.492776     61.469935    0.0294139947

  -11.780554    -61.469935    0.0238676986
  -11.780554    -53.273944    0.0195469614
  -11.780554    -45.077952    0.0158582742
  -11.780554    -36.881961    0.0127948628
  -11.780554    -28.685970    0.0103510342
  -11.780554    -20.489978    0.0085222025
  -11.780554    -12.293987    0.0073049104
  -11.780554     -4.097996    0.0066968441
  -11.780554      4.097996    0.0066968441
  -11.780554     12.293987    0.0073049104
  -11.780554     20.489978    0.0085222025
  -11.780554     28.685970    0.0103510342
  -11.780554     36.881961    0.0127948628
  -11.780554     45.077952    0.0158582742
  -11.780554     53.273944    0.0195469614
  -11.780554     61.469935    0.0238676986

   -7.068333    -61.469935    0.0198762469
   -7.068333    -53.273944    0.0155300142
   -7.068333    -45.077952    0.0118187172
   -7.068333    -36.881961    0.0087359309
   -7.068333    -28.685970    0.0062762531
   -7.068333    -20.489978    0.0044353309
   -7.068333    -12.293987    0.0032098815
   -7.068333     -4.097996    0.0025977074
   -7.068333      4.097996    0.0025977074
   -7.068333     12.293987    0.0032098815
   -7.068333     20.489978    0.0044353309
   -7.068333     28.685970    0.0062762531
   -7.068333     36.881961    0.0087359309
   -7.068333     45.077952    0.0118187172
   -7.068333     53.273944    0.0155300142
   -7.068333     61.469935    0.0198762469

   -2.356111    -61.469935    0.0177516135
   -2.356111    -53.273944    0.0133819534
   -2.356111    -45.077952    0.0096498255
   -2.356111    -36.881961    0.0065491510
   -2.356111    -28.685970    0.0040748164
   -2.356111    -20.489978    0.0022226996
   -2.356111    -12.293987    0.0009896909
   -2.356111     -4.097996    0.0003737083
   -2.356111      4.097996    0.0003737083
   -2.356111     12.293987    0.0009896909
   -2.356111     20.489978    0.0022226996
   -2.356111     28.685970    0.0040748164
   -2.356111     36.881961    0.0065491510
   -2.356111     45.077952    0.0096498255
   -2.356111     53.273944    0.0133819534
   -2.356111     61.469935    0.0177516135

    2.356111    -61.469935    0.0178590686
    2.356111    -53.273944    0.0134684556
    2.356111    -45.077952    0.0097176240
    2.356111    -36.881961    0.0066008383
    2.356111    -28.685970    0.0041132714
    2.356111    -20.489978    0.0022510300
    2.356111    -12.293987    0.0010111762
    2.356111     -4.097996    0.0003917424
    2.356111      4.097996    0.0003917424
    2.356111     12.293987    0.0010111762
    2.356111     20.489978    0.0022510300
    2.356111     28.685970    0.0041132714
    2.356111     36.881961    0.0066008383
    2.356111     45.077952    0.0097176240
    2.356111     53.273944    0.0134684556
    2.356111     61.469935    0.0178590686

    7.068333    -61.469935    0.0206267230
    7.068333    -53.273944    0.0162181233
    7.068333    -45.077952    0.0124511388
    7.068333    -36.881961    0.0093203736
    7.068333    -28.685970    0.0068212834
    7.068333    -20.489978    0.0049502015
    7.068333    -12.293987    0.0037043596
    7.068333     -4.097996    0.0030819035
    7.068333      4.097996    0.0030819035
    7.068333     12.293987    0.0037043596
    7.068333     20.489978    0.0049502015
    7.068333     28.685970    0.0068212834
    7.068333     36.881961    0.0093203736
    7.068333     45.077952    0.0124511388
    7.068333     53.273944    0.0162181233
    7.068333     61.469935    0.0206267230

   11.780554    -61.469935    0.0265570465
   11.780554    -53.273944    0.0221340039
   11.780554    -45.077952    0.0183539164
   11.780554    -36.881961    0.0152117219
   11.780554    -28.685970    0.0127031545
   11.780554    -20.489978    0.0108247698
   11.780554    -12.293987    0.0095739668
   11.780554     -4.097996    0.0089490022
   11.780554      4.097996    0.0089490022
   11.780554     12.293987    0.0095739668
   11.780554     20.489978    0.0108247698
   11.780554     28.685970    0.0127031545
   11.780554     36.881961    0.0152117219
   11.780554     45.077952    0.0183539164
   11.780554     53.273944    0.0221340039
   11.780554     61.469935    0.0265570465

   16.492776    -61.469935    0.0362408195
   16.492776    -53.273944    0.0318075410
   16.492776    -45.077952    0.0280179749
   16.492776    -36.881961    0.0248673847
   16.492776    -28.685970    0.0223517752
   16.492776    -20.489978    0.0204679194
   16.492776    -12.293987    0.0192133784
   16.492776     -4.097996    0.0185865178
   16.492776      4.097996    0.0185865178
   16.492776     12.293987    0.0192133784
   16.492776     20.489978    0.0204679194
   16.492776     28.685970    0.0223517752
   16.492776     36.881961    0.0248673847
   16.492776     45.077952    0.0280179749
   16.492776     53.273944    0.0318075410
   16.492776     61.469935    0.0362408195

   21.204998    -61.469935    0.0503740487
   21.204998    -53.273944    0.0459354899
   21.204998    -45.077952    0.0421407196
   21.204998    -36.881961    0.0389853143
   21.204998    -28.685970    0.0364655398
   21.204998    -20.489978    0.0345783776
   21.204998    -12.293987    0.0333215455
   21.204998     -4.097996    0.0326935132
   21.204998      4.097996    0.0326935132
   21.204998     12.293987    0.0333215455
   21.204998     20.489978    0.0345783776
   21.204998     28.685970    0.0364655398
   21.204998     36.881961    0.0389853143
   21.204998     45.077952    0.0421407196
   21.204998     53.273944    0.0459354899
   21.204998     61.469935    0.0503740487

   25.917220    -61.469935    0.0697784501
   25.917220    -53.273944    0.0653404008
   25.917220    -45.077952    0.0615454260
   25.917220    -36.881961    0.0583893981
   25.917220    -28.685970    0.0558688295
   25.917220    -20.489978    0.0539808991
   25.917220    -12.293987    0.0527234726
   25.917220     -4.097996    0.0520951185
   25.917220      4.097996    0.0520951185
   25.917220     12.293987    0.0527234726
   25.917220     20.489978    0.0539808991
   25.917220     28.685970    0.0558688295
   25.917220     36.881961    0.0583893981
   25.917220     45.077952    0.0615454260
   25.917220     53.273944    0.0653404008
   25.917220     61.469935    0.0697784501

