  -35.358766    -47.456659    0.1030258572
  -35.358766    -41.129105    0.0967447472
  -35.358766    -34.801550    0.0913916299
  -35.358766    -28.473996    0.0869548404
  -35.358766    -22.146441    0.0834203955
  -35.358766    -15.818886    0.0807738065
  -35.358766     -9.491332    0.0790015565
  -35.358766     -3.163777    0.0780922436
  -35.358766      3.163777    0.0780373885
  -35.358766      9.491332    0.0788319083
  -35.358766     15.818886    0.0804742552
  -35.358766     22.146441    0.0829662196
  -35.358766     28.473996    0.0863124002
  -35.358766     34.801550    0.0905193377
  -35.358766     41.129105    0.0955943143
  -35.358766     47.456659    0.1015438190

  -30.644264    -47.456659    0.0827855439
  -30.644264    -41.129105    0.0762497298
  -30.644264    -34.801550    0.0706755070
  -30.644264    -28.473996    0.0660536501
  -30.644264    -22.146441    0.0623724089
  -30.644264    -15.818886    0.0596192679
  -30.644264     -9.491332    0.0577823784
  -30.644264     -3.163777    0.0568516628
  -30.644264      3.163777    0.0568195922
  -30.644264      9.491332    0.0576816350
  -30.644264     15.818886    0.0594363797
  -30.644264     22.146441    0.0620853286
  -30.644264     28.473996    0.0656323651
  -30.644264     34.801550    0.0700828926
  -30.644264     41.129105    0.0754426467
  -30.644264     47.456659    0.0817161792

  -25.929762    -47.456659    0.0663667366
  -25.929762    -41.129105    0.0596323560
  -25.929762    -34.801550    0.0538851526
  -25.929762    -28.473996    0.0491178091
  -25.929762    -22.146441    0.0453203953
  -25.929762    -15.818886    0.0424820646
  -25.929762     -9.491332    0.0405924321
  -25.929762     -3.163777    0.0396426337
  -25.929762      3.163777    0.0396260677
  -25.929762      9.491332    0.0405388171
  -25.929762     15.818886    0.0423797542
  -25.929762     22.146441    0.0451503261
  -25.929762     28.473996    0.0488540227
  -25.929762     34.801550    0.0534955252
  -25.929762     41.129105    0.0590795373
  -25.929762     47.456659    0.0656092970

  -21.215260    -47.456659    0.0533178034
  -21.215260    -41.129105    0.0464318781
  -21.215260    -34.801550    0.0405519779
  -21.215260    -28.473996    0.0356723276
  -21.215260    -22.146441    0.0317845068
  -21.215260    -15.818886    0.0288790902
  -21.215260     -9.491332    0.0269469777
  -21.215260     -3.163777    0.0259804131
  -21.215260      3.163777    0.0259736916
  -21.215260      9.491332    0.0269235573
  -21.215260     15.818886    0.0288292885
  -21.215260     22.146441    0.0316924734
  -21.215260     28.473996    0.0355164740
  -21.215260     34.801550    0.0403055793
  -21.215260     41.129105    0.0460638474
  -21.215260     47.456659    0.0527936374

  -16.500757    -47.456659    0.0432796780
  -16.500757    -41.129105    0.0362823652
  -16.500757    -34.801550    0.0303042024
  -16.500757    -28.473996    0.0253406833
  -16.500757    -22.146441    0.0213846510
  -16.500757    -15.818886    0.0184278955
  -16.500757     -9.491332    0.0164624463
  -16.500757     -3.163777    0.0154815582
  -16.500757      3.163777    0.0154803909
  -16.500757      9.491332    0.0164563827
  -16.500757     15.818886    0.0184093174
  -16.500757     22.146441    0.0213410853
  -16.500757     28.473996    0.0252551387
  -16.500757     34.801550    0.0301556397
  -16.500757     41.129105    0.0360463031
  -16.500757     47.456659    0.0429289323

  -11.786255    -47.456659    0.0359760217
  -11.786255    -41.129105    0.0289025162
  -11.786255    -34.801550    0.0228563453
  -11.786255    -28.473996    0.0178340429
  -11.786255    -22.146441    0.0138295059
  -11.786255    -15.818886    0.0108355631
  -11.786255     -9.491332    0.0088452382
  -11.786255     -3.163777    0.0078527111
  -11.786255      3.163777    0.0078539732
  -11.786255      9.491332    0.0088471799
  -11.786255     15.818886    0.0108326990
  -11.786255     22.146441    0.0138128546
  -11.786255     28.473996    0.0177913674
  -11.786255     34.801550    0.0227724914
  -11.786255     41.129105    0.0287598455
  -11.786255     47.456659    0.0357549425

   -7.071753    -47.456659    0.0312052938
   -7.071753    -41.129105    0.0240874572
   -7.071753    -34.801550    0.0180007727
   -7.071753    -28.473996    0.0129426000
   -7.071753    -22.146441    0.0089077009
   -7.071753    -15.818886    0.0058897844
   -7.071753     -9.491332    0.0038827491
   -7.071753     -3.163777    0.0028816223
   -7.071753      3.163777    0.0028831951
   -7.071753      9.491332    0.0038863554
   -7.071753     15.818886    0.0058921164
   -7.071753     22.146441    0.0089033422
   -7.071753     28.473996    0.0129241706
   -7.071753     34.801550    0.0179591318
   -7.071753     41.129105    0.0240119645
   -7.071753     47.456659    0.0310841278

   -2.357251    -47.456659    0.0288347294
   -2.357251    -41.129105    0.0217025218
   -2.357251    -34.801550    0.0156012981
   -2.357251    -28.473996    0.0105290306
   -2.357251    -22.146441    0.0064811638
   -2.357251    -15.818886    0.0034521398
   -2.357251     -9.491332    0.0014366215
   -2.357251     -3.163777    0.0004304117
   -2.357251      3.163777    0.0004310697
   -2.357251      9.491332    0.0014382237
   -2.357251     15.818886    0.0034535810
   -2.357251     22.146441    0.0064806341
   -2.357251     28.473996    0.0105240639
   -2.357251     34.801550    0.0155888397
   -2.357251     41.129105    0.0216790156
   -2.357251     47.456659    0.0287962244

    2.357251    -47.456659    0.0287962244
    2.357251    -41.129105    0.0216790156
    2.357251    -34.801550    0.0155888397
    2.357251    -28.473996    0.0105240639
    2.357251    -22.146441    0.0064806341
    2.357251    -15.818886    0.0034535810
    2.357251     -9.491332    0.0014382237
    2.357251     -3.163777    0.0004310697
    2.357251      3.163777    0.0004304117
    2.357251      9.491332    0.0014366215
    2.357251     15.818886    0.0034521398
    2.357251     22.146441    0.0064811638
    2.357251     28.473996    0.0105290306
    2.357251     34.801550    0.0156012981
    2.357251     41.129105    0.0217025218
    2.357251     47.456659    0.0288347294

    7.071753    -47.456659    0.0310841278
    7.071753    -41.129105    0.0240119645
    7.071753    -34.801550    0.0179591318
    7.071753    -28.473996    0.0129241706
    7.071753    -22.146441    0.0089033422
    7.071753    -15.818886    0.0058921164
    7.071753     -9.491332    0.0038863554
    7.071753     -3.163777    0.0028831951
    7.071753      3.163777    0.0028816223
    7.071753      9.491332    0.0038827491
    7.071753     15.818886    0.0058897844
    7.071753     22.146441    0.0089077009
    7.071753     28.473996    0.0129426000
    7.071753     34.801550    0.0180007727
    7.071753     41.129105    0.0240874572
    7.071753     47.456659    0.0312052938

   11.786255    -47.456659    0.0357549425
   11.786255    -41.129105    0.0287598455
   11.786255    -34.801550    0.0227724914
   11.786255    -28.473996    0.0177913674
   11.786255    -22.146441    0.0138128546
   11.786255    -15.818886    0.0108326990
   11.786255     -9.491332    0.0088471799
   11.786255     -3.163777    0.0078539732
   11.786255      3.163777    0.0078527111
   11.786255      9.491332    0.0088452382
   11.786255     15.818886    0.0108355631
   11.786255     22.146441    0.0138295059
   11.786255     28.473996    0.0178340429
   11.786255     34.801550    0.0228563453
   11.786255     41.129105    0.0289025162
   11.786255     47.456659    0.0359760217

   16.500757    -47.456659    0.0429289323
   16.500757    -41.129105    0.0360463031
   16.500757    -34.801550    0.0301556397
   16.500757    -28.473996    0.0252551387
   16.500757    -22.146441    0.0213410853
   16.500757    -15.818886    0.0184093174
   16.500757     -9.491332    0.0164563827
   16.500757     -3.163777    0.0154803909
   16.500757      3.163777    0.0154815582
   16.500757      9.491332    0.0164624463
   16.500757     15.818886    0.0184278955
   16.500757     22.146441    0.0213846510
   16.500757     28.473996    0.0253406833
   16.500757     34.801550    0.0303042024
   16.500757     41.129105    0.0362823652
   16.500757     47.456659    0.0432796780

   21.215260    -47.456659    0.0527936374
   21.215260    -41.129105    0.0460638474
   21.215260    -34.801550    0.0403055793
   21.215260    -28.473996    0.0355164740
   21.215260    -22.146441    0.0316924734
   21.215260    -15.818886    0.0288292885
   21.215260     -9.491332    0.0269235573
   21.215260     -3.163777    0.0259736916
   21.215260      3.163777    0.0259804131
   21.215260      9.491332    0.0269469777
   21.215260     15.818886    0.0288790902
   21.215260     22.146441    0.0317845068
   21.215260     28.473996    0.0356723276
   21.215260     34.801550    0.0405519779
   21.215260     41.129105    0.0464318781
   21.215260     47.456659    0.0533178034

   25.929762    -47.456659    0.0656092970
   25.929762    -41.129105    0.0590795373
   25.929762    -34.801550    0.0534955252
   25.929762    -28.473996    0.0488540227
   25.929762    -22.146441    0.0451503261
   25.929762    -15.818886    0.0423797542
   25.929762     -9.491332    0.0405388171
   25.929762     -3.163777    0.0396260677
   25.929762      3.163777    0.0396426337
   25.929762      9.491332    0.0405924321
   25.929762     15.818886    0.0424820646
   25.929762     22.146441    0.0453203953
   25.929762     28.473996    0.0491178091
   25.929762     34.801550    0.0538851526
   25.929762     41.129105    0.0596323560
   25.929762     47.456659    0.0663667366

   30.644264    -47.456659    0.0817161792
   30.644264    -41.129105    0.0754426467
   30.644264    -34.801550    0.0700828926
   30.644264    -28.473996    0.0656323651
   30.644264    -22.146441    0.0620853286
   30.644264    -15.818886    0.0594363797
   30.644264     -9.491332    0.0576816350
   30.644264     -3.163777    0.0568195922
   30.644264      3.163777    0.0568516628
   30.644264      9.491332    0.0577823784
   30.644264     15.818886    0.0596192679
   30.644264     22.146441    0.0623724089
   30.644264     28.473996    0.0660536501
   30.644264     34.801550    0.0706755070
   30.644264     41.129105    0.0762497298
   30.644264     47.456659    0.0827855439

   35.358766    -47.456659    0.1015438190
   35.358766    -41.129105    0.0955943143
   35.358766    -34.801550    0.0905193377
   35.358766    -28.473996    0.0863124002
   35.358766    -22.146441    0.0829662196
   35.358766    -15.818886    0.0804742552
   35.358766     -9.491332    0.0788319083
   35.358766     -3.163777    0.0780373885
   35.358766      3.163777    0.0780922436
   35.358766      9.491332    0.0790015565
   35.358766     15.818886    0.0807738065
   35.358766     22.146441    0.0834203955
   35.358766     28.473996    0.0869548404
   35.358766     34.801550    0.0913916299
   35.358766     41.129105    0.0967447472
   35.358766     47.456659    0.1030258572

