  -34.795266   -136.038482    0.0821781866
  -34.795266   -117.900018    0.0832713284
  -34.795266    -99.761554    0.0844978876
  -34.795266    -81.623089    0.0857325954
  -34.795266    -63.484625    0.0868642891
  -34.795266    -45.346161    0.0877993330
  -34.795266    -27.207696    0.0884646282
  -34.795266     -9.069232    0.0888100287
  -34.795266      9.069232    0.0888100287
  -34.795266     27.207696    0.0884646282
  -34.795266     45.346161    0.0877993330
  -34.795266     63.484625    0.0868642891
  -34.795266     81.623089    0.0857325954
  -34.795266     99.761554    0.0844978876
  -34.795266    117.900018    0.0832713284
  -34.795266    136.038482    0.0821781866

  -30.155897   -136.038482    0.0599488952
  -30.155897   -117.900018    0.0602622387
  -30.155897    -99.761554    0.0609217617
  -30.155897    -81.623089    0.0616502391
  -30.155897    -63.484625    0.0623396716
  -30.155897    -45.346161    0.0629302661
  -30.155897    -27.207696    0.0633675367
  -30.155897     -9.069232    0.0636015824
  -30.155897      9.069232    0.0636015824
  -30.155897     27.207696    0.0633675367
  -30.155897     45.346161    0.0629302661
  -30.155897     63.484625    0.0623396716
  -30.155897     81.623089    0.0616502391
  -30.155897     99.761554    0.0609217617
  -30.155897    117.900018    0.0602622387
  -30.155897    136.038482    0.0599488952

  -25.516528   -136.038482    0.0423228872
  -25.516528   -117.900018    0.0421540223
  -25.516528    -99.761554    0.0422944119
  -25.516528    -81.623089    0.0425915254
  -25.516528    -63.484625    0.0429472925
  -25.516528    -45.346161    0.0432875062
  -25.516528    -27.207696    0.0435521029
  -25.516528     -9.069232    0.0436964814
  -25.516528      9.069232    0.0436964814
  -25.516528     27.207696    0.0435521029
  -25.516528     45.346161    0.0432875062
  -25.516528     63.484625    0.0429472925
  -25.516528     81.623089    0.0425915254
  -25.516528     99.761554    0.0422944119
  -25.516528    117.900018    0.0421540223
  -25.516528    136.038482    0.0423228872

  -20.877160   -136.038482    0.0285996378
  -20.877160   -117.900018    0.0280549648
  -20.877160    -99.761554    0.0278121327
  -20.877160    -81.623089    0.0277885127
  -20.877160    -63.484625    0.0278925944
  -20.877160    -45.346161    0.0280431446
  -20.877160    -27.207696    0.0281777316
  -20.877160     -9.069232    0.0282551505
  -20.877160      9.069232    0.0282551505
  -20.877160     27.207696    0.0281777316
  -20.877160     45.346161    0.0280431446
  -20.877160     63.484625    0.0278925944
  -20.877160     81.623089    0.0277885127
  -20.877160     99.761554    0.0278121327
  -20.877160    117.900018    0.0280549648
  -20.877160    136.038482    0.0285996378

  -16.237791   -136.038482    0.0182307905
  -16.237791   -117.900018    0.0173850031
  -16.237791    -99.761554    0.0168781418
  -16.237791    -81.623089    0.0166280749
  -16.237791    -63.484625    0.0165463912
  -16.237791    -45.346161    0.0165550533
  -16.237791    -27.207696    0.0165939582
  -16.237791     -9.069232    0.0166232477
  -16.237791      9.069232    0.0166232477
  -16.237791     27.207696    0.0165939582
  -16.237791     45.346161    0.0165550533
  -16.237791     63.484625    0.0165463912
  -16.237791     81.623089    0.0166280749
  -16.237791     99.761554    0.0168781418
  -16.237791    117.900018    0.0173850031
  -16.237791    136.038482    0.0182307905

  -11.598422   -136.038482    0.0107998894
  -11.598422   -117.900018    0.0097350594
  -11.598422    -99.761554    0.0090485204
  -11.598422    -81.623089    0.0086425666
  -11.598422    -63.484625    0.0084304039
  -11.598422    -45.346161    0.0083388318
  -11.598422    -27.207696    0.0083106377
  -11.598422     -9.069232    0.0083065372
  -11.598422      9.069232    0.0083065372
  -11.598422     27.207696    0.0083106377
  -11.598422     45.346161    0.0083388318
  -11.598422     63.484625    0.0084304039
  -11.598422     81.623089    0.0086425666
  -11.598422     99.761554    0.0090485204
  -11.598422    117.900018    0.0097350594
  -11.598422    136.038482    0.0107998894

   -6.959053   -136.038482    0.0060071147
   -6.959053   -117.900018    0.0048062472
   -6.959053    -99.761554    0.0040032222
   -6.959053    -81.623089    0.0034970588
   -6.959053    -63.484625    0.0032021838
   -6.959053    -45.346161    0.0030473473
   -6.959053    -27.207696    0.0029766163
   -6.959053     -9.069232    0.0029512033
   -6.959053      9.069232    0.0029512033
   -6.959053     27.207696    0.0029766163
   -6.959053     45.346161    0.0030473473
   -6.959053     63.484625    0.0032021838
   -6.959053     81.623089    0.0034970588
   -6.959053     99.761554    0.0040032222
   -6.959053    117.900018    0.0048062472
   -6.959053    136.038482    0.0060071147

   -2.319684   -136.038482    0.0036583913
   -2.319684   -117.900018    0.0023944582
   -2.319684    -99.761554    0.0015326464
   -2.319684    -81.623089    0.0009766745
   -2.319684    -63.484625    0.0006417591
   -2.319684    -45.346161    0.0004565462
   -2.319684    -27.207696    0.0003652070
   -2.319684     -9.069232    0.0003293287
   -2.319684      9.069232    0.0003293287
   -2.319684     27.207696    0.0003652070
   -2.319684     45.346161    0.0004565462
   -2.319684     63.484625    0.0006417591
   -2.319684     81.623089    0.0009766745
   -2.319684     99.761554    0.0015326464
   -2.319684    117.900018    0.0023944582
   -2.319684    136.038482    0.0036583913

    2.319684   -136.038482    0.0036583913
    2.319684   -117.900018    0.0023944582
    2.319684    -99.761554    0.0015326464
    2.319684    -81.623089    0.0009766745
    2.319684    -63.484625    0.0006417591
    2.319684    -45.346161    0.0004565462
    2.319684    -27.207696    0.0003652070
    2.319684     -9.069232    0.0003293287
    2.319684      9.069232    0.0003293287
    2.319684     27.207696    0.0003652070
    2.319684     45.346161    0.0004565462
    2.319684     63.484625    0.0006417591
    2.319684     81.623089    0.0009766745
    2.319684     99.761554    0.0015326464
    2.319684    117.900018    0.0023944582
    2.319684    136.038482    0.0036583913

    6.959053   -136.038482    0.0060071147
    6.959053   -117.900018    0.0048062472
    6.959053    -99.761554    0.0040032222
    6.959053    -81.623089    0.0034970588
    6.959053    -63.484625    0.0032021838
    6.959053    -45.346161    0.0030473473
    6.959053    -27.207696    0.0029766163
    6.959053     -9.069232    0.0029512033
    6.959053      9.069232    0.0029512033
    6.959053     27.207696    0.0029766163
    6.959053     45.346161    0.0030473473
    6.959053     63.484625    0.0032021838
    6.959053     81.623089    0.0034970588
    6.959053     99.761554    0.0040032222
    6.959053    117.900018    0.0048062472
    6.959053    136.038482    0.0060071147

   11.598422   -136.038482    0.0107998894
   11.598422   -117.900018    0.0097350594
   11.598422    -99.761554    0.0090485204
   11.598422    -81.623089    0.0086425666
   11.598422    -63.484625    0.0084304039
   11.598422    -45.346161    0.0083388318
   11.598422    -27.207696    0.0083106377
   11.598422     -9.069232    0.0083065372
   11.598422      9.069232    0.0083065372
   11.598422     27.207696    0.0083106377
   11.598422     45.346161    0.0083388318
   11.598422     63.484625    0.0084304039
   11.598422     81.623089    0.0086425666
   11.598422     99.761554    0.0090485204
   11.598422    117.900018    0.0097350594
   11.598422    136.038482    0.0107998894

   16.237791   -136.038482    0.0182307905
   16.237791   -117.900018    0.0173850031
   16.237791    -99.761554    0.0168781418
   16.237791    -81.623089    0.0166280749
   16.237791    -63.484625    0.0165463912
   16.237791    -45.346161    0.0165550533
   16.237791    -27.207696    0.0165939582
   16.237791     -9.069232    0.0166232477
   16.237791      9.069232    0.0166232477
   16.237791     27.207696    0.0165939582
   16.237791     45.346161    0.0165550533
   16.237791     63.484625    0.0165463912
   16.237791     81.623089    0.0166280749
   16.237791     99.761554    0.0168781418
   16.237791    117.900018    0.0173850031
   16.237791    136.038482    0.0182307905

   20.877160   -136.038482    0.0285996378
   20.877160   -117.900018    0.0280549648
   20.877160    -99.761554    0.0278121328
   20.877160    -81.623089    0.0277885127
   20.877160    -63.484625    0.0278925944
   20.877160    -45.346161    0.0280431446
   20.877160    -27.207696    0.0281777316
   20.877160     -9.069232    0.0282551505
   20.877160      9.069232    0.0282551505
   20.877160     27.207696    0.0281777316
   20.877160     45.346161    0.0280431446
   20.877160     63.484625    0.0278925944
   20.877160     81.623089    0.0277885127
   20.877160     99.761554    0.0278121328
   20.877160    117.900018    0.0280549648
   20.877160    136.038482    0.0285996378

   25.516528   -136.038482    0.0423228872
   25.516528   -117.900018    0.0421540223
   25.516528    -99.761554    0.0422944119
   25.516528    -81.623089    0.0425915254
   25.516528    -63.484625    0.0429472925
   25.516528    -45.346161    0.0432875062
   25.516528    -27.207696    0.0435521029
   25.516528     -9.069232    0.0436964814
   25.516528      9.069232    0.0436964814
   25.516528     27.207696    0.0435521029
   25.516528     45.346161    0.0432875062
   25.516528     63.484625    0.0429472925
   25.516528     81.623089    0.0425915254
   25.516528     99.761554    0.0422944119
   25.516528    117.900018    0.0421540223
   25.516528    136.038482    0.0423228872

   30.155897   -136.038482    0.0599488952
   30.155897   -117.900018    0.0602622387
   30.155897    -99.761554    0.0609217617
   30.155897    -81.623089    0.0616502391
   30.155897    -63.484625    0.0623396716
   30.155897    -45.346161    0.0629302661
   30.155897    -27.207696    0.0633675367
   30.155897     -9.069232    0.0636015824
   30.155897      9.069232    0.0636015824
   30.155897     27.207696    0.0633675367
   30.155897     45.346161    0.0629302661
   30.155897     63.484625    0.0623396716
   30.155897     81.623089    0.0616502391
   30.155897     99.761554    0.0609217617
   30.155897    117.900018    0.0602622387
   30.155897    136.038482    0.0599488952

   34.795266   -136.038482    0.0821781866
   34.795266   -117.900018    0.0832713284
   34.795266    -99.761554    0.0844978876
   34.795266    -81.623089    0.0857325954
   34.795266    -63.484625    0.0868642891
   34.795266    -45.346161    0.0877993330
   34.795266    -27.207696    0.0884646282
   34.795266     -9.069232    0.0888100287
   34.795266      9.069232    0.0888100287
   34.795266     27.207696    0.0884646282
   34.795266     45.346161    0.0877993330
   34.795266     63.484625    0.0868642891
   34.795266     81.623089    0.0857325954
   34.795266     99.761554    0.0844978876
   34.795266    117.900018    0.0832713284
   34.795266    136.038482    0.0821781866

