  -48.902142   -100.911229   -0.0000284904
  -48.902142    -87.456398    0.0000259829
  -48.902142    -74.001568    0.0000476814
  -48.902142    -60.546737    0.0000481403
  -48.902142    -47.091907    0.0000369722
  -48.902142    -33.637076    0.0000218673
  -48.902142    -20.182246    0.0000085932
  -48.902142     -6.727415    0.0000009949
  -48.902142      6.727415    0.0000009949
  -48.902142     20.182246    0.0000085932
  -48.902142     33.637076    0.0000218673
  -48.902142     47.091907    0.0000369722
  -48.902142     60.546737    0.0000481403
  -48.902142     74.001568    0.0000476814
  -48.902142     87.456398    0.0000259829
  -48.902142    100.911229   -0.0000284904

  -42.381856   -100.911229    0.0000172362
  -42.381856    -87.456398    0.0000502955
  -42.381856    -74.001568    0.0000589313
  -42.381856    -60.546737    0.0000522364
  -42.381856    -47.091907    0.0000377878
  -42.381856    -33.637076    0.0000216474
  -42.381856    -20.182246    0.0000083613
  -42.381856     -6.727415    0.0000009606
  -42.381856      6.727415    0.0000009606
  -42.381856     20.182246    0.0000083613
  -42.381856     33.637076    0.0000216474
  -42.381856     47.091907    0.0000377878
  -42.381856     60.546737    0.0000522364
  -42.381856     74.001568    0.0000589313
  -42.381856     87.456398    0.0000502955
  -42.381856    100.911229    0.0000172362

  -35.861571   -100.911229    0.0000360511
  -35.861571    -87.456398    0.0000548995
  -35.861571    -74.001568    0.0000563804
  -35.861571    -60.546737    0.0000472668
  -35.861571    -47.091907    0.0000332029
  -35.861571    -33.637076    0.0000187041
  -35.861571    -20.182246    0.0000071568
  -35.861571     -6.727415    0.0000008187
  -35.861571      6.727415    0.0000008187
  -35.861571     20.182246    0.0000071568
  -35.861571     33.637076    0.0000187041
  -35.861571     47.091907    0.0000332029
  -35.861571     60.546737    0.0000472668
  -35.861571     74.001568    0.0000563804
  -35.861571     87.456398    0.0000548995
  -35.861571    100.911229    0.0000360511

  -29.341285   -100.911229    0.0000373603
  -29.341285    -87.456398    0.0000472883
  -29.341285    -74.001568    0.0000456565
  -29.341285    -60.546737    0.0000371456
  -29.341285    -47.091907    0.0000256563
  -29.341285    -33.637076    0.0000143089
  -29.341285    -20.182246    0.0000054437
  -29.341285     -6.727415    0.0000006211
  -29.341285      6.727415    0.0000006211
  -29.341285     20.182246    0.0000054437
  -29.341285     33.637076    0.0000143089
  -29.341285     47.091907    0.0000256563
  -29.341285     60.546737    0.0000371456
  -29.341285     74.001568    0.0000456565
  -29.341285     87.456398    0.0000472883
  -29.341285    100.911229    0.0000373603

  -22.821000   -100.911229    0.0000290018
  -22.821000    -87.456398    0.0000337060
  -22.821000    -74.001568    0.0000314494
  -22.821000    -60.546737    0.0000251346
  -22.821000    -47.091907    0.0000171802
  -22.821000    -33.637076    0.0000095213
  -22.821000    -20.182246    0.0000036091
  -22.821000     -6.727415    0.0000004111
  -22.821000      6.727415    0.0000004111
  -22.821000     20.182246    0.0000036091
  -22.821000     33.637076    0.0000095213
  -22.821000     47.091907    0.0000171802
  -22.821000     60.546737    0.0000251346
  -22.821000     74.001568    0.0000314494
  -22.821000     87.456398    0.0000337060
  -22.821000    100.911229    0.0000290018

  -16.300714   -100.911229    0.0000172463
  -16.300714    -87.456398    0.0000191483
  -16.300714    -74.001568    0.0000175112
  -16.300714    -60.546737    0.0000138431
  -16.300714    -47.091907    0.0000094005
  -16.300714    -33.637076    0.0000051889
  -16.300714    -20.182246    0.0000019623
  -16.300714     -6.727415    0.0000002233
  -16.300714      6.727415    0.0000002233
  -16.300714     20.182246    0.0000019623
  -16.300714     33.637076    0.0000051889
  -16.300714     47.091907    0.0000094005
  -16.300714     60.546737    0.0000138431
  -16.300714     74.001568    0.0000175112
  -16.300714     87.456398    0.0000191483
  -16.300714    100.911229    0.0000172463

   -9.780428   -100.911229    0.0000067965
   -9.780428    -87.456398    0.0000073617
   -9.780428    -74.001568    0.0000066558
   -9.780428    -60.546737    0.0000052281
   -9.780428    -47.091907    0.0000035366
   -9.780428    -33.637076    0.0000019475
   -9.780428    -20.182246    0.0000007354
   -9.780428     -6.727415    0.0000000836
   -9.780428      6.727415    0.0000000836
   -9.780428     20.182246    0.0000007354
   -9.780428     33.637076    0.0000019475
   -9.780428     47.091907    0.0000035366
   -9.780428     60.546737    0.0000052281
   -9.780428     74.001568    0.0000066558
   -9.780428     87.456398    0.0000073617
   -9.780428    100.911229    0.0000067965

   -3.260143   -100.911229    0.0000007878
   -3.260143    -87.456398    0.0000008440
   -3.260143    -74.001568    0.0000007591
   -3.260143    -60.546737    0.0000005945
   -3.260143    -47.091907    0.0000004014
   -3.260143    -33.637076    0.0000002208
   -3.260143    -20.182246    0.0000000833
   -3.260143     -6.727415    0.0000000095
   -3.260143      6.727415    0.0000000095
   -3.260143     20.182246    0.0000000833
   -3.260143     33.637076    0.0000002208
   -3.260143     47.091907    0.0000004014
   -3.260143     60.546737    0.0000005945
   -3.260143     74.001568    0.0000007591
   -3.260143     87.456398    0.0000008440
   -3.260143    100.911229    0.0000007878

    3.260143   -100.911229    0.0000007878
    3.260143    -87.456398    0.0000008440
    3.260143    -74.001568    0.0000007591
    3.260143    -60.546737    0.0000005945
    3.260143    -47.091907    0.0000004014
    3.260143    -33.637076    0.0000002208
    3.260143    -20.182246    0.0000000833
    3.260143     -6.727415    0.0000000095
    3.260143      6.727415    0.0000000095
    3.260143     20.182246    0.0000000833
    3.260143     33.637076    0.0000002208
    3.260143     47.091907    0.0000004014
    3.260143     60.546737    0.0000005945
    3.260143     74.001568    0.0000007591
    3.260143     87.456398    0.0000008440
    3.260143    100.911229    0.0000007878

    9.780428   -100.911229    0.0000067965
    9.780428    -87.456398    0.0000073617
    9.780428    -74.001568    0.0000066558
    9.780428    -60.546737    0.0000052281
    9.780428    -47.091907    0.0000035366
    9.780428    -33.637076    0.0000019475
    9.780428    -20.182246    0.0000007354
    9.780428     -6.727415    0.0000000836
    9.780428      6.727415    0.0000000836
    9.780428     20.182246    0.0000007354
    9.780428     33.637076    0.0000019475
    9.780428     47.091907    0.0000035366
    9.780428     60.546737    0.0000052281
    9.780428     74.001568    0.0000066558
    9.780428     87.456398    0.0000073617
    9.780428    100.911229    0.0000067965

   16.300714   -100.911229    0.0000172463
   16.300714    -87.456398    0.0000191483
   16.300714    -74.001568    0.0000175112
   16.300714    -60.546737    0.0000138431
   16.300714    -47.091907    0.0000094005
   16.300714    -33.637076    0.0000051889
   16.300714    -20.182246    0.0000019623
   16.300714     -6.727415    0.0000002233
   16.300714      6.727415    0.0000002233
   16.300714     20.182246    0.0000019623
   16.300714     33.637076    0.0000051889
   16.300714     47.091907    0.0000094005
   16.300714     60.546737    0.0000138431
   16.300714     74.001568    0.0000175112
   16.300714     87.456398    0.0000191483
   16.300714    100.911229    0.0000172463

   22.821000   -100.911229    0.0000290018
   22.821000    -87.456398    0.0000337060
   22.821000    -74.001568    0.0000314494
   22.821000    -60.546737    0.0000251346
   22.821000    -47.091907    0.0000171802
   22.821000    -33.637076    0.0000095213
   22.821000    -20.182246    0.0000036091
   22.821000     -6.727415    0.0000004111
   22.821000      6.727415    0.0000004111
   22.821000     20.182246    0.0000036091
   22.821000     33.637076    0.0000095213
   22.821000     47.091907    0.0000171802
   22.821000     60.546737    0.0000251346
   22.821000     74.001568    0.0000314494
   22.821000     87.456398    0.0000337060
   22.821000    100.911229    0.0000290018

   29.341285   -100.911229    0.0000373603
   29.341285    -87.456398    0.0000472883
   29.341285    -74.001568    0.0000456565
   29.341285    -60.546737    0.0000371456
   29.341285    -47.091907    0.0000256563
   29.341285    -33.637076    0.0000143089
   29.341285    -20.182246    0.0000054437
   29.341285     -6.727415    0.0000006211
   29.341285      6.727415    0.0000006211
   29.341285     20.182246    0.0000054437
   29.341285     33.637076    0.0000143089
   29.341285     47.091907    0.0000256563
   29.341285     60.546737    0.0000371456
   29.341285     74.001568    0.0000456565
   29.341285     87.456398    0.0000472883
   29.341285    100.911229    0.0000373603

   35.861571   -100.911229    0.0000360511
   35.861571    -87.456398    0.0000548995
   35.861571    -74.001568    0.0000563804
   35.861571    -60.546737    0.0000472668
   35.861571    -47.091907    0.0000332029
   35.861571    -33.637076    0.0000187041
   35.861571    -20.182246    0.0000071568
   35.861571     -6.727415    0.0000008187
   35.861571      6.727415    0.0000008187
   35.861571     20.182246    0.0000071568
   35.861571     33.637076    0.0000187041
   35.861571     47.091907    0.0000332029
   35.861571     60.546737    0.0000472668
   35.861571     74.001568    0.0000563804
   35.861571     87.456398    0.0000548995
   35.861571    100.911229    0.0000360511

   42.381856   -100.911229    0.0000172362
   42.381856    -87.456398    0.0000502955
   42.381856    -74.001568    0.0000589313
   42.381856    -60.546737    0.0000522364
   42.381856    -47.091907    0.0000377878
   42.381856    -33.637076    0.0000216474
   42.381856    -20.182246    0.0000083613
   42.381856     -6.727415    0.0000009606
   42.381856      6.727415    0.0000009606
   42.381856     20.182246    0.0000083613
   42.381856     33.637076    0.0000216474
   42.381856     47.091907    0.0000377878
   42.381856     60.546737    0.0000522364
   42.381856     74.001568    0.0000589313
   42.381856     87.456398    0.0000502955
   42.381856    100.911229    0.0000172362

   48.902142   -100.911229   -0.0000284904
   48.902142    -87.456398    0.0000259829
   48.902142    -74.001568    0.0000476814
   48.902142    -60.546737    0.0000481403
   48.902142    -47.091907    0.0000369722
   48.902142    -33.637076    0.0000218673
   48.902142    -20.182246    0.0000085932
   48.902142     -6.727415    0.0000009949
   48.902142      6.727415    0.0000009949
   48.902142     20.182246    0.0000085932
   48.902142     33.637076    0.0000218673
   48.902142     47.091907    0.0000369722
   48.902142     60.546737    0.0000481403
   48.902142     74.001568    0.0000476814
   48.902142     87.456398    0.0000259829
   48.902142    100.911229   -0.0000284904

