  -38.681015    -54.177403   -0.0003953365
  -38.681015    -46.953749   -0.0002971895
  -38.681015    -39.730095   -0.0002129327
  -38.681015    -32.506442   -0.0001426266
  -38.681015    -25.282788   -0.0000863213
  -38.681015    -18.059134   -0.0000440572
  -38.681015    -10.835481   -0.0000158644
  -38.681015     -3.611827   -0.0000017629
  -38.681015      3.611827   -0.0000017629
  -38.681015     10.835481   -0.0000158644
  -38.681015     18.059134   -0.0000440572
  -38.681015     25.282788   -0.0000863213
  -38.681015     32.506442   -0.0001426266
  -38.681015     39.730095   -0.0002129327
  -38.681015     46.953749   -0.0002971895
  -38.681015     54.177403   -0.0003953365

  -33.523546    -54.177403   -0.0002955964
  -33.523546    -46.953749   -0.0002222943
  -33.523546    -39.730095   -0.0001593223
  -33.523546    -32.506442   -0.0001067457
  -33.523546    -25.282788   -0.0000646190
  -33.523546    -18.059134   -0.0000329859
  -33.523546    -10.835481   -0.0000118790
  -33.523546     -3.611827   -0.0000013201
  -33.523546      3.611827   -0.0000013201
  -33.523546     10.835481   -0.0000118790
  -33.523546     18.059134   -0.0000329859
  -33.523546     25.282788   -0.0000646190
  -33.523546     32.506442   -0.0001067457
  -33.523546     39.730095   -0.0001593223
  -33.523546     46.953749   -0.0002222943
  -33.523546     54.177403   -0.0002955964

  -28.366078    -54.177403   -0.0002108145
  -28.366078    -46.953749   -0.0001585879
  -28.366078    -39.730095   -0.0001136942
  -28.366078    -32.506442   -0.0000761925
  -28.366078    -25.282788   -0.0000461320
  -28.366078    -18.059134   -0.0000235521
  -28.366078    -10.835481   -0.0000084825
  -28.366078     -3.611827   -0.0000009427
  -28.366078      3.611827   -0.0000009427
  -28.366078     10.835481   -0.0000084825
  -28.366078     18.059134   -0.0000235521
  -28.366078     25.282788   -0.0000461320
  -28.366078     32.506442   -0.0000761925
  -28.366078     39.730095   -0.0001136942
  -28.366078     46.953749   -0.0001585879
  -28.366078     54.177403   -0.0002108145

  -23.208609    -54.177403   -0.0001406632
  -23.208609    -46.953749   -0.0001058445
  -23.208609    -39.730095   -0.0000758992
  -23.208609    -32.506442   -0.0000508739
  -23.208609    -25.282788   -0.0000308072
  -23.208609    -18.059134   -0.0000157300
  -23.208609    -10.835481   -0.0000056657
  -23.208609     -3.611827   -0.0000006297
  -23.208609      3.611827   -0.0000006297
  -23.208609     10.835481   -0.0000056657
  -23.208609     18.059134   -0.0000157300
  -23.208609     25.282788   -0.0000308072
  -23.208609     32.506442   -0.0000508739
  -23.208609     39.730095   -0.0000758992
  -23.208609     46.953749   -0.0001058445
  -23.208609     54.177403   -0.0001406632

  -18.051140    -54.177403   -0.0000848697
  -18.051140    -46.953749   -0.0000638756
  -18.051140    -39.730095   -0.0000458126
  -18.051140    -32.506442   -0.0000307121
  -18.051140    -25.282788   -0.0000186003
  -18.051140    -18.059134   -0.0000094981
  -18.051140    -10.835481   -0.0000034213
  -18.051140     -3.611827   -0.0000003803
  -18.051140      3.611827   -0.0000003803
  -18.051140     10.835481   -0.0000034213
  -18.051140     18.059134   -0.0000094981
  -18.051140     25.282788   -0.0000186003
  -18.051140     32.506442   -0.0000307121
  -18.051140     39.730095   -0.0000458126
  -18.051140     46.953749   -0.0000638756
  -18.051140     54.177403   -0.0000848697

  -12.893672    -54.177403   -0.0000432156
  -12.893672    -46.953749   -0.0000325308
  -12.893672    -39.730095   -0.0000233349
  -12.893672    -32.506442   -0.0000156452
  -12.893672    -25.282788   -0.0000094762
  -12.893672    -18.059134   -0.0000048393
  -12.893672    -10.835481   -0.0000017432
  -12.893672     -3.611827   -0.0000001938
  -12.893672      3.611827   -0.0000001938
  -12.893672     10.835481   -0.0000017432
  -12.893672     18.059134   -0.0000048393
  -12.893672     25.282788   -0.0000094762
  -12.893672     32.506442   -0.0000156452
  -12.893672     39.730095   -0.0000233349
  -12.893672     46.953749   -0.0000325308
  -12.893672     54.177403   -0.0000432156

   -7.736203    -54.177403   -0.0000155371
   -7.736203    -46.953749   -0.0000116970
   -7.736203    -39.730095   -0.0000083912
   -7.736203    -32.506442   -0.0000056264
   -7.736203    -25.282788   -0.0000034081
   -7.736203    -18.059134   -0.0000017405
   -7.736203    -10.835481   -0.0000006270
   -7.736203     -3.611827   -0.0000000697
   -7.736203      3.611827   -0.0000000697
   -7.736203     10.835481   -0.0000006270
   -7.736203     18.059134   -0.0000017405
   -7.736203     25.282788   -0.0000034081
   -7.736203     32.506442   -0.0000056264
   -7.736203     39.730095   -0.0000083912
   -7.736203     46.953749   -0.0000116970
   -7.736203     54.177403   -0.0000155371

   -2.578734    -54.177403   -0.0000017252
   -2.578734    -46.953749   -0.0000012989
   -2.578734    -39.730095   -0.0000009318
   -2.578734    -32.506442   -0.0000006248
   -2.578734    -25.282788   -0.0000003785
   -2.578734    -18.059134   -0.0000001933
   -2.578734    -10.835481   -0.0000000696
   -2.578734     -3.611827   -0.0000000077
   -2.578734      3.611827   -0.0000000077
   -2.578734     10.835481   -0.0000000696
   -2.578734     18.059134   -0.0000001933
   -2.578734     25.282788   -0.0000003785
   -2.578734     32.506442   -0.0000006248
   -2.578734     39.730095   -0.0000009318
   -2.578734     46.953749   -0.0000012989
   -2.578734     54.177403   -0.0000017252

    2.578734    -54.177403   -0.0000017252
    2.578734    -46.953749   -0.0000012989
    2.578734    -39.730095   -0.0000009318
    2.578734    -32.506442   -0.0000006248
    2.578734    -25.282788   -0.0000003785
    2.578734    -18.059134   -0.0000001933
    2.578734    -10.835481   -0.0000000696
    2.578734     -3.611827   -0.0000000077
    2.578734      3.611827   -0.0000000077
    2.578734     10.835481   -0.0000000696
    2.578734     18.059134   -0.0000001933
    2.578734     25.282788   -0.0000003785
    2.578734     32.506442   -0.0000006248
    2.578734     39.730095   -0.0000009318
    2.578734     46.953749   -0.0000012989
    2.578734     54.177403   -0.0000017252

    7.736203    -54.177403   -0.0000155371
    7.736203    -46.953749   -0.0000116970
    7.736203    -39.730095   -0.0000083912
    7.736203    -32.506442   -0.0000056264
    7.736203    -25.282788   -0.0000034081
    7.736203    -18.059134   -0.0000017405
    7.736203    -10.835481   -0.0000006270
    7.736203     -3.611827   -0.0000000697
    7.736203      3.611827   -0.0000000697
    7.736203     10.835481   -0.0000006270
    7.736203     18.059134   -0.0000017405
    7.736203     25.282788   -0.0000034081
    7.736203     32.506442   -0.0000056264
    7.736203     39.730095   -0.0000083912
    7.736203     46.953749   -0.0000116970
    7.736203     54.177403   -0.0000155371

   12.893672    -54.177403   -0.0000432156
   12.893672    -46.953749   -0.0000325308
   12.893672    -39.730095   -0.0000233349
   12.893672    -32.506442   -0.0000156452
   12.893672    -25.282788   -0.0000094762
   12.893672    -18.059134   -0.0000048393
   12.893672    -10.835481   -0.0000017432
   12.893672     -3.611827   -0.0000001938
   12.893672      3.611827   -0.0000001938
   12.893672     10.835481   -0.0000017432
   12.893672     18.059134   -0.0000048393
   12.893672     25.282788   -0.0000094762
   12.893672     32.506442   -0.0000156452
   12.893672     39.730095   -0.0000233349
   12.893672     46.953749   -0.0000325308
   12.893672     54.177403   -0.0000432156

   18.051140    -54.177403   -0.0000848697
   18.051140    -46.953749   -0.0000638756
   18.051140    -39.730095   -0.0000458126
   18.051140    -32.506442   -0.0000307121
   18.051140    -25.282788   -0.0000186003
   18.051140    -18.059134   -0.0000094981
   18.051140    -10.835481   -0.0000034213
   18.051140     -3.611827   -0.0000003803
   18.051140      3.611827   -0.0000003803
   18.051140     10.835481   -0.0000034213
   18.051140     18.059134   -0.0000094981
   18.051140     25.282788   -0.0000186003
   18.051140     32.506442   -0.0000307121
   18.051140     39.730095   -0.0000458126
   18.051140     46.953749   -0.0000638756
   18.051140     54.177403   -0.0000848697

   23.208609    -54.177403   -0.0001406632
   23.208609    -46.953749   -0.0001058445
   23.208609    -39.730095   -0.0000758992
   23.208609    -32.506442   -0.0000508739
   23.208609    -25.282788   -0.0000308072
   23.208609    -18.059134   -0.0000157300
   23.208609    -10.835481   -0.0000056657
   23.208609     -3.611827   -0.0000006297
   23.208609      3.611827   -0.0000006297
   23.208609     10.835481   -0.0000056657
   23.208609     18.059134   -0.0000157300
   23.208609     25.282788   -0.0000308072
   23.208609     32.506442   -0.0000508739
   23.208609     39.730095   -0.0000758992
   23.208609     46.953749   -0.0001058445
   23.208609     54.177403   -0.0001406632

   28.366078    -54.177403   -0.0002108145
   28.366078    -46.953749   -0.0001585879
   28.366078    -39.730095   -0.0001136942
   28.366078    -32.506442   -0.0000761925
   28.366078    -25.282788   -0.0000461320
   28.366078    -18.059134   -0.0000235521
   28.366078    -10.835481   -0.0000084825
   28.366078     -3.611827   -0.0000009427
   28.366078      3.611827   -0.0000009427
   28.366078     10.835481   -0.0000084825
   28.366078     18.059134   -0.0000235521
   28.366078     25.282788   -0.0000461320
   28.366078     32.506442   -0.0000761925
   28.366078     39.730095   -0.0001136942
   28.366078     46.953749   -0.0001585879
   28.366078     54.177403   -0.0002108145

   33.523546    -54.177403   -0.0002955964
   33.523546    -46.953749   -0.0002222943
   33.523546    -39.730095   -0.0001593223
   33.523546    -32.506442   -0.0001067457
   33.523546    -25.282788   -0.0000646190
   33.523546    -18.059134   -0.0000329859
   33.523546    -10.835481   -0.0000118790
   33.523546     -3.611827   -0.0000013201
   33.523546      3.611827   -0.0000013201
   33.523546     10.835481   -0.0000118790
   33.523546     18.059134   -0.0000329859
   33.523546     25.282788   -0.0000646190
   33.523546     32.506442   -0.0001067457
   33.523546     39.730095   -0.0001593223
   33.523546     46.953749   -0.0002222943
   33.523546     54.177403   -0.0002955964

   38.681015    -54.177403   -0.0003953365
   38.681015    -46.953749   -0.0002971895
   38.681015    -39.730095   -0.0002129327
   38.681015    -32.506442   -0.0001426266
   38.681015    -25.282788   -0.0000863213
   38.681015    -18.059134   -0.0000440572
   38.681015    -10.835481   -0.0000158644
   38.681015     -3.611827   -0.0000017629
   38.681015      3.611827   -0.0000017629
   38.681015     10.835481   -0.0000158644
   38.681015     18.059134   -0.0000440572
   38.681015     25.282788   -0.0000863213
   38.681015     32.506442   -0.0001426266
   38.681015     39.730095   -0.0002129327
   38.681015     46.953749   -0.0002971895
   38.681015     54.177403   -0.0003953365

