  -91.194683   -119.276109   -0.0006167743
  -91.194683   -103.372628   -0.0007830116
  -91.194683    -87.469147   -0.0008800822
  -91.194683    -71.565666   -0.0009032233
  -91.194683    -55.662184   -0.0008483360
  -91.194683    -39.758703   -0.0007120408
  -91.194683    -23.855222   -0.0004917258
  -91.194683     -7.951741   -0.0001855873
  -91.194683      7.951741    0.0002073368
  -91.194683     23.855222    0.0006871419
  -91.194683     39.758703    0.0012530380
  -91.194683     55.662184    0.0019033394
  -91.194683     71.565666    0.0026354609
  -91.194683     87.469147    0.0034459228
  -91.194683    103.372628    0.0043303621
  -91.194683    119.276109    0.0052835517

  -79.035392   -119.276109   -0.0004164326
  -79.035392   -103.372628   -0.0005497847
  -79.035392    -87.469147   -0.0006306583
  -79.035392    -71.565666   -0.0006553552
  -79.035392    -55.662184   -0.0006207096
  -79.035392    -39.758703   -0.0005241207
  -79.035392    -23.855222   -0.0003635810
  -79.035392     -7.951741   -0.0001377017
  -79.035392      7.951741    0.0001542666
  -79.035392     23.855222    0.0005124165
  -79.035392     39.758703    0.0009361703
  -79.035392     55.662184    0.0014242703
  -79.035392     71.565666    0.0019747735
  -79.035392     87.469147    0.0025850491
  -79.035392    103.372628    0.0032517806
  -79.035392    119.276109    0.0039709715

  -66.876101   -119.276109   -0.0002694479
  -66.876101   -103.372628   -0.0003701745
  -66.876101    -87.469147   -0.0004329486
  -66.876101    -71.565666   -0.0004550977
  -66.876101    -55.662184   -0.0004343194
  -66.876101    -39.758703   -0.0003687120
  -66.876101    -23.855222   -0.0002568011
  -66.876101     -7.951741   -0.0000975613
  -66.876101      7.951741    0.0001095656
  -66.876101     23.855222    0.0003646573
  -66.876101     39.758703    0.0006673015
  -66.876101     55.662184    0.0010165908
  -66.876101     71.565666    0.0014111223
  -66.876101     87.469147    0.0018490005
  -66.876101    103.372628    0.0023278452
  -66.876101    119.276109    0.0028448035

  -54.716810   -119.276109   -0.0001643752
  -54.716810   -103.372628   -0.0002347510
  -54.716810    -87.469147   -0.0002794828
  -54.716810    -71.565666   -0.0002967909
  -54.716810    -55.662184   -0.0002851225
  -54.716810    -39.758703   -0.0002431821
  -54.716810    -23.855222   -0.0001699573
  -54.716810     -7.951741   -0.0000647401
  -54.716810      7.951741    0.0000728582
  -54.716810     23.855222    0.0002428950
  -54.716810     39.758703    0.0004450913
  -54.716810     55.662184    0.0006788301
  -54.716810     71.565666    0.0009431602
  -54.716810     87.469147    0.0012368057
  -54.716810    103.372628    0.0015581787
  -54.716810    119.276109    0.0019053987

  -42.557519   -119.276109   -0.0000917004
  -42.557519   -103.372628   -0.0001357071
  -42.557519    -87.469147   -0.0001640753
  -42.557519    -71.565666   -0.0001757422
  -42.557519    -55.662184   -0.0001697659
  -42.557519    -39.758703   -0.0001453517
  -42.557519    -23.855222   -0.0001018734
  -42.557519     -7.951741   -0.0000388900
  -42.557519      7.951741    0.0000438415
  -42.557519     23.855222    0.0001463585
  -42.557519     39.758703    0.0002684891
  -42.557519     55.662184    0.0004098529
  -42.557519     71.565666    0.0005698671
  -42.557519     87.469147    0.0007477558
  -42.557519    103.372628    0.0009425647
  -42.557519    119.276109    0.0011531800

  -30.398228   -119.276109   -0.0000438274
  -30.398228   -103.372628   -0.0000668306
  -30.398228    -87.469147   -0.0000818039
  -30.398228    -71.565666   -0.0000882129
  -30.398228    -55.662184   -0.0000855773
  -30.398228    -39.758703   -0.0000734873
  -30.398228    -23.855222   -0.0000516175
  -30.398228     -7.951741   -0.0000197377
  -30.398228      7.951741    0.0000222797
  -30.398228     23.855222    0.0000744544
  -30.398228     39.758703    0.0001366972
  -30.398228     55.662184    0.0002088107
  -30.398228     71.565666    0.0002904939
  -30.398228     87.469147    0.0003813495
  -30.398228    103.372628    0.0004808939
  -30.398228    119.276109    0.0005885709

  -18.238937   -119.276109   -0.0000150681
  -18.238937   -103.372628   -0.0000234819
  -18.238937    -87.469147   -0.0000289920
  -18.238937    -71.565666   -0.0000314086
  -18.238937    -55.662184   -0.0000305590
  -18.238937    -39.758703   -0.0000262944
  -18.238937    -23.855222   -0.0000184964
  -18.238937     -7.951741   -0.0000070807
  -18.238937      7.951741    0.0000079996
  -18.238937     23.855222    0.0000267517
  -18.238937     39.758703    0.0000491430
  -18.238937     55.662184    0.0000751016
  -18.238937     71.565666    0.0001045181
  -18.238937     87.469147    0.0001372491
  -18.238937    103.372628    0.0001731216
  -18.238937    119.276109    0.0002119386

   -6.079646   -119.276109   -0.0000016348
   -6.079646   -103.372628   -0.0000025771
   -6.079646    -87.469147   -0.0000031959
   -6.079646    -71.565666   -0.0000034705
   -6.079646    -55.662184   -0.0000033816
   -6.079646    -39.758703   -0.0000029127
   -6.079646    -23.855222   -0.0000020504
   -6.079646     -7.951741   -0.0000007854
   -6.079646      7.951741    0.0000008877
   -6.079646     23.855222    0.0000029695
   -6.079646     39.758703    0.0000054566
   -6.079646     55.662184    0.0000083408
   -6.079646     71.565666    0.0000116099
   -6.079646     87.469147    0.0000152479
   -6.079646    103.372628    0.0000192358
   -6.079646    119.276109    0.0000235517

    6.079646   -119.276109   -0.0000016348
    6.079646   -103.372628   -0.0000025771
    6.079646    -87.469147   -0.0000031959
    6.079646    -71.565666   -0.0000034705
    6.079646    -55.662184   -0.0000033816
    6.079646    -39.758703   -0.0000029127
    6.079646    -23.855222   -0.0000020504
    6.079646     -7.951741   -0.0000007854
    6.079646      7.951741    0.0000008877
    6.079646     23.855222    0.0000029695
    6.079646     39.758703    0.0000054566
    6.079646     55.662184    0.0000083408
    6.079646     71.565666    0.0000116099
    6.079646     87.469147    0.0000152479
    6.079646    103.372628    0.0000192358
    6.079646    119.276109    0.0000235517

   18.238937   -119.276109   -0.0000150681
   18.238937   -103.372628   -0.0000234819
   18.238937    -87.469147   -0.0000289920
   18.238937    -71.565666   -0.0000314086
   18.238937    -55.662184   -0.0000305590
   18.238937    -39.758703   -0.0000262944
   18.238937    -23.855222   -0.0000184964
   18.238937     -7.951741   -0.0000070807
   18.238937      7.951741    0.0000079996
   18.238937     23.855222    0.0000267517
   18.238937     39.758703    0.0000491430
   18.238937     55.662184    0.0000751016
   18.238937     71.565666    0.0001045181
   18.238937     87.469147    0.0001372491
   18.238937    103.372628    0.0001731216
   18.238937    119.276109    0.0002119386

   30.398228   -119.276109   -0.0000438274
   30.398228   -103.372628   -0.0000668306
   30.398228    -87.469147   -0.0000818039
   30.398228    -71.565666   -0.0000882129
   30.398228    -55.662184   -0.0000855773
   30.398228    -39.758703   -0.0000734873
   30.398228    -23.855222   -0.0000516175
   30.398228     -7.951741   -0.0000197377
   30.398228      7.951741    0.0000222797
   30.398228     23.855222    0.0000744544
   30.398228     39.758703    0.0001366972
   30.398228     55.662184    0.0002088107
   30.398228     71.565666    0.0002904939
   30.398228     87.469147    0.0003813495
   30.398228    103.372628    0.0004808939
   30.398228    119.276109    0.0005885709

   42.557519   -119.276109   -0.0000917004
   42.557519   -103.372628   -0.0001357071
   42.557519    -87.469147   -0.0001640753
   42.557519    -71.565666   -0.0001757422
   42.557519    -55.662184   -0.0001697659
   42.557519    -39.758703   -0.0001453517
   42.557519    -23.855222   -0.0001018734
   42.557519     -7.951741   -0.0000388900
   42.557519      7.951741    0.0000438415
   42.557519     23.855222    0.0001463585
   42.557519     39.758703    0.0002684891
   42.557519     55.662184    0.0004098529
   42.557519     71.565666    0.0005698671
   42.557519     87.469147    0.0007477558
   42.557519    103.372628    0.0009425647
   42.557519    119.276109    0.0011531800

   54.716810   -119.276109   -0.0001643752
   54.716810   -103.372628   -0.0002347510
   54.716810    -87.469147   -0.0002794828
   54.716810    -71.565666   -0.0002967909
   54.716810    -55.662184   -0.0002851225
   54.716810    -39.758703   -0.0002431821
   54.716810    -23.855222   -0.0001699573
   54.716810     -7.951741   -0.0000647401
   54.716810      7.951741    0.0000728582
   54.716810     23.855222    0.0002428950
   54.716810     39.758703    0.0004450913
   54.716810     55.662184    0.0006788301
   54.716810     71.565666    0.0009431602
   54.716810     87.469147    0.0012368057
   54.716810    103.372628    0.0015581787
   54.716810    119.276109    0.0019053987

   66.876101   -119.276109   -0.0002694479
   66.876101   -103.372628   -0.0003701745
   66.876101    -87.469147   -0.0004329486
   66.876101    -71.565666   -0.0004550977
   66.876101    -55.662184   -0.0004343194
   66.876101    -39.758703   -0.0003687120
   66.876101    -23.855222   -0.0002568011
   66.876101     -7.951741   -0.0000975613
   66.876101      7.951741    0.0001095656
   66.876101     23.855222    0.0003646573
   66.876101     39.758703    0.0006673015
   66.876101     55.662184    0.0010165908
   66.876101     71.565666    0.0014111223
   66.876101     87.469147    0.0018490005
   66.876101    103.372628    0.0023278452
   66.876101    119.276109    0.0028448035

   79.035392   -119.276109   -0.0004164326
   79.035392   -103.372628   -0.0005497847
   79.035392    -87.469147   -0.0006306583
   79.035392    -71.565666   -0.0006553552
   79.035392    -55.662184   -0.0006207096
   79.035392    -39.758703   -0.0005241207
   79.035392    -23.855222   -0.0003635810
   79.035392     -7.951741   -0.0001377017
   79.035392      7.951741    0.0001542666
   79.035392     23.855222    0.0005124165
   79.035392     39.758703    0.0009361703
   79.035392     55.662184    0.0014242703
   79.035392     71.565666    0.0019747735
   79.035392     87.469147    0.0025850491
   79.035392    103.372628    0.0032517806
   79.035392    119.276109    0.0039709715

   91.194683   -119.276109   -0.0006167743
   91.194683   -103.372628   -0.0007830116
   91.194683    -87.469147   -0.0008800822
   91.194683    -71.565666   -0.0009032233
   91.194683    -55.662184   -0.0008483360
   91.194683    -39.758703   -0.0007120408
   91.194683    -23.855222   -0.0004917258
   91.194683     -7.951741   -0.0001855873
   91.194683      7.951741    0.0002073368
   91.194683     23.855222    0.0006871419
   91.194683     39.758703    0.0012530380
   91.194683     55.662184    0.0019033394
   91.194683     71.565666    0.0026354609
   91.194683     87.469147    0.0034459228
   91.194683    103.372628    0.0043303621
   91.194683    119.276109    0.0052835517

