  -48.827424    -54.177403    0.0457964696
  -48.827424    -46.953749    0.0402128230
  -48.827424    -39.730095    0.0356184745
  -48.827424    -32.506442    0.0319522897
  -48.827424    -25.282788    0.0291432278
  -48.827424    -18.059134    0.0271179115
  -48.827424    -10.835481    0.0258100738
  -48.827424     -3.611827    0.0251696219
  -48.827424      3.611827    0.0251696219
  -48.827424     10.835481    0.0258100738
  -48.827424     18.059134    0.0271179115
  -48.827424     25.282788    0.0291432278
  -48.827424     32.506442    0.0319522897
  -48.827424     39.730095    0.0356184745
  -48.827424     46.953749    0.0402128230
  -48.827424     54.177403    0.0457964696

  -42.317101    -54.177403    0.0394165159
  -42.317101    -46.953749    0.0338505364
  -42.317101    -39.730095    0.0292790962
  -42.317101    -32.506442    0.0256374768
  -42.317101    -25.282788    0.0228516510
  -42.317101    -18.059134    0.0208458524
  -42.317101    -10.835481    0.0195520220
  -42.317101     -3.611827    0.0189188724
  -42.317101      3.611827    0.0189188724
  -42.317101     10.835481    0.0195520220
  -42.317101     18.059134    0.0208458524
  -42.317101     25.282788    0.0228516510
  -42.317101     32.506442    0.0256374768
  -42.317101     39.730095    0.0292790962
  -42.317101     46.953749    0.0338505364
  -42.317101     54.177403    0.0394165159

  -35.806778    -54.177403    0.0339433747
  -35.806778    -46.953749    0.0283936767
  -35.806778    -39.730095    0.0238434786
  -35.806778    -32.506442    0.0202246991
  -35.806778    -25.282788    0.0174605083
  -35.806778    -18.059134    0.0154728976
  -35.806778    -10.835481    0.0141921267
  -35.806778     -3.611827    0.0135657871
  -35.806778      3.611827    0.0135657871
  -35.806778     10.835481    0.0141921267
  -35.806778     18.059134    0.0154728976
  -35.806778     25.282788    0.0174605083
  -35.806778     32.506442    0.0202246991
  -35.806778     39.730095    0.0238434786
  -35.806778     46.953749    0.0283936767
  -35.806778     54.177403    0.0339433747

  -29.296454    -54.177403    0.0293767437
  -29.296454    -46.953749    0.0238415708
  -29.296454    -39.730095    0.0193105958
  -29.296454    -32.506442    0.0157126113
  -29.296454    -25.282788    0.0129681825
  -29.296454    -18.059134    0.0109972169
  -29.296454    -10.835481    0.0097284110
  -29.296454     -3.611827    0.0091083144
  -29.296454      3.611827    0.0091083144
  -29.296454     10.835481    0.0097284110
  -29.296454     18.059134    0.0109972169
  -29.296454     25.282788    0.0129681825
  -29.296454     32.506442    0.0157126113
  -29.296454     39.730095    0.0193105958
  -29.296454     46.953749    0.0238415708
  -29.296454     54.177403    0.0293767437

  -22.786131    -54.177403    0.0257149730
  -22.786131    -46.953749    0.0201922676
  -22.786131    -39.730095    0.0156782061
  -22.786131    -32.506442    0.0120987070
  -22.786131    -25.282788    0.0093719406
  -22.786131    -18.059134    0.0074158982
  -22.786131    -10.835481    0.0061578395
  -22.786131     -3.611827    0.0055433560
  -22.786131      3.611827    0.0055433560
  -22.786131     10.835481    0.0061578395
  -22.786131     18.059134    0.0074158982
  -22.786131     25.282788    0.0093719406
  -22.786131     32.506442    0.0120987070
  -22.786131     39.730095    0.0156782061
  -22.786131     46.953749    0.0201922676
  -22.786131     54.177403    0.0257149730

  -16.275808    -54.177403    0.0229566128
  -16.275808    -46.953749    0.0174440856
  -16.275808    -39.730095    0.0129444002
  -16.275808    -32.506442    0.0093808664
  -16.275808    -25.282788    0.0066694808
  -16.275808    -18.059134    0.0047264957
  -16.275808    -10.835481    0.0034778664
  -16.275808     -3.611827    0.0028683150
  -16.275808      3.611827    0.0028683150
  -16.275808     10.835481    0.0034778664
  -16.275808     18.059134    0.0047264957
  -16.275808     25.282788    0.0066694808
  -16.275808     32.506442    0.0093808664
  -16.275808     39.730095    0.0129444002
  -16.275808     46.953749    0.0174440856
  -16.275808     54.177403    0.0229566128

   -9.765485    -54.177403    0.0211015916
   -9.765485    -46.953749    0.0155967913
   -9.765485    -39.730095    0.0111087795
   -9.765485    -32.506442    0.0075585349
   -9.765485    -25.282788    0.0048601116
   -9.765485    -18.059134    0.0029282080
   -9.765485    -10.835481    0.0016876138
   -9.765485     -3.611827    0.0010822743
   -9.765485      3.611827    0.0010822743
   -9.765485     10.835481    0.0016876138
   -9.765485     18.059134    0.0029282080
   -9.765485     25.282788    0.0048601116
   -9.765485     32.506442    0.0075585349
   -9.765485     39.730095    0.0111087795
   -9.765485     46.953749    0.0155967913
   -9.765485     54.177403    0.0211015916

   -3.255162    -54.177403    0.0201520252
   -3.255162    -46.953749    0.0146524080
   -3.255162    -39.730095    0.0101732647
   -3.255162    -32.506442    0.0066335315
   -3.255162    -25.282788    0.0039455600
   -3.255162    -18.059134    0.0020226869
   -3.255162    -10.835481    0.0007886805
   -3.255162     -3.611827    0.0001868050
   -3.255162      3.611827    0.0001868050
   -3.255162     10.835481    0.0007886805
   -3.255162     18.059134    0.0020226869
   -3.255162     25.282788    0.0039455600
   -3.255162     32.506442    0.0066335315
   -3.255162     39.730095    0.0101732647
   -3.255162     46.953749    0.0146524080
   -3.255162     54.177403    0.0201520252

    3.255162    -54.177403    0.0201126564
    3.255162    -46.953749    0.0146156555
    3.255162    -39.730095    0.0101425360
    3.255162    -32.506442    0.0066104889
    3.255162    -25.282788    0.0039304116
    3.255162    -18.059134    0.0020144772
    3.255162    -10.835481    0.0007855814
    3.255162     -3.611827    0.0001864067
    3.255162      3.611827    0.0001864067
    3.255162     10.835481    0.0007855814
    3.255162     18.059134    0.0020144772
    3.255162     25.282788    0.0039304116
    3.255162     32.506442    0.0066104889
    3.255162     39.730095    0.0101425360
    3.255162     46.953749    0.0146156555
    3.255162     54.177403    0.0201126564

    9.765485    -54.177403    0.0209909248
    9.765485    -46.953749    0.0154940199
    9.765485    -39.730095    0.0110241024
    9.765485    -32.506442    0.0074969235
    9.765485    -25.282788    0.0048221805
    9.765485    -18.059134    0.0029110867
    9.765485    -10.835481    0.0016858180
    9.765485     -3.611827    0.0010885767
    9.765485      3.611827    0.0010885767
    9.765485     10.835481    0.0016858180
    9.765485     18.059134    0.0029110867
    9.765485     25.282788    0.0048221805
    9.765485     32.506442    0.0074969235
    9.765485     39.730095    0.0110241024
    9.765485     46.953749    0.0154940199
    9.765485     54.177403    0.0209909248

   16.275808    -54.177403    0.0227966675
   16.275808    -46.953749    0.0172974548
   16.275808    -39.730095    0.0128280031
   16.275808    -32.506442    0.0093029356
   16.275808    -25.282788    0.0066310097
   16.275808    -18.059134    0.0047226868
   16.275808    -10.835481    0.0034995786
   16.275808     -3.611827    0.0029035116
   16.275808      3.611827    0.0029035116
   16.275808     10.835481    0.0034995786
   16.275808     18.059134    0.0047226868
   16.275808     25.282788    0.0066310097
   16.275808     32.506442    0.0093029356
   16.275808     39.730095    0.0128280031
   16.275808     46.953749    0.0172974548
   16.275808     54.177403    0.0227966675

   22.786131    -54.177403    0.0255414509
   22.786131    -46.953749    0.0200377120
   22.786131    -39.730095    0.0155661381
   22.786131    -32.506442    0.0120405412
   22.786131    -25.282788    0.0093690029
   22.786131    -18.059134    0.0074614438
   22.786131    -10.835481    0.0062390701
   22.786131     -3.611827    0.0056434379
   22.786131      3.611827    0.0056434379
   22.786131     10.835481    0.0062390701
   22.786131     18.059134    0.0074614438
   22.786131     25.282788    0.0093690029
   22.786131     32.506442    0.0120405412
   22.786131     39.730095    0.0155661381
   22.786131     46.953749    0.0200377120
   22.786131     54.177403    0.0255414509

   29.296454    -54.177403    0.0292375317
   29.296454    -46.953749    0.0237273038
   29.296454    -39.730095    0.0192512307
   29.296454    -32.506442    0.0157226338
   29.296454    -25.282788    0.0130491860
   29.296454    -18.059134    0.0111404808
   29.296454    -10.835481    0.0099174794
   29.296454     -3.611827    0.0093215742
   29.296454      3.611827    0.0093215742
   29.296454     10.835481    0.0099174794
   29.296454     18.059134    0.0111404808
   29.296454     25.282788    0.0130491860
   29.296454     32.506442    0.0157226338
   29.296454     39.730095    0.0192512307
   29.296454     46.953749    0.0237273038
   29.296454     54.177403    0.0292375317

   35.806778    -54.177403    0.0338964502
   35.806778    -46.953749    0.0283780954
   35.806778    -39.730095    0.0238954195
   35.806778    -32.506442    0.0203615766
   35.806778    -25.282788    0.0176840996
   35.806778    -18.059134    0.0157724704
   35.806778    -10.835481    0.0145475661
   35.806778     -3.611827    0.0139507235
   35.806778      3.611827    0.0139507235
   35.806778     10.835481    0.0145475661
   35.806778     18.059134    0.0157724704
   35.806778     25.282788    0.0176840996
   35.806778     32.506442    0.0203615766
   35.806778     39.730095    0.0238954195
   35.806778     46.953749    0.0283780954
   35.806778     54.177403    0.0338964502

   42.317101    -54.177403    0.0395272528
   42.317101    -46.953749    0.0339995275
   42.317101    -39.730095    0.0295084818
   42.317101    -32.506442    0.0259674257
   42.317101    -25.282788    0.0232840223
   42.317101    -18.059134    0.0213678571
   42.317101    -10.835481    0.0201398856
   42.317101     -3.611827    0.0195414964
   42.317101      3.611827    0.0195414964
   42.317101     10.835481    0.0201398856
   42.317101     18.059134    0.0213678571
   42.317101     25.282788    0.0232840223
   42.317101     32.506442    0.0259674257
   42.317101     39.730095    0.0295084818
   42.317101     46.953749    0.0339995275
   42.317101     54.177403    0.0395272528

   48.827424    -54.177403    0.0461343459
   48.827424    -46.953749    0.0405964706
   48.827424    -39.730095    0.0360956870
   48.827424    -32.506442    0.0325457839
   48.827424    -25.282788    0.0298548238
   48.827424    -18.059134    0.0279327118
   48.827424    -10.835481    0.0267006426
   48.827424     -3.611827    0.0261001646
   48.827424      3.611827    0.0261001646
   48.827424     10.835481    0.0267006426
   48.827424     18.059134    0.0279327118
   48.827424     25.282788    0.0298548238
   48.827424     32.506442    0.0325457839
   48.827424     39.730095    0.0360956870
   48.827424     46.953749    0.0405964706
   48.827424     54.177403    0.0461343459

