  -48.902142    -91.194683    0.0332894575
  -48.902142    -79.035392    0.0312333800
  -48.902142    -66.876101    0.0295446996
  -48.902142    -54.716810    0.0281855516
  -48.902142    -42.557519    0.0271245935
  -48.902142    -30.398228    0.0263369139
  -48.902142    -18.238937    0.0258039610
  -48.902142     -6.079646    0.0255134877
  -48.902142      6.079646    0.0254595163
  -48.902142     18.238937    0.0256423195
  -48.902142     30.398228    0.0260684211
  -48.902142     42.557519    0.0267506140
  -48.902142     54.716810    0.0277079958
  -48.902142     66.876101    0.0289660236
  -48.902142     79.035392    0.0305565860
  -48.902142     91.194683    0.0325180934

  -42.381856    -91.194683    0.0266592850
  -42.381856    -79.035392    0.0246409576
  -42.381856    -66.876101    0.0229898609
  -42.381856    -54.716810    0.0216671061
  -42.381856    -42.557519    0.0206404473
  -42.381856    -30.398228    0.0198841913
  -42.381856    -18.238937    0.0193791256
  -42.381856     -6.079646    0.0191124641
  -42.381856      6.079646    0.0190778105
  -42.381856     18.238937    0.0192751411
  -42.381856     30.398228    0.0197108042
  -42.381856     42.557519    0.0203975382
  -42.381856     54.716810    0.0213545079
  -42.381856     66.876101    0.0226073586
  -42.381856     79.035392    0.0241882886
  -42.381856     91.194683    0.0261361390

  -35.861571    -91.194683    0.0209926349
  -35.861571    -79.035392    0.0190111475
  -35.861571    -66.876101    0.0173957298
  -35.861571    -54.716810    0.0161066021
  -35.861571    -42.557519    0.0151107454
  -35.861571    -30.398228    0.0143818111
  -35.861571    -18.238937    0.0139000487
  -35.861571     -6.079646    0.0136522516
  -35.861571      6.079646    0.0136317209
  -35.861571     18.238937    0.0138382477
  -35.861571     30.398228    0.0142781125
  -35.861571     42.557519    0.0149641039
  -35.861571     54.716810    0.0159155542
  -35.861571     66.876101    0.0171583939
  -35.861571     79.035392    0.0187252239
  -35.861571     91.194683    0.0206554057

  -29.341285    -91.194683    0.0162864124
  -29.341285    -79.035392    0.0143388231
  -29.341285    -66.876101    0.0127555216
  -29.341285    -54.716810    0.0114959920
  -29.341285    -42.557519    0.0105265863
  -29.341285    -30.398228    0.0098204348
  -29.341285    -18.238937    0.0093573733
  -29.341285     -6.079646    0.0091238894
  -29.341285      6.079646    0.0091130859
  -29.341285     18.238937    0.0093246629
  -29.341285     30.398228    0.0097649179
  -29.341285     42.557519    0.0104467639
  -29.341285     54.716810    0.0113897653
  -29.341285     66.876101    0.0126201923
  -29.341285     79.035392    0.0141710929
  -29.341285     91.194683    0.0160823836

  -22.821000    -91.194683    0.0125346965
  -22.821000    -79.035392    0.0106164333
  -22.821000    -66.876101    0.0090603857
  -22.821000    -54.716810    0.0078254698
  -22.821000    -42.557519    0.0068775626
  -22.821000    -30.398228    0.0061894111
  -22.821000    -18.238937    0.0057405607
  -22.821000     -6.079646    0.0055173005
  -22.821000      6.079646    0.0055126275
  -22.821000     18.238937    0.0057262284
  -22.821000     30.398228    0.0061644796
  -22.821000     42.557519    0.0068404652
  -22.821000     54.716810    0.0077740133
  -22.821000     66.876101    0.0089917501
  -22.821000     79.035392    0.0105271720
  -22.821000     91.194683    0.0124207365

  -16.300714    -91.194683    0.0097301273
  -16.300714    -79.035392    0.0078353898
  -16.300714    -66.876101    0.0063007918
  -16.300714    -54.716810    0.0050848585
  -16.300714    -42.557519    0.0041531484
  -16.300714    -30.398228    0.0034781636
  -16.300714    -18.238937    0.0030392770
  -16.300714     -6.079646    0.0028226785
  -16.300714      6.079646    0.0028213387
  -16.300714     18.238937    0.0030349910
  -16.300714     30.398228    0.0034701312
  -16.300714     42.557519    0.0041400359
  -16.300714     54.716810    0.0050647989
  -16.300714     66.876101    0.0062713845
  -16.300714     79.035392    0.0077937009
  -16.300714     91.194683    0.0096726894

   -9.780428    -91.194683    0.0078650161
   -9.780428    -79.035392    0.0059871770
   -9.780428    -66.876101    0.0044676406
   -9.780428    -54.716810    0.0032647192
   -9.780428    -42.557519    0.0023438090
   -9.780428    -30.398228    0.0016772999
   -9.780428    -18.238937    0.0012445033
   -9.780428     -6.079646    0.0010315978
   -9.780428      6.079646    0.0010315932
   -9.780428     18.238937    0.0012443122
   -9.780428     30.398228    0.0016763908
   -9.780428     42.557519    0.0023412958
   -9.780428     54.716810    0.0032593615
   -9.780428     66.876101    0.0044578435
   -9.780428     79.035392    0.0059709913
   -9.780428     91.194683    0.0078401381

   -3.260143    -91.194683    0.0069321767
   -3.260143    -79.035392    0.0050641841
   -3.260143    -66.876101    0.0035530955
   -3.260143    -54.716810    0.0023571842
   -3.260143    -42.557519    0.0014418331
   -3.260143    -30.398228    0.0007794445
   -3.260143    -18.238937    0.0003493679
   -3.260143     -6.079646    0.0001378457
   -3.260143      6.079646    0.0001379774
   -3.260143     18.238937    0.0003497009
   -3.260143     30.398228    0.0007797931
   -3.260143     42.557519    0.0014418877
   -3.260143     54.716810    0.0023565113
   -3.260143     66.876101    0.0035511377
   -3.260143     79.035392    0.0050602601
   -3.260143     91.194683    0.0069254815

    3.260143    -91.194683    0.0069254815
    3.260143    -79.035392    0.0050602601
    3.260143    -66.876101    0.0035511377
    3.260143    -54.716810    0.0023565113
    3.260143    -42.557519    0.0014418877
    3.260143    -30.398228    0.0007797931
    3.260143    -18.238937    0.0003497009
    3.260143     -6.079646    0.0001379774
    3.260143      6.079646    0.0001378457
    3.260143     18.238937    0.0003493679
    3.260143     30.398228    0.0007794445
    3.260143     42.557519    0.0014418331
    3.260143     54.716810    0.0023571842
    3.260143     66.876101    0.0035530955
    3.260143     79.035392    0.0050641841
    3.260143     91.194683    0.0069321767

    9.780428    -91.194683    0.0078401381
    9.780428    -79.035392    0.0059709913
    9.780428    -66.876101    0.0044578435
    9.780428    -54.716810    0.0032593615
    9.780428    -42.557519    0.0023412958
    9.780428    -30.398228    0.0016763908
    9.780428    -18.238937    0.0012443122
    9.780428     -6.079646    0.0010315932
    9.780428      6.079646    0.0010315978
    9.780428     18.238937    0.0012445033
    9.780428     30.398228    0.0016772999
    9.780428     42.557519    0.0023438090
    9.780428     54.716810    0.0032647192
    9.780428     66.876101    0.0044676406
    9.780428     79.035392    0.0059871770
    9.780428     91.194683    0.0078650161

   16.300714    -91.194683    0.0096726894
   16.300714    -79.035392    0.0077937009
   16.300714    -66.876101    0.0062713845
   16.300714    -54.716810    0.0050647989
   16.300714    -42.557519    0.0041400359
   16.300714    -30.398228    0.0034701312
   16.300714    -18.238937    0.0030349910
   16.300714     -6.079646    0.0028213387
   16.300714      6.079646    0.0028226785
   16.300714     18.238937    0.0030392770
   16.300714     30.398228    0.0034781636
   16.300714     42.557519    0.0041531484
   16.300714     54.716810    0.0050848585
   16.300714     66.876101    0.0063007918
   16.300714     79.035392    0.0078353898
   16.300714     91.194683    0.0097301273

   22.821000    -91.194683    0.0124207365
   22.821000    -79.035392    0.0105271720
   22.821000    -66.876101    0.0089917501
   22.821000    -54.716810    0.0077740133
   22.821000    -42.557519    0.0068404652
   22.821000    -30.398228    0.0061644796
   22.821000    -18.238937    0.0057262284
   22.821000     -6.079646    0.0055126275
   22.821000      6.079646    0.0055173005
   22.821000     18.238937    0.0057405607
   22.821000     30.398228    0.0061894111
   22.821000     42.557519    0.0068775626
   22.821000     54.716810    0.0078254698
   22.821000     66.876101    0.0090603857
   22.821000     79.035392    0.0106164333
   22.821000     91.194683    0.0125346965

   29.341285    -91.194683    0.0160823836
   29.341285    -79.035392    0.0141710929
   29.341285    -66.876101    0.0126201923
   29.341285    -54.716810    0.0113897653
   29.341285    -42.557519    0.0104467639
   29.341285    -30.398228    0.0097649179
   29.341285    -18.238937    0.0093246629
   29.341285     -6.079646    0.0091130859
   29.341285      6.079646    0.0091238894
   29.341285     18.238937    0.0093573733
   29.341285     30.398228    0.0098204348
   29.341285     42.557519    0.0105265863
   29.341285     54.716810    0.0114959920
   29.341285     66.876101    0.0127555216
   29.341285     79.035392    0.0143388231
   29.341285     91.194683    0.0162864124

   35.861571    -91.194683    0.0206554057
   35.861571    -79.035392    0.0187252239
   35.861571    -66.876101    0.0171583939
   35.861571    -54.716810    0.0159155542
   35.861571    -42.557519    0.0149641039
   35.861571    -30.398228    0.0142781125
   35.861571    -18.238937    0.0138382477
   35.861571     -6.079646    0.0136317209
   35.861571      6.079646    0.0136522516
   35.861571     18.238937    0.0139000487
   35.861571     30.398228    0.0143818111
   35.861571     42.557519    0.0151107454
   35.861571     54.716810    0.0161066021
   35.861571     66.876101    0.0173957298
   35.861571     79.035392    0.0190111475
   35.861571     91.194683    0.0209926349

   42.381856    -91.194683    0.0261361390
   42.381856    -79.035392    0.0241882886
   42.381856    -66.876101    0.0226073586
   42.381856    -54.716810    0.0213545079
   42.381856    -42.557519    0.0203975382
   42.381856    -30.398228    0.0197108042
   42.381856    -18.238937    0.0192751411
   42.381856     -6.079646    0.0190778105
   42.381856      6.079646    0.0191124641
   42.381856     18.238937    0.0193791256
   42.381856     30.398228    0.0198841913
   42.381856     42.557519    0.0206404473
   42.381856     54.716810    0.0216671061
   42.381856     66.876101    0.0229898609
   42.381856     79.035392    0.0246409576
   42.381856     91.194683    0.0266592850

   48.902142    -91.194683    0.0325180934
   48.902142    -79.035392    0.0305565860
   48.902142    -66.876101    0.0289660236
   48.902142    -54.716810    0.0277079958
   48.902142    -42.557519    0.0267506140
   48.902142    -30.398228    0.0260684211
   48.902142    -18.238937    0.0256423195
   48.902142     -6.079646    0.0254595163
   48.902142      6.079646    0.0255134877
   48.902142     18.238937    0.0258039610
   48.902142     30.398228    0.0263369139
   48.902142     42.557519    0.0271245935
   48.902142     54.716810    0.0281855516
   48.902142     66.876101    0.0295446996
   48.902142     79.035392    0.0312333800
   48.902142     91.194683    0.0332894575

