  -44.766107    -92.332122    0.0780880778
  -44.766107    -80.021172    0.0749929815
  -44.766107    -67.710222    0.0724474918
  -44.766107    -55.399273    0.0704065655
  -44.766107    -43.088323    0.0688286187
  -44.766107    -30.777374    0.0676780618
  -44.766107    -18.466424    0.0669270005
  -44.766107     -6.155475    0.0665563206
  -44.766107      6.155475    0.0665563206
  -44.766107     18.466424    0.0669270005
  -44.766107     30.777374    0.0676780618
  -44.766107     43.088323    0.0688286187
  -44.766107     55.399273    0.0704065655
  -44.766107     67.710222    0.0724474918
  -44.766107     80.021172    0.0749929815
  -44.766107     92.332122    0.0780880778

  -40.053885    -92.332122    0.0678437159
  -40.053885    -80.021172    0.0646369519
  -40.053885    -67.710222    0.0620241070
  -40.053885    -55.399273    0.0599266967
  -40.053885    -43.088323    0.0583001180
  -40.053885    -30.777374    0.0571125902
  -40.053885    -18.466424    0.0563380219
  -40.053885     -6.155475    0.0559563255
  -40.053885      6.155475    0.0559563255
  -40.053885     18.466424    0.0563380219
  -40.053885     30.777374    0.0571125902
  -40.053885     43.088323    0.0583001180
  -40.053885     55.399273    0.0599266967
  -40.053885     67.710222    0.0620241070
  -40.053885     80.021172    0.0646369519
  -40.053885     92.332122    0.0678437159

  -35.341663    -92.332122    0.0579352830
  -35.341663    -80.021172    0.0546678090
  -35.341663    -67.710222    0.0519897792
  -35.341663    -55.399273    0.0498438088
  -35.341663    -43.088323    0.0481847115
  -35.341663    -30.777374    0.0469755280
  -35.341663    -18.466424    0.0461868832
  -35.341663     -6.155475    0.0457979832
  -35.341663      6.155475    0.0457979832
  -35.341663     18.466424    0.0461868832
  -35.341663     30.777374    0.0469755280
  -35.341663     43.088323    0.0481847115
  -35.341663     55.399273    0.0498438088
  -35.341663     67.710222    0.0519897792
  -35.341663     80.021172    0.0546678090
  -35.341663     92.332122    0.0579352830

  -30.629441    -92.332122    0.0484581275
  -30.629441    -80.021172    0.0451547991
  -30.629441    -67.710222    0.0424416411
  -30.629441    -55.399273    0.0402725149
  -30.629441    -43.088323    0.0386005568
  -30.629441    -30.777374    0.0373845200
  -30.629441    -18.466424    0.0365920962
  -30.629441     -6.155475    0.0362013847
  -30.629441      6.155475    0.0362013847
  -30.629441     18.466424    0.0365920962
  -30.629441     30.777374    0.0373845200
  -30.629441     43.088323    0.0386005568
  -30.629441     55.399273    0.0402725149
  -30.629441     67.710222    0.0424416411
  -30.629441     80.021172    0.0451547991
  -30.629441     92.332122    0.0484581275

  -25.917220    -92.332122    0.0395238327
  -25.917220    -80.021172    0.0362137165
  -25.917220    -67.710222    0.0335033955
  -25.917220    -55.399273    0.0313429864
  -25.917220    -43.088323    0.0296824012
  -25.917220    -30.777374    0.0284776124
  -25.917220    -18.466424    0.0276940472
  -25.917220     -6.155475    0.0273081875
  -25.917220      6.155475    0.0273081875
  -25.917220     18.466424    0.0276940472
  -25.917220     30.777374    0.0284776124
  -25.917220     43.088323    0.0296824012
  -25.917220     55.399273    0.0313429864
  -25.917220     67.710222    0.0335033955
  -25.917220     80.021172    0.0362137165
  -25.917220     92.332122    0.0395238327

  -21.204998    -92.332122    0.0312620153
  -21.204998    -80.021172    0.0279872208
  -21.204998    -67.710222    0.0253216155
  -21.204998    -55.399273    0.0232064068
  -21.204998    -43.088323    0.0215870567
  -21.204998    -30.777374    0.0204165201
  -21.204998    -18.466424    0.0196576209
  -21.204998     -6.155475    0.0192847099
  -21.204998      6.155475    0.0192847099
  -21.204998     18.466424    0.0196576209
  -21.204998     30.777374    0.0204165201
  -21.204998     43.088323    0.0215870567
  -21.204998     55.399273    0.0232064068
  -21.204998     67.710222    0.0253216155
  -21.204998     80.021172    0.0279872208
  -21.204998     92.332122    0.0312620153

  -16.492776    -92.332122    0.0238227149
  -16.492776    -80.021172    0.0206385239
  -16.492776    -67.710222    0.0180662490
  -16.492776    -55.399273    0.0160394641
  -16.492776    -43.088323    0.0144980721
  -16.492776    -30.777374    0.0133905100
  -16.492776    -18.466424    0.0126758944
  -16.492776     -6.155475    0.0123258535
  -16.492776      6.155475    0.0123258535
  -16.492776     18.466424    0.0126758944
  -16.492776     30.777374    0.0133905100
  -16.492776     43.088323    0.0144980721
  -16.492776     55.399273    0.0160394641
  -16.492776     67.710222    0.0180662490
  -16.492776     80.021172    0.0206385239
  -16.492776     92.332122    0.0238227149

  -11.780554    -92.332122    0.0173793082
  -11.780554    -80.021172    0.0143530814
  -11.780554    -67.710222    0.0119338175
  -11.780554    -55.399273    0.0100485527
  -11.780554    -43.088323    0.0086302251
  -11.780554    -30.777374    0.0076209498
  -11.780554    -18.466424    0.0069747772
  -11.780554     -6.155475    0.0066598438
  -11.780554      6.155475    0.0066598438
  -11.780554     18.466424    0.0069747772
  -11.780554     30.777374    0.0076209498
  -11.780554     43.088323    0.0086302251
  -11.780554     55.399273    0.0100485527
  -11.780554     67.710222    0.0119338175
  -11.780554     80.021172    0.0143530814
  -11.780554     92.332122    0.0173793082

   -7.068333    -92.332122    0.0121319225
   -7.068333    -80.021172    0.0093441726
   -7.068333    -67.710222    0.0071521881
   -7.068333    -55.399273    0.0054742532
   -7.068333    -43.088323    0.0042343774
   -7.068333    -30.777374    0.0033666304
   -7.068333    -18.466424    0.0028185815
   -7.068333     -6.155475    0.0025538612
   -7.068333      6.155475    0.0025538612
   -7.068333     18.466424    0.0028185815
   -7.068333     30.777374    0.0033666304
   -7.068333     43.088323    0.0042343774
   -7.068333     55.399273    0.0054742532
   -7.068333     67.710222    0.0071521881
   -7.068333     80.021172    0.0093441726
   -7.068333     92.332122    0.0121319225

   -2.356111    -92.332122    0.0083113607
   -2.356111    -80.021172    0.0058595077
   -2.356111    -67.710222    0.0039861783
   -2.356111    -55.399273    0.0025965641
   -2.356111    -43.088323    0.0016031590
   -2.356111    -30.777374    0.0009300313
   -2.356111    -18.466424    0.0005166053
   -2.356111     -6.155475    0.0003207094
   -2.356111      6.155475    0.0003207094
   -2.356111     18.466424    0.0005166053
   -2.356111     30.777374    0.0009300313
   -2.356111     43.088323    0.0016031590
   -2.356111     55.399273    0.0025965641
   -2.356111     67.710222    0.0039861783
   -2.356111     80.021172    0.0058595077
   -2.356111     92.332122    0.0083113607

    2.356111    -92.332122    0.0061835920
    2.356111    -80.021172    0.0041872541
    2.356111    -67.710222    0.0027436424
    2.356111    -55.399273    0.0017412544
    2.356111    -43.088323    0.0010778682
    2.356111    -30.777374    0.0006647564
    2.356111    -18.466424    0.0004309175
    2.356111     -6.155475    0.0003267521
    2.356111      6.155475    0.0003267521
    2.356111     18.466424    0.0004309175
    2.356111     30.777374    0.0006647564
    2.356111     43.088323    0.0010778682
    2.356111     55.399273    0.0017412544
    2.356111     67.710222    0.0027436424
    2.356111     80.021172    0.0041872541
    2.356111     92.332122    0.0061835920

    7.068333    -92.332122    0.0060548984
    7.068333    -80.021172    0.0046611269
    7.068333    -67.710222    0.0037820674
    7.068333    -55.399273    0.0032876122
    7.068333    -43.088323    0.0030568989
    7.068333    -30.777374    0.0029844300
    7.068333    -18.466424    0.0029856338
    7.068333     -6.155475    0.0030014243
    7.068333      6.155475    0.0030014243
    7.068333     18.466424    0.0029856338
    7.068333     30.777374    0.0029844300
    7.068333     43.088323    0.0030568989
    7.068333     55.399273    0.0032876122
    7.068333     67.710222    0.0037820674
    7.068333     80.021172    0.0046611269
    7.068333     92.332122    0.0060548984

   11.780554    -92.332122    0.0082778082
   11.780554    -80.021172    0.0076654393
   11.780554    -67.710222    0.0075160958
   11.780554    -55.399273    0.0076777605
   11.780554    -43.088323    0.0080059245
   11.780554    -30.777374    0.0083733991
   11.780554    -18.466424    0.0086780780
   11.780554     -6.155475    0.0088487070
   11.780554      6.155475    0.0088487070
   11.780554     18.466424    0.0086780780
   11.780554     30.777374    0.0083733991
   11.780554     43.088323    0.0080059245
   11.780554     55.399273    0.0076777605
   11.780554     67.710222    0.0075160958
   11.780554     80.021172    0.0076654393
   11.780554     92.332122    0.0082778082

   16.492776    -92.332122    0.0132579877
   16.492776    -80.021172    0.0136422648
   16.492776    -67.710222    0.0144267748
   16.492776    -55.399273    0.0154276144
   16.492776    -43.088323    0.0164699930
   16.492776    -30.777374    0.0173996511
   16.492776    -18.466424    0.0180923233
   16.492776     -6.155475    0.0184610302
   16.492776      6.155475    0.0184610302
   16.492776     18.466424    0.0180923233
   16.492776     30.777374    0.0173996511
   16.492776     43.088323    0.0164699930
   16.492776     55.399273    0.0154276144
   16.492776     67.710222    0.0144267748
   16.492776     80.021172    0.0136422648
   16.492776     92.332122    0.0132579877

   21.204998    -92.332122    0.0214622995
   21.204998    -80.021172    0.0231041151
   21.204998    -67.710222    0.0250737160
   21.204998    -55.399273    0.0271394538
   21.204998    -43.088323    0.0290876095
   21.204998    -30.777374    0.0307304122
   21.204998    -18.466424    0.0319157144
   21.204998     -6.155475    0.0325361511
   21.204998      6.155475    0.0325361511
   21.204998     18.466424    0.0319157144
   21.204998     30.777374    0.0307304122
   21.204998     43.088323    0.0290876095
   21.204998     55.399273    0.0271394538
   21.204998     67.710222    0.0250737160
   21.204998     80.021172    0.0231041151
   21.204998     92.332122    0.0214622995

   25.917220    -92.332122    0.0334282759
   25.917220    -80.021172    0.0366567875
   25.917220    -67.710222    0.0401117356
   25.917220    -55.399273    0.0435159875
   25.917220    -43.088323    0.0466068014
   25.917220    -30.777374    0.0491509565
   25.917220    -18.466424    0.0509590706
   25.917220     -6.155475    0.0518976313
   25.917220      6.155475    0.0518976313
   25.917220     18.466424    0.0509590706
   25.917220     30.777374    0.0491509565
   25.917220     43.088323    0.0466068014
   25.917220     55.399273    0.0435159875
   25.917220     67.710222    0.0401117356
   25.917220     80.021172    0.0366567875
   25.917220     92.332122    0.0334282759

