  -54.177403   -100.911229   -0.0022586547
  -54.177403    -87.456398   -0.0024080749
  -54.177403    -74.001568   -0.0024376607
  -54.177403    -60.546737   -0.0023291032
  -54.177403    -47.091907   -0.0020706671
  -54.177403    -33.637076   -0.0016584818
  -54.177403    -20.182246   -0.0010966771
  -54.177403     -6.727415   -0.0003966403
  -54.177403      6.727415    0.0004243529
  -54.177403     20.182246    0.0013449064
  -54.177403     33.637076    0.0023414694
  -54.177403     47.091907    0.0033903229
  -54.177403     60.546737    0.0044694342
  -54.177403     74.001568    0.0055600552
  -54.177403     87.456398    0.0066479610
  -54.177403    100.911229    0.0077242532

  -46.953749   -100.911229   -0.0010959439
  -46.953749    -87.456398   -0.0012838376
  -46.953749    -74.001568   -0.0014148031
  -46.953749    -60.546737   -0.0014334187
  -46.953749    -47.091907   -0.0013256857
  -46.953749    -33.637076   -0.0010924041
  -46.953749    -20.182246   -0.0007386897
  -46.953749     -6.727415   -0.0002721698
  -46.953749      6.727415    0.0002957129
  -46.953749     20.182246    0.0009489577
  -46.953749     33.637076    0.0016686027
  -46.953749     47.091907    0.0024365378
  -46.953749     60.546737    0.0032395194
  -46.953749     74.001568    0.0040694704
  -46.953749     87.456398    0.0049142581
  -46.953749    100.911229    0.0057312424

  -39.730095   -100.911229   -0.0002939242
  -39.730095    -87.456398   -0.0005088721
  -39.730095    -74.001568   -0.0006708917
  -39.730095    -60.546737   -0.0007542695
  -39.730095    -47.091907   -0.0007475782
  -39.730095    -33.637076   -0.0006469646
  -39.730095    -20.182246   -0.0004533303
  -39.730095     -6.727415   -0.0001714887
  -39.730095      6.727415    0.0001901130
  -39.730095     20.182246    0.0006200065
  -39.730095     33.637076    0.0011050412
  -39.730095     47.091907    0.0016323318
  -39.730095     60.546737    0.0021911872
  -39.730095     74.001568    0.0027738840
  -39.730095     87.456398    0.0033736404
  -39.730095    100.911229    0.0039776349

  -32.506442   -100.911229    0.0001715949
  -32.506442    -87.456398   -0.0000292003
  -32.506442    -74.001568   -0.0001864887
  -32.506442    -60.546737   -0.0002937974
  -32.506442    -47.091907   -0.0003422315
  -32.506442    -33.637076   -0.0003256690
  -32.506442    -20.182246   -0.0002425445
  -32.506442     -6.727415   -0.0000956205
  -32.506442      6.727415    0.0001091763
  -32.506442     20.182246    0.0003640973
  -32.506442     33.637076    0.0006606615
  -32.506442     47.091907    0.0009903781
  -32.506442     60.546737    0.0013453154
  -32.506442     74.001568    0.0017190470
  -32.506442     87.456398    0.0021088310
  -32.506442    100.911229    0.0025201983

  -25.282788   -100.911229    0.0003508289
  -25.282788    -87.456398    0.0001965942
  -25.282788    -74.001568    0.0000677364
  -25.282788    -60.546737   -0.0000326088
  -25.282788    -47.091907   -0.0000975700
  -25.282788    -33.637076   -0.0001218378
  -25.282788    -20.182246   -0.0001035303
  -25.282788     -6.727415   -0.0000440654
  -25.282788      6.727415    0.0000528519
  -25.282788     20.182246    0.0001823652
  -25.282788     33.637076    0.0003392935
  -25.282788     47.091907    0.0005185617
  -25.282788     60.546737    0.0007154796
  -25.282788     74.001568    0.0009264579
  -25.282788     87.456398    0.0011510823
  -25.282788    100.911229    0.0013968085

  -18.059134   -100.911229    0.0003209383
  -18.059134    -87.456398    0.0002261829
  -18.059134    -74.001568    0.0001404420
  -18.059134    -60.546737    0.0000681751
  -18.059134    -47.091907    0.0000142481
  -18.059134    -33.637076   -0.0000179773
  -18.059134    -20.182246   -0.0000272496
  -18.059134     -6.727415   -0.0000142483
  -18.059134      6.727415    0.0000189777
  -18.059134     20.182246    0.0000696629
  -18.059134     33.637076    0.0001348946
  -18.059134     47.091907    0.0002120362
  -18.059134     60.546737    0.0002990584
  -18.059134     74.001568    0.0003949437
  -18.059134     87.456398    0.0005004455
  -18.059134    100.911229    0.0006195974

  -10.835481   -100.911229    0.0001801010
  -10.835481    -87.456398    0.0001394206
  -10.835481    -74.001568    0.0000991745
  -10.835481    -60.546737    0.0000630752
  -10.835481    -47.091907    0.0000338516
  -10.835481    -33.637076    0.0000131282
  -10.835481    -20.182246    0.0000014630
  -10.835481     -6.727415   -0.0000014924
  -10.835481      6.727415    0.0000032585
  -10.835481     20.182246    0.0000143622
  -10.835481     33.637076    0.0000304448
  -10.835481     47.091907    0.0000504275
  -10.835481     60.546737    0.0000737983
  -10.835481     74.001568    0.0001008035
  -10.835481     87.456398    0.0001325257
  -10.835481    100.911229    0.0001708160

   -3.611827   -100.911229    0.0000375720
   -3.611827    -87.456398    0.0000312885
   -3.611827    -74.001568    0.0000240271
   -3.611827    -60.546737    0.0000169321
   -3.611827    -47.091907    0.0000107748
   -3.611827    -33.637076    0.0000059744
   -3.611827    -20.182246    0.0000026368
   -3.611827     -6.727415    0.0000006143
   -3.611827      6.727415   -0.0000004144
   -3.611827     20.182246   -0.0000008465
   -3.611827     33.637076   -0.0000010490
   -3.611827     47.091907   -0.0000012523
   -3.611827     60.546737   -0.0000014597
   -3.611827     74.001568   -0.0000013877
   -3.611827     87.456398   -0.0000004597
   -3.611827    100.911229    0.0000021240

    3.611827   -100.911229    0.0000021240
    3.611827    -87.456398   -0.0000004597
    3.611827    -74.001568   -0.0000013877
    3.611827    -60.546737   -0.0000014597
    3.611827    -47.091907   -0.0000012523
    3.611827    -33.637076   -0.0000010490
    3.611827    -20.182246   -0.0000008465
    3.611827     -6.727415   -0.0000004144
    3.611827      6.727415    0.0000006143
    3.611827     20.182246    0.0000026368
    3.611827     33.637076    0.0000059744
    3.611827     47.091907    0.0000107748
    3.611827     60.546737    0.0000169321
    3.611827     74.001568    0.0000240271
    3.611827     87.456398    0.0000312885
    3.611827    100.911229    0.0000375720

   10.835481   -100.911229    0.0001708160
   10.835481    -87.456398    0.0001325257
   10.835481    -74.001568    0.0001008035
   10.835481    -60.546737    0.0000737983
   10.835481    -47.091907    0.0000504275
   10.835481    -33.637076    0.0000304448
   10.835481    -20.182246    0.0000143622
   10.835481     -6.727415    0.0000032585
   10.835481      6.727415   -0.0000014924
   10.835481     20.182246    0.0000014630
   10.835481     33.637076    0.0000131282
   10.835481     47.091907    0.0000338516
   10.835481     60.546737    0.0000630752
   10.835481     74.001568    0.0000991745
   10.835481     87.456398    0.0001394206
   10.835481    100.911229    0.0001801010

   18.059134   -100.911229    0.0006195974
   18.059134    -87.456398    0.0005004455
   18.059134    -74.001568    0.0003949437
   18.059134    -60.546737    0.0002990584
   18.059134    -47.091907    0.0002120362
   18.059134    -33.637076    0.0001348946
   18.059134    -20.182246    0.0000696629
   18.059134     -6.727415    0.0000189777
   18.059134      6.727415   -0.0000142483
   18.059134     20.182246   -0.0000272496
   18.059134     33.637076   -0.0000179773
   18.059134     47.091907    0.0000142481
   18.059134     60.546737    0.0000681751
   18.059134     74.001568    0.0001404420
   18.059134     87.456398    0.0002261829
   18.059134    100.911229    0.0003209383

   25.282788   -100.911229    0.0013968085
   25.282788    -87.456398    0.0011510823
   25.282788    -74.001568    0.0009264579
   25.282788    -60.546737    0.0007154796
   25.282788    -47.091907    0.0005185617
   25.282788    -33.637076    0.0003392935
   25.282788    -20.182246    0.0001823652
   25.282788     -6.727415    0.0000528519
   25.282788      6.727415   -0.0000440654
   25.282788     20.182246   -0.0001035303
   25.282788     33.637076   -0.0001218378
   25.282788     47.091907   -0.0000975700
   25.282788     60.546737   -0.0000326088
   25.282788     74.001568    0.0000677364
   25.282788     87.456398    0.0001965942
   25.282788    100.911229    0.0003508289

   32.506442   -100.911229    0.0025201983
   32.506442    -87.456398    0.0021088310
   32.506442    -74.001568    0.0017190470
   32.506442    -60.546737    0.0013453154
   32.506442    -47.091907    0.0009903781
   32.506442    -33.637076    0.0006606615
   32.506442    -20.182246    0.0003640973
   32.506442     -6.727415    0.0001091763
   32.506442      6.727415   -0.0000956205
   32.506442     20.182246   -0.0002425445
   32.506442     33.637076   -0.0003256690
   32.506442     47.091907   -0.0003422315
   32.506442     60.546737   -0.0002937974
   32.506442     74.001568   -0.0001864887
   32.506442     87.456398   -0.0000292003
   32.506442    100.911229    0.0001715949

   39.730095   -100.911229    0.0039776349
   39.730095    -87.456398    0.0033736404
   39.730095    -74.001568    0.0027738840
   39.730095    -60.546737    0.0021911872
   39.730095    -47.091907    0.0016323318
   39.730095    -33.637076    0.0011050412
   39.730095    -20.182246    0.0006200065
   39.730095     -6.727415    0.0001901130
   39.730095      6.727415   -0.0001714887
   39.730095     20.182246   -0.0004533303
   39.730095     33.637076   -0.0006469646
   39.730095     47.091907   -0.0007475782
   39.730095     60.546737   -0.0007542695
   39.730095     74.001568   -0.0006708917
   39.730095     87.456398   -0.0005088721
   39.730095    100.911229   -0.0002939242

   46.953749   -100.911229    0.0057312424
   46.953749    -87.456398    0.0049142581
   46.953749    -74.001568    0.0040694704
   46.953749    -60.546737    0.0032395194
   46.953749    -47.091907    0.0024365378
   46.953749    -33.637076    0.0016686027
   46.953749    -20.182246    0.0009489577
   46.953749     -6.727415    0.0002957129
   46.953749      6.727415   -0.0002721698
   46.953749     20.182246   -0.0007386897
   46.953749     33.637076   -0.0010924041
   46.953749     47.091907   -0.0013256857
   46.953749     60.546737   -0.0014334187
   46.953749     74.001568   -0.0014148031
   46.953749     87.456398   -0.0012838376
   46.953749    100.911229   -0.0010959439

   54.177403   -100.911229    0.0077242532
   54.177403    -87.456398    0.0066479610
   54.177403    -74.001568    0.0055600552
   54.177403    -60.546737    0.0044694342
   54.177403    -47.091907    0.0033903229
   54.177403    -33.637076    0.0023414694
   54.177403    -20.182246    0.0013449064
   54.177403     -6.727415    0.0004243529
   54.177403      6.727415   -0.0003966403
   54.177403     20.182246   -0.0010966771
   54.177403     33.637076   -0.0016584818
   54.177403     47.091907   -0.0020706671
   54.177403     60.546737   -0.0023291032
   54.177403     74.001568   -0.0024376607
   54.177403     87.456398   -0.0024080749
   54.177403    100.911229   -0.0022586547

