  -48.827424   -119.276109    0.0318826711
  -48.827424   -103.372628    0.0302017784
  -48.827424    -87.469147    0.0287709280
  -48.827424    -71.565666    0.0275808832
  -48.827424    -55.662184    0.0266249688
  -48.827424    -39.758703    0.0258991787
  -48.827424    -23.855222    0.0254022607
  -48.827424     -7.951741    0.0251357771
  -48.827424      7.951741    0.0251041420
  -48.827424     23.855222    0.0253146340
  -48.827424     39.758703    0.0257773863
  -48.827424     55.662184    0.0265053520
  -48.827424     71.565666    0.0275142463
  -48.827424     87.469147    0.0288224648
  -48.827424    103.372628    0.0304509780
  -48.827424    119.276109    0.0324232020

  -42.317101   -119.276109    0.0251580465
  -42.317101   -103.372628    0.0235766791
  -42.317101    -87.469147    0.0222356495
  -42.317101    -71.565666    0.0211248967
  -42.317101    -55.662184    0.0202369313
  -42.317101    -39.758703    0.0195669804
  -42.317101    -23.855222    0.0191131042
  -42.317101     -7.951741    0.0188762849
  -42.317101      7.951741    0.0188604874
  -42.317101     23.855222    0.0190726926
  -42.317101     39.758703    0.0195229020
  -42.317101     55.662184    0.0202241151
  -42.317101     71.565666    0.0211922786
  -42.317101     87.469147    0.0224462074
  -42.317101    103.372628    0.0240074783
  -42.317101    119.276109    0.0259002952

  -35.806778   -119.276109    0.0193552541
  -35.806778   -103.372628    0.0178719122
  -35.806778    -87.469147    0.0166186119
  -35.806778    -71.565666    0.0155844296
  -35.806778    -55.662184    0.0147611078
  -35.806778    -39.758703    0.0141432034
  -35.806778    -23.855222    0.0137282093
  -35.806778     -7.951741    0.0135166512
  -35.806778      7.951741    0.0135121580
  -35.806778     23.855222    0.0137215066
  -35.806778     39.758703    0.0141546410
  -35.806778     55.662184    0.0148246660
  -35.806778     71.565666    0.0157478145
  -35.806778     87.469147    0.0169433894
  -35.806778    103.372628    0.0184336798
  -35.806778    119.276109    0.0202438516

  -29.296454   -119.276109    0.0144804500
  -29.296454   -103.372628    0.0130919064
  -29.296454    -87.469147    0.0119225854
  -29.296454    -71.565666    0.0109607943
  -29.296454    -55.662184    0.0101976102
  -29.296454    -39.758703    0.0096270271
  -29.296454    -23.855222    0.0092460798
  -29.296454     -7.951741    0.0090549454
  -29.296454      7.951741    0.0090570203
  -29.296454     23.855222    0.0092589758
  -29.296454     39.758703    0.0096707892
  -29.296454     55.662184    0.0103057523
  -29.296454     71.565666    0.0111804573
  -29.296454     87.469147    0.0123147586
  -29.296454    103.372628    0.0137317123
  -29.296454    119.276109    0.0154574923

  -22.786131   -119.276109    0.0105336099
  -22.786131   -103.372628    0.0092354298
  -22.786131    -87.469147    0.0081453235
  -22.786131    -71.565666    0.0072509780
  -22.786131    -55.662184    0.0065429314
  -22.786131    -39.758703    0.0060147269
  -22.786131    -23.855222    0.0056630444
  -22.786131     -7.951741    0.0054878097
  -22.786131      7.951741    0.0054922813
  -22.786131     23.855222    0.0056831157
  -22.786131     39.758703    0.0060704096
  -22.786131     55.662184    0.0066677207
  -22.786131     71.565666    0.0074920654
  -22.786131     87.469147    0.0085638952
  -22.786131    103.372628    0.0099070499
  -22.786131    119.276109    0.0115486895

  -16.275808   -119.276109    0.0075106057
  -16.275808   -103.372628    0.0062977024
  -16.275808    -87.469147    0.0052816554
  -16.275808    -71.565666    0.0044496854
  -16.275808    -55.662184    0.0037919198
  -16.275808    -39.758703    0.0033015610
  -16.275808    -23.855222    0.0029750306
  -16.275808     -7.951741    0.0028120911
  -16.275808      7.951741    0.0028159448
  -16.275808     23.855222    0.0029933085
  -16.275808     39.758703    0.0033544661
  -16.275808     55.662184    0.0039132977
  -16.275808     71.565666    0.0046872852
  -16.275808     87.469147    0.0056974956
  -16.275808    103.372628    0.0069685404
  -16.275808    119.276109    0.0085285123

   -9.765485   -119.276109    0.0054050069
   -9.765485   -103.372628    0.0042722027
   -9.765485    -87.469147    0.0033252515
   -9.765485    -71.565666    0.0025510398
   -9.765485    -55.662184    0.0019393994
   -9.765485    -39.758703    0.0014832914
   -9.765485    -23.855222    0.0011789668
   -9.765485     -7.951741    0.0010261006
   -9.765485      7.951741    0.0010279028
   -9.765485     23.855222    0.0011912034
   -9.765485     39.758703    0.0015265132
   -9.765485     55.662184    0.0020480599
   -9.765485     71.565666    0.0027737992
   -9.765485     87.469147    0.0037254010
   -9.765485    103.372628    0.0049282114
   -9.765485    119.276109    0.0064111894

   -3.255162   -119.276109    0.0042096060
   -3.255162   -103.372628    0.0031521688
   -3.255162    -87.469147    0.0022700643
   -3.255162    -71.565666    0.0015499431
   -3.255162    -55.662184    0.0009814336
   -3.255162    -39.758703    0.0005573398
   -3.255162    -23.855222    0.0002738135
   -3.255162     -7.951741    0.0001305005
   -3.255162      7.951741    0.0001306607
   -3.255162     23.855222    0.0002812626
   -3.255162     39.758703    0.0005930520
   -3.255162     55.662184    0.0010805941
   -3.255162     71.565666    0.0017622904
   -3.255162     87.469147    0.0026603695
   -3.255162    103.372628    0.0038008517
   -3.255162    119.276109    0.0052134881

    3.255162   -119.276109    0.0039176670
    3.255162   -103.372628    0.0029317956
    3.255162    -87.469147    0.0021114445
    3.255162    -71.565666    0.0014430939
    3.255162    -55.662184    0.0009162358
    3.255162    -39.758703    0.0005235777
    3.255162    -23.855222    0.0002612224
    3.255162     -7.951741    0.0001288205
    3.255162      7.951741    0.0001296976
    3.255162     23.855222    0.0002709568
    3.255162     39.758703    0.0005635535
    3.255162     55.662184    0.0010223465
    3.255162     71.565666    0.0016661220
    3.255162     87.469147    0.0025175923
    3.255162    103.372628    0.0036033690
    3.255162    119.276109    0.0049539101

    9.765485   -119.276109    0.0045238984
    9.765485   -103.372628    0.0036071256
    9.765485    -87.469147    0.0028469312
    9.765485    -71.565666    0.0022296654
    9.765485    -55.662184    0.0017447238
    9.765485    -39.758703    0.0013847520
    9.765485    -23.855222    0.0011458245
    9.765485     -7.951741    0.0010276020
    9.765485      7.951741    0.0010334618
    9.765485     23.855222    0.0011706065
    9.765485     39.758703    0.0014501469
    9.765485     55.662184    0.0018871615
    9.765485     71.565666    0.0025007321
    9.765485     87.469147    0.0033139542
    9.765485    103.372628    0.0043539245
    9.765485    119.276109    0.0056517036

   16.275808   -119.276109    0.0060251499
   16.275808   -103.372628    0.0051766355
   16.275808    -87.469147    0.0044767172
   16.275808    -71.565666    0.0039116403
   16.275808    -55.662184    0.0034707204
   16.275808    -39.758703    0.0031465438
   16.275808    -23.855222    0.0029351464
   16.275808     -7.951741    0.0028361703
   16.275808      7.951741    0.0028529993
   16.275808     23.855222    0.0029928725
   16.275808     39.758703    0.0032669755
   16.275808     55.662184    0.0036905107
   16.275808     71.565666    0.0042827452
   16.275808     87.469147    0.0050670376
   16.275808    103.372628    0.0060708422
   16.275808    119.276109    0.0073256919

   22.786131   -119.276109    0.0084208332
   22.786131   -103.372628    0.0076415171
   22.786131    -87.469147    0.0070037891
   22.786131    -71.565666    0.0064938063
   22.786131    -55.662184    0.0061007978
   22.786131    -39.758703    0.0058172635
   22.786131    -23.855222    0.0056391551
   22.786131     -7.951741    0.0055660354
   22.786131      7.951741    0.0056012190
   22.786131     23.855222    0.0057518933
   22.786131     39.758703    0.0060292187
   22.786131     55.662184    0.0064484101
   22.786131     71.565666    0.0070287983
   22.786131     87.469147    0.0077938710
   22.786131    103.372628    0.0087712952
   22.786131    119.276109    0.0099929185

   29.296454   -119.276109    0.0117130663
   29.296454   -103.372628    0.0110056534
   29.296454    -87.469147    0.0104337418
   29.296454    -71.565666    0.0099834088
   29.296454    -55.662184    0.0096437684
   29.296454    -39.758703    0.0094071791
   29.296454    -23.855222    0.0092694320
   29.296454     -7.951741    0.0092299207
   29.296454      7.951741    0.0092917906
   29.296454     23.855222    0.0094620696
   29.296454     39.758703    0.0097517796
   29.296454     55.662184    0.0101760286
   29.296454     71.565666    0.0107540829
   29.296454     87.469147    0.0115094211
   29.296454    103.372628    0.0124697679
   29.296454    119.276109    0.0136671089

   35.806778   -119.276109    0.0159065420
   35.806778   -103.372628    0.0152752894
   35.806778    -87.469147    0.0147742684
   35.806778    -71.565666    0.0143894627
   35.806778    -55.662184    0.0141098203
   35.806778    -39.758703    0.0139274795
   35.806778    -23.855222    0.0138379746
   35.806778     -7.951741    0.0138404207
   35.806778      7.951741    0.0139376785
   35.806778     23.855222    0.0141364977
   35.806778     39.758703    0.0144476406
   35.806778     55.662184    0.0148859842
   35.806778     71.565666    0.0154706028
   35.806778     87.469147    0.0162248288
   35.806778    103.372628    0.0171762938
   35.806778    119.276109    0.0183569490

   42.317101   -119.276109    0.0210081203
   42.317101   -103.372628    0.0204583981
   42.317101    -87.469147    0.0200343243
   42.317101    -71.565666    0.0197217233
   42.317101    -55.662184    0.0195092974
   42.317101    -39.758703    0.0193888732
   42.317101    -23.855222    0.0193556268
   42.317101     -7.951741    0.0194082856
   42.317101      7.951741    0.0195493096
   42.317101     23.855222    0.0197850495
   42.317101     39.758703    0.0201258835
   42.317101     55.662184    0.0205863314
   42.317101     71.565666    0.0211851473
   42.317101     87.469147    0.0219453897
   42.317101    103.372628    0.0228944702
   42.317101    119.276109    0.0240641794

   48.827424   -119.276109    0.0270261446
   48.827424   -103.372628    0.0265637409
   48.827424    -87.469147    0.0262229664
   48.827424    -71.565666    0.0259893153
   48.827424    -55.662184    0.0258511251
   48.827424    -39.758703    0.0257998205
   48.827424    -23.855222    0.0258301386
   48.827424     -7.951741    0.0259403357
   48.827424      7.951741    0.0261323760
   48.827424     23.855222    0.0264121004
   48.827424     39.758703    0.0267893776
   48.827424     55.662184    0.0272782366
   48.827424     71.565666    0.0278969799
   48.827424     87.469147    0.0286682784
   48.827424    103.372628    0.0296192480
   48.827424    119.276109    0.0307815070

