  -25.746645    -44.766107    0.1452436445
  -25.746645    -40.053885    0.1322250293
  -25.746645    -35.341663    0.1197404521
  -25.746645    -30.629441    0.1079177207
  -25.746645    -25.917220    0.0969076947
  -25.746645    -21.204998    0.0868874822
  -25.746645    -16.492776    0.0780645809
  -25.746645    -11.780554    0.0706819348
  -25.746645     -7.068333    0.0650239669
  -25.746645     -2.356111    0.0614237412
  -25.746645      2.356111    0.0602714967
  -25.746645      7.068333    0.0620248891
  -25.746645     11.780554    0.0672213639
  -25.746645     16.492776    0.0764931790
  -25.746645     21.204998    0.0905856836
  -25.746645     25.917220    0.1103795522

  -21.065436    -44.766107    0.1161974616
  -21.065436    -40.053885    0.1038832793
  -21.065436    -35.341663    0.0920814403
  -21.065436    -30.629441    0.0809191316
  -21.065436    -25.917220    0.0705456912
  -21.065436    -21.204998    0.0611362449
  -21.065436    -16.492776    0.0528959988
  -21.065436    -11.780554    0.0460652776
  -21.065436     -7.068333    0.0409254540
  -21.065436     -2.356111    0.0378059854
  -21.065436      2.356111    0.0370928297
  -21.065436      7.068333    0.0392385793
  -21.065436     11.780554    0.0447747142
  -21.065436     16.492776    0.0543264363
  -21.065436     21.204998    0.0686306114
  -21.065436     25.917220    0.0885574078

  -16.384228    -44.766107    0.0952895605
  -16.384228    -40.053885    0.0835356011
  -16.384228    -35.341663    0.0722764890
  -16.384228    -30.629441    0.0616367799
  -16.384228    -25.917220    0.0517640585
  -16.384228    -21.204998    0.0428316985
  -16.384228    -16.492776    0.0350427708
  -16.384228    -11.780554    0.0286349697
  -16.384228     -7.068333    0.0238865429
  -16.384228     -2.356111    0.0211233177
  -16.384228      2.356111    0.0207270326
  -16.384228      7.068333    0.0231452921
  -16.384228     11.780554    0.0289035758
  -16.384228     16.492776    0.0386198442
  -16.384228     21.204998    0.0530223950
  -16.384228     25.917220    0.0729717380

  -11.703020    -44.766107    0.0809990515
  -11.703020    -40.053885    0.0696877708
  -11.703020    -35.341663    0.0588545027
  -11.703020    -30.629441    0.0486225813
  -11.703020    -25.917220    0.0391379373
  -11.703020    -21.204998    0.0305719775
  -11.703020    -16.492776    0.0231255054
  -11.703020    -11.780554    0.0170335944
  -11.703020     -7.068333    0.0125714290
  -11.703020     -2.356111    0.0100612288
  -11.703020      2.356111    0.0098804696
  -11.703020      7.068333    0.0124717201
  -11.703020     11.780554    0.0183545105
  -11.703020     16.492776    0.0281397516
  -11.703020     21.204998    0.0425473240
  -11.703020     25.917220    0.0624275567

   -7.021812    -44.766107    0.0720710607
   -7.021812    -40.053885    0.0611042045
   -7.021812    -35.341663    0.0505996636
   -7.021812    -30.629441    0.0406800228
   -7.021812    -25.917220    0.0314896001
   -7.021812    -21.204998    0.0231977677
   -7.021812    -16.492776    0.0160030169
   -7.021812    -11.780554    0.0101378002
   -7.021812     -7.068333    0.0058742604
   -7.021812     -2.356111    0.0035310232
   -7.021812      2.356111    0.0034813023
   -7.021812      7.068333    0.0061626368
   -7.021812     11.780554    0.0120886518
   -7.021812     16.492776    0.0218633028
   -7.021812     21.204998    0.0361981369
   -7.021812     25.917220    0.0559331729

   -2.340604    -44.766107    0.0674666765
   -2.340604    -40.053885    0.0567614401
   -2.340604    -35.341663    0.0465046008
   -2.340604    -30.629441    0.0368174310
   -2.340604    -25.917220    0.0278425969
   -2.340604    -21.204998    0.0197475213
   -2.340604    -16.492776    0.0127284341
   -2.340604    -11.780554    0.0070151636
   -2.340604     -7.068333    0.0028767921
   -2.340604     -2.356111    0.0006283572
   -2.340604      2.356111    0.0006388532
   -2.340604      7.068333    0.0033408461
   -2.340604     11.780554    0.0092420847
   -2.340604     16.492776    0.0189395545
   -2.340604     21.204998    0.0331364853
   -2.340604     25.917220    0.0526628908

    2.340604    -44.766107    0.0663229561
    2.340604    -40.053885    0.0558095595
    2.340604    -35.341663    0.0457322118
    2.340604    -30.629441    0.0362102878
    2.340604    -25.917220    0.0273847623
    2.340604    -21.204998    0.0194212002
    2.340604    -16.492776    0.0125136287
    2.340604    -11.780554    0.0068892563
    2.340604     -7.068333    0.0028140911
    2.340604     -2.356111    0.0005995935
    2.340604      2.356111    0.0006105846
    2.340604      7.068333    0.0032747157
    2.340604     11.780554    0.0090938893
    2.340604     16.492776    0.0186581069
    2.340604     21.204998    0.0326623035
    2.340604     25.917220    0.0519268141

    7.021812    -44.766107    0.0679209660
    7.021812    -40.053885    0.0575405587
    7.021812    -35.341663    0.0475847204
    7.021812    -30.629441    0.0381709220
    7.021812    -25.917220    0.0294384538
    7.021812    -21.204998    0.0215510352
    7.021812    -16.492776    0.0147005044
    7.021812    -11.780554    0.0091114649
    7.021812     -7.068333    0.0050468689
    7.021812     -2.356111    0.0028146219
    7.021812      2.356111    0.0027754000
    7.021812      7.068333    0.0053519741
    7.021812     11.780554    0.0110404423
    7.021812     16.492776    0.0204238742
    7.021812     21.204998    0.0341889790
    7.021812     25.917220    0.0531465103

   11.703020    -44.766107    0.0716601456
   11.703020    -40.053885    0.0613627056
   11.703020    -35.341663    0.0514787151
   11.703020    -30.629441    0.0421241366
   11.703020    -25.917220    0.0334366167
   11.703020    -21.204998    0.0255779854
   11.703020    -16.492776    0.0187378734
   11.703020    -11.780554    0.0131383017
   11.703020     -7.068333    0.0090392061
   11.703020     -2.356111    0.0067449684
   11.703020      2.356111    0.0066121364
   11.703020      7.068333    0.0090586210
   11.703020     11.780554    0.0145747681
   11.703020     16.492776    0.0237368148
   11.703020     21.204998    0.0372233423
   11.703020     25.917220    0.0558354536

   16.384228    -44.766107    0.0770375978
   16.384228    -40.053885    0.0667799655
   16.384228    -35.341663    0.0569250637
   16.384228    -30.629441    0.0475875642
   16.384228    -25.917220    0.0389034952
   16.384228    -21.204998    0.0310327798
   16.384228    -16.492776    0.0241628395
   16.384228    -11.780554    0.0185131350
   16.384228     -7.068333    0.0143406194
   16.384228     -2.356111    0.0119461831
   16.384228      2.356111    0.0116822731
   16.384228      7.068333    0.0139619723
   16.384228     11.780554    0.0192699293
   16.384228     16.492776    0.0281756311
   16.384228     21.204998    0.0413496168
   16.384228     25.917220    0.0595833306

   21.065436    -44.766107    0.0836312269
   21.065436    -40.053885    0.0733756115
   21.065436    -35.341663    0.0635127617
   21.065436    -30.629441    0.0541557708
   21.065436    -25.917220    0.0454390336
   21.065436    -21.204998    0.0375206212
   21.065436    -16.492776    0.0305857890
   21.065436    -11.780554    0.0248514568
   21.065436     -7.068333    0.0205716090
   21.065436     -2.356111    0.0180436721
   21.065436      2.356111    0.0176160412
   21.065436      7.068333    0.0196970310
   21.065436     11.780554    0.0247656432
   21.065436     16.492776    0.0333846484
   21.065436     21.204998    0.0462165937
   21.065436     25.917220    0.0640434535

   25.746645    -44.766107    0.0910859577
   25.746645    -40.053885    0.0807991725
   25.746645    -35.341663    0.0708959246
   25.746645    -30.629441    0.0614873650
   25.746645    -25.917220    0.0527062367
   25.746645    -21.204998    0.0447088279
   25.746645    -16.492776    0.0376782819
   25.746645    -11.780554    0.0318290000
   25.746645     -7.068333    0.0274120100
   25.746645     -2.356111    0.0247213038
   25.746645      2.356111    0.0241012779
   25.746645      7.068333    0.0259555445
   25.746645     11.780554    0.0307575124
   25.746645     16.492776    0.0390632678
   25.746645     21.204998    0.0515274179
   25.746645     25.917220    0.0689226922

   30.427853    -44.766107    0.0991025867
   30.427853    -40.053885    0.0887559104
   30.427853    -35.341663    0.0787832909
   30.427853    -30.629441    0.0692945940
   30.427853    -25.917220    0.0604209804
   30.427853    -21.204998    0.0523168885
   30.427853    -16.492776    0.0451633223
   30.427853    -11.780554    0.0391722017
   30.427853     -7.068333    0.0345916596
   30.427853     -2.356111    0.0317122964
   30.427853      2.356111    0.0308745268
   30.427853      7.068333    0.0324772817
   30.427853     11.780554    0.0369884518
   30.427853     16.492776    0.0449575880
   30.427853     21.204998    0.0570314968
   30.427853     25.917220    0.0739734973

   35.109061    -44.766107    0.1074291296
   35.109061    -40.053885    0.0969980549
   35.109061    -35.341663    0.0869297631
   35.109061    -30.629441    0.0773351449
   35.109061    -25.917220    0.0683439920
   35.109061    -21.204998    0.0601086008
   35.109061    -16.492776    0.0528076736
   35.109061    -11.780554    0.0466507068
   35.109061     -7.068333    0.0418830766
   35.109061     -2.356111    0.0387920593
   35.109061      2.356111    0.0377140457
   35.109061      7.068333    0.0390432319
   35.109061     11.780554    0.0432420945
   35.109061     16.492776    0.0508539800
   35.109061     21.204998    0.0625181632
   35.109061     25.917220    0.0789877522

   39.790269    -44.766107    0.1158548462
   39.790269    -40.053885    0.1053170606
   39.790269    -35.341663    0.0951296637
   39.790269    -30.629441    0.0854060983
   39.790269    -25.917220    0.0762749404
   39.790269    -21.204998    0.0678861637
   39.790269    -16.492776    0.0604160729
   39.790269    -11.780554    0.0540717898
   39.790269     -7.068333    0.0490960391
   39.790269     -2.356111    0.0457728360
   39.790269      2.356111    0.0444345401
   39.790269      7.068333    0.0454705982
   39.790269     11.780554    0.0493381577
   39.790269     16.492776    0.0565745939
   39.790269     21.204998    0.0678118502
   39.790269     25.917220    0.0837923538

   44.471477    -44.766107    0.1242074385
   44.471477    -40.053885    0.1135361904
   44.471477    -35.341663    0.1032115468
   44.471477    -30.629441    0.0933402119
   44.471477    -25.917220    0.0840488019
   44.471477    -21.204998    0.0754862895
   44.471477    -16.492776    0.0678273867
   44.471477    -11.780554    0.0612767684
   44.471477     -7.068333    0.0560741305
   44.471477     -2.356111    0.0525001623
   44.471477      2.356111    0.0508836015
   44.471477      7.068333    0.0516096290
   44.471477     11.780554    0.0551299460
   44.471477     16.492776    0.0619749683
   44.471477     21.204998    0.0727686556
   44.471477     25.917220    0.0882465866

