  -55.127356   -100.911229    0.0284453327
  -55.127356    -87.456398    0.0255732505
  -55.127356    -74.001568    0.0234441295
  -55.127356    -60.546737    0.0219204609
  -55.127356    -47.091907    0.0208752305
  -55.127356    -33.637076    0.0201975073
  -55.127356    -20.182246    0.0197981022
  -55.127356     -6.727415    0.0196145046
  -55.127356      6.727415    0.0196145046
  -55.127356     20.182246    0.0197981022
  -55.127356     33.637076    0.0201975073
  -55.127356     47.091907    0.0208752305
  -55.127356     60.546737    0.0219204609
  -55.127356     74.001568    0.0234441295
  -55.127356     87.456398    0.0255732505
  -55.127356    100.911229    0.0284453327

  -47.777042   -100.911229    0.0226166582
  -47.777042    -87.456398    0.0197754565
  -47.777042    -74.001568    0.0177428494
  -47.777042    -60.546737    0.0162930708
  -47.777042    -47.091907    0.0152943793
  -47.777042    -33.637076    0.0146488367
  -47.777042    -20.182246    0.0142735910
  -47.777042     -6.727415    0.0141040220
  -47.777042      6.727415    0.0141040220
  -47.777042     20.182246    0.0142735910
  -47.777042     33.637076    0.0146488367
  -47.777042     47.091907    0.0152943793
  -47.777042     60.546737    0.0162930708
  -47.777042     74.001568    0.0177428494
  -47.777042     87.456398    0.0197754565
  -47.777042    100.911229    0.0226166582

  -40.426728   -100.911229    0.0177733035
  -40.426728    -87.456398    0.0150565695
  -40.426728    -74.001568    0.0130861981
  -40.426728    -60.546737    0.0116979833
  -40.426728    -47.091907    0.0107610431
  -40.426728    -33.637076    0.0101657766
  -40.426728    -20.182246    0.0098230240
  -40.426728     -6.727415    0.0096685660
  -40.426728      6.727415    0.0096685660
  -40.426728     20.182246    0.0098230240
  -40.426728     33.637076    0.0101657766
  -40.426728     47.091907    0.0107610431
  -40.426728     60.546737    0.0116979833
  -40.426728     74.001568    0.0130861981
  -40.426728     87.456398    0.0150565695
  -40.426728    100.911229    0.0177733035

  -33.076414   -100.911229    0.0138604728
  -33.076414    -87.456398    0.0112649460
  -33.076414    -74.001568    0.0093765708
  -33.076414    -60.546737    0.0080637077
  -33.076414    -47.091907    0.0071950300
  -33.076414    -33.637076    0.0066538108
  -33.076414    -20.182246    0.0063468619
  -33.076414     -6.727415    0.0062097861
  -33.076414      6.727415    0.0062097861
  -33.076414     20.182246    0.0063468619
  -33.076414     33.637076    0.0066538108
  -33.076414     47.091907    0.0071950300
  -33.076414     60.546737    0.0080637077
  -33.076414     74.001568    0.0093765708
  -33.076414     87.456398    0.0112649460
  -33.076414    100.911229    0.0138604728

  -25.726100   -100.911229    0.0108205098
  -25.726100    -87.456398    0.0083277603
  -25.726100    -74.001568    0.0065335913
  -25.726100    -60.546737    0.0053024680
  -25.726100    -47.091907    0.0045011844
  -25.726100    -33.637076    0.0040118048
  -25.726100    -20.182246    0.0037401271
  -25.726100     -6.727415    0.0036209265
  -25.726100      6.727415    0.0036209265
  -25.726100     20.182246    0.0037401271
  -25.726100     33.637076    0.0040118048
  -25.726100     47.091907    0.0045011844
  -25.726100     60.546737    0.0053024680
  -25.726100     74.001568    0.0065335913
  -25.726100     87.456398    0.0083277603
  -25.726100    100.911229    0.0108205098

  -18.375785   -100.911229    0.0085980954
  -18.375785    -87.456398    0.0061917896
  -18.375785    -74.001568    0.0044832186
  -18.375785    -60.546737    0.0033255006
  -18.375785    -47.091907    0.0025834459
  -18.375785    -33.637076    0.0021393164
  -18.375785    -20.182246    0.0018986495
  -18.375785     -6.727415    0.0017953343
  -18.375785      6.727415    0.0017953343
  -18.375785     20.182246    0.0018986495
  -18.375785     33.637076    0.0021393164
  -18.375785     47.091907    0.0025834459
  -18.375785     60.546737    0.0033255006
  -18.375785     74.001568    0.0044832186
  -18.375785     87.456398    0.0061917896
  -18.375785    100.911229    0.0085980954

  -11.025471   -100.911229    0.0071457498
  -11.025471    -87.456398    0.0048060519
  -11.025471    -74.001568    0.0031594020
  -11.025471    -60.546737    0.0020553770
  -11.025471    -47.091907    0.0013574901
  -11.025471    -33.637076    0.0009473354
  -11.025471    -20.182246    0.0007298324
  -11.025471     -6.727415    0.0006382839
  -11.025471      6.727415    0.0006382839
  -11.025471     20.182246    0.0007298324
  -11.025471     33.637076    0.0009473354
  -11.025471     47.091907    0.0013574901
  -11.025471     60.546737    0.0020553770
  -11.025471     74.001568    0.0031594020
  -11.025471     87.456398    0.0048060519
  -11.025471    100.911229    0.0071457498

   -3.675157   -100.911229    0.0064287433
   -3.675157    -87.456398    0.0041262885
   -3.675157    -74.001568    0.0025113701
   -3.675157    -60.546737    0.0014352947
   -3.675157    -47.091907    0.0007610213
   -3.675157    -33.637076    0.0003691930
   -3.675157    -20.182246    0.0001640934
   -3.675157     -6.727415    0.0000787713
   -3.675157      6.727415    0.0000787713
   -3.675157     20.182246    0.0001640934
   -3.675157     33.637076    0.0003691930
   -3.675157     47.091907    0.0007610213
   -3.675157     60.546737    0.0014352947
   -3.675157     74.001568    0.0025113701
   -3.675157     87.456398    0.0041262885
   -3.675157    100.911229    0.0064287433

    3.675157   -100.911229    0.0064287433
    3.675157    -87.456398    0.0041262885
    3.675157    -74.001568    0.0025113701
    3.675157    -60.546737    0.0014352947
    3.675157    -47.091907    0.0007610213
    3.675157    -33.637076    0.0003691930
    3.675157    -20.182246    0.0001640934
    3.675157     -6.727415    0.0000787713
    3.675157      6.727415    0.0000787713
    3.675157     20.182246    0.0001640934
    3.675157     33.637076    0.0003691930
    3.675157     47.091907    0.0007610213
    3.675157     60.546737    0.0014352947
    3.675157     74.001568    0.0025113701
    3.675157     87.456398    0.0041262885
    3.675157    100.911229    0.0064287433

   11.025471   -100.911229    0.0071457498
   11.025471    -87.456398    0.0048060519
   11.025471    -74.001568    0.0031594020
   11.025471    -60.546737    0.0020553770
   11.025471    -47.091907    0.0013574901
   11.025471    -33.637076    0.0009473354
   11.025471    -20.182246    0.0007298324
   11.025471     -6.727415    0.0006382839
   11.025471      6.727415    0.0006382839
   11.025471     20.182246    0.0007298324
   11.025471     33.637076    0.0009473354
   11.025471     47.091907    0.0013574901
   11.025471     60.546737    0.0020553770
   11.025471     74.001568    0.0031594020
   11.025471     87.456398    0.0048060519
   11.025471    100.911229    0.0071457498

   18.375785   -100.911229    0.0085980954
   18.375785    -87.456398    0.0061917896
   18.375785    -74.001568    0.0044832186
   18.375785    -60.546737    0.0033255006
   18.375785    -47.091907    0.0025834459
   18.375785    -33.637076    0.0021393164
   18.375785    -20.182246    0.0018986495
   18.375785     -6.727415    0.0017953343
   18.375785      6.727415    0.0017953343
   18.375785     20.182246    0.0018986495
   18.375785     33.637076    0.0021393164
   18.375785     47.091907    0.0025834459
   18.375785     60.546737    0.0033255006
   18.375785     74.001568    0.0044832186
   18.375785     87.456398    0.0061917896
   18.375785    100.911229    0.0085980954

   25.726100   -100.911229    0.0108205098
   25.726100    -87.456398    0.0083277603
   25.726100    -74.001568    0.0065335913
   25.726100    -60.546737    0.0053024680
   25.726100    -47.091907    0.0045011844
   25.726100    -33.637076    0.0040118048
   25.726100    -20.182246    0.0037401271
   25.726100     -6.727415    0.0036209265
   25.726100      6.727415    0.0036209265
   25.726100     20.182246    0.0037401271
   25.726100     33.637076    0.0040118048
   25.726100     47.091907    0.0045011844
   25.726100     60.546737    0.0053024680
   25.726100     74.001568    0.0065335913
   25.726100     87.456398    0.0083277603
   25.726100    100.911229    0.0108205098

   33.076414   -100.911229    0.0138604728
   33.076414    -87.456398    0.0112649460
   33.076414    -74.001568    0.0093765708
   33.076414    -60.546737    0.0080637077
   33.076414    -47.091907    0.0071950300
   33.076414    -33.637076    0.0066538108
   33.076414    -20.182246    0.0063468619
   33.076414     -6.727415    0.0062097861
   33.076414      6.727415    0.0062097861
   33.076414     20.182246    0.0063468619
   33.076414     33.637076    0.0066538108
   33.076414     47.091907    0.0071950300
   33.076414     60.546737    0.0080637077
   33.076414     74.001568    0.0093765708
   33.076414     87.456398    0.0112649460
   33.076414    100.911229    0.0138604728

   40.426728   -100.911229    0.0177733035
   40.426728    -87.456398    0.0150565695
   40.426728    -74.001568    0.0130861981
   40.426728    -60.546737    0.0116979833
   40.426728    -47.091907    0.0107610431
   40.426728    -33.637076    0.0101657766
   40.426728    -20.182246    0.0098230240
   40.426728     -6.727415    0.0096685660
   40.426728      6.727415    0.0096685660
   40.426728     20.182246    0.0098230240
   40.426728     33.637076    0.0101657766
   40.426728     47.091907    0.0107610431
   40.426728     60.546737    0.0116979833
   40.426728     74.001568    0.0130861981
   40.426728     87.456398    0.0150565695
   40.426728    100.911229    0.0177733035

   47.777042   -100.911229    0.0226166582
   47.777042    -87.456398    0.0197754565
   47.777042    -74.001568    0.0177428494
   47.777042    -60.546737    0.0162930708
   47.777042    -47.091907    0.0152943793
   47.777042    -33.637076    0.0146488367
   47.777042    -20.182246    0.0142735910
   47.777042     -6.727415    0.0141040220
   47.777042      6.727415    0.0141040220
   47.777042     20.182246    0.0142735910
   47.777042     33.637076    0.0146488367
   47.777042     47.091907    0.0152943793
   47.777042     60.546737    0.0162930708
   47.777042     74.001568    0.0177428494
   47.777042     87.456398    0.0197754565
   47.777042    100.911229    0.0226166582

   55.127356   -100.911229    0.0284453327
   55.127356    -87.456398    0.0255732505
   55.127356    -74.001568    0.0234441295
   55.127356    -60.546737    0.0219204609
   55.127356    -47.091907    0.0208752305
   55.127356    -33.637076    0.0201975073
   55.127356    -20.182246    0.0197981022
   55.127356     -6.727415    0.0196145046
   55.127356      6.727415    0.0196145046
   55.127356     20.182246    0.0197981022
   55.127356     33.637076    0.0201975073
   55.127356     47.091907    0.0208752305
   55.127356     60.546737    0.0219204609
   55.127356     74.001568    0.0234441295
   55.127356     87.456398    0.0255732505
   55.127356    100.911229    0.0284453327

