  -50.614883   -136.038482    0.0275963488
  -50.614883   -117.900018    0.0261653739
  -50.614883    -99.761554    0.0250863411
  -50.614883    -81.623089    0.0242775153
  -50.614883    -63.484625    0.0236723494
  -50.614883    -45.346161    0.0232204170
  -50.614883    -27.207696    0.0228882069
  -50.614883     -9.069232    0.0226596153
  -50.614883      9.069232    0.0225360126
  -50.614883     27.207696    0.0225358031
  -50.614883     45.346161    0.0226934363
  -50.614883     63.484625    0.0230578701
  -50.614883     81.623089    0.0236905268
  -50.614883     99.761554    0.0246628234
  -50.614883    117.900018    0.0260534004
  -50.614883    136.038482    0.0279452112

  -43.866232   -136.038482    0.0212851218
  -43.866232   -117.900018    0.0199375661
  -43.866232    -99.761554    0.0189463792
  -43.866232    -81.623089    0.0182265116
  -43.866232    -63.484625    0.0177077390
  -43.866232    -45.346161    0.0173358585
  -43.866232    -27.207696    0.0170737143
  -43.866232     -9.069232    0.0169018902
  -43.866232      9.069232    0.0168189450
  -43.866232     27.207696    0.0168411093
  -43.866232     45.346161    0.0170014023
  -43.866232     63.484625    0.0173481697
  -43.866232     81.623089    0.0179430819
  -43.866232     99.761554    0.0188586757
  -43.866232    117.900018    0.0201755629
  -43.866232    136.038482    0.0219794682

  -37.117581   -136.038482    0.0159453551
  -37.117581   -117.900018    0.0146644244
  -37.117581    -99.761554    0.0137448218
  -37.117581    -81.623089    0.0130985883
  -37.117581    -63.484625    0.0126521380
  -37.117581    -45.346161    0.0123477125
  -37.117581    -27.207696    0.0121446372
  -37.117581     -9.069232    0.0120202160
  -37.117581      9.069232    0.0119701395
  -37.117581     27.207696    0.0120083271
  -37.117581     45.346161    0.0121661603
  -37.117581     63.484625    0.0124911082
  -37.117581     81.623089    0.0130447857
  -37.117581     99.761554    0.0139005261
  -37.117581    117.900018    0.0151405921
  -37.117581    136.038482    0.0168531880

  -30.368930   -136.038482    0.0115722472
  -30.368930   -117.900018    0.0103389048
  -30.368930    -99.761554    0.0094724499
  -30.368930    -81.623089    0.0088824643
  -30.368930    -63.484625    0.0084923638
  -30.368930    -45.346161    0.0082411054
  -30.368930    -27.207696    0.0080846707
  -30.368930     -9.069232    0.0079971611
  -30.368930      9.069232    0.0079713836
  -30.368930     27.207696    0.0080188436
  -30.368930     45.346161    0.0081691038
  -30.368930     63.484625    0.0084685110
  -30.368930     81.623089    0.0089783291
  -30.368930     99.761554    0.0097723622
  -30.368930    117.900018    0.0109341906
  -30.368930    136.038482    0.0125541824

  -23.620279   -136.038482    0.0081515927
  -23.620279   -117.900018    0.0069454140
  -23.620279    -99.761554    0.0061123886
  -23.620279    -81.623089    0.0055601228
  -23.620279    -63.484625    0.0052094403
  -23.620279    -45.346161    0.0049963302
  -23.620279    -27.207696    0.0048736496
  -23.620279     -9.069232    0.0048124179
  -23.620279      9.069232    0.0048025786
  -23.620279     27.207696    0.0048531478
  -23.620279     45.346161    0.0049917072
  -23.620279     63.484625    0.0052632426
  -23.620279     81.623089    0.0057283684
  -23.620279     99.761554    0.0064610201
  -23.620279    117.900018    0.0075457383
  -23.620279    136.038482    0.0090747065

  -16.871628   -136.038482    0.0056631666
  -16.871628   -117.900018    0.0044632198
  -16.871628    -99.761554    0.0036435194
  -16.871628    -81.623089    0.0031102033
  -16.871628    -63.484625    0.0027819419
  -16.871628    -45.346161    0.0025921111
  -16.871628    -27.207696    0.0024907031
  -16.871628     -9.069232    0.0024458117
  -16.871628      9.069232    0.0024445681
  -16.871628     27.207696    0.0024934462
  -16.871628     45.346161    0.0026178965
  -16.871628     63.484625    0.0028613071
  -16.871628     81.623089    0.0032833351
  -16.871628     99.761554    0.0039576879
  -16.871628    117.900018    0.0049694796
  -16.871628    136.038482    0.0064123251

  -10.122977   -136.038482    0.0040836832
  -10.122977   -117.900018    0.0028694011
  -10.122977    -99.761554    0.0020434020
  -10.122977    -81.623089    0.0015108724
  -10.122977    -63.484625    0.0011887909
  -10.122977    -45.346161    0.0010083045
  -10.122977    -27.207696    0.0009168314
  -10.122977     -9.069232    0.0008797262
  -10.122977      9.069232    0.0008813837
  -10.122977     27.207696    0.0009257015
  -10.122977     45.346161    0.0010358575
  -10.122977     63.484625    0.0012534052
  -10.122977     81.623089    0.0016367251
  -10.122977     99.761554    0.0022589165
  -10.122977    117.900018    0.0032052513
  -10.122977    136.038482    0.0045703537

   -3.374326   -136.038482    0.0033893296
   -3.374326   -117.900018    0.0021413395
   -3.374326    -99.761554    0.0012907043
   -3.374326    -81.623089    0.0007421756
   -3.374326    -63.484625    0.0004115127
   -3.374326    -45.346161    0.0002280372
   -3.374326    -27.207696    0.0001369063
   -3.374326     -9.069232    0.0001009444
   -3.374326      9.069232    0.0001019065
   -3.374326     27.207696    0.0001410939
   -3.374326     45.346161    0.0002392798
   -3.374326     63.484625    0.0004359455
   -3.374326     81.623089    0.0007878678
   -3.374326     99.761554    0.0013671402
   -3.374326    117.900018    0.0022587498
   -3.374326    136.038482    0.0035578749

    3.374326   -136.038482    0.0035578749
    3.374326   -117.900018    0.0022587498
    3.374326    -99.761554    0.0013671402
    3.374326    -81.623089    0.0007878678
    3.374326    -63.484625    0.0004359455
    3.374326    -45.346161    0.0002392798
    3.374326    -27.207696    0.0001410939
    3.374326     -9.069232    0.0001019065
    3.374326      9.069232    0.0001009444
    3.374326     27.207696    0.0001369063
    3.374326     45.346161    0.0002280372
    3.374326     63.484625    0.0004115127
    3.374326     81.623089    0.0007421756
    3.374326     99.761554    0.0012907043
    3.374326    117.900018    0.0021413395
    3.374326    136.038482    0.0033893296

   10.122977   -136.038482    0.0045703537
   10.122977   -117.900018    0.0032052513
   10.122977    -99.761554    0.0022589165
   10.122977    -81.623089    0.0016367251
   10.122977    -63.484625    0.0012534052
   10.122977    -45.346161    0.0010358575
   10.122977    -27.207696    0.0009257015
   10.122977     -9.069232    0.0008813837
   10.122977      9.069232    0.0008797262
   10.122977     27.207696    0.0009168314
   10.122977     45.346161    0.0010083045
   10.122977     63.484625    0.0011887909
   10.122977     81.623089    0.0015108724
   10.122977     99.761554    0.0020434020
   10.122977    117.900018    0.0028694011
   10.122977    136.038482    0.0040836832

   16.871628   -136.038482    0.0064123251
   16.871628   -117.900018    0.0049694796
   16.871628    -99.761554    0.0039576879
   16.871628    -81.623089    0.0032833351
   16.871628    -63.484625    0.0028613071
   16.871628    -45.346161    0.0026178965
   16.871628    -27.207696    0.0024934462
   16.871628     -9.069232    0.0024445681
   16.871628      9.069232    0.0024458117
   16.871628     27.207696    0.0024907031
   16.871628     45.346161    0.0025921111
   16.871628     63.484625    0.0027819419
   16.871628     81.623089    0.0031102033
   16.871628     99.761554    0.0036435194
   16.871628    117.900018    0.0044632198
   16.871628    136.038482    0.0056631666

   23.620279   -136.038482    0.0090747065
   23.620279   -117.900018    0.0075457383
   23.620279    -99.761554    0.0064610201
   23.620279    -81.623089    0.0057283684
   23.620279    -63.484625    0.0052632426
   23.620279    -45.346161    0.0049917072
   23.620279    -27.207696    0.0048531478
   23.620279     -9.069232    0.0048025786
   23.620279      9.069232    0.0048124179
   23.620279     27.207696    0.0048736496
   23.620279     45.346161    0.0049963302
   23.620279     63.484625    0.0052094403
   23.620279     81.623089    0.0055601228
   23.620279     99.761554    0.0061123886
   23.620279    117.900018    0.0069454140
   23.620279    136.038482    0.0081515927

   30.368930   -136.038482    0.0125541824
   30.368930   -117.900018    0.0109341906
   30.368930    -99.761554    0.0097723622
   30.368930    -81.623089    0.0089783291
   30.368930    -63.484625    0.0084685110
   30.368930    -45.346161    0.0081691038
   30.368930    -27.207696    0.0080188436
   30.368930     -9.069232    0.0079713836
   30.368930      9.069232    0.0079971611
   30.368930     27.207696    0.0080846707
   30.368930     45.346161    0.0082411054
   30.368930     63.484625    0.0084923638
   30.368930     81.623089    0.0088824643
   30.368930     99.761554    0.0094724499
   30.368930    117.900018    0.0103389048
   30.368930    136.038482    0.0115722472

   37.117581   -136.038482    0.0168531880
   37.117581   -117.900018    0.0151405921
   37.117581    -99.761554    0.0139005261
   37.117581    -81.623089    0.0130447857
   37.117581    -63.484625    0.0124911082
   37.117581    -45.346161    0.0121661603
   37.117581    -27.207696    0.0120083271
   37.117581     -9.069232    0.0119701395
   37.117581      9.069232    0.0120202160
   37.117581     27.207696    0.0121446372
   37.117581     45.346161    0.0123477125
   37.117581     63.484625    0.0126521380
   37.117581     81.623089    0.0130985883
   37.117581     99.761554    0.0137448218
   37.117581    117.900018    0.0146644244
   37.117581    136.038482    0.0159453551

   43.866232   -136.038482    0.0219794682
   43.866232   -117.900018    0.0201755629
   43.866232    -99.761554    0.0188586757
   43.866232    -81.623089    0.0179430819
   43.866232    -63.484625    0.0173481697
   43.866232    -45.346161    0.0170014023
   43.866232    -27.207696    0.0168411093
   43.866232     -9.069232    0.0168189450
   43.866232      9.069232    0.0169018902
   43.866232     27.207696    0.0170737143
   43.866232     45.346161    0.0173358585
   43.866232     63.484625    0.0177077390
   43.866232     81.623089    0.0182265116
   43.866232     99.761554    0.0189463792
   43.866232    117.900018    0.0199375661
   43.866232    136.038482    0.0212851218

   50.614883   -136.038482    0.0279452112
   50.614883   -117.900018    0.0260534004
   50.614883    -99.761554    0.0246628234
   50.614883    -81.623089    0.0236905268
   50.614883    -63.484625    0.0230578701
   50.614883    -45.346161    0.0226934363
   50.614883    -27.207696    0.0225358031
   50.614883     -9.069232    0.0225360126
   50.614883      9.069232    0.0226596153
   50.614883     27.207696    0.0228882069
   50.614883     45.346161    0.0232204170
   50.614883     63.484625    0.0236723494
   50.614883     81.623089    0.0242775153
   50.614883     99.761554    0.0250863411
   50.614883    117.900018    0.0261653739
   50.614883    136.038482    0.0275963488

