  -38.681015    -48.827424    0.0739283047
  -38.681015    -42.317101    0.0678528650
  -38.681015    -35.806778    0.0626537190
  -38.681015    -29.296454    0.0583325858
  -38.681015    -22.786131    0.0548911020
  -38.681015    -16.275808    0.0523318444
  -38.681015     -9.765485    0.0506590554
  -38.681015     -3.255162    0.0498790739
  -38.681015      3.255162    0.0500004685
  -38.681015      9.765485    0.0510338758
  -38.681015     16.275808    0.0529915415
  -38.681015     22.786131    0.0558865666
  -38.681015     29.296454    0.0597318560
  -38.681015     35.806778    0.0645387723
  -38.681015     42.317101    0.0703154926
  -38.681015     48.827424    0.0770650698

  -33.523546    -48.827424    0.0614077142
  -33.523546    -42.317101    0.0552888280
  -33.523546    -35.806778    0.0500514079
  -33.523546    -29.296454    0.0456962487
  -33.523546    -22.786131    0.0422238224
  -33.523546    -16.275808    0.0396354343
  -33.523546     -9.765485    0.0379340633
  -33.523546     -3.255162    0.0371248875
  -33.523546      3.255162    0.0372154937
  -33.523546      9.765485    0.0382157718
  -33.523546     16.275808    0.0401374931
  -33.523546     22.786131    0.0429935738
  -33.523546     29.296454    0.0467970227
  -33.523546     35.806778    0.0515595733
  -33.523546     42.317101    0.0572900006
  -33.523546     48.827424    0.0639921225

  -28.366078    -48.827424    0.0508701582
  -28.366078    -42.317101    0.0447140267
  -28.366078    -35.806778    0.0394439063
  -28.366078    -29.296454    0.0350597474
  -28.366078    -22.786131    0.0315610002
  -28.366078    -16.275808    0.0289478728
  -28.366078     -9.765485    0.0272222589
  -28.366078     -3.255162    0.0263883377
  -28.366078      3.255162    0.0264528437
  -28.366078      9.765485    0.0274250079
  -28.366078     16.275808    0.0293161696
  -28.366078     22.786131    0.0321390596
  -28.366078     29.296454    0.0359067533
  -28.366078     35.806778    0.0406312959
  -28.366078     42.317101    0.0463219973
  -28.366078     48.827424    0.0529833989

  -23.208609    -48.827424    0.0422245172
  -23.208609    -42.317101    0.0360373684
  -23.208609    -35.806778    0.0307400613
  -23.208609    -29.296454    0.0263318420
  -23.208609    -22.786131    0.0228113057
  -23.208609    -16.275808    0.0201777392
  -23.208609     -9.765485    0.0184321225
  -23.208609     -3.255162    0.0175777908
  -23.208609      3.255162    0.0176207561
  -23.208609      9.765485    0.0185696875
  -23.208609     16.275808    0.0204355522
  -23.208609     22.786131    0.0232309154
  -23.208609     29.296454    0.0269689005
  -23.208609     35.806778    0.0316618080
  -23.208609     42.317101    0.0373193950
  -23.208609     48.827424    0.0439468136

  -18.051140    -48.827424    0.0353960303
  -18.051140    -42.317101    0.0291840943
  -18.051140    -35.806778    0.0238650730
  -18.051140    -29.296454    0.0194376692
  -18.051140    -22.786131    0.0158997982
  -18.051140    -16.275808    0.0132500044
  -18.051140     -9.765485    0.0114885263
  -18.051140     -3.255162    0.0106180122
  -18.051140      3.255162    0.0106438850
  -18.051140      9.765485    0.0115743561
  -18.051140     16.275808    0.0134200900
  -18.051140     22.786131    0.0161935174
  -18.051140     29.296454    0.0199077987
  -18.051140     35.806778    0.0245754365
  -18.051140     42.317101    0.0302065383
  -18.051140     48.827424    0.0368067280

  -12.893672    -48.827424    0.0303256556
  -12.893672    -42.317101    0.0240951508
  -12.893672    -35.806778    0.0187598617
  -12.893672    -29.296454    0.0143181040
  -12.893672    -22.786131    0.0107672891
  -12.893672    -16.275808    0.0081054009
  -12.893672     -9.765485    0.0063321137
  -12.893672     -3.255162    0.0054495517
  -12.893672      3.255162    0.0054626881
  -12.893672      9.765485    0.0063793866
  -12.893672     16.275808    0.0082100830
  -12.893672     22.786131    0.0109671079
  -12.893672     29.296454    0.0146636510
  -12.893672     35.806778    0.0193123652
  -12.893672     42.317101    0.0249236126
  -12.893672     48.827424    0.0315033513

   -7.736203    -48.827424    0.0269695591
   -7.736203    -42.317101    0.0207266877
   -7.736203    -35.806778    0.0153805608
   -7.736203    -29.296454    0.0109292494
   -7.736203    -22.786131    0.0073698326
   -7.736203    -16.275808    0.0046999191
   -7.736203     -9.765485    0.0029188024
   -7.736203     -3.255162    0.0020282520
   -7.736203      3.255162    0.0020329375
   -7.736203      9.765485    0.0029404884
   -7.736203     16.275808    0.0047611880
   -7.736203     22.786131    0.0075073014
   -7.736203     29.296454    0.0111920389
   -7.736203     35.806778    0.0158281530
   -7.736203     42.317101    0.0214261708
   -7.736203     48.827424    0.0279922599

   -2.578734    -48.827424    0.0252987314
   -2.578734    -42.317101    0.0190496808
   -2.578734    -35.806778    0.0136981370
   -2.578734    -29.296454    0.0092420531
   -2.578734    -22.786131    0.0056783438
   -2.578734    -16.275808    0.0030044291
   -2.578734     -9.765485    0.0012194110
   -2.578734     -3.255162    0.0003248797
   -2.578734      3.255162    0.0003253519
   -2.578734      9.765485    0.0012283392
   -2.578734     16.275808    0.0030440487
   -2.578734     22.786131    0.0057847133
   -2.578734     29.296454    0.0094635542
   -2.578734     35.806778    0.0140933735
   -2.578734     42.317101    0.0196847789
   -2.578734     48.827424    0.0262440381

    2.578734    -48.827424    0.0252987314
    2.578734    -42.317101    0.0190496808
    2.578734    -35.806778    0.0136981370
    2.578734    -29.296454    0.0092420531
    2.578734    -22.786131    0.0056783438
    2.578734    -16.275808    0.0030044291
    2.578734     -9.765485    0.0012194110
    2.578734     -3.255162    0.0003248797
    2.578734      3.255162    0.0003253519
    2.578734      9.765485    0.0012283392
    2.578734     16.275808    0.0030440487
    2.578734     22.786131    0.0057847133
    2.578734     29.296454    0.0094635542
    2.578734     35.806778    0.0140933735
    2.578734     42.317101    0.0196847789
    2.578734     48.827424    0.0262440381

    7.736203    -48.827424    0.0269695591
    7.736203    -42.317101    0.0207266877
    7.736203    -35.806778    0.0153805608
    7.736203    -29.296454    0.0109292494
    7.736203    -22.786131    0.0073698326
    7.736203    -16.275808    0.0046999191
    7.736203     -9.765485    0.0029188024
    7.736203     -3.255162    0.0020282520
    7.736203      3.255162    0.0020329375
    7.736203      9.765485    0.0029404884
    7.736203     16.275808    0.0047611880
    7.736203     22.786131    0.0075073014
    7.736203     29.296454    0.0111920389
    7.736203     35.806778    0.0158281530
    7.736203     42.317101    0.0214261708
    7.736203     48.827424    0.0279922599

   12.893672    -48.827424    0.0303256556
   12.893672    -42.317101    0.0240951508
   12.893672    -35.806778    0.0187598617
   12.893672    -29.296454    0.0143181040
   12.893672    -22.786131    0.0107672891
   12.893672    -16.275808    0.0081054009
   12.893672     -9.765485    0.0063321137
   12.893672     -3.255162    0.0054495517
   12.893672      3.255162    0.0054626881
   12.893672      9.765485    0.0063793866
   12.893672     16.275808    0.0082100830
   12.893672     22.786131    0.0109671079
   12.893672     29.296454    0.0146636510
   12.893672     35.806778    0.0193123652
   12.893672     42.317101    0.0249236126
   12.893672     48.827424    0.0315033513

   18.051140    -48.827424    0.0353960303
   18.051140    -42.317101    0.0291840943
   18.051140    -35.806778    0.0238650730
   18.051140    -29.296454    0.0194376692
   18.051140    -22.786131    0.0158997982
   18.051140    -16.275808    0.0132500044
   18.051140     -9.765485    0.0114885263
   18.051140     -3.255162    0.0106180122
   18.051140      3.255162    0.0106438850
   18.051140      9.765485    0.0115743561
   18.051140     16.275808    0.0134200900
   18.051140     22.786131    0.0161935174
   18.051140     29.296454    0.0199077987
   18.051140     35.806778    0.0245754365
   18.051140     42.317101    0.0302065383
   18.051140     48.827424    0.0368067280

   23.208609    -48.827424    0.0422245172
   23.208609    -42.317101    0.0360373684
   23.208609    -35.806778    0.0307400613
   23.208609    -29.296454    0.0263318420
   23.208609    -22.786131    0.0228113057
   23.208609    -16.275808    0.0201777392
   23.208609     -9.765485    0.0184321225
   23.208609     -3.255162    0.0175777908
   23.208609      3.255162    0.0176207561
   23.208609      9.765485    0.0185696875
   23.208609     16.275808    0.0204355522
   23.208609     22.786131    0.0232309154
   23.208609     29.296454    0.0269689005
   23.208609     35.806778    0.0316618080
   23.208609     42.317101    0.0373193950
   23.208609     48.827424    0.0439468136

   28.366078    -48.827424    0.0508701582
   28.366078    -42.317101    0.0447140267
   28.366078    -35.806778    0.0394439063
   28.366078    -29.296454    0.0350597474
   28.366078    -22.786131    0.0315610002
   28.366078    -16.275808    0.0289478728
   28.366078     -9.765485    0.0272222589
   28.366078     -3.255162    0.0263883377
   28.366078      3.255162    0.0264528437
   28.366078      9.765485    0.0274250079
   28.366078     16.275808    0.0293161696
   28.366078     22.786131    0.0321390596
   28.366078     29.296454    0.0359067533
   28.366078     35.806778    0.0406312959
   28.366078     42.317101    0.0463219973
   28.366078     48.827424    0.0529833989

   33.523546    -48.827424    0.0614077142
   33.523546    -42.317101    0.0552888280
   33.523546    -35.806778    0.0500514079
   33.523546    -29.296454    0.0456962487
   33.523546    -22.786131    0.0422238224
   33.523546    -16.275808    0.0396354343
   33.523546     -9.765485    0.0379340633
   33.523546     -3.255162    0.0371248875
   33.523546      3.255162    0.0372154937
   33.523546      9.765485    0.0382157718
   33.523546     16.275808    0.0401374931
   33.523546     22.786131    0.0429935738
   33.523546     29.296454    0.0467970227
   33.523546     35.806778    0.0515595733
   33.523546     42.317101    0.0572900006
   33.523546     48.827424    0.0639921225

   38.681015    -48.827424    0.0739283047
   38.681015    -42.317101    0.0678528650
   38.681015    -35.806778    0.0626537190
   38.681015    -29.296454    0.0583325858
   38.681015    -22.786131    0.0548911020
   38.681015    -16.275808    0.0523318444
   38.681015     -9.765485    0.0506590554
   38.681015     -3.255162    0.0498790739
   38.681015      3.255162    0.0500004685
   38.681015      9.765485    0.0510338758
   38.681015     16.275808    0.0529915415
   38.681015     22.786131    0.0558865666
   38.681015     29.296454    0.0597318560
   38.681015     35.806778    0.0645387723
   38.681015     42.317101    0.0703154926
   38.681015     48.827424    0.0770650698

