  -42.952389    -92.332122    0.0367452912
  -42.952389    -80.021172    0.0350883865
  -42.952389    -67.710222    0.0339290768
  -42.952389    -55.399273    0.0331584594
  -42.952389    -43.088323    0.0326767050
  -42.952389    -30.777374    0.0323973538
  -42.952389    -18.466424    0.0322514073
  -42.952389     -6.155475    0.0321907794
  -42.952389      6.155475    0.0321907794
  -42.952389     18.466424    0.0322514073
  -42.952389     30.777374    0.0323973538
  -42.952389     43.088323    0.0326767050
  -42.952389     55.399273    0.0331584594
  -42.952389     67.710222    0.0339290768
  -42.952389     80.021172    0.0350883865
  -42.952389     92.332122    0.0367452912

  -37.225404    -92.332122    0.0292291212
  -37.225404    -80.021172    0.0274240644
  -37.225404    -67.710222    0.0261340522
  -37.225404    -55.399273    0.0252518529
  -37.225404    -43.088323    0.0246790659
  -37.225404    -30.777374    0.0243303982
  -37.225404    -18.466424    0.0241377405
  -37.225404     -6.155475    0.0240536063
  -37.225404      6.155475    0.0240536063
  -37.225404     18.466424    0.0241377405
  -37.225404     30.777374    0.0243303982
  -37.225404     43.088323    0.0246790659
  -37.225404     55.399273    0.0252518529
  -37.225404     67.710222    0.0261340522
  -37.225404     80.021172    0.0274240644
  -37.225404     92.332122    0.0292291212

  -31.498419    -92.332122    0.0228486936
  -31.498419    -80.021172    0.0209180775
  -31.498419    -67.710222    0.0195175083
  -31.498419    -55.399273    0.0185409724
  -31.498419    -43.088323    0.0178911982
  -31.498419    -30.777374    0.0174838700
  -31.498419    -18.466424    0.0172516548
  -31.498419     -6.155475    0.0171476042
  -31.498419      6.155475    0.0171476042
  -31.498419     18.466424    0.0172516548
  -31.498419     30.777374    0.0174838700
  -31.498419     43.088323    0.0178911982
  -31.498419     55.399273    0.0185409724
  -31.498419     67.710222    0.0195175083
  -31.498419     80.021172    0.0209180775
  -31.498419     92.332122    0.0228486936

  -25.771434    -92.332122    0.0175752873
  -25.771434    -80.021172    0.0155411149
  -25.771434    -67.710222    0.0140494001
  -25.771434    -55.399273    0.0129951025
  -25.771434    -43.088323    0.0122818668
  -25.771434    -30.777374    0.0118261798
  -25.771434    -18.466424    0.0115613508
  -25.771434     -6.155475    0.0114408785
  -25.771434      6.155475    0.0114408785
  -25.771434     18.466424    0.0115613508
  -25.771434     30.777374    0.0118261798
  -25.771434     43.088323    0.0122818668
  -25.771434     55.399273    0.0129951025
  -25.771434     67.710222    0.0140494001
  -25.771434     80.021172    0.0155411149
  -25.771434     92.332122    0.0175752873

  -20.044448    -92.332122    0.0133850546
  -20.044448    -80.021172    0.0112687797
  -20.044448    -67.710222    0.0097047641
  -20.044448    -55.399273    0.0085887773
  -20.044448    -43.088323    0.0078252055
  -20.044448    -30.777374    0.0073311717
  -20.044448    -18.466424    0.0070404877
  -20.044448     -6.155475    0.0069069994
  -20.044448      6.155475    0.0069069994
  -20.044448     18.466424    0.0070404877
  -20.044448     30.777374    0.0073311717
  -20.044448     43.088323    0.0078252055
  -20.044448     55.399273    0.0085887773
  -20.044448     67.710222    0.0097047641
  -20.044448     80.021172    0.0112687797
  -20.044448     92.332122    0.0133850546

  -14.317463    -92.332122    0.0102589741
  -14.317463    -80.021172    0.0080815732
  -14.317463    -67.710222    0.0064636773
  -14.317463    -55.399273    0.0053017098
  -14.317463    -43.088323    0.0045006285
  -14.317463    -30.777374    0.0039780315
  -14.317463    -18.466424    0.0036680970
  -14.317463     -6.155475    0.0035249204
  -14.317463      6.155475    0.0035249204
  -14.317463     18.466424    0.0036680970
  -14.317463     30.777374    0.0039780315
  -14.317463     43.088323    0.0045006285
  -14.317463     55.399273    0.0053017098
  -14.317463     67.710222    0.0064636773
  -14.317463     80.021172    0.0080815732
  -14.317463     92.332122    0.0102589741

   -8.590478    -92.332122    0.0081828130
   -8.590478    -80.021172    0.0059648823
   -8.590478    -67.710222    0.0043112259
   -8.590478    -55.399273    0.0031187346
   -8.590478    -43.088323    0.0022927589
   -8.590478    -30.777374    0.0017512128
   -8.590478    -18.466424    0.0014285128
   -8.590478     -6.155475    0.0012789136
   -8.590478      6.155475    0.0012789136
   -8.590478     18.466424    0.0014285128
   -8.590478     30.777374    0.0017512128
   -8.590478     43.088323    0.0022927589
   -8.590478     55.399273    0.0031187346
   -8.590478     67.710222    0.0043112259
   -8.590478     80.021172    0.0059648823
   -8.590478     92.332122    0.0081828130

   -2.863493    -92.332122    0.0071470982
   -2.863493    -80.021172    0.0049089702
   -2.863493    -67.710222    0.0032374805
   -2.863493    -55.399273    0.0020297651
   -2.863493    -43.088323    0.0011913750
   -2.863493    -30.777374    0.0006403822
   -2.863493    -18.466424    0.0003113201
   -2.863493     -6.155475    0.0001585206
   -2.863493      6.155475    0.0001585206
   -2.863493     18.466424    0.0003113201
   -2.863493     30.777374    0.0006403822
   -2.863493     43.088323    0.0011913750
   -2.863493     55.399273    0.0020297651
   -2.863493     67.710222    0.0032374805
   -2.863493     80.021172    0.0049089702
   -2.863493     92.332122    0.0071470982

    2.863493    -92.332122    0.0071470982
    2.863493    -80.021172    0.0049089702
    2.863493    -67.710222    0.0032374805
    2.863493    -55.399273    0.0020297651
    2.863493    -43.088323    0.0011913750
    2.863493    -30.777374    0.0006403822
    2.863493    -18.466424    0.0003113201
    2.863493     -6.155475    0.0001585206
    2.863493      6.155475    0.0001585206
    2.863493     18.466424    0.0003113201
    2.863493     30.777374    0.0006403822
    2.863493     43.088323    0.0011913750
    2.863493     55.399273    0.0020297651
    2.863493     67.710222    0.0032374805
    2.863493     80.021172    0.0049089702
    2.863493     92.332122    0.0071470982

    8.590478    -92.332122    0.0081828130
    8.590478    -80.021172    0.0059648823
    8.590478    -67.710222    0.0043112259
    8.590478    -55.399273    0.0031187346
    8.590478    -43.088323    0.0022927589
    8.590478    -30.777374    0.0017512128
    8.590478    -18.466424    0.0014285128
    8.590478     -6.155475    0.0012789136
    8.590478      6.155475    0.0012789136
    8.590478     18.466424    0.0014285128
    8.590478     30.777374    0.0017512128
    8.590478     43.088323    0.0022927589
    8.590478     55.399273    0.0031187346
    8.590478     67.710222    0.0043112259
    8.590478     80.021172    0.0059648823
    8.590478     92.332122    0.0081828130

   14.317463    -92.332122    0.0102589741
   14.317463    -80.021172    0.0080815732
   14.317463    -67.710222    0.0064636773
   14.317463    -55.399273    0.0053017098
   14.317463    -43.088323    0.0045006285
   14.317463    -30.777374    0.0039780315
   14.317463    -18.466424    0.0036680970
   14.317463     -6.155475    0.0035249204
   14.317463      6.155475    0.0035249204
   14.317463     18.466424    0.0036680970
   14.317463     30.777374    0.0039780315
   14.317463     43.088323    0.0045006285
   14.317463     55.399273    0.0053017098
   14.317463     67.710222    0.0064636773
   14.317463     80.021172    0.0080815732
   14.317463     92.332122    0.0102589741

   20.044448    -92.332122    0.0133850546
   20.044448    -80.021172    0.0112687797
   20.044448    -67.710222    0.0097047641
   20.044448    -55.399273    0.0085887773
   20.044448    -43.088323    0.0078252055
   20.044448    -30.777374    0.0073311717
   20.044448    -18.466424    0.0070404877
   20.044448     -6.155475    0.0069069994
   20.044448      6.155475    0.0069069994
   20.044448     18.466424    0.0070404877
   20.044448     30.777374    0.0073311717
   20.044448     43.088323    0.0078252055
   20.044448     55.399273    0.0085887773
   20.044448     67.710222    0.0097047641
   20.044448     80.021172    0.0112687797
   20.044448     92.332122    0.0133850546

   25.771434    -92.332122    0.0175752873
   25.771434    -80.021172    0.0155411149
   25.771434    -67.710222    0.0140494001
   25.771434    -55.399273    0.0129951025
   25.771434    -43.088323    0.0122818668
   25.771434    -30.777374    0.0118261798
   25.771434    -18.466424    0.0115613508
   25.771434     -6.155475    0.0114408785
   25.771434      6.155475    0.0114408785
   25.771434     18.466424    0.0115613508
   25.771434     30.777374    0.0118261798
   25.771434     43.088323    0.0122818668
   25.771434     55.399273    0.0129951025
   25.771434     67.710222    0.0140494001
   25.771434     80.021172    0.0155411149
   25.771434     92.332122    0.0175752873

   31.498419    -92.332122    0.0228486936
   31.498419    -80.021172    0.0209180775
   31.498419    -67.710222    0.0195175083
   31.498419    -55.399273    0.0185409724
   31.498419    -43.088323    0.0178911982
   31.498419    -30.777374    0.0174838700
   31.498419    -18.466424    0.0172516548
   31.498419     -6.155475    0.0171476042
   31.498419      6.155475    0.0171476042
   31.498419     18.466424    0.0172516548
   31.498419     30.777374    0.0174838700
   31.498419     43.088323    0.0178911982
   31.498419     55.399273    0.0185409724
   31.498419     67.710222    0.0195175083
   31.498419     80.021172    0.0209180775
   31.498419     92.332122    0.0228486936

   37.225404    -92.332122    0.0292291212
   37.225404    -80.021172    0.0274240644
   37.225404    -67.710222    0.0261340522
   37.225404    -55.399273    0.0252518529
   37.225404    -43.088323    0.0246790659
   37.225404    -30.777374    0.0243303982
   37.225404    -18.466424    0.0241377405
   37.225404     -6.155475    0.0240536063
   37.225404      6.155475    0.0240536063
   37.225404     18.466424    0.0241377405
   37.225404     30.777374    0.0243303982
   37.225404     43.088323    0.0246790659
   37.225404     55.399273    0.0252518529
   37.225404     67.710222    0.0261340522
   37.225404     80.021172    0.0274240644
   37.225404     92.332122    0.0292291212

   42.952389    -92.332122    0.0367452912
   42.952389    -80.021172    0.0350883865
   42.952389    -67.710222    0.0339290768
   42.952389    -55.399273    0.0331584594
   42.952389    -43.088323    0.0326767050
   42.952389    -30.777374    0.0323973538
   42.952389    -18.466424    0.0322514073
   42.952389     -6.155475    0.0321907794
   42.952389      6.155475    0.0321907794
   42.952389     18.466424    0.0322514073
   42.952389     30.777374    0.0323973538
   42.952389     43.088323    0.0326767050
   42.952389     55.399273    0.0331584594
   42.952389     67.710222    0.0339290768
   42.952389     80.021172    0.0350883865
   42.952389     92.332122    0.0367452912

