  -54.177403    -61.469935    0.0385169697
  -54.177403    -53.273944    0.0338989220
  -54.177403    -45.077952    0.0299478882
  -54.177403    -36.881961    0.0266605490
  -54.177403    -28.685970    0.0240340832
  -54.177403    -20.489978    0.0220662185
  -54.177403    -12.293987    0.0207552512
  -54.177403     -4.097996    0.0201000497
  -54.177403      4.097996    0.0201000497
  -54.177403     12.293987    0.0207552512
  -54.177403     20.489978    0.0220662185
  -54.177403     28.685970    0.0240340832
  -54.177403     36.881961    0.0266605490
  -54.177403     45.077952    0.0299478882
  -54.177403     53.273944    0.0338989220
  -54.177403     61.469935    0.0385169697

  -46.953749    -61.469935    0.0328320397
  -46.953749    -53.273944    0.0282657533
  -46.953749    -45.077952    0.0243483335
  -46.953749    -36.881961    0.0210915315
  -46.953749    -28.685970    0.0184926310
  -46.953749    -20.489978    0.0165464221
  -46.953749    -12.293987    0.0152496295
  -46.953749     -4.097996    0.0146012293
  -46.953749      4.097996    0.0146012293
  -46.953749     12.293987    0.0152496295
  -46.953749     20.489978    0.0165464221
  -46.953749     28.685970    0.0184926310
  -46.953749     36.881961    0.0210915315
  -46.953749     45.077952    0.0243483335
  -46.953749     53.273944    0.0282657533
  -46.953749     61.469935    0.0328320397

  -39.730095    -61.469935    0.0281677333
  -39.730095    -53.273944    0.0236407667
  -39.730095    -45.077952    0.0197670632
  -39.730095    -36.881961    0.0165461618
  -39.730095    -28.685970    0.0139745205
  -39.730095    -20.489978    0.0120485389
  -39.730095    -12.293987    0.0107656756
  -39.730095     -4.097996    0.0101245289
  -39.730095      4.097996    0.0101245289
  -39.730095     12.293987    0.0107656756
  -39.730095     20.489978    0.0120485389
  -39.730095     28.685970    0.0139745205
  -39.730095     36.881961    0.0165461618
  -39.730095     45.077952    0.0197670632
  -39.730095     53.273944    0.0236407667
  -39.730095     61.469935    0.0281677333

  -32.506442    -61.469935    0.0244514450
  -32.506442    -53.273944    0.0199649604
  -32.506442    -45.077952    0.0161311023
  -32.506442    -36.881961    0.0129435108
  -32.506442    -28.685970    0.0103980855
  -32.506442    -20.489978    0.0084918225
  -32.506442    -12.293987    0.0072223931
  -32.506442     -4.097996    0.0065881234
  -32.506442      4.097996    0.0065881234
  -32.506442     12.293987    0.0072223931
  -32.506442     20.489978    0.0084918225
  -32.506442     28.685970    0.0103980855
  -32.506442     36.881961    0.0129435108
  -32.506442     45.077952    0.0161311023
  -32.506442     53.273944    0.0199649604
  -32.506442     61.469935    0.0244514450

  -25.282788    -61.469935    0.0216059776
  -25.282788    -53.273944    0.0171586011
  -25.282788    -45.077952    0.0133582591
  -25.282788    -36.881961    0.0101993491
  -25.282788    -28.685970    0.0076774879
  -25.282788    -20.489978    0.0057892096
  -25.282788    -12.293987    0.0045318703
  -25.282788     -4.097996    0.0039036619
  -25.282788      4.097996    0.0039036619
  -25.282788     12.293987    0.0045318703
  -25.282788     20.489978    0.0057892096
  -25.282788     28.685970    0.0076774879
  -25.282788     36.881961    0.0101993491
  -25.282788     45.077952    0.0133582591
  -25.282788     53.273944    0.0171586011
  -25.282788     61.469935    0.0216059776

  -18.059134    -61.469935    0.0195548401
  -18.059134    -53.273944    0.0151397870
  -18.059134    -45.077952    0.0113665105
  -18.059134    -36.881961    0.0082308608
  -18.059134    -28.685970    0.0057282438
  -18.059134    -20.489978    0.0038546763
  -18.059134    -12.293987    0.0026071946
  -18.059134     -4.097996    0.0019839068
  -18.059134      4.097996    0.0019839068
  -18.059134     12.293987    0.0026071946
  -18.059134     20.489978    0.0038546763
  -18.059134     28.685970    0.0057282438
  -18.059134     36.881961    0.0082308608
  -18.059134     45.077952    0.0113665105
  -18.059134     53.273944    0.0151397870
  -18.059134     61.469935    0.0195548401

  -10.835481    -61.469935    0.0182302926
  -10.835481    -53.273944    0.0138374067
  -10.835481    -45.077952    0.0100837865
  -10.835481    -36.881961    0.0069648583
  -10.835481    -28.685970    0.0044758177
  -10.835481    -20.489978    0.0026125536
  -10.835481    -12.293987    0.0013720047
  -10.835481     -4.097996    0.0007522043
  -10.835481      4.097996    0.0007522043
  -10.835481     12.293987    0.0013720047
  -10.835481     20.489978    0.0026125536
  -10.835481     28.685970    0.0044758177
  -10.835481     36.881961    0.0069648583
  -10.835481     45.077952    0.0100837865
  -10.835481     53.273944    0.0138374067
  -10.835481     61.469935    0.0182302926

   -3.611827    -61.469935    0.0175816016
   -3.611827    -53.273944    0.0131997557
   -3.611827    -45.077952    0.0094566359
   -3.611827    -36.881961    0.0063465349
   -3.611827    -28.685970    0.0038645032
   -3.611827    -20.489978    0.0020065136
   -3.611827    -12.293987    0.0007695339
   -3.611827     -4.097996    0.0001515468
   -3.611827      4.097996    0.0001515468
   -3.611827     12.293987    0.0007695339
   -3.611827     20.489978    0.0020065136
   -3.611827     28.685970    0.0038645032
   -3.611827     36.881961    0.0063465349
   -3.611827     45.077952    0.0094566359
   -3.611827     53.273944    0.0131997557
   -3.611827     61.469935    0.0175816016

    3.611827    -61.469935    0.0175816016
    3.611827    -53.273944    0.0131997557
    3.611827    -45.077952    0.0094566359
    3.611827    -36.881961    0.0063465349
    3.611827    -28.685970    0.0038645032
    3.611827    -20.489978    0.0020065136
    3.611827    -12.293987    0.0007695339
    3.611827     -4.097996    0.0001515468
    3.611827      4.097996    0.0001515468
    3.611827     12.293987    0.0007695339
    3.611827     20.489978    0.0020065136
    3.611827     28.685970    0.0038645032
    3.611827     36.881961    0.0063465349
    3.611827     45.077952    0.0094566359
    3.611827     53.273944    0.0131997557
    3.611827     61.469935    0.0175816016

   10.835481    -61.469935    0.0182302926
   10.835481    -53.273944    0.0138374067
   10.835481    -45.077952    0.0100837865
   10.835481    -36.881961    0.0069648583
   10.835481    -28.685970    0.0044758177
   10.835481    -20.489978    0.0026125536
   10.835481    -12.293987    0.0013720047
   10.835481     -4.097996    0.0007522043
   10.835481      4.097996    0.0007522043
   10.835481     12.293987    0.0013720047
   10.835481     20.489978    0.0026125536
   10.835481     28.685970    0.0044758177
   10.835481     36.881961    0.0069648583
   10.835481     45.077952    0.0100837865
   10.835481     53.273944    0.0138374067
   10.835481     61.469935    0.0182302926

   18.059134    -61.469935    0.0195548401
   18.059134    -53.273944    0.0151397870
   18.059134    -45.077952    0.0113665105
   18.059134    -36.881961    0.0082308608
   18.059134    -28.685970    0.0057282438
   18.059134    -20.489978    0.0038546763
   18.059134    -12.293987    0.0026071946
   18.059134     -4.097996    0.0019839068
   18.059134      4.097996    0.0019839068
   18.059134     12.293987    0.0026071946
   18.059134     20.489978    0.0038546763
   18.059134     28.685970    0.0057282438
   18.059134     36.881961    0.0082308608
   18.059134     45.077952    0.0113665105
   18.059134     53.273944    0.0151397870
   18.059134     61.469935    0.0195548401

   25.282788    -61.469935    0.0216059776
   25.282788    -53.273944    0.0171586011
   25.282788    -45.077952    0.0133582591
   25.282788    -36.881961    0.0101993491
   25.282788    -28.685970    0.0076774879
   25.282788    -20.489978    0.0057892096
   25.282788    -12.293987    0.0045318703
   25.282788     -4.097996    0.0039036619
   25.282788      4.097996    0.0039036619
   25.282788     12.293987    0.0045318703
   25.282788     20.489978    0.0057892096
   25.282788     28.685970    0.0076774879
   25.282788     36.881961    0.0101993491
   25.282788     45.077952    0.0133582591
   25.282788     53.273944    0.0171586011
   25.282788     61.469935    0.0216059776

   32.506442    -61.469935    0.0244514450
   32.506442    -53.273944    0.0199649604
   32.506442    -45.077952    0.0161311023
   32.506442    -36.881961    0.0129435108
   32.506442    -28.685970    0.0103980855
   32.506442    -20.489978    0.0084918225
   32.506442    -12.293987    0.0072223931
   32.506442     -4.097996    0.0065881234
   32.506442      4.097996    0.0065881234
   32.506442     12.293987    0.0072223931
   32.506442     20.489978    0.0084918225
   32.506442     28.685970    0.0103980855
   32.506442     36.881961    0.0129435108
   32.506442     45.077952    0.0161311023
   32.506442     53.273944    0.0199649604
   32.506442     61.469935    0.0244514450

   39.730095    -61.469935    0.0281677333
   39.730095    -53.273944    0.0236407667
   39.730095    -45.077952    0.0197670632
   39.730095    -36.881961    0.0165461618
   39.730095    -28.685970    0.0139745205
   39.730095    -20.489978    0.0120485389
   39.730095    -12.293987    0.0107656756
   39.730095     -4.097996    0.0101245289
   39.730095      4.097996    0.0101245289
   39.730095     12.293987    0.0107656756
   39.730095     20.489978    0.0120485389
   39.730095     28.685970    0.0139745205
   39.730095     36.881961    0.0165461618
   39.730095     45.077952    0.0197670632
   39.730095     53.273944    0.0236407667
   39.730095     61.469935    0.0281677333

   46.953749    -61.469935    0.0328320397
   46.953749    -53.273944    0.0282657533
   46.953749    -45.077952    0.0243483335
   46.953749    -36.881961    0.0210915315
   46.953749    -28.685970    0.0184926310
   46.953749    -20.489978    0.0165464221
   46.953749    -12.293987    0.0152496295
   46.953749     -4.097996    0.0146012293
   46.953749      4.097996    0.0146012293
   46.953749     12.293987    0.0152496295
   46.953749     20.489978    0.0165464221
   46.953749     28.685970    0.0184926310
   46.953749     36.881961    0.0210915315
   46.953749     45.077952    0.0243483335
   46.953749     53.273944    0.0282657533
   46.953749     61.469935    0.0328320397

   54.177403    -61.469935    0.0385169697
   54.177403    -53.273944    0.0338989220
   54.177403    -45.077952    0.0299478882
   54.177403    -36.881961    0.0266605490
   54.177403    -28.685970    0.0240340832
   54.177403    -20.489978    0.0220662185
   54.177403    -12.293987    0.0207552512
   54.177403     -4.097996    0.0201000497
   54.177403      4.097996    0.0201000497
   54.177403     12.293987    0.0207552512
   54.177403     20.489978    0.0220662185
   54.177403     28.685970    0.0240340832
   54.177403     36.881961    0.0266605490
   54.177403     45.077952    0.0299478882
   54.177403     53.273944    0.0338989220
   54.177403     61.469935    0.0385169697

