  -25.746645    -45.038700   -0.0019019840
  -25.746645    -39.033540   -0.0018816906
  -25.746645    -33.028380   -0.0017733738
  -25.746645    -27.023220   -0.0015868449
  -25.746645    -21.018060   -0.0013309938
  -25.746645    -15.012900   -0.0010139000
  -25.746645     -9.007740   -0.0006429270
  -25.746645     -3.002580   -0.0002248009
  -25.746645      3.002580    0.0002343218
  -25.746645      9.007740    0.0007287962
  -25.746645     15.012900    0.0012534384
  -25.746645     21.018060    0.0018034818
  -25.746645     27.023220    0.0023745395
  -25.746645     33.028380    0.0029625746
  -25.746645     39.033540    0.0035638773
  -25.746645     45.038700    0.0041750529

  -21.065436    -45.038700   -0.0008796244
  -21.065436    -39.033540   -0.0009561083
  -21.065436    -33.028380   -0.0009590898
  -21.065436    -27.023220   -0.0008973421
  -21.065436    -21.018060   -0.0007783098
  -21.065436    -15.012900   -0.0006085445
  -21.065436     -9.007740   -0.0003939812
  -21.065436     -3.002580   -0.0001400918
  -21.065436      3.002580    0.0001480514
  -21.065436      9.007740    0.0004657664
  -21.065436     15.012900    0.0008087767
  -21.065436     21.018060    0.0011732167
  -21.065436     27.023220    0.0015555981
  -21.065436     33.028380    0.0019527077
  -21.065436     39.033540    0.0023614062
  -21.065436     45.038700    0.0027783023

  -16.384228    -45.038700   -0.0002177501
  -16.384228    -39.033540   -0.0003409807
  -16.384228    -33.028380   -0.0004066947
  -16.384228    -27.023220   -0.0004215590
  -16.384228    -21.018060   -0.0003912849
  -16.384228    -15.012900   -0.0003209897
  -16.384228     -9.007740   -0.0002153607
  -16.384228     -3.002580   -0.0000787101
  -16.384228      3.002580    0.0000850122
  -16.384228      9.007740    0.0002722051
  -16.384228     15.012900    0.0004795800
  -16.384228     21.018060    0.0007041035
  -16.384228     27.023220    0.0009429432
  -16.384228     33.028380    0.0011934630
  -16.384228     39.033540    0.0014533379
  -16.384228     45.038700    0.0017208780

  -11.703020    -45.038700    0.0001409017
  -11.703020    -39.033540    0.0000119178
  -11.703020    -33.028380   -0.0000749738
  -11.703020    -27.023220   -0.0001253534
  -11.703020    -21.018060   -0.0001433258
  -11.703020    -15.012900   -0.0001324211
  -11.703020     -9.007740   -0.0000959390
  -11.703020     -3.002580   -0.0000369919
  -11.703020      3.002580    0.0000415577
  -11.703020      9.007740    0.0001371418
  -11.703020     15.012900    0.0002474519
  -11.703020     21.018060    0.0003703308
  -11.703020     27.023220    0.0005036638
  -11.703020     33.028380    0.0006454064
  -11.703020     39.033540    0.0007939544
  -11.703020     45.038700    0.0009491255

   -7.021812    -45.038700    0.0002434096
   -7.021812    -39.033540    0.0001439546
   -7.021812    -33.028380    0.0000705004
   -7.021812    -27.023220    0.0000190324
   -7.021812    -21.018060   -0.0000129630
   -7.021812    -15.012900   -0.0000275077
   -7.021812     -9.007740   -0.0000265237
   -7.021812     -3.002580   -0.0000118856
   -7.021812      3.002580    0.0000146580
   -7.021812      9.007740    0.0000515536
   -7.021812     15.012900    0.0000974324
   -7.021812     21.018060    0.0001510179
   -7.021812     27.023220    0.0002110171
   -7.021812     33.028380    0.0002761340
   -7.021812     39.033540    0.0003454055
   -7.021812     45.038700    0.0004191368

   -2.340604    -45.038700    0.0001286042
   -2.340604    -39.033540    0.0000889168
   -2.340604    -33.028380    0.0000580284
   -2.340604    -27.023220    0.0000345087
   -2.340604    -21.018060    0.0000175079
   -2.340604    -15.012900    0.0000063632
   -2.340604     -9.007740    0.0000004427
   -2.340604     -3.002580   -0.0000008783
   -2.340604      3.002580    0.0000018125
   -2.340604      9.007740    0.0000079931
   -2.340604     15.012900    0.0000172075
   -2.340604     21.018060    0.0000290345
   -2.340604     27.023220    0.0000430470
   -2.340604     33.028380    0.0000588117
   -2.340604     39.033540    0.0000760011
   -2.340604     45.038700    0.0000947178

    2.340604    -45.038700   -0.0001712817
    2.340604    -39.033540   -0.0001258238
    2.340604    -33.028380   -0.0000891128
    2.340604    -27.023220   -0.0000598325
    2.340604    -21.018060   -0.0000371361
    2.340604    -15.012900   -0.0000203405
    2.340604     -9.007740   -0.0000088027
    2.340604     -3.002580   -0.0000018989
    2.340604      3.002580    0.0000009549
    2.340604      9.007740    0.0000002812
    2.340604     15.012900   -0.0000034598
    2.340604     21.018060   -0.0000098463
    2.340604     27.023220   -0.0000184629
    2.340604     33.028380   -0.0000288962
    2.340604     39.033540   -0.0000408122
    2.340604     45.038700   -0.0000541890

    7.021812    -45.038700   -0.0006292344
    7.021812    -39.033540   -0.0004775108
    7.021812    -33.028380   -0.0003514951
    7.021812    -27.023220   -0.0002479901
    7.021812    -21.018060   -0.0001645005
    7.021812    -15.012900   -0.0000988560
    7.021812     -9.007740   -0.0000490533
    7.021812     -3.002580   -0.0000132215
    7.021812      3.002580    0.0000103619
    7.021812      9.007740    0.0000232534
    7.021812     15.012900    0.0000268525
    7.021812     21.018060    0.0000224388
    7.021812     27.023220    0.0000112196
    7.021812     33.028380   -0.0000056549
    7.021812     39.033540   -0.0000271749
    7.021812     45.038700   -0.0000527404

   11.703020    -45.038700   -0.0012223324
   11.703020    -39.033540   -0.0009464336
   11.703020    -33.028380   -0.0007125428
   11.703020    -27.023220   -0.0005164775
   11.703020    -21.018060   -0.0003541552
   11.703020    -15.012900   -0.0002217778
   11.703020     -9.007740   -0.0001158921
   11.703020     -3.002580   -0.0000333816
   11.703020      3.002580    0.0000285755
   11.703020      9.007740    0.0000725515
   11.703020     15.012900    0.0001009027
   11.703020     21.018060    0.0001157869
   11.703020     27.023220    0.0001191713
   11.703020     33.028380    0.0001128499
   11.703020     39.033540    0.0000985004
   11.703020     45.038700    0.0000778226

   16.384228    -45.038700   -0.0019308478
   16.384228    -39.033540   -0.0015150620
   16.384228    -33.028380   -0.0011578472
   16.384228    -27.023220   -0.0008538044
   16.384228    -21.018060   -0.0005972428
   16.384228    -15.012900   -0.0003827707
   16.384228     -9.007740   -0.0002055131
   16.384228     -3.002580   -0.0000611159
   16.384228      3.002580    0.0000543437
   16.384228      9.007740    0.0001444527
   16.384228     15.012900    0.0002125179
   16.384228     21.018060    0.0002615703
   16.384228     27.023220    0.0002943443
   16.384228     33.028380    0.0003132953
   16.384228     39.033540    0.0003207569
   16.384228     45.038700    0.0003193743

   21.065436    -45.038700   -0.0027375436
   21.065436    -39.033540   -0.0021679654
   21.065436    -33.028380   -0.0016748053
   21.065436    -27.023220   -0.0012499815
   21.065436    -21.018060   -0.0008860751
   21.065436    -15.012900   -0.0005763278
   21.065436     -9.007740   -0.0003146021
   21.065436     -3.002580   -0.0000953241
   21.065436      3.002580    0.0000865781
   21.065436      9.007740    0.0002357310
   21.065436     15.012900    0.0003563622
   21.065436     21.018060    0.0004523373
   21.065436     27.023220    0.0005271904
   21.065436     33.028380    0.0005841585
   21.065436     39.033540    0.0006262328
   21.065436     45.038700    0.0006562440

   25.746645    -45.038700   -0.0036271316
   25.746645    -39.033540   -0.0028922079
   25.746645    -33.028380   -0.0022524774
   25.746645    -27.023220   -0.0016960665
   25.746645    -21.018060   -0.0012137451
   25.746645    -15.012900   -0.0007975675
   25.746645     -9.007740   -0.0004402605
   25.746645     -3.002580   -0.0001350480
   25.746645      3.002580    0.0001243264
   25.746645      9.007740    0.0003435464
   25.746645     15.012900    0.0005277343
   25.746645     21.018060    0.0006815534
   25.746645     27.023220    0.0008093516
   25.746645     33.028380    0.0009152296
   25.746645     39.033540    0.0010028429
   25.746645     45.038700    0.0010746761

   30.427853    -45.038700   -0.0045858483
   30.427853    -39.033540   -0.0036775193
   30.427853    -33.028380   -0.0028814383
   30.427853    -27.023220   -0.0021838325
   30.427853    -21.018060   -0.0015738443
   30.427853    -15.012900   -0.0010420787
   30.427853     -9.007740   -0.0005799435
   30.427853     -3.002580   -0.0001794540
   30.427853      3.002580    0.0001667510
   30.427853      9.007740    0.0004653599
   30.427853     15.012900    0.0007224068
   30.427853     21.018060    0.0009433846
   30.427853     27.023220    0.0011334022
   30.427853     33.028380    0.0012972629
   30.427853     39.033540    0.0014392598
   30.427853     45.038700    0.0015624150

   35.109061    -45.038700   -0.0056011013
   35.109061    -39.033540   -0.0045151498
   35.109061    -33.028380   -0.0035532785
   35.109061    -27.023220   -0.0027056894
   35.109061    -21.018060   -0.0019604401
   35.109061    -15.012900   -0.0013058363
   35.109061     -9.007740   -0.0007313670
   35.109061     -3.002580   -0.0002277986
   35.109061      3.002580    0.0002131006
   35.109061      9.007740    0.0005988735
   35.109061     15.012900    0.0009365363
   35.109061     21.018060    0.0012325420
   35.109061     27.023220    0.0014926410
   35.109061     33.028380    0.0017218752
   35.109061     39.033540    0.0019250834
   35.109061     45.038700    0.0021084411

   39.790269    -45.038700   -0.0066611324
   39.790269    -39.033540   -0.0053939263
   39.790269    -33.028380   -0.0042592941
   39.790269    -27.023220   -0.0032550534
   39.790269    -21.018060   -0.0023685310
   39.790269    -15.012900   -0.0015852203
   39.790269     -9.007740   -0.0008923276
   39.790269     -3.002580   -0.0002793504
   39.790269      3.002580    0.0002626599
   39.790269      9.007740    0.0007419960
   39.790269     15.012900    0.0011666890
   39.790269     21.018060    0.0015442301
   39.790269     27.023220    0.0018809450
   39.790269     33.028380    0.0021818375
   39.790269     39.033540    0.0024522163
   39.790269     45.038700    0.0027029092

   44.471477    -45.038700   -0.0077546388
   44.471477    -39.033540   -0.0062916356
   44.471477    -33.028380   -0.0049877827
   44.471477    -27.023220   -0.0038274107
   44.471477    -21.018060   -0.0027952617
   44.471477    -15.012900   -0.0018771866
   44.471477     -9.007740   -0.0010603619
   44.471477     -3.002580   -0.0003332334
   44.471477      3.002580    0.0003146549
   44.471477      9.007740    0.0008928373
   44.471477     15.012900    0.0014100458
   44.471477     21.018060    0.0018742579
   44.471477     27.023220    0.0022927094
   44.471477     33.028380    0.0026719519
   44.471477     39.033540    0.0030180883
   44.471477     45.038700    0.0033373631

