  -42.952389    -47.456659    0.0598802945
  -42.952389    -41.129105    0.0529130929
  -42.952389    -34.801550    0.0469517662
  -42.952389    -28.473996    0.0419989647
  -42.952389    -22.146441    0.0380547915
  -42.952389    -15.818886    0.0351183193
  -42.952389     -9.491332    0.0331888032
  -42.952389     -3.163777    0.0322665908
  -42.952389      3.163777    0.0323537282
  -42.952389      9.491332    0.0334542637
  -42.952389     15.818886    0.0355742480
  -42.952389     22.146441    0.0387214300
  -42.952389     28.473996    0.0429046515
  -42.952389     34.801550    0.0481329365
  -42.952389     41.129105    0.0544142783
  -42.952389     47.456659    0.0617541235

  -37.225404    -47.456659    0.0519660104
  -37.225404    -41.129105    0.0449638492
  -37.225404    -34.801550    0.0389701158
  -37.225404    -28.473996    0.0339868634
  -37.225404    -22.146441    0.0300136145
  -37.225404    -15.818886    0.0270488771
  -37.225404     -9.491332    0.0250913579
  -37.225404     -3.163777    0.0241408721
  -37.225404      3.163777    0.0241989499
  -37.225404      9.491332    0.0252691396
  -37.225404     15.818886    0.0273570078
  -37.225404     22.146441    0.0304698362
  -37.225404     28.473996    0.0346160149
  -37.225404     34.801550    0.0398041325
  -37.225404     41.129105    0.0460417634
  -37.225404     47.456659    0.0533339512

  -31.498419    -47.456659    0.0452325201
  -31.498419    -41.129105    0.0382014994
  -31.498419    -34.801550    0.0321816811
  -31.498419    -28.473996    0.0271745164
  -31.498419    -22.146441    0.0231789397
  -31.498419    -15.818886    0.0201928855
  -31.498419     -9.491332    0.0182145009
  -31.498419     -3.163777    0.0172430556
  -31.498419      3.163777    0.0172795485
  -31.498419      9.491332    0.0183270111
  -31.498419     15.818886    0.0203905072
  -31.498419     22.146441    0.0234768297
  -31.498419     28.473996    0.0275938941
  -31.498419     34.801550    0.0327498289
  -31.498419     41.129105    0.0389517623
  -31.498419     47.456659    0.0462043059

  -25.771434    -47.456659    0.0396562813
  -25.771434    -41.129105    0.0326014385
  -25.771434    -34.801550    0.0265607722
  -25.771434    -28.473996    0.0215351299
  -25.771434    -22.146441    0.0175228544
  -25.771434    -15.818886    0.0145213004
  -25.771434     -9.491332    0.0125280474
  -25.771434     -3.163777    0.0115418098
  -25.771434      3.163777    0.0115630428
  -25.771434      9.491332    0.0125942465
  -25.771434     15.818886    0.0146399652
  -25.771434     22.146441    0.0177064844
  -25.771434     28.473996    0.0218012245
  -25.771434     34.801550    0.0269318304
  -25.771434     41.129105    0.0331049593
  -25.771434     47.456659    0.0403247634

  -20.044448    -47.456659    0.0352192299
  -20.044448    -41.129105    0.0281445358
  -20.044448    -34.801550    0.0220871704
  -20.044448    -28.473996    0.0170473792
  -20.044448    -22.146441    0.0130229128
  -20.044448    -15.818886    0.0100105436
  -20.044448     -9.491332    0.0080072784
  -20.044448     -3.163777    0.0070112687
  -20.044448      3.163777    0.0070224167
  -20.044448      9.491332    0.0080426792
  -20.044448     15.818886    0.0100760669
  -20.044448     22.146441    0.0131283418
  -20.044448     28.473996    0.0172064102
  -20.044448     34.801550    0.0223174130
  -20.044448     41.129105    0.0284675128
  -20.044448     47.456659    0.0356603775

  -14.317463    -47.456659    0.0319086993
  -14.317463    -41.129105    0.0248170542
  -14.317463    -34.801550    0.0187460477
  -14.317463    -28.473996    0.0136953281
  -14.317463    -22.146441    0.0096620564
  -14.317463    -15.818886    0.0066424230
  -14.317463     -9.491332    0.0046328598
  -14.317463     -3.163777    0.0036309509
  -14.317463      3.163777    0.0036360388
  -14.317463      9.491332    0.0046495277
  -14.317463     15.818886    0.0066748834
  -14.317463     22.146441    0.0097173302
  -14.317463     28.473996    0.0137832441
  -14.317463     34.801550    0.0188792434
  -14.317463     41.129105    0.0250109752
  -14.317463     47.456659    0.0321815996

   -8.590478    -47.456659    0.0297173561
   -8.590478    -41.129105    0.0226105863
   -8.590478    -34.801550    0.0165279026
   -8.590478    -28.473996    0.0114683646
   -8.590478    -22.146441    0.0074285493
   -8.590478    -15.818886    0.0044040677
   -8.590478     -9.491332    0.0023907781
   -8.590478     -3.163777    0.0013856954
   -8.590478      3.163777    0.0013875982
   -8.590478      9.491332    0.0023973316
   -8.590478     15.818886    0.0044178072
   -8.590478     22.146441    0.0074537004
   -8.590478     28.473996    0.0115108432
   -8.590478     34.801550    0.0165953147
   -8.590478     41.129105    0.0227122281
   -8.590478     47.456659    0.0298642142

   -2.863493    -47.456659    0.0286431519
   -2.863493    -41.129105    0.0215220055
   -2.863493    -34.801550    0.0154285120
   -2.863493    -28.473996    0.0103611528
   -2.863493    -22.146441    0.0063159295
   -2.863493    -15.818886    0.0032878802
   -2.863493     -9.491332    0.0012722925
   -2.863493     -3.163777    0.0002656134
   -2.863493      3.163777    0.0002660560
   -2.863493      9.491332    0.0012739024
   -2.863493     15.818886    0.0032915039
   -2.863493     22.146441    0.0063229777
   -2.863493     28.473996    0.0103736005
   -2.863493     34.801550    0.0154488985
   -2.863493     41.129105    0.0215534343
   -2.863493     47.456659    0.0286892909

    2.863493    -47.456659    0.0286892909
    2.863493    -41.129105    0.0215534343
    2.863493    -34.801550    0.0154488985
    2.863493    -28.473996    0.0103736005
    2.863493    -22.146441    0.0063229777
    2.863493    -15.818886    0.0032915039
    2.863493     -9.491332    0.0012739024
    2.863493     -3.163777    0.0002660560
    2.863493      3.163777    0.0002656134
    2.863493      9.491332    0.0012722925
    2.863493     15.818886    0.0032878802
    2.863493     22.146441    0.0063159295
    2.863493     28.473996    0.0103611528
    2.863493     34.801550    0.0154285120
    2.863493     41.129105    0.0215220055
    2.863493     47.456659    0.0286431519

    8.590478    -47.456659    0.0298642142
    8.590478    -41.129105    0.0227122281
    8.590478    -34.801550    0.0165953147
    8.590478    -28.473996    0.0115108432
    8.590478    -22.146441    0.0074537004
    8.590478    -15.818886    0.0044178072
    8.590478     -9.491332    0.0023973316
    8.590478     -3.163777    0.0013875982
    8.590478      3.163777    0.0013856954
    8.590478      9.491332    0.0023907781
    8.590478     15.818886    0.0044040677
    8.590478     22.146441    0.0074285493
    8.590478     28.473996    0.0114683646
    8.590478     34.801550    0.0165279026
    8.590478     41.129105    0.0226105863
    8.590478     47.456659    0.0297173561

   14.317463    -47.456659    0.0321815996
   14.317463    -41.129105    0.0250109752
   14.317463    -34.801550    0.0188792434
   14.317463    -28.473996    0.0137832441
   14.317463    -22.146441    0.0097173302
   14.317463    -15.818886    0.0066748834
   14.317463     -9.491332    0.0046495277
   14.317463     -3.163777    0.0036360388
   14.317463      3.163777    0.0036309509
   14.317463      9.491332    0.0046328598
   14.317463     15.818886    0.0066424230
   14.317463     22.146441    0.0096620564
   14.317463     28.473996    0.0136953281
   14.317463     34.801550    0.0187460477
   14.317463     41.129105    0.0248170542
   14.317463     47.456659    0.0319086993

   20.044448    -47.456659    0.0356603775
   20.044448    -41.129105    0.0284675128
   20.044448    -34.801550    0.0223174130
   20.044448    -28.473996    0.0172064102
   20.044448    -22.146441    0.0131283418
   20.044448    -15.818886    0.0100760669
   20.044448     -9.491332    0.0080426792
   20.044448     -3.163777    0.0070224167
   20.044448      3.163777    0.0070112687
   20.044448      9.491332    0.0080072784
   20.044448     15.818886    0.0100105436
   20.044448     22.146441    0.0130229128
   20.044448     28.473996    0.0170473792
   20.044448     34.801550    0.0220871704
   20.044448     41.129105    0.0281445358
   20.044448     47.456659    0.0352192299

   25.771434    -47.456659    0.0403247634
   25.771434    -41.129105    0.0331049593
   25.771434    -34.801550    0.0269318304
   25.771434    -28.473996    0.0218012245
   25.771434    -22.146441    0.0177064844
   25.771434    -15.818886    0.0146399652
   25.771434     -9.491332    0.0125942465
   25.771434     -3.163777    0.0115630428
   25.771434      3.163777    0.0115418098
   25.771434      9.491332    0.0125280474
   25.771434     15.818886    0.0145213004
   25.771434     22.146441    0.0175228544
   25.771434     28.473996    0.0215351299
   25.771434     34.801550    0.0265607722
   25.771434     41.129105    0.0326014385
   25.771434     47.456659    0.0396562813

   31.498419    -47.456659    0.0462043059
   31.498419    -41.129105    0.0389517623
   31.498419    -34.801550    0.0327498289
   31.498419    -28.473996    0.0275938941
   31.498419    -22.146441    0.0234768297
   31.498419    -15.818886    0.0203905072
   31.498419     -9.491332    0.0183270111
   31.498419     -3.163777    0.0172795485
   31.498419      3.163777    0.0172430556
   31.498419      9.491332    0.0182145009
   31.498419     15.818886    0.0201928855
   31.498419     22.146441    0.0231789397
   31.498419     28.473996    0.0271745164
   31.498419     34.801550    0.0321816811
   31.498419     41.129105    0.0382014994
   31.498419     47.456659    0.0452325201

   37.225404    -47.456659    0.0533339512
   37.225404    -41.129105    0.0460417634
   37.225404    -34.801550    0.0398041325
   37.225404    -28.473996    0.0346160149
   37.225404    -22.146441    0.0304698362
   37.225404    -15.818886    0.0273570078
   37.225404     -9.491332    0.0252691396
   37.225404     -3.163777    0.0241989499
   37.225404      3.163777    0.0241408721
   37.225404      9.491332    0.0250913579
   37.225404     15.818886    0.0270488771
   37.225404     22.146441    0.0300136145
   37.225404     28.473996    0.0339868634
   37.225404     34.801550    0.0389701158
   37.225404     41.129105    0.0449638492
   37.225404     47.456659    0.0519660104

   42.952389    -47.456659    0.0617541235
   42.952389    -41.129105    0.0544142783
   42.952389    -34.801550    0.0481329365
   42.952389    -28.473996    0.0429046515
   42.952389    -22.146441    0.0387214300
   42.952389    -15.818886    0.0355742480
   42.952389     -9.491332    0.0334542637
   42.952389     -3.163777    0.0323537282
   42.952389      3.163777    0.0322665908
   42.952389      9.491332    0.0331888032
   42.952389     15.818886    0.0351183193
   42.952389     22.146441    0.0380547915
   42.952389     28.473996    0.0419989647
   42.952389     34.801550    0.0469517662
   42.952389     41.129105    0.0529130929
   42.952389     47.456659    0.0598802945

