  -35.358766    -48.827424    0.0881455266
  -35.358766    -42.317101    0.0853289296
  -35.358766    -35.806778    0.0831058099
  -35.358766    -29.296454    0.0813866506
  -35.358766    -22.786131    0.0800872748
  -35.358766    -16.275808    0.0791348420
  -35.358766     -9.765485    0.0784734494
  -35.358766     -3.255162    0.0780686740
  -35.358766      3.255162    0.0779105726
  -35.358766      9.765485    0.0780148361
  -35.358766     16.275808    0.0784219788
  -35.358766     22.786131    0.0791946223
  -35.358766     29.296454    0.0804131158
  -35.358766     35.806778    0.0821699169
  -35.358766     42.317101    0.0845633358
  -35.358766     48.827424    0.0876914299

  -30.644264    -48.827424    0.0712109085
  -30.644264    -42.317101    0.0673710386
  -30.644264    -35.806778    0.0642830531
  -30.644264    -29.296454    0.0617920401
  -30.644264    -22.786131    0.0598358009
  -30.644264    -16.275808    0.0583780135
  -30.644264     -9.765485    0.0573867686
  -30.644264     -3.255162    0.0568367996
  -30.644264      3.255162    0.0567192608
  -30.644264      9.765485    0.0570484419
  -30.644264     16.275808    0.0578603376
  -30.644264     22.786131    0.0592035261
  -30.644264     29.296454    0.0611283395
  -30.644264     35.806778    0.0636858462
  -30.644264     42.317101    0.0669536941
  -30.644264     48.827424    0.0711113984

  -25.929762    -48.827424    0.0573637942
  -25.929762    -42.317101    0.0527854036
  -25.929762    -35.806778    0.0489703446
  -25.929762    -29.296454    0.0458505164
  -25.929762    -22.786131    0.0433842571
  -25.929762    -16.275808    0.0415404976
  -25.929762     -9.765485    0.0402949449
  -25.929762     -3.255162    0.0396322378
  -25.929762      3.255162    0.0395495703
  -25.929762      9.765485    0.0400588254
  -25.929762     16.275808    0.0411858139
  -25.929762     22.786131    0.0429667616
  -25.929762     29.296454    0.0454437388
  -25.929762     35.806778    0.0486622763
  -25.929762     42.317101    0.0526759600
  -25.929762     48.827424    0.0575643497

  -21.215260    -48.827424    0.0462841494
  -21.215260    -42.317101    0.0411272135
  -21.215260    -35.806778    0.0367565598
  -21.215260    -29.296454    0.0331557478
  -21.215260    -22.786131    0.0302980536
  -21.215260    -16.275808    0.0281584019
  -21.215260     -9.765485    0.0267190599
  -21.215260     -3.255162    0.0259716183
  -21.215260      3.255162    0.0259171471
  -21.215260      9.765485    0.0265657761
  -21.215260     16.275808    0.0279363155
  -21.215260     22.786131    0.0300558930
  -21.215260     29.296454    0.0329589460
  -21.215260     35.806778    0.0366842754
  -21.215260     42.317101    0.0412682230
  -21.215260     48.827424    0.0467314060

  -16.500757    -48.827424    0.0377150128
  -16.500757    -42.317101    0.0321090214
  -16.500757    -35.806778    0.0273320495
  -16.500757    -29.296454    0.0233767610
  -16.500757    -22.786131    0.0202264828
  -16.500757    -16.275808    0.0178651282
  -16.500757     -9.765485    0.0162818451
  -16.500757     -3.255162    0.0154725444
  -16.500757      3.255162    0.0154399178
  -16.500757      9.765485    0.0161930171
  -16.500757     16.275808    0.0177469162
  -16.500757     22.786131    0.0201224402
  -16.500757     29.296454    0.0233453993
  -16.500757     35.806778    0.0274442212
  -16.500757     42.317101    0.0324443359
  -16.500757     48.827424    0.0383571189

  -11.786255    -48.827424    0.0314571015
  -11.786255    -42.317101    0.0255262307
  -11.786255    -35.806778    0.0204628348
  -11.786255    -29.296454    0.0162570427
  -11.786255    -22.786131    0.0128989101
  -11.786255    -16.275808    0.0103800365
  -11.786255     -9.765485    0.0086950033
  -11.786255     -3.255162    0.0078424803
  -11.786255      3.255162    0.0078258918
  -11.786255      9.765485    0.0086535747
  -11.786255     16.275808    0.0103384080
  -11.786255     22.786131    0.0128969295
  -11.786255     29.296454    0.0163480044
  -11.786255     35.806778    0.0207111498
  -11.786255     42.317101    0.0260046626
  -11.786255     48.827424    0.0322437422

   -7.071753    -48.827424    0.0273645815
   -7.071753    -42.317101    0.0212265993
   -7.071753    -35.806778    0.0159777930
   -7.071753    -29.296454    0.0116105539
   -7.071753    -22.786131    0.0081192897
   -7.071753    -16.275808    0.0054998143
   -7.071753     -9.765485    0.0037498362
   -7.071753     -3.255162    0.0028698409
   -7.071753      3.255162    0.0028638432
   -7.071753      9.765485    0.0037396683
   -7.071753     16.275808    0.0055086003
   -7.071753     22.786131    0.0081844199
   -7.071753     29.296454    0.0117820331
   -7.071753     35.806778    0.0163160744
   -7.071753     42.317101    0.0218000503
   -7.071753     48.827424    0.0282467690

   -2.357251    -48.827424    0.0253419432
   -2.357251    -42.317101    0.0191043541
   -2.357251    -35.806778    0.0137636142
   -2.357251    -29.296454    0.0093168349
   -2.357251    -22.786131    0.0057606306
   -2.357251    -16.275808    0.0030922599
   -2.357251     -9.765485    0.0013106666
   -2.357251     -3.255162    0.0004172948
   -2.357251      3.255162    0.0004165805
   -2.357251      9.765485    0.0013160591
   -2.357251     16.275808    0.0031260586
   -2.357251     22.786131    0.0058589811
   -2.357251     29.296454    0.0095282106
   -2.357251     35.806778    0.0141467143
   -2.357251     42.317101    0.0197254414
   -2.357251     48.827424    0.0262716524

    2.357251    -48.827424    0.0253419432
    2.357251    -42.317101    0.0191043541
    2.357251    -35.806778    0.0137636142
    2.357251    -29.296454    0.0093168349
    2.357251    -22.786131    0.0057606306
    2.357251    -16.275808    0.0030922599
    2.357251     -9.765485    0.0013106666
    2.357251     -3.255162    0.0004172948
    2.357251      3.255162    0.0004165805
    2.357251      9.765485    0.0013160591
    2.357251     16.275808    0.0031260586
    2.357251     22.786131    0.0058589811
    2.357251     29.296454    0.0095282106
    2.357251     35.806778    0.0141467143
    2.357251     42.317101    0.0197254414
    2.357251     48.827424    0.0262716524

    7.071753    -48.827424    0.0273645815
    7.071753    -42.317101    0.0212265993
    7.071753    -35.806778    0.0159777930
    7.071753    -29.296454    0.0116105539
    7.071753    -22.786131    0.0081192897
    7.071753    -16.275808    0.0054998143
    7.071753     -9.765485    0.0037498362
    7.071753     -3.255162    0.0028698409
    7.071753      3.255162    0.0028638432
    7.071753      9.765485    0.0037396683
    7.071753     16.275808    0.0055086003
    7.071753     22.786131    0.0081844199
    7.071753     29.296454    0.0117820331
    7.071753     35.806778    0.0163160744
    7.071753     42.317101    0.0218000503
    7.071753     48.827424    0.0282467690

   11.786255    -48.827424    0.0314571015
   11.786255    -42.317101    0.0255262307
   11.786255    -35.806778    0.0204628348
   11.786255    -29.296454    0.0162570427
   11.786255    -22.786131    0.0128989101
   11.786255    -16.275808    0.0103800365
   11.786255     -9.765485    0.0086950033
   11.786255     -3.255162    0.0078424803
   11.786255      3.255162    0.0078258918
   11.786255      9.765485    0.0086535747
   11.786255     16.275808    0.0103384080
   11.786255     22.786131    0.0128969295
   11.786255     29.296454    0.0163480044
   11.786255     35.806778    0.0207111498
   11.786255     42.317101    0.0260046626
   11.786255     48.827424    0.0322437422

   16.500757    -48.827424    0.0377150128
   16.500757    -42.317101    0.0321090214
   16.500757    -35.806778    0.0273320495
   16.500757    -29.296454    0.0233767610
   16.500757    -22.786131    0.0202264828
   16.500757    -16.275808    0.0178651282
   16.500757     -9.765485    0.0162818451
   16.500757     -3.255162    0.0154725444
   16.500757      3.255162    0.0154399178
   16.500757      9.765485    0.0161930171
   16.500757     16.275808    0.0177469162
   16.500757     22.786131    0.0201224402
   16.500757     29.296454    0.0233453993
   16.500757     35.806778    0.0274442212
   16.500757     42.317101    0.0324443359
   16.500757     48.827424    0.0383571189

   21.215260    -48.827424    0.0462841494
   21.215260    -42.317101    0.0411272135
   21.215260    -35.806778    0.0367565598
   21.215260    -29.296454    0.0331557478
   21.215260    -22.786131    0.0302980536
   21.215260    -16.275808    0.0281584019
   21.215260     -9.765485    0.0267190599
   21.215260     -3.255162    0.0259716183
   21.215260      3.255162    0.0259171471
   21.215260      9.765485    0.0265657761
   21.215260     16.275808    0.0279363155
   21.215260     22.786131    0.0300558930
   21.215260     29.296454    0.0329589460
   21.215260     35.806778    0.0366842754
   21.215260     42.317101    0.0412682230
   21.215260     48.827424    0.0467314060

   25.929762    -48.827424    0.0573637942
   25.929762    -42.317101    0.0527854036
   25.929762    -35.806778    0.0489703446
   25.929762    -29.296454    0.0458505164
   25.929762    -22.786131    0.0433842571
   25.929762    -16.275808    0.0415404976
   25.929762     -9.765485    0.0402949449
   25.929762     -3.255162    0.0396322378
   25.929762      3.255162    0.0395495703
   25.929762      9.765485    0.0400588254
   25.929762     16.275808    0.0411858139
   25.929762     22.786131    0.0429667616
   25.929762     29.296454    0.0454437388
   25.929762     35.806778    0.0486622763
   25.929762     42.317101    0.0526759600
   25.929762     48.827424    0.0575643497

   30.644264    -48.827424    0.0712109085
   30.644264    -42.317101    0.0673710386
   30.644264    -35.806778    0.0642830531
   30.644264    -29.296454    0.0617920401
   30.644264    -22.786131    0.0598358009
   30.644264    -16.275808    0.0583780135
   30.644264     -9.765485    0.0573867686
   30.644264     -3.255162    0.0568367996
   30.644264      3.255162    0.0567192608
   30.644264      9.765485    0.0570484419
   30.644264     16.275808    0.0578603376
   30.644264     22.786131    0.0592035261
   30.644264     29.296454    0.0611283395
   30.644264     35.806778    0.0636858462
   30.644264     42.317101    0.0669536941
   30.644264     48.827424    0.0711113984

   35.358766    -48.827424    0.0881455266
   35.358766    -42.317101    0.0853289296
   35.358766    -35.806778    0.0831058099
   35.358766    -29.296454    0.0813866506
   35.358766    -22.786131    0.0800872748
   35.358766    -16.275808    0.0791348420
   35.358766     -9.765485    0.0784734494
   35.358766     -3.255162    0.0780686740
   35.358766      3.255162    0.0779105726
   35.358766      9.765485    0.0780148361
   35.358766     16.275808    0.0784219788
   35.358766     22.786131    0.0791946223
   35.358766     29.296454    0.0804131158
   35.358766     35.806778    0.0821699169
   35.358766     42.317101    0.0845633358
   35.358766     48.827424    0.0876914299

