  -44.510090    -96.008735    0.0475774145
  -44.510090    -81.238160    0.0463287269
  -44.510090    -66.467585    0.0455115505
  -44.510090    -51.697011    0.0450473955
  -44.510090    -36.926436    0.0448707112
  -44.510090    -22.155862    0.0449268951
  -44.510090     -7.385287    0.0451705825
  -44.510090      7.385287    0.0455641801
  -44.510090     22.155862    0.0460766158
  -44.510090     36.926436    0.0466822782
  -44.510090     51.697011    0.0473601268
  -44.510090     66.467585    0.0480929592
  -44.510090     81.238160    0.0488668250
  -44.510090     96.008735    0.0496705837
  -44.510090    110.779309    0.0504956056
  -44.510090    125.549884    0.0513356246

  -39.273609    -96.008735    0.0391756443
  -39.273609    -81.238160    0.0378051326
  -39.273609    -66.467585    0.0368694368
  -39.273609    -51.697011    0.0362922453
  -39.273609    -36.926436    0.0360095095
  -39.273609    -22.155862    0.0359675995
  -39.273609     -7.385287    0.0361217205
  -39.273609      7.385287    0.0364345520
  -39.273609     22.155862    0.0368750817
  -39.273609     36.926436    0.0374176084
  -39.273609     51.697011    0.0380408951
  -39.273609     66.467585    0.0387274570
  -39.273609     81.238160    0.0394629767
  -39.273609     96.008735    0.0402358404
  -39.273609    110.779309    0.0410367987
  -39.273609    125.549884    0.0418587554

  -34.037128    -96.008735    0.0315333786
  -34.037128    -81.238160    0.0300501806
  -34.037128    -66.467585    0.0290053758
  -34.037128    -51.697011    0.0283244536
  -34.037128    -36.926436    0.0279446620
  -34.037128    -22.155862    0.0278132482
  -34.037128     -7.385287    0.0278859498
  -34.037128      7.385287    0.0281257022
  -34.037128     22.155862    0.0285015319
  -34.037128     36.926436    0.0289876120
  -34.037128     51.697011    0.0295624589
  -34.037128     66.467585    0.0302082574
  -34.037128     81.238160    0.0309103036
  -34.037128     96.008735    0.0316565625
  -34.037128    110.779309    0.0324373410
  -34.037128    125.549884    0.0332450822

  -28.800647    -96.008735    0.0247174113
  -28.800647    -81.238160    0.0231318696
  -28.800647    -66.467585    0.0219883142
  -28.800647    -51.697011    0.0212138229
  -28.800647    -36.926436    0.0207467972
  -28.800647    -22.155862    0.0205352674
  -28.800647     -7.385287    0.0205354430
  -28.800647      7.385287    0.0207104762
  -28.800647     22.155862    0.0210294065
  -28.800647     36.926436    0.0214662621
  -28.800647     51.697011    0.0219992999
  -28.800647     66.467585    0.0226103676
  -28.800647     81.238160    0.0232843810
  -28.800647     96.008735    0.0240089100
  -28.800647    110.779309    0.0247738766
  -28.800647    125.549884    0.0255713698

  -23.564166    -96.008735    0.0188032508
  -23.564166    -81.238160    0.0171268159
  -23.564166    -66.467585    0.0158958044
  -23.564166    -51.697011    0.0150387559
  -23.564166    -36.926436    0.0144951180
  -23.564166    -22.155862    0.0142136167
  -23.564166     -7.385287    0.0141508686
  -23.564166      7.385287    0.0142701984
  -23.564166     22.155862    0.0145406337
  -23.564166     36.926436    0.0149360507
  -23.564166     51.697011    0.0154344527
  -23.564166     66.467585    0.0160173660
  -23.564166     81.238160    0.0166693447
  -23.564166     96.008735    0.0173775794
  -23.564166    110.779309    0.0181316126
  -23.564166    125.549884    0.0189231646

  -18.327684    -96.008735    0.0138756217
  -18.327684    -81.238160    0.0121207892
  -18.327684    -66.467585    0.0108145489
  -18.327684    -51.697011    0.0098868083
  -18.327684    -36.926436    0.0092779727
  -18.327684    -22.155862    0.0089373880
  -18.327684     -7.385287    0.0088220186
  -18.327684      7.385287    0.0088953226
  -18.327684     22.155862    0.0091262967
  -18.327684     36.926436    0.0094886648
  -18.327684     51.697011    0.0099601912
  -18.327684     66.467585    0.0105221041
  -18.327684     81.238160    0.0111586200
  -18.327684     96.008735    0.0118565653
  -18.327684    110.779309    0.0126050950
  -18.327684    125.549884    0.0133955171

  -13.091203    -96.008735    0.0100291014
  -13.091203    -81.238160    0.0082093819
  -13.091203    -66.467585    0.0068410795
  -13.091203    -51.697011    0.0058553803
  -13.091203    -36.926436    0.0051935679
  -13.091203    -22.155862    0.0048055445
  -13.091203     -7.385287    0.0046485750
  -13.091203      7.385287    0.0046862220
  -13.091203     22.155862    0.0048874399
  -13.091203     36.926436    0.0052258043
  -13.091203     51.697011    0.0056788570
  -13.091203     66.467585    0.0062275518
  -13.091203     81.238160    0.0068557926
  -13.091203     96.008735    0.0075500593
  -13.091203    110.779309    0.0082991227
  -13.091203    125.549884    0.0090938545

   -7.854722    -96.008735    0.0073688900
   -7.854722    -81.238160    0.0054988108
   -7.854722    -66.467585    0.0040825744
   -7.854722    -51.697011    0.0030525480
   -7.854722    -36.926436    0.0023508208
   -7.854722    -22.155862    0.0019277986
   -7.854722     -7.385287    0.0017410137
   -7.854722      7.385287    0.0017541158
   -7.854722     22.155862    0.0019360130
   -7.854722     36.926436    0.0022601399
   -7.854722     51.697011    0.0027038306
   -7.854722     66.467585    0.0032477852
   -7.854722     81.238160    0.0038756186
   -7.854722     96.008735    0.0045734878
   -7.854722    110.779309    0.0053297996
   -7.854722    125.549884    0.0061350042

   -2.618241    -96.008735    0.0060117155
   -2.618241    -81.238160    0.0041068525
   -2.618241    -66.467585    0.0026578101
   -2.618241    -51.697011    0.0015980343
   -2.618241    -36.926436    0.0008703517
   -2.618241    -22.155862    0.0004256305
   -2.618241     -7.385287    0.0002216486
   -2.618241      7.385287    0.0002221354
   -2.618241     22.155862    0.0003959557
   -2.618241     36.926436    0.0007164117
   -2.618241     51.697011    0.0011606440
   -2.618241     66.467585    0.0017091166
   -2.618241     81.238160    0.0023451769
   -2.618241     96.008735    0.0030546864
   -2.618241    110.779309    0.0038257239
   -2.618241    125.549884    0.0046483669

    2.618241    -96.008735    0.0060868724
    2.618241    -81.238160    0.0041639108
    2.618241    -66.467585    0.0026982511
    2.618241    -51.697011    0.0016243189
    2.618241    -36.926436    0.0008856177
    2.618241    -22.155862    0.0004334454
    2.618241     -7.385287    0.0002258126
    2.618241      7.385287    0.0002265280
    2.618241     22.155862    0.0004044198
    2.618241     36.926436    0.0007326692
    2.618241     51.697011    0.0011882371
    2.618241     66.467585    0.0017513675
    2.618241     81.238160    0.0024051611
    2.618241     96.008735    0.0031352132
    2.618241    110.779309    0.0039293170
    2.618241    125.549884    0.0047772399

    7.854722    -96.008735    0.0077373945
    7.854722    -81.238160    0.0058142180
    7.854722    -66.467585    0.0043492750
    7.854722    -51.697011    0.0032778877
    7.854722    -36.926436    0.0025441858
    7.854722    -22.155862    0.0020998712
    7.854722     -7.385287    0.0019031785
    7.854722      7.385287    0.0019179983
    7.854722     22.155862    0.0021131314
    7.854722     36.926436    0.0024616516
    7.854722     51.697011    0.0029403550
    7.854722     66.467585    0.0035292837
    7.854722     81.238160    0.0042113130
    7.854722     96.008735    0.0049717991
    7.854722    110.779309    0.0057982880
    7.854722    125.549884    0.0066802916

   13.091203    -96.008735    0.0111213626
   13.091203    -81.238160    0.0092171684
   13.091203    -66.467585    0.0077715349
   13.091203    -51.697011    0.0067206216
   13.091203    -36.926436    0.0060091467
   13.091203    -22.155862    0.0055891950
   13.091203     -7.385287    0.0054192173
   13.091203      7.385287    0.0054631884
   13.091203     22.155862    0.0056898917
   13.091203     36.926436    0.0060723084
   13.091203     51.697011    0.0065870889
   13.091203     66.467585    0.0072140940
   13.091203     81.238160    0.0079359962
   13.091203     96.008735    0.0087379365
   13.091203    110.779309    0.0096072384
   13.091203    125.549884    0.0105331853

   18.327684    -96.008735    0.0164133455
   18.327684    -81.238160    0.0145487854
   18.327684    -66.467585    0.0131424571
   18.327684    -51.697011    0.0121313247
   18.327684    -36.926436    0.0114606690
   18.327684    -22.155862    0.0110829400
   18.327684     -7.385287    0.0109567959
   18.327684      7.385287    0.0110462963
   18.327684     22.155862    0.0113202165
   18.327684     36.926436    0.0117514615
   18.327684     51.697011    0.0123165580
   18.327684     66.467585    0.0129952101
   18.327684     81.238160    0.0137699110
   18.327684     96.008735    0.0146256054
   18.327684    110.779309    0.0155494034
   18.327684    125.549884    0.0165303534

   23.564166    -96.008735    0.0238059761
   23.564166    -81.238160    0.0220033209
   23.564166    -66.467585    0.0206578761
   23.564166    -51.697011    0.0197073921
   23.564166    -36.926436    0.0190976938
   23.564166    -22.155862    0.0187815814
   23.564166     -7.385287    0.0187179127
   23.564166      7.385287    0.0188708319
   23.564166     22.155862    0.0192091150
   23.564166     36.926436    0.0197056078
   23.564166     51.697011    0.0203367353
   23.564166     66.467585    0.0210820703
   23.564166     81.238160    0.0219239500
   23.564166     96.008735    0.0228471379
   23.564166    110.779309    0.0238385315
   23.564166    125.549884    0.0248869222

   28.800647    -96.008735    0.0335116609
   28.800647    -81.238160    0.0317949883
   28.800647    -66.467585    0.0305338056
   28.800647    -51.697011    0.0296666166
   28.800647    -36.926436    0.0291397690
   28.800647    -22.155862    0.0289064026
   28.800647     -7.385287    0.0289255721
   28.800647      7.385287    0.0291615115
   28.800647     22.155862    0.0295830078
   28.800647     36.926436    0.0301628619
   28.800647     51.697011    0.0308774146
   28.800647     66.467585    0.0317061253
   28.800647     81.238160    0.0326311938
   28.800647     96.008735    0.0336372195
   28.800647    110.779309    0.0347109021
   28.800647    125.549884    0.0358407869

   34.037128    -96.008735    0.0457644243
   34.037128    -81.238160    0.0441598279
   34.037128    -66.467585    0.0430083460
   34.037128    -51.697011    0.0422491350
   34.037128    -36.926436    0.0418290247
   34.037128    -22.155862    0.0417014899
   34.037128     -7.385287    0.0418257974
   34.037128      7.385287    0.0421662904
   34.037128     22.155862    0.0426917835
   34.037128     36.926436    0.0433750408
   34.037128     51.697011    0.0441923200
   34.037128     66.467585    0.0451229664
   34.037128     81.238160    0.0461490482
   34.037128     96.008735    0.0472550296
   34.037128    110.779309    0.0484274813
   34.037128    125.549884    0.0496548366

