  -34.795266    -44.766107    0.0171285038
  -34.795266    -40.053885    0.0151528443
  -34.795266    -35.341663    0.0132149603
  -34.795266    -30.629441    0.0113152973
  -34.795266    -25.917220    0.0094547649
  -34.795266    -21.204998    0.0076346755
  -34.795266    -16.492776    0.0058567202
  -34.795266    -11.780554    0.0041229824
  -34.795266     -7.068333    0.0024359881
  -34.795266     -2.356111    0.0007987931
  -34.795266      2.356111   -0.0007848924
  -34.795266      7.068333   -0.0023105415
  -34.795266     11.780554   -0.0037726125
  -34.795266     16.492776   -0.0051643122
  -34.795266     21.204998   -0.0064773234
  -34.795266     25.917220   -0.0077014939

  -30.155897    -44.766107    0.0123309495
  -30.155897    -40.053885    0.0109078432
  -30.155897    -35.341663    0.0095118260
  -30.155897    -30.629441    0.0081433831
  -30.155897    -25.917220    0.0068032914
  -30.155897    -21.204998    0.0054925890
  -30.155897    -16.492776    0.0042125714
  -30.155897    -11.780554    0.0029648117
  -30.155897     -7.068333    0.0017512083
  -30.155897     -2.356111    0.0005740567
  -30.155897      2.356111   -0.0005638521
  -30.155897      7.068333   -0.0016591083
  -30.155897     11.780554   -0.0027075338
  -30.155897     16.492776   -0.0037040071
  -30.155897     21.204998   -0.0046422630
  -30.155897     25.917220   -0.0055146665

  -25.516528    -44.766107    0.0085131238
  -25.516528    -40.053885    0.0075298166
  -25.516528    -35.341663    0.0065654417
  -25.516528    -30.629441    0.0056202583
  -25.516528    -25.917220    0.0046947754
  -25.516528    -21.204998    0.0037897193
  -25.516528    -16.492776    0.0029060201
  -25.516528    -11.780554    0.0020448183
  -25.516528     -7.068333    0.0012074922
  -25.516528     -2.356111    0.0003957041
  -25.516528      2.356111   -0.0003885327
  -25.516528      7.068333   -0.0011427669
  -25.516528     11.780554   -0.0018640028
  -25.516528     16.492776   -0.0025485735
  -25.516528     21.204998   -0.0031919940
  -25.516528     25.917220   -0.0037887948

  -20.877160    -44.766107    0.0055287183
  -20.877160    -40.053885    0.0048895161
  -20.877160    -35.341663    0.0042628830
  -20.877160    -30.629441    0.0036488579
  -20.877160    -25.917220    0.0030477061
  -20.877160    -21.204998    0.0024598809
  -20.877160    -16.492776    0.0018860004
  -20.877160    -11.780554    0.0013268402
  -20.877160     -7.068333    0.0007833423
  -20.877160     -2.356111    0.0002566386
  -20.877160      2.356111   -0.0002519084
  -20.877160      7.068333   -0.0007406507
  -20.877160     11.780554   -0.0012075832
  -20.877160     16.492776   -0.0016502562
  -20.877160     21.204998   -0.0020656737
  -20.877160     25.917220   -0.0024501739

  -16.237791    -44.766107    0.0032645163
  -16.237791    -40.053885    0.0028867319
  -16.237791    -35.341663    0.0025165611
  -16.237791    -30.629441    0.0021539288
  -16.237791    -25.917220    0.0017989392
  -16.237791    -21.204998    0.0014518415
  -16.237791    -16.492776    0.0011130050
  -16.237791    -11.780554    0.0007829065
  -16.237791     -7.068333    0.0004621285
  -16.237791     -2.356111    0.0001513687
  -16.237791      2.356111   -0.0001485394
  -16.237791      7.068333   -0.0004365946
  -16.237791     11.780554   -0.0007115850
  -16.237791     16.492776   -0.0009720336
  -16.237791     21.204998   -0.0012161329
  -16.237791     25.917220   -0.0014416682

  -11.598422    -44.766107    0.0016356434
  -11.598422    -40.053885    0.0014462031
  -11.598422    -35.341663    0.0012606693
  -11.598422    -30.629441    0.0010789558
  -11.598422    -25.917220    0.0009010885
  -11.598422    -21.204998    0.0007271821
  -11.598422    -16.492776    0.0005574227
  -11.598422    -11.780554    0.0003920568
  -11.598422     -7.068333    0.0002313877
  -11.598422     -2.356111    0.0000757771
  -11.598422      2.356111   -0.0000743453
  -11.598422      7.068333   -0.0002184670
  -11.598422     11.780554   -0.0003559703
  -11.598422     16.492776   -0.0004861041
  -11.598422     21.204998   -0.0006079488
  -11.598422     25.917220   -0.0007203748

   -6.959053    -44.766107    0.0005817681
   -6.959053    -40.053885    0.0005143467
   -6.959053    -35.341663    0.0004483401
   -6.959053    -30.629441    0.0003837039
   -6.959053    -25.917220    0.0003204400
   -6.959053    -21.204998    0.0002585863
   -6.959053    -16.492776    0.0001982089
   -6.959053    -11.780554    0.0001393975
   -6.959053     -7.068333    0.0000822630
   -6.959053     -2.356111    0.0000269371
   -6.959053      2.356111   -0.0000264244
   -6.959053      7.068333   -0.0000776363
   -6.959053     11.780554   -0.0001264767
   -6.959053     16.492776   -0.0001726757
   -6.959053     21.204998   -0.0002159032
   -6.959053     25.917220   -0.0002557525

   -2.319684    -44.766107    0.0000642524
   -2.319684    -40.053885    0.0000568038
   -2.319684    -35.341663    0.0000495129
   -2.319684    -30.629441    0.0000423741
   -2.319684    -25.917220    0.0000353871
   -2.319684    -21.204998    0.0000285558
   -2.319684    -16.492776    0.0000218877
   -2.319684    -11.780554    0.0000153928
   -2.319684     -7.068333    0.0000090833
   -2.319684     -2.356111    0.0000029742
   -2.319684      2.356111   -0.0000029173
   -2.319684      7.068333   -0.0000085706
   -2.319684     11.780554   -0.0000139610
   -2.319684     16.492776   -0.0000190585
   -2.319684     21.204998   -0.0000238265
   -2.319684     25.917220   -0.0000282199

    2.319684    -44.766107    0.0000642524
    2.319684    -40.053885    0.0000568038
    2.319684    -35.341663    0.0000495129
    2.319684    -30.629441    0.0000423741
    2.319684    -25.917220    0.0000353871
    2.319684    -21.204998    0.0000285558
    2.319684    -16.492776    0.0000218877
    2.319684    -11.780554    0.0000153928
    2.319684     -7.068333    0.0000090833
    2.319684     -2.356111    0.0000029742
    2.319684      2.356111   -0.0000029173
    2.319684      7.068333   -0.0000085706
    2.319684     11.780554   -0.0000139610
    2.319684     16.492776   -0.0000190585
    2.319684     21.204998   -0.0000238265
    2.319684     25.917220   -0.0000282199

    6.959053    -44.766107    0.0005817681
    6.959053    -40.053885    0.0005143467
    6.959053    -35.341663    0.0004483401
    6.959053    -30.629441    0.0003837039
    6.959053    -25.917220    0.0003204400
    6.959053    -21.204998    0.0002585863
    6.959053    -16.492776    0.0001982089
    6.959053    -11.780554    0.0001393975
    6.959053     -7.068333    0.0000822630
    6.959053     -2.356111    0.0000269371
    6.959053      2.356111   -0.0000264244
    6.959053      7.068333   -0.0000776363
    6.959053     11.780554   -0.0001264767
    6.959053     16.492776   -0.0001726757
    6.959053     21.204998   -0.0002159032
    6.959053     25.917220   -0.0002557525

   11.598422    -44.766107    0.0016356434
   11.598422    -40.053885    0.0014462031
   11.598422    -35.341663    0.0012606693
   11.598422    -30.629441    0.0010789558
   11.598422    -25.917220    0.0009010885
   11.598422    -21.204998    0.0007271821
   11.598422    -16.492776    0.0005574227
   11.598422    -11.780554    0.0003920568
   11.598422     -7.068333    0.0002313877
   11.598422     -2.356111    0.0000757771
   11.598422      2.356111   -0.0000743453
   11.598422      7.068333   -0.0002184670
   11.598422     11.780554   -0.0003559703
   11.598422     16.492776   -0.0004861041
   11.598422     21.204998   -0.0006079488
   11.598422     25.917220   -0.0007203748

   16.237791    -44.766107    0.0032645163
   16.237791    -40.053885    0.0028867319
   16.237791    -35.341663    0.0025165611
   16.237791    -30.629441    0.0021539288
   16.237791    -25.917220    0.0017989392
   16.237791    -21.204998    0.0014518415
   16.237791    -16.492776    0.0011130050
   16.237791    -11.780554    0.0007829065
   16.237791     -7.068333    0.0004621285
   16.237791     -2.356111    0.0001513687
   16.237791      2.356111   -0.0001485394
   16.237791      7.068333   -0.0004365946
   16.237791     11.780554   -0.0007115850
   16.237791     16.492776   -0.0009720336
   16.237791     21.204998   -0.0012161329
   16.237791     25.917220   -0.0014416682

   20.877160    -44.766107    0.0055287183
   20.877160    -40.053885    0.0048895161
   20.877160    -35.341663    0.0042628830
   20.877160    -30.629441    0.0036488579
   20.877160    -25.917220    0.0030477061
   20.877160    -21.204998    0.0024598809
   20.877160    -16.492776    0.0018860004
   20.877160    -11.780554    0.0013268402
   20.877160     -7.068333    0.0007833423
   20.877160     -2.356111    0.0002566386
   20.877160      2.356111   -0.0002519084
   20.877160      7.068333   -0.0007406507
   20.877160     11.780554   -0.0012075832
   20.877160     16.492776   -0.0016502562
   20.877160     21.204998   -0.0020656737
   20.877160     25.917220   -0.0024501739

   25.516528    -44.766107    0.0085131238
   25.516528    -40.053885    0.0075298166
   25.516528    -35.341663    0.0065654417
   25.516528    -30.629441    0.0056202583
   25.516528    -25.917220    0.0046947754
   25.516528    -21.204998    0.0037897193
   25.516528    -16.492776    0.0029060201
   25.516528    -11.780554    0.0020448183
   25.516528     -7.068333    0.0012074922
   25.516528     -2.356111    0.0003957041
   25.516528      2.356111   -0.0003885327
   25.516528      7.068333   -0.0011427669
   25.516528     11.780554   -0.0018640028
   25.516528     16.492776   -0.0025485735
   25.516528     21.204998   -0.0031919940
   25.516528     25.917220   -0.0037887948

   30.155897    -44.766107    0.0123309495
   30.155897    -40.053885    0.0109078432
   30.155897    -35.341663    0.0095118260
   30.155897    -30.629441    0.0081433831
   30.155897    -25.917220    0.0068032914
   30.155897    -21.204998    0.0054925890
   30.155897    -16.492776    0.0042125714
   30.155897    -11.780554    0.0029648117
   30.155897     -7.068333    0.0017512083
   30.155897     -2.356111    0.0005740567
   30.155897      2.356111   -0.0005638521
   30.155897      7.068333   -0.0016591083
   30.155897     11.780554   -0.0027075338
   30.155897     16.492776   -0.0037040071
   30.155897     21.204998   -0.0046422630
   30.155897     25.917220   -0.0055146665

   34.795266    -44.766107    0.0171285038
   34.795266    -40.053885    0.0151528443
   34.795266    -35.341663    0.0132149603
   34.795266    -30.629441    0.0113152973
   34.795266    -25.917220    0.0094547649
   34.795266    -21.204998    0.0076346755
   34.795266    -16.492776    0.0058567202
   34.795266    -11.780554    0.0041229824
   34.795266     -7.068333    0.0024359881
   34.795266     -2.356111    0.0007987931
   34.795266      2.356111   -0.0007848924
   34.795266      7.068333   -0.0023105415
   34.795266     11.780554   -0.0037726125
   34.795266     16.492776   -0.0051643122
   34.795266     21.204998   -0.0064773234
   34.795266     25.917220   -0.0077014939

