  -34.795266    -50.614883    0.1111611325
  -34.795266    -43.866232    0.1054874359
  -34.795266    -37.117581    0.1006807707
  -34.795266    -30.368930    0.0967214900
  -34.795266    -23.620279    0.0935878617
  -34.795266    -16.871628    0.0912589919
  -34.795266    -10.122977    0.0897171641
  -34.795266     -3.374326    0.0889495927
  -34.795266      3.374326    0.0889495927
  -34.795266     10.122977    0.0897171641
  -34.795266     16.871628    0.0912589919
  -34.795266     23.620279    0.0935878617
  -34.795266     30.368930    0.0967214900
  -34.795266     37.117581    0.1006807707
  -34.795266     43.866232    0.1054874359
  -34.795266     50.614883    0.1111611325

  -30.155897    -50.614883    0.0860102206
  -30.155897    -43.866232    0.0803207114
  -30.155897    -37.117581    0.0754994773
  -30.155897    -30.368930    0.0715273399
  -30.155897    -23.620279    0.0683829575
  -30.155897    -16.871628    0.0660457489
  -30.155897    -10.122977    0.0644982317
  -30.155897     -3.374326    0.0637277766
  -30.155897      3.374326    0.0637277766
  -30.155897     10.122977    0.0644982317
  -30.155897     16.871628    0.0660457489
  -30.155897     23.620279    0.0683829575
  -30.155897     30.368930    0.0715273399
  -30.155897     37.117581    0.0754994773
  -30.155897     43.866232    0.0803207114
  -30.155897     50.614883    0.0860102206

  -25.516528    -50.614883    0.0661535165
  -25.516528    -43.866232    0.0604507161
  -25.516528    -37.117581    0.0556172487
  -25.516528    -30.368930    0.0516343238
  -25.516528    -23.620279    0.0484809234
  -25.516528    -16.871628    0.0461367248
  -25.516528    -10.122977    0.0445844398
  -25.516528     -3.374326    0.0438115685
  -25.516528      3.374326    0.0438115685
  -25.516528     10.122977    0.0445844398
  -25.516528     16.871628    0.0461367248
  -25.516528     23.620279    0.0484809234
  -25.516528     30.368930    0.0516343238
  -25.516528     37.117581    0.0556172487
  -25.516528     43.866232    0.0604507161
  -25.516528     50.614883    0.0661535165

  -20.877160    -50.614883    0.0507526370
  -20.877160    -43.866232    0.0450389456
  -20.877160    -37.117581    0.0401954630
  -20.877160    -30.368930    0.0362037127
  -20.877160    -23.620279    0.0330429380
  -20.877160    -16.871628    0.0306930256
  -20.877160    -10.122977    0.0291368442
  -20.877160     -3.374326    0.0283619986
  -20.877160      3.374326    0.0283619986
  -20.877160     10.122977    0.0291368442
  -20.877160     16.871628    0.0306930256
  -20.877160     23.620279    0.0330429380
  -20.877160     30.368930    0.0362037127
  -20.877160     37.117581    0.0401954630
  -20.877160     43.866232    0.0450389456
  -20.877160     50.614883    0.0507526370

  -16.237791    -50.614883    0.0391532666
  -16.237791    -43.866232    0.0334309836
  -16.237791    -37.117581    0.0285796062
  -16.237791    -30.368930    0.0245809027
  -16.237791    -23.620279    0.0214143208
  -16.237791    -16.871628    0.0190599101
  -16.237791    -10.122977    0.0175006619
  -16.237791     -3.374326    0.0167242624
  -16.237791      3.374326    0.0167242624
  -16.237791     10.122977    0.0175006619
  -16.237791     16.871628    0.0190599101
  -16.237791     23.620279    0.0214143208
  -16.237791     30.368930    0.0245809027
  -16.237791     37.117581    0.0285796062
  -16.237791     43.866232    0.0334309836
  -16.237791     50.614883    0.0391532666

  -11.598422    -50.614883    0.0308609735
  -11.598422    -43.866232    0.0251323173
  -11.598422    -37.117581    0.0202750873
  -11.598422    -30.368930    0.0162712317
  -11.598422    -23.620279    0.0131003480
  -11.598422    -16.871628    0.0107426061
  -11.598422    -10.122977    0.0091810871
  -11.598422     -3.374326    0.0084035372
  -11.598422      3.374326    0.0084035372
  -11.598422     10.122977    0.0091810871
  -11.598422     16.871628    0.0107426061
  -11.598422     23.620279    0.0131003480
  -11.598422     30.368930    0.0162712317
  -11.598422     37.117581    0.0202750873
  -11.598422     43.866232    0.0251323173
  -11.598422     50.614883    0.0308609735

   -6.959053    -50.614883    0.0255218626
   -6.959053    -43.866232    0.0197889913
   -6.959053    -37.117581    0.0149278922
   -6.959053    -30.368930    0.0109206316
   -6.959053    -23.620279    0.0077469057
   -6.959053    -16.871628    0.0053869632
   -6.959053    -10.122977    0.0038239442
   -6.959053     -3.374326    0.0030456344
   -6.959053      3.374326    0.0030456344
   -6.959053     10.122977    0.0038239442
   -6.959053     16.871628    0.0053869632
   -6.959053     23.620279    0.0077469057
   -6.959053     30.368930    0.0109206316
   -6.959053     37.117581    0.0149278922
   -6.959053     43.866232    0.0197889913
   -6.959053     50.614883    0.0255218626

   -2.319684    -50.614883    0.0229080651
   -2.319684    -43.866232    0.0171730964
   -2.319684    -37.117581    0.0123100724
   -2.319684    -30.368930    0.0083011184
   -2.319684    -23.620279    0.0051259791
   -2.319684    -16.871628    0.0027649423
   -2.319684    -10.122977    0.0012011775
   -2.319684     -3.374326    0.0004224900
   -2.319684      3.374326    0.0004224900
   -2.319684     10.122977    0.0012011775
   -2.319684     16.871628    0.0027649423
   -2.319684     23.620279    0.0051259791
   -2.319684     30.368930    0.0083011184
   -2.319684     37.117581    0.0123100724
   -2.319684     43.866232    0.0171730964
   -2.319684     50.614883    0.0229080651

    2.319684    -50.614883    0.0229080651
    2.319684    -43.866232    0.0171730964
    2.319684    -37.117581    0.0123100724
    2.319684    -30.368930    0.0083011184
    2.319684    -23.620279    0.0051259791
    2.319684    -16.871628    0.0027649423
    2.319684    -10.122977    0.0012011775
    2.319684     -3.374326    0.0004224900
    2.319684      3.374326    0.0004224900
    2.319684     10.122977    0.0012011775
    2.319684     16.871628    0.0027649423
    2.319684     23.620279    0.0051259791
    2.319684     30.368930    0.0083011184
    2.319684     37.117581    0.0123100724
    2.319684     43.866232    0.0171730964
    2.319684     50.614883    0.0229080651

    6.959053    -50.614883    0.0255218626
    6.959053    -43.866232    0.0197889913
    6.959053    -37.117581    0.0149278922
    6.959053    -30.368930    0.0109206316
    6.959053    -23.620279    0.0077469057
    6.959053    -16.871628    0.0053869632
    6.959053    -10.122977    0.0038239442
    6.959053     -3.374326    0.0030456344
    6.959053      3.374326    0.0030456344
    6.959053     10.122977    0.0038239442
    6.959053     16.871628    0.0053869632
    6.959053     23.620279    0.0077469057
    6.959053     30.368930    0.0109206316
    6.959053     37.117581    0.0149278922
    6.959053     43.866232    0.0197889913
    6.959053     50.614883    0.0255218626

   11.598422    -50.614883    0.0308609735
   11.598422    -43.866232    0.0251323173
   11.598422    -37.117581    0.0202750873
   11.598422    -30.368930    0.0162712317
   11.598422    -23.620279    0.0131003480
   11.598422    -16.871628    0.0107426061
   11.598422    -10.122977    0.0091810871
   11.598422     -3.374326    0.0084035372
   11.598422      3.374326    0.0084035372
   11.598422     10.122977    0.0091810871
   11.598422     16.871628    0.0107426061
   11.598422     23.620279    0.0131003480
   11.598422     30.368930    0.0162712317
   11.598422     37.117581    0.0202750873
   11.598422     43.866232    0.0251323173
   11.598422     50.614883    0.0308609735

   16.237791    -50.614883    0.0391532666
   16.237791    -43.866232    0.0334309836
   16.237791    -37.117581    0.0285796062
   16.237791    -30.368930    0.0245809027
   16.237791    -23.620279    0.0214143208
   16.237791    -16.871628    0.0190599101
   16.237791    -10.122977    0.0175006619
   16.237791     -3.374326    0.0167242624
   16.237791      3.374326    0.0167242624
   16.237791     10.122977    0.0175006619
   16.237791     16.871628    0.0190599101
   16.237791     23.620279    0.0214143208
   16.237791     30.368930    0.0245809027
   16.237791     37.117581    0.0285796062
   16.237791     43.866232    0.0334309836
   16.237791     50.614883    0.0391532666

   20.877160    -50.614883    0.0507526370
   20.877160    -43.866232    0.0450389456
   20.877160    -37.117581    0.0401954630
   20.877160    -30.368930    0.0362037127
   20.877160    -23.620279    0.0330429380
   20.877160    -16.871628    0.0306930256
   20.877160    -10.122977    0.0291368442
   20.877160     -3.374326    0.0283619986
   20.877160      3.374326    0.0283619986
   20.877160     10.122977    0.0291368442
   20.877160     16.871628    0.0306930256
   20.877160     23.620279    0.0330429380
   20.877160     30.368930    0.0362037127
   20.877160     37.117581    0.0401954630
   20.877160     43.866232    0.0450389456
   20.877160     50.614883    0.0507526370

   25.516528    -50.614883    0.0661535165
   25.516528    -43.866232    0.0604507161
   25.516528    -37.117581    0.0556172487
   25.516528    -30.368930    0.0516343238
   25.516528    -23.620279    0.0484809234
   25.516528    -16.871628    0.0461367248
   25.516528    -10.122977    0.0445844398
   25.516528     -3.374326    0.0438115685
   25.516528      3.374326    0.0438115685
   25.516528     10.122977    0.0445844398
   25.516528     16.871628    0.0461367248
   25.516528     23.620279    0.0484809234
   25.516528     30.368930    0.0516343238
   25.516528     37.117581    0.0556172487
   25.516528     43.866232    0.0604507161
   25.516528     50.614883    0.0661535165

   30.155897    -50.614883    0.0860102206
   30.155897    -43.866232    0.0803207114
   30.155897    -37.117581    0.0754994773
   30.155897    -30.368930    0.0715273399
   30.155897    -23.620279    0.0683829575
   30.155897    -16.871628    0.0660457489
   30.155897    -10.122977    0.0644982317
   30.155897     -3.374326    0.0637277766
   30.155897      3.374326    0.0637277766
   30.155897     10.122977    0.0644982317
   30.155897     16.871628    0.0660457489
   30.155897     23.620279    0.0683829575
   30.155897     30.368930    0.0715273399
   30.155897     37.117581    0.0754994773
   30.155897     43.866232    0.0803207114
   30.155897     50.614883    0.0860102206

   34.795266    -50.614883    0.1111611325
   34.795266    -43.866232    0.1054874359
   34.795266    -37.117581    0.1006807707
   34.795266    -30.368930    0.0967214900
   34.795266    -23.620279    0.0935878617
   34.795266    -16.871628    0.0912589919
   34.795266    -10.122977    0.0897171641
   34.795266     -3.374326    0.0889495927
   34.795266      3.374326    0.0889495927
   34.795266     10.122977    0.0897171641
   34.795266     16.871628    0.0912589919
   34.795266     23.620279    0.0935878617
   34.795266     30.368930    0.0967214900
   34.795266     37.117581    0.1006807707
   34.795266     43.866232    0.1054874359
   34.795266     50.614883    0.1111611325

