  -50.614883    -91.194683    0.0004570104
  -50.614883    -79.035392    0.0003478820
  -50.614883    -66.876101    0.0002519083
  -50.614883    -54.716810    0.0001702133
  -50.614883    -42.557519    0.0001037334
  -50.614883    -30.398228    0.0000532179
  -50.614883    -18.238937    0.0000192287
  -50.614883     -6.079646    0.0000021404
  -50.614883      6.079646    0.0000021404
  -50.614883     18.238937    0.0000192287
  -50.614883     30.398228    0.0000532179
  -50.614883     42.557519    0.0001037334
  -50.614883     54.716810    0.0001702133
  -50.614883     66.876101    0.0002519083
  -50.614883     79.035392    0.0003478820
  -50.614883     91.194683    0.0004570104

  -43.866232    -91.194683    0.0003567077
  -43.866232    -79.035392    0.0002715798
  -43.866232    -66.876101    0.0001966864
  -43.866232    -54.716810    0.0001329166
  -43.866232    -42.557519    0.0000810115
  -43.866232    -30.398228    0.0000415640
  -43.866232    -18.238937    0.0000150186
  -43.866232     -6.079646    0.0000016718
  -43.866232      6.079646    0.0000016718
  -43.866232     18.238937    0.0000150186
  -43.866232     30.398228    0.0000415640
  -43.866232     42.557519    0.0000810115
  -43.866232     54.716810    0.0001329166
  -43.866232     66.876101    0.0001966864
  -43.866232     79.035392    0.0002715798
  -43.866232     91.194683    0.0003567077

  -37.117581    -91.194683    0.0002636436
  -37.117581    -79.035392    0.0002007546
  -37.117581    -66.876101    0.0001454103
  -37.117581    -54.716810    0.0000982750
  -37.117581    -42.557519    0.0000599025
  -37.117581    -30.398228    0.0000307355
  -37.117581    -18.238937    0.0000111063
  -37.117581     -6.079646    0.0000012363
  -37.117581      6.079646    0.0000012363
  -37.117581     18.238937    0.0000111063
  -37.117581     30.398228    0.0000307355
  -37.117581     42.557519    0.0000599025
  -37.117581     54.716810    0.0000982750
  -37.117581     66.876101    0.0001454103
  -37.117581     79.035392    0.0002007546
  -37.117581     91.194683    0.0002636436

  -30.368930    -91.194683    0.0001810906
  -30.368930    -79.035392    0.0001379094
  -30.368930    -66.876101    0.0000998999
  -30.368930    -54.716810    0.0000675223
  -30.368930    -42.557519    0.0000411600
  -30.368930    -30.398228    0.0000211198
  -30.368930    -18.238937    0.0000076319
  -30.368930     -6.079646    0.0000008496
  -30.368930      6.079646    0.0000008496
  -30.368930     18.238937    0.0000076319
  -30.368930     30.398228    0.0000211198
  -30.368930     42.557519    0.0000411600
  -30.368930     54.716810    0.0000675223
  -30.368930     66.876101    0.0000998999
  -30.368930     79.035392    0.0001379094
  -30.368930     91.194683    0.0001810906

  -23.620279    -91.194683    0.0001117757
  -23.620279    -79.035392    0.0000851302
  -23.620279    -66.876101    0.0000616718
  -23.620279    -54.716810    0.0000416864
  -23.620279    -42.557519    0.0000254122
  -23.620279    -30.398228    0.0000130399
  -23.620279    -18.238937    0.0000047122
  -23.620279     -6.079646    0.0000005246
  -23.620279      6.079646    0.0000005246
  -23.620279     18.238937    0.0000047122
  -23.620279     30.398228    0.0000130399
  -23.620279     42.557519    0.0000254122
  -23.620279     54.716810    0.0000416864
  -23.620279     66.876101    0.0000616718
  -23.620279     79.035392    0.0000851302
  -23.620279     91.194683    0.0001117757

  -16.871628    -91.194683    0.0000578806
  -16.871628    -79.035392    0.0000440856
  -16.871628    -66.876101    0.0000319391
  -16.871628    -54.716810    0.0000215898
  -16.871628    -42.557519    0.0000131617
  -16.871628    -30.398228    0.0000067539
  -16.871628    -18.238937    0.0000024407
  -16.871628     -6.079646    0.0000002717
  -16.871628      6.079646    0.0000002717
  -16.871628     18.238937    0.0000024407
  -16.871628     30.398228    0.0000067539
  -16.871628     42.557519    0.0000131617
  -16.871628     54.716810    0.0000215898
  -16.871628     66.876101    0.0000319391
  -16.871628     79.035392    0.0000440856
  -16.871628     91.194683    0.0000578806

  -10.122977    -91.194683    0.0000210416
  -10.122977    -79.035392    0.0000160273
  -10.122977    -66.876101    0.0000116118
  -10.122977    -54.716810    0.0000078494
  -10.122977    -42.557519    0.0000047853
  -10.122977    -30.398228    0.0000024556
  -10.122977    -18.238937    0.0000008874
  -10.122977     -6.079646    0.0000000988
  -10.122977      6.079646    0.0000000988
  -10.122977     18.238937    0.0000008874
  -10.122977     30.398228    0.0000024556
  -10.122977     42.557519    0.0000047853
  -10.122977     54.716810    0.0000078494
  -10.122977     66.876101    0.0000116118
  -10.122977     79.035392    0.0000160273
  -10.122977     91.194683    0.0000210416

   -3.374326    -91.194683    0.0000023493
   -3.374326    -79.035392    0.0000017895
   -3.374326    -66.876101    0.0000012965
   -3.374326    -54.716810    0.0000008764
   -3.374326    -42.557519    0.0000005343
   -3.374326    -30.398228    0.0000002742
   -3.374326    -18.238937    0.0000000991
   -3.374326     -6.079646    0.0000000110
   -3.374326      6.079646    0.0000000110
   -3.374326     18.238937    0.0000000991
   -3.374326     30.398228    0.0000002742
   -3.374326     42.557519    0.0000005343
   -3.374326     54.716810    0.0000008764
   -3.374326     66.876101    0.0000012965
   -3.374326     79.035392    0.0000017895
   -3.374326     91.194683    0.0000023493

    3.374326    -91.194683    0.0000023493
    3.374326    -79.035392    0.0000017895
    3.374326    -66.876101    0.0000012965
    3.374326    -54.716810    0.0000008764
    3.374326    -42.557519    0.0000005343
    3.374326    -30.398228    0.0000002742
    3.374326    -18.238937    0.0000000991
    3.374326     -6.079646    0.0000000110
    3.374326      6.079646    0.0000000110
    3.374326     18.238937    0.0000000991
    3.374326     30.398228    0.0000002742
    3.374326     42.557519    0.0000005343
    3.374326     54.716810    0.0000008764
    3.374326     66.876101    0.0000012965
    3.374326     79.035392    0.0000017895
    3.374326     91.194683    0.0000023493

   10.122977    -91.194683    0.0000210416
   10.122977    -79.035392    0.0000160273
   10.122977    -66.876101    0.0000116118
   10.122977    -54.716810    0.0000078494
   10.122977    -42.557519    0.0000047853
   10.122977    -30.398228    0.0000024556
   10.122977    -18.238937    0.0000008874
   10.122977     -6.079646    0.0000000988
   10.122977      6.079646    0.0000000988
   10.122977     18.238937    0.0000008874
   10.122977     30.398228    0.0000024556
   10.122977     42.557519    0.0000047853
   10.122977     54.716810    0.0000078494
   10.122977     66.876101    0.0000116118
   10.122977     79.035392    0.0000160273
   10.122977     91.194683    0.0000210416

   16.871628    -91.194683    0.0000578806
   16.871628    -79.035392    0.0000440856
   16.871628    -66.876101    0.0000319391
   16.871628    -54.716810    0.0000215898
   16.871628    -42.557519    0.0000131617
   16.871628    -30.398228    0.0000067539
   16.871628    -18.238937    0.0000024407
   16.871628     -6.079646    0.0000002717
   16.871628      6.079646    0.0000002717
   16.871628     18.238937    0.0000024407
   16.871628     30.398228    0.0000067539
   16.871628     42.557519    0.0000131617
   16.871628     54.716810    0.0000215898
   16.871628     66.876101    0.0000319391
   16.871628     79.035392    0.0000440856
   16.871628     91.194683    0.0000578806

   23.620279    -91.194683    0.0001117757
   23.620279    -79.035392    0.0000851302
   23.620279    -66.876101    0.0000616718
   23.620279    -54.716810    0.0000416864
   23.620279    -42.557519    0.0000254122
   23.620279    -30.398228    0.0000130399
   23.620279    -18.238937    0.0000047122
   23.620279     -6.079646    0.0000005246
   23.620279      6.079646    0.0000005246
   23.620279     18.238937    0.0000047122
   23.620279     30.398228    0.0000130399
   23.620279     42.557519    0.0000254122
   23.620279     54.716810    0.0000416864
   23.620279     66.876101    0.0000616718
   23.620279     79.035392    0.0000851302
   23.620279     91.194683    0.0001117757

   30.368930    -91.194683    0.0001810906
   30.368930    -79.035392    0.0001379094
   30.368930    -66.876101    0.0000998999
   30.368930    -54.716810    0.0000675223
   30.368930    -42.557519    0.0000411600
   30.368930    -30.398228    0.0000211198
   30.368930    -18.238937    0.0000076319
   30.368930     -6.079646    0.0000008496
   30.368930      6.079646    0.0000008496
   30.368930     18.238937    0.0000076319
   30.368930     30.398228    0.0000211198
   30.368930     42.557519    0.0000411600
   30.368930     54.716810    0.0000675223
   30.368930     66.876101    0.0000998999
   30.368930     79.035392    0.0001379094
   30.368930     91.194683    0.0001810906

   37.117581    -91.194683    0.0002636436
   37.117581    -79.035392    0.0002007546
   37.117581    -66.876101    0.0001454103
   37.117581    -54.716810    0.0000982750
   37.117581    -42.557519    0.0000599025
   37.117581    -30.398228    0.0000307355
   37.117581    -18.238937    0.0000111063
   37.117581     -6.079646    0.0000012363
   37.117581      6.079646    0.0000012363
   37.117581     18.238937    0.0000111063
   37.117581     30.398228    0.0000307355
   37.117581     42.557519    0.0000599025
   37.117581     54.716810    0.0000982750
   37.117581     66.876101    0.0001454103
   37.117581     79.035392    0.0002007546
   37.117581     91.194683    0.0002636436

   43.866232    -91.194683    0.0003567077
   43.866232    -79.035392    0.0002715798
   43.866232    -66.876101    0.0001966864
   43.866232    -54.716810    0.0001329166
   43.866232    -42.557519    0.0000810115
   43.866232    -30.398228    0.0000415640
   43.866232    -18.238937    0.0000150186
   43.866232     -6.079646    0.0000016718
   43.866232      6.079646    0.0000016718
   43.866232     18.238937    0.0000150186
   43.866232     30.398228    0.0000415640
   43.866232     42.557519    0.0000810115
   43.866232     54.716810    0.0001329166
   43.866232     66.876101    0.0001966864
   43.866232     79.035392    0.0002715798
   43.866232     91.194683    0.0003567077

   50.614883    -91.194683    0.0004570104
   50.614883    -79.035392    0.0003478820
   50.614883    -66.876101    0.0002519083
   50.614883    -54.716810    0.0001702133
   50.614883    -42.557519    0.0001037334
   50.614883    -30.398228    0.0000532179
   50.614883    -18.238937    0.0000192287
   50.614883     -6.079646    0.0000021404
   50.614883      6.079646    0.0000021404
   50.614883     18.238937    0.0000192287
   50.614883     30.398228    0.0000532179
   50.614883     42.557519    0.0001037334
   50.614883     54.716810    0.0001702133
   50.614883     66.876101    0.0002519083
   50.614883     79.035392    0.0003478820
   50.614883     91.194683    0.0004570104

