  -44.510090    -45.038700    0.0314132730
  -44.510090    -39.033540    0.0246380336
  -44.510090    -33.028380    0.0188048653
  -44.510090    -27.023220    0.0138265313
  -44.510090    -21.018060    0.0096228613
  -44.510090    -15.012900    0.0061202030
  -44.510090     -9.007740    0.0032509062
  -44.510090     -3.002580    0.0009528399
  -44.510090      3.002580   -0.0008310575
  -44.510090      9.007740   -0.0021531952
  -44.510090     15.012900   -0.0030617141
  -44.510090     21.018060   -0.0036008378
  -44.510090     27.023220   -0.0038111911
  -44.510090     33.028380   -0.0037300851
  -44.510090     39.033540   -0.0033917694
  -44.510090     45.038700   -0.0028276518

  -39.273609    -45.038700    0.0259387827
  -39.273609    -39.033540    0.0202584678
  -39.273609    -33.028380    0.0153869795
  -39.273609    -27.023220    0.0112496497
  -39.273609    -21.018060    0.0077777917
  -39.273609    -15.012900    0.0049082486
  -39.273609     -9.007740    0.0025829647
  -39.273609     -3.002580    0.0007485840
  -39.273609      3.002580   -0.0006439281
  -39.273609      9.007740   -0.0016396364
  -39.273609     15.012900   -0.0022799638
  -39.273609     21.018060   -0.0026029935
  -39.273609     27.023220   -0.0026437464
  -39.273609     33.028380   -0.0024344328
  -39.273609     39.033540   -0.0020046806
  -39.273609     45.038700   -0.0013817366

  -34.037128    -45.038700    0.0209509607
  -34.037128    -39.033540    0.0162820877
  -34.037128    -33.028380    0.0122956254
  -34.037128    -27.023220    0.0089287855
  -34.037128    -21.018060    0.0061237642
  -34.037128    -15.012900    0.0038273667
  -34.037128     -9.007740    0.0019906523
  -34.037128     -3.002580    0.0005686011
  -34.037128      3.002580   -0.0004801993
  -34.037128      9.007740   -0.0011938454
  -34.037128     15.012900   -0.0016073888
  -34.037128     21.018060   -0.0017530860
  -34.037128     27.023220   -0.0016606279
  -34.037128     33.028380   -0.0013573478
  -34.037128     39.033540   -0.0008684085
  -34.037128     45.038700   -0.0002169688

  -28.800647    -45.038700    0.0164417232
  -28.800647    -39.033540    0.0127029565
  -28.800647    -33.028380    0.0095266523
  -28.800647    -27.023220    0.0068612408
  -28.800647    -21.018060    0.0046592119
  -28.800647    -15.012900    0.0028768076
  -28.800647     -9.007740    0.0014737319
  -28.800647     -3.002580    0.0004128790
  -28.800647      3.002580   -0.0003399206
  -28.800647      9.007740   -0.0008161357
  -28.800647     15.012900   -0.0010447527
  -28.800647     21.018060   -0.0010524748
  -28.800647     27.023220   -0.0008639047
  -28.800647     33.028380   -0.0005017073
  -28.800647     39.033540    0.0000132436
  -28.800647     45.038700    0.0006617376

  -23.564166    -45.038700    0.0124047170
  -23.564166    -39.033540    0.0095166843
  -23.564166    -33.028380    0.0070772388
  -23.564166    -27.023220    0.0050454029
  -23.564166    -21.018060    0.0033833969
  -23.564166    -15.012900    0.0020563955
  -23.564166     -9.007740    0.0010322973
  -23.564166     -3.002580    0.0002815113
  -23.564166      3.002580   -0.0002232432
  -23.564166      9.007740   -0.0005071201
  -23.564166     15.012900   -0.0005933166
  -23.564166     21.018060   -0.0005032268
  -23.564166     27.023220   -0.0002565813
  -23.564166     33.028380    0.0001284291
  -23.564166     39.033540    0.0006350438
  -23.564166     45.038700    0.0012478386

  -18.327684    -45.038700    0.0088353202
  -18.327684    -39.033540    0.0067204112
  -18.327684    -33.028380    0.0049458716
  -18.327684    -27.023220    0.0034807287
  -18.327684    -21.018060    0.0022964044
  -18.327684    -15.012900    0.0013665312
  -18.327684     -9.007740    0.0006667804
  -18.327684     -3.002580    0.0001747015
  -18.327684      3.002580   -0.0001304263
  -18.327684      9.007740   -0.0002677309
  -18.327684     15.012900   -0.0002548731
  -18.327684     21.018060   -0.0001081599
  -18.327684     27.023220    0.0001573532
  -18.327684     33.028380    0.0005277722
  -18.327684     39.033540    0.0009902858
  -18.327684     45.038700    0.0015330981

  -13.091203    -45.038700    0.0057306683
  -13.091203    -39.033540    0.0043128166
  -13.091203    -33.028380    0.0031323482
  -13.091203    -27.023220    0.0021677494
  -13.091203    -21.018060    0.0013991517
  -13.091203    -15.012900    0.0008082055
  -13.091203     -9.007740    0.0003779632
  -13.091203     -3.002580    0.0000927687
  -13.091203      3.002580   -0.0000618436
  -13.091203      9.007740   -0.0000992426
  -13.091203     15.012900   -0.0000317862
  -13.091203     21.018060    0.0001291016
  -13.091203     27.023220    0.0003728607
  -13.091203     33.028380    0.0006897337
  -13.091203     39.033540    0.0010707129
  -13.091203     45.038700    0.0015074940

   -7.854722    -45.038700    0.0030897026
   -7.854722    -39.033540    0.0022941533
   -7.854722    -33.028380    0.0016378046
   -7.854722    -27.023220    0.0011080955
   -7.854722    -21.018060    0.0006934133
   -7.854722    -15.012900    0.0003830223
   -7.854722     -9.007740    0.0001669959
   -7.854722     -3.002580    0.0000361548
   -7.854722      3.002580   -0.0000179917
   -7.854722      9.007740   -0.0000032996
   -7.854722     15.012900    0.0000729612
   -7.854722     21.018060    0.0002040619
   -7.854722     27.023220    0.0003837741
   -7.854722     33.028380    0.0006063349
   -7.854722     39.033540    0.0008664151
   -7.854722     45.038700    0.0011590923

   -2.618241    -45.038700    0.0009132445
   -2.618241    -39.033540    0.0006663084
   -2.618241    -33.028380    0.0004647667
   -2.618241    -27.023220    0.0003045424
   -2.618241    -21.018060    0.0001818618
   -2.618241    -15.012900    0.0000932320
   -2.618241     -9.007740    0.0000354202
   -2.618241     -3.002580    0.0000054334
   -2.618241      3.002580    0.0000004999
   -2.618241      9.007740    0.0000180527
   -2.618241     15.012900    0.0000557133
   -2.618241     21.018060    0.0001112775
   -2.618241     27.023220    0.0001827021
   -2.618241     33.028380    0.0002680936
   -2.618241     39.033540    0.0003656976
   -2.618241     45.038700    0.0004738897

    2.618241    -45.038700   -0.0007959074
    2.618241    -39.033540   -0.0005671109
    2.618241    -33.028380   -0.0003827738
    2.618241    -27.023220   -0.0002389231
    2.618241    -21.018060   -0.0001318772
    2.618241    -15.012900   -0.0000582241
    2.618241     -9.007740   -0.0000148020
    2.618241     -3.002580    0.0000013198
    2.618241      3.002580   -0.0000071418
    2.618241      9.007740   -0.0000376671
    2.618241     15.012900   -0.0000879190
    2.618241     21.018060   -0.0001557284
    2.618241     27.023220   -0.0002390821
    2.618241     33.028380   -0.0003361108
    2.618241     39.033540   -0.0004450792
    2.618241     45.038700   -0.0005643766

    7.854722    -45.038700   -0.0020328564
    7.854722    -39.033540   -0.0014006654
    7.854722    -33.028380   -0.0008992592
    7.854722    -27.023220   -0.0005170164
    7.854722    -21.018060   -0.0002431525
    7.854722    -15.012900   -0.0000676606
    7.854722     -9.007740    0.0000187454
    7.854722     -3.002580    0.0000246836
    7.854722      3.002580   -0.0000418463
    7.854722      9.007740   -0.0001734161
    7.854722     15.012900   -0.0003631256
    7.854722     21.018060   -0.0006045629
    7.854722     27.023220   -0.0008917670
    7.854722     33.028380   -0.0012191943
    7.854722     39.033540   -0.0015816879
    7.854722     45.038700   -0.0019744505

   13.091203    -45.038700   -0.0027904613
   13.091203    -39.033540   -0.0018269460
   13.091203    -33.028380   -0.0010774412
   13.091203    -27.023220   -0.0005230474
   13.091203    -21.018060   -0.0001462015
   13.091203    -15.012900    0.0000694167
   13.091203     -9.007740    0.0001389729
   13.091203     -3.002580    0.0000765619
   13.091203      3.002580   -0.0001047136
   13.091203      9.007740   -0.0003926695
   13.091203     15.012900   -0.0007759713
   13.091203     21.018060   -0.0012440704
   13.091203     27.023220   -0.0017871451
   13.091203     33.028380   -0.0023960466
   13.091203     39.033540   -0.0030622502
   13.091203     45.038700   -0.0037778106

   18.327684    -45.038700   -0.0030591677
   18.327684    -39.033540   -0.0018364108
   18.327684    -33.028380   -0.0009082324
   18.327684    -27.023220   -0.0002487932
   18.327684    -21.018060    0.0001659533
   18.327684    -15.012900    0.0003583853
   18.327684     -9.007740    0.0003493300
   18.327684     -3.002580    0.0001581747
   18.327684      3.002580   -0.0001970293
   18.327684      9.007740   -0.0006994684
   18.327684     15.012900   -0.0013334763
   18.327684     21.018060   -0.0020844495
   18.327684     27.023220   -0.0029387695
   18.327684     33.028380   -0.0038837319
   18.327684     39.033540   -0.0049074818
   18.327684     45.038700   -0.0059989562

   23.564166    -45.038700   -0.0028268143
   23.564166    -39.033540   -0.0014171955
   23.564166    -33.028380   -0.0003805326
   23.564166    -27.023220    0.0003156506
   23.564166    -21.018060    0.0007016212
   23.564166    -15.012900    0.0008055902
   23.564166     -9.007740    0.0006538561
   23.564166     -3.002580    0.0002709413
   23.564166      3.002580   -0.0003202815
   23.564166      9.007740   -0.0010984702
   23.564166     15.012900   -0.0020437041
   23.564166     21.018060   -0.0031373815
   23.564166     27.023220   -0.0043621278
   23.564166     33.028380   -0.0057017109
   23.564166     39.033540   -0.0071409652
   23.564166     45.038700   -0.0086657249

   28.800647    -45.038700   -0.0020784154
   28.800647    -39.033540   -0.0005548990
   28.800647    -33.028380    0.0005189681
   28.800647    -27.023220    0.0011820388
   28.800647    -21.018060    0.0014705777
   28.800647    -15.012900    0.0014184392
   28.800647     -9.007740    0.0010572365
   28.800647     -3.002580    0.0004164993
   28.800647      3.002580   -0.0004761790
   28.800647      9.007740   -0.0015950044
   28.800647     15.012900   -0.0029158554
   28.800647     21.018060   -0.0044161681
   28.800647     27.023220   -0.0060748299
   28.800647     33.028380   -0.0078720851
   28.800647     39.033540   -0.0097894507
   28.800647     45.038700   -0.0118096422

   34.037128    -45.038700   -0.0007959191
   34.037128    -39.033540    0.0007676577
   34.037128    -33.028380    0.0018060112
   34.037128    -27.023220    0.0023641659
   34.037128    -21.018060    0.0024842125
   34.037128    -15.012900    0.0022055079
   34.037128     -9.007740    0.0015648639
   34.037128     -3.002580    0.0005967240
   34.037128      3.002580   -0.0006666713
   34.037128      9.007740   -0.0021951306
   34.037128     15.012900   -0.0039603696
   34.037128     21.018060   -0.0059358803
   34.037128     27.023220   -0.0080968118
   34.037128     33.028380   -0.0104198629
   34.037128     39.033540   -0.0128831862
   34.037128     45.038700   -0.0154663033

