  -91.194683   -136.038482    0.0006379081
  -91.194683   -117.900018    0.0004930227
  -91.194683    -99.761554    0.0003617638
  -91.194683    -81.623089    0.0002471841
  -91.194683    -63.484625    0.0001520035
  -91.194683    -45.346161    0.0000785128
  -91.194683    -27.207696    0.0000284974
  -91.194683     -9.069232    0.0000031794
  -91.194683      9.069232    0.0000031794
  -91.194683     27.207696    0.0000284974
  -91.194683     45.346161    0.0000785128
  -91.194683     63.484625    0.0001520035
  -91.194683     81.623089    0.0002471841
  -91.194683     99.761554    0.0003617638
  -91.194683    117.900018    0.0004930227
  -91.194683    136.038482    0.0006379081

  -79.035392   -136.038482    0.0005045772
  -79.035392   -117.900018    0.0003899286
  -79.035392    -99.761554    0.0002860777
  -79.035392    -81.623089    0.0001954431
  -79.035392    -63.484625    0.0001201711
  -79.035392    -45.346161    0.0000620646
  -79.035392    -27.207696    0.0000225257
  -79.035392     -9.069232    0.0000025131
  -79.035392      9.069232    0.0000025131
  -79.035392     27.207696    0.0000225257
  -79.035392     45.346161    0.0000620646
  -79.035392     63.484625    0.0001201711
  -79.035392     81.623089    0.0001954431
  -79.035392     99.761554    0.0002860777
  -79.035392    117.900018    0.0003899286
  -79.035392    136.038482    0.0005045772

  -66.876101   -136.038482    0.0003768004
  -66.876101   -117.900018    0.0002911108
  -66.876101    -99.761554    0.0002135396
  -66.876101    -81.623089    0.0001458679
  -66.876101    -63.484625    0.0000896813
  -66.876101    -45.346161    0.0000463150
  -66.876101    -27.207696    0.0000168090
  -66.876101     -9.069232    0.0000018752
  -66.876101      9.069232    0.0000018752
  -66.876101     27.207696    0.0000168090
  -66.876101     45.346161    0.0000463150
  -66.876101     63.484625    0.0000896813
  -66.876101     81.623089    0.0001458679
  -66.876101     99.761554    0.0002135396
  -66.876101    117.900018    0.0002911108
  -66.876101    136.038482    0.0003768004

  -54.716810   -136.038482    0.0002608688
  -54.716810   -117.900018    0.0002014818
  -54.716810    -99.761554    0.0001477654
  -54.716810    -81.623089    0.0001009265
  -54.716810    -63.484625    0.0000620471
  -54.716810    -45.346161    0.0000320426
  -54.716810    -27.207696    0.0000116290
  -54.716810     -9.069232    0.0000012974
  -54.716810      9.069232    0.0000012974
  -54.716810     27.207696    0.0000116290
  -54.716810     45.346161    0.0000320426
  -54.716810     63.484625    0.0000620471
  -54.716810     81.623089    0.0001009265
  -54.716810     99.761554    0.0001477654
  -54.716810    117.900018    0.0002014818
  -54.716810    136.038482    0.0002608688

  -42.557519   -136.038482    0.0001619722
  -42.557519   -117.900018    0.0001250612
  -42.557519    -99.761554    0.0000917028
  -42.557519    -81.623089    0.0000626289
  -42.557519    -63.484625    0.0000385011
  -42.557519    -45.346161    0.0000198826
  -42.557519    -27.207696    0.0000072159
  -42.557519     -9.069232    0.0000008050
  -42.557519      9.069232    0.0000008050
  -42.557519     27.207696    0.0000072159
  -42.557519     45.346161    0.0000198826
  -42.557519     63.484625    0.0000385011
  -42.557519     81.623089    0.0000626289
  -42.557519     99.761554    0.0000917028
  -42.557519    117.900018    0.0001250612
  -42.557519    136.038482    0.0001619722

  -30.398228   -136.038482    0.0000842275
  -30.398228   -117.900018    0.0000650166
  -30.398228    -99.761554    0.0000476674
  -30.398228    -81.623089    0.0000325523
  -30.398228    -63.484625    0.0000200110
  -30.398228    -45.346161    0.0000103340
  -30.398228    -27.207696    0.0000037505
  -30.398228     -9.069232    0.0000004184
  -30.398228      9.069232    0.0000004184
  -30.398228     27.207696    0.0000037505
  -30.398228     45.346161    0.0000103340
  -30.398228     63.484625    0.0000200110
  -30.398228     81.623089    0.0000325523
  -30.398228     99.761554    0.0000476674
  -30.398228    117.900018    0.0000650166
  -30.398228    136.038482    0.0000842275

  -18.238937   -136.038482    0.0000307024
  -18.238937   -117.900018    0.0000236954
  -18.238937    -99.761554    0.0000173706
  -18.238937    -81.623089    0.0000118619
  -18.238937    -63.484625    0.0000072918
  -18.238937    -45.346161    0.0000037656
  -18.238937    -27.207696    0.0000013666
  -18.238937     -9.069232    0.0000001525
  -18.238937      9.069232    0.0000001525
  -18.238937     27.207696    0.0000013666
  -18.238937     45.346161    0.0000037656
  -18.238937     63.484625    0.0000072918
  -18.238937     81.623089    0.0000118619
  -18.238937     99.761554    0.0000173706
  -18.238937    117.900018    0.0000236954
  -18.238937    136.038482    0.0000307024

   -6.079646   -136.038482    0.0000034325
   -6.079646   -117.900018    0.0000026489
   -6.079646    -99.761554    0.0000019417
   -6.079646    -81.623089    0.0000013259
   -6.079646    -63.484625    0.0000008151
   -6.079646    -45.346161    0.0000004209
   -6.079646    -27.207696    0.0000001528
   -6.079646     -9.069232    0.0000000170
   -6.079646      9.069232    0.0000000170
   -6.079646     27.207696    0.0000001528
   -6.079646     45.346161    0.0000004209
   -6.079646     63.484625    0.0000008151
   -6.079646     81.623089    0.0000013259
   -6.079646     99.761554    0.0000019417
   -6.079646    117.900018    0.0000026489
   -6.079646    136.038482    0.0000034325

    6.079646   -136.038482    0.0000034325
    6.079646   -117.900018    0.0000026489
    6.079646    -99.761554    0.0000019417
    6.079646    -81.623089    0.0000013259
    6.079646    -63.484625    0.0000008151
    6.079646    -45.346161    0.0000004209
    6.079646    -27.207696    0.0000001528
    6.079646     -9.069232    0.0000000170
    6.079646      9.069232    0.0000000170
    6.079646     27.207696    0.0000001528
    6.079646     45.346161    0.0000004209
    6.079646     63.484625    0.0000008151
    6.079646     81.623089    0.0000013259
    6.079646     99.761554    0.0000019417
    6.079646    117.900018    0.0000026489
    6.079646    136.038482    0.0000034325

   18.238937   -136.038482    0.0000307024
   18.238937   -117.900018    0.0000236954
   18.238937    -99.761554    0.0000173706
   18.238937    -81.623089    0.0000118619
   18.238937    -63.484625    0.0000072918
   18.238937    -45.346161    0.0000037656
   18.238937    -27.207696    0.0000013666
   18.238937     -9.069232    0.0000001525
   18.238937      9.069232    0.0000001525
   18.238937     27.207696    0.0000013666
   18.238937     45.346161    0.0000037656
   18.238937     63.484625    0.0000072918
   18.238937     81.623089    0.0000118619
   18.238937     99.761554    0.0000173706
   18.238937    117.900018    0.0000236954
   18.238937    136.038482    0.0000307024

   30.398228   -136.038482    0.0000842275
   30.398228   -117.900018    0.0000650166
   30.398228    -99.761554    0.0000476674
   30.398228    -81.623089    0.0000325523
   30.398228    -63.484625    0.0000200110
   30.398228    -45.346161    0.0000103340
   30.398228    -27.207696    0.0000037505
   30.398228     -9.069232    0.0000004184
   30.398228      9.069232    0.0000004184
   30.398228     27.207696    0.0000037505
   30.398228     45.346161    0.0000103340
   30.398228     63.484625    0.0000200110
   30.398228     81.623089    0.0000325523
   30.398228     99.761554    0.0000476674
   30.398228    117.900018    0.0000650166
   30.398228    136.038482    0.0000842275

   42.557519   -136.038482    0.0001619722
   42.557519   -117.900018    0.0001250612
   42.557519    -99.761554    0.0000917028
   42.557519    -81.623089    0.0000626289
   42.557519    -63.484625    0.0000385011
   42.557519    -45.346161    0.0000198826
   42.557519    -27.207696    0.0000072159
   42.557519     -9.069232    0.0000008050
   42.557519      9.069232    0.0000008050
   42.557519     27.207696    0.0000072159
   42.557519     45.346161    0.0000198826
   42.557519     63.484625    0.0000385011
   42.557519     81.623089    0.0000626289
   42.557519     99.761554    0.0000917028
   42.557519    117.900018    0.0001250612
   42.557519    136.038482    0.0001619722

   54.716810   -136.038482    0.0002608688
   54.716810   -117.900018    0.0002014818
   54.716810    -99.761554    0.0001477654
   54.716810    -81.623089    0.0001009265
   54.716810    -63.484625    0.0000620471
   54.716810    -45.346161    0.0000320426
   54.716810    -27.207696    0.0000116290
   54.716810     -9.069232    0.0000012974
   54.716810      9.069232    0.0000012974
   54.716810     27.207696    0.0000116290
   54.716810     45.346161    0.0000320426
   54.716810     63.484625    0.0000620471
   54.716810     81.623089    0.0001009265
   54.716810     99.761554    0.0001477654
   54.716810    117.900018    0.0002014818
   54.716810    136.038482    0.0002608688

   66.876101   -136.038482    0.0003768004
   66.876101   -117.900018    0.0002911108
   66.876101    -99.761554    0.0002135396
   66.876101    -81.623089    0.0001458679
   66.876101    -63.484625    0.0000896813
   66.876101    -45.346161    0.0000463150
   66.876101    -27.207696    0.0000168090
   66.876101     -9.069232    0.0000018752
   66.876101      9.069232    0.0000018752
   66.876101     27.207696    0.0000168090
   66.876101     45.346161    0.0000463150
   66.876101     63.484625    0.0000896813
   66.876101     81.623089    0.0001458679
   66.876101     99.761554    0.0002135396
   66.876101    117.900018    0.0002911108
   66.876101    136.038482    0.0003768004

   79.035392   -136.038482    0.0005045772
   79.035392   -117.900018    0.0003899286
   79.035392    -99.761554    0.0002860777
   79.035392    -81.623089    0.0001954431
   79.035392    -63.484625    0.0001201711
   79.035392    -45.346161    0.0000620646
   79.035392    -27.207696    0.0000225257
   79.035392     -9.069232    0.0000025131
   79.035392      9.069232    0.0000025131
   79.035392     27.207696    0.0000225257
   79.035392     45.346161    0.0000620646
   79.035392     63.484625    0.0001201711
   79.035392     81.623089    0.0001954431
   79.035392     99.761554    0.0002860777
   79.035392    117.900018    0.0003899286
   79.035392    136.038482    0.0005045772

   91.194683   -136.038482    0.0006379081
   91.194683   -117.900018    0.0004930227
   91.194683    -99.761554    0.0003617638
   91.194683    -81.623089    0.0002471841
   91.194683    -63.484625    0.0001520035
   91.194683    -45.346161    0.0000785128
   91.194683    -27.207696    0.0000284974
   91.194683     -9.069232    0.0000031794
   91.194683      9.069232    0.0000031794
   91.194683     27.207696    0.0000284974
   91.194683     45.346161    0.0000785128
   91.194683     63.484625    0.0001520035
   91.194683     81.623089    0.0002471841
   91.194683     99.761554    0.0003617638
   91.194683    117.900018    0.0004930227
   91.194683    136.038482    0.0006379081

