  -44.766107    -50.614883    0.0007837900
  -44.766107    -43.866232    0.0007870883
  -44.766107    -37.117581    0.0006899909
  -44.766107    -30.368930    0.0005357132
  -44.766107    -23.620279    0.0003614418
  -44.766107    -16.871628    0.0001992801
  -44.766107    -10.122977    0.0000754185
  -44.766107     -3.374326    0.0000085880
  -44.766107      3.374326    0.0000085880
  -44.766107     10.122977    0.0000754185
  -44.766107     16.871628    0.0001992801
  -44.766107     23.620279    0.0003614418
  -44.766107     30.368930    0.0005357132
  -44.766107     37.117581    0.0006899909
  -44.766107     43.866232    0.0007870883
  -44.766107     50.614883    0.0007837900

  -40.053885    -50.614883    0.0014188549
  -40.053885    -43.866232    0.0012653251
  -40.053885    -37.117581    0.0010288770
  -40.053885    -30.368930    0.0007605360
  -40.053885    -23.620279    0.0004970754
  -40.053885    -16.871628    0.0002686750
  -40.053885    -10.122977    0.0001005245
  -40.053885     -3.374326    0.0000113875
  -40.053885      3.374326    0.0000113875
  -40.053885     10.122977    0.0001005245
  -40.053885     16.871628    0.0002686750
  -40.053885     23.620279    0.0004970754
  -40.053885     30.368930    0.0007605360
  -40.053885     37.117581    0.0010288770
  -40.053885     43.866232    0.0012653251
  -40.053885     50.614883    0.0014188549

  -35.341663    -50.614883    0.0019692429
  -35.341663    -43.866232    0.0016689851
  -35.341663    -37.117581    0.0013173887
  -35.341663    -30.368930    0.0009534688
  -35.341663    -23.620279    0.0006128909
  -35.341663    -16.871628    0.0003269864
  -35.341663    -10.122977    0.0001212299
  -35.341663     -3.374326    0.0000136682
  -35.341663      3.374326    0.0000136682
  -35.341663     10.122977    0.0001212299
  -35.341663     16.871628    0.0003269864
  -35.341663     23.620279    0.0006128909
  -35.341663     30.368930    0.0009534688
  -35.341663     37.117581    0.0013173887
  -35.341663     43.866232    0.0016689851
  -35.341663     50.614883    0.0019692429

  -30.629441    -50.614883    0.0024115509
  -30.629441    -43.866232    0.0019918349
  -30.629441    -37.117581    0.0015450063
  -30.629441    -30.368930    0.0011037635
  -30.629441    -23.620279    0.0007023829
  -30.629441    -16.871628    0.0003718835
  -30.629441    -10.122977    0.0001371613
  -30.629441     -3.374326    0.0000154236
  -30.629441      3.374326    0.0000154236
  -30.629441     10.122977    0.0001371613
  -30.629441     16.871628    0.0003718835
  -30.629441     23.620279    0.0007023829
  -30.629441     30.368930    0.0011037635
  -30.629441     37.117581    0.0015450063
  -30.629441     43.866232    0.0019918349
  -30.629441     50.614883    0.0024115509

  -25.917220    -50.614883    0.0027176904
  -25.917220    -43.866232    0.0022119046
  -25.917220    -37.117581    0.0016955759
  -25.917220    -30.368930    0.0012004122
  -25.917220    -23.620279    0.0007588117
  -25.917220    -16.871628    0.0003999002
  -25.917220    -10.122977    0.0001470648
  -25.917220     -3.374326    0.0000165140
  -25.917220      3.374326    0.0000165140
  -25.917220     10.122977    0.0001470648
  -25.917220     16.871628    0.0003999002
  -25.917220     23.620279    0.0007588117
  -25.917220     30.368930    0.0012004122
  -25.917220     37.117581    0.0016955759
  -25.917220     43.866232    0.0022119046
  -25.917220     50.614883    0.0027176904

  -21.204998    -50.614883    0.0028535515
  -21.204998    -43.866232    0.0023002294
  -21.204998    -37.117581    0.0017489163
  -21.204998    -30.368930    0.0012302969
  -21.204998    -23.620279    0.0007740839
  -21.204998    -16.871628    0.0004066530
  -21.204998    -10.122977    0.0001492563
  -21.204998     -3.374326    0.0000167447
  -21.204998      3.374326    0.0000167447
  -21.204998     10.122977    0.0001492563
  -21.204998     16.871628    0.0004066530
  -21.204998     23.620279    0.0007740839
  -21.204998     30.368930    0.0012302969
  -21.204998     37.117581    0.0017489163
  -21.204998     43.866232    0.0023002294
  -21.204998     50.614883    0.0028535515

  -16.492776    -50.614883    0.0027775205
  -16.492776    -43.866232    0.0022232644
  -16.492776    -37.117581    0.0016808078
  -16.492776    -30.368930    0.0011771042
  -16.492776    -23.620279    0.0007381045
  -16.492776    -16.871628    0.0003868080
  -16.492776    -10.122977    0.0001417496
  -16.492776     -3.374326    0.0000158903
  -16.492776      3.374326    0.0000158903
  -16.492776     10.122977    0.0001417496
  -16.492776     16.871628    0.0003868080
  -16.492776     23.620279    0.0007381045
  -16.492776     30.368930    0.0011771042
  -16.492776     37.117581    0.0016808078
  -16.492776     43.866232    0.0022232644
  -16.492776     50.614883    0.0027775205

  -11.780554    -50.614883    0.0024387653
  -11.780554    -43.866232    0.0019417077
  -11.780554    -37.117581    0.0014620064
  -11.780554    -30.368930    0.0010205946
  -11.780554    -23.620279    0.0006383396
  -11.780554    -16.871628    0.0003338806
  -11.780554    -10.122977    0.0001221937
  -11.780554     -3.374326    0.0000136889
  -11.780554      3.374326    0.0000136889
  -11.780554     10.122977    0.0001221937
  -11.780554     16.871628    0.0003338806
  -11.780554     23.620279    0.0006383396
  -11.780554     30.368930    0.0010205946
  -11.780554     37.117581    0.0014620064
  -11.780554     43.866232    0.0019417077
  -11.780554     50.614883    0.0024387653

   -7.068333    -50.614883    0.0017751726
   -7.068333    -43.866232    0.0014077544
   -7.068333    -37.117581    0.0010567341
   -7.068333    -30.368930    0.0007358919
   -7.068333    -23.620279    0.0004593807
   -7.068333    -16.871628    0.0002399239
   -7.068333    -10.122977    0.0000877198
   -7.068333     -3.374326    0.0000098220
   -7.068333      3.374326    0.0000098220
   -7.068333     10.122977    0.0000877198
   -7.068333     16.871628    0.0002399239
   -7.068333     23.620279    0.0004593807
   -7.068333     30.368930    0.0007358919
   -7.068333     37.117581    0.0010567341
   -7.068333     43.866232    0.0014077544
   -7.068333     50.614883    0.0017751726

   -2.356111    -50.614883    0.0007107880
   -2.356111    -43.866232    0.0005620839
   -2.356111    -37.117581    0.0004209037
   -2.356111    -30.368930    0.0002925386
   -2.356111    -23.620279    0.0001823484
   -2.356111    -16.871628    0.0000951375
   -2.356111    -10.122977    0.0000347609
   -2.356111     -3.374326    0.0000038909
   -2.356111      3.374326    0.0000038909
   -2.356111     10.122977    0.0000347609
   -2.356111     16.871628    0.0000951375
   -2.356111     23.620279    0.0001823484
   -2.356111     30.368930    0.0002925386
   -2.356111     37.117581    0.0004209037
   -2.356111     43.866232    0.0005620839
   -2.356111     50.614883    0.0007107880

    2.356111    -50.614883   -0.0008474163
    2.356111    -43.866232   -0.0006688276
    2.356111    -37.117581   -0.0004998539
    2.356111    -30.368930   -0.0003468619
    2.356111    -23.620279   -0.0002159706
    2.356111    -16.871628   -0.0001126018
    2.356111    -10.122977   -0.0000411264
    2.356111     -3.374326   -0.0000046027
    2.356111      3.374326   -0.0000046027
    2.356111     10.122977   -0.0000411264
    2.356111     16.871628   -0.0001126018
    2.356111     23.620279   -0.0002159706
    2.356111     30.368930   -0.0003468619
    2.356111     37.117581   -0.0004998539
    2.356111     43.866232   -0.0006688276
    2.356111     50.614883   -0.0008474163

    7.068333    -50.614883   -0.0030136569
    7.068333    -43.866232   -0.0023751958
    7.068333    -37.117581   -0.0017724870
    7.068333    -30.368930   -0.0012285157
    7.068333    -23.620279   -0.0007643114
    7.068333    -16.871628   -0.0003983066
    7.068333    -10.122977   -0.0001454427
    7.068333     -3.374326   -0.0000162760
    7.068333      3.374326   -0.0000162760
    7.068333     10.122977   -0.0001454427
    7.068333     16.871628   -0.0003983066
    7.068333     23.620279   -0.0007643114
    7.068333     30.368930   -0.0012285157
    7.068333     37.117581   -0.0017724870
    7.068333     43.866232   -0.0023751958
    7.068333     50.614883   -0.0030136569

   11.780554    -50.614883   -0.0059285730
   11.780554    -43.866232   -0.0046670593
   11.780554    -37.117581   -0.0034794608
   11.780554    -30.368930   -0.0024098449
   11.780554    -23.620279   -0.0014984516
   11.780554    -16.871628   -0.0007805962
   11.780554    -10.122977   -0.0002849698
   11.780554     -3.374326   -0.0000318864
   11.780554      3.374326   -0.0000318864
   11.780554     10.122977   -0.0002849698
   11.780554     16.871628   -0.0007805962
   11.780554     23.620279   -0.0014984516
   11.780554     30.368930   -0.0024098449
   11.780554     37.117581   -0.0034794608
   11.780554     43.866232   -0.0046670593
   11.780554     50.614883   -0.0059285730

   16.492776    -50.614883   -0.0097658514
   16.492776    -43.866232   -0.0076796085
   16.492776    -37.117581   -0.0057228475
   16.492776    -30.368930   -0.0039623746
   16.492776    -23.620279   -0.0024630187
   16.492776    -16.871628   -0.0012826355
   16.492776    -10.122977   -0.0004681120
   16.492776     -3.374326   -0.0000523701
   16.492776      3.374326   -0.0000523701
   16.492776     10.122977   -0.0004681120
   16.492776     16.871628   -0.0012826355
   16.492776     23.620279   -0.0024630187
   16.492776     30.368930   -0.0039623746
   16.492776     37.117581   -0.0057228475
   16.492776     43.866232   -0.0076796085
   16.492776     50.614883   -0.0097658514

   21.204998    -50.614883   -0.0147405383
   21.204998    -43.866232   -0.0115829850
   21.204998    -37.117581   -0.0086302677
   21.204998    -30.368930   -0.0059749679
   21.204998    -23.620279   -0.0037134900
   21.204998    -16.871628   -0.0019334019
   21.204998    -10.122977   -0.0007054645
   21.204998     -3.374326   -0.0000789136
   21.204998      3.374326   -0.0000789136
   21.204998     10.122977   -0.0007054645
   21.204998     16.871628   -0.0019334019
   21.204998     23.620279   -0.0037134900
   21.204998     30.368930   -0.0059749679
   21.204998     37.117581   -0.0086302677
   21.204998     43.866232   -0.0115829850
   21.204998     50.614883   -0.0147405383

   25.917220    -50.614883   -0.0211193703
   25.917220    -43.866232   -0.0165995365
   25.917220    -37.117581   -0.0123635806
   25.917220    -30.368930   -0.0085571985
   25.917220    -23.620279   -0.0053182387
   25.917220    -16.871628   -0.0027694050
   25.917220    -10.122977   -0.0010107517
   25.917220     -3.374326   -0.0001130815
   25.917220      3.374326   -0.0001130815
   25.917220     10.122977   -0.0010107517
   25.917220     16.871628   -0.0027694050
   25.917220     23.620279   -0.0053182387
   25.917220     30.368930   -0.0085571985
   25.917220     37.117581   -0.0123635806
   25.917220     43.866232   -0.0165995365
   25.917220     50.614883   -0.0211193703

