  -47.136383    -47.456659   -0.0019673476
  -47.136383    -41.129105   -0.0014225717
  -47.136383    -34.801550   -0.0009804116
  -47.136383    -28.473996   -0.0006329787
  -47.136383    -22.146441   -0.0003707897
  -47.136383    -15.818886   -0.0001842881
  -47.136383     -9.491332   -0.0000651265
  -47.136383     -3.163777   -0.0000071672
  -47.136383      3.163777   -0.0000071672
  -47.136383      9.491332   -0.0000651265
  -47.136383     15.818886   -0.0001842881
  -47.136383     22.146441   -0.0003707897
  -47.136383     28.473996   -0.0006329787
  -47.136383     34.801550   -0.0009804116
  -47.136383     41.129105   -0.0014225717
  -47.136383     47.456659   -0.0019673476

  -40.851532    -47.456659   -0.0017887829
  -40.851532    -41.129105   -0.0013143369
  -40.851532    -34.801550   -0.0009143540
  -40.851532    -28.473996   -0.0005951738
  -40.851532    -22.146441   -0.0003517441
  -40.851532    -15.818886   -0.0001764162
  -40.851532     -9.491332   -0.0000628226
  -40.851532     -3.163777   -0.0000069440
  -40.851532      3.163777   -0.0000069440
  -40.851532      9.491332   -0.0000628226
  -40.851532     15.818886   -0.0001764162
  -40.851532     22.146441   -0.0003517441
  -40.851532     28.473996   -0.0005951738
  -40.851532     34.801550   -0.0009143540
  -40.851532     41.129105   -0.0013143369
  -40.851532     47.456659   -0.0017887829

  -34.566681    -47.456659   -0.0016185387
  -34.566681    -41.129105   -0.0012018558
  -34.566681    -34.801550   -0.0008489967
  -34.566681    -28.473996   -0.0005607122
  -34.566681    -22.146441   -0.0003350982
  -34.566681    -15.818886   -0.0001692955
  -34.566681     -9.491332   -0.0000605290
  -34.566681     -3.163777   -0.0000067018
  -34.566681      3.163777   -0.0000067018
  -34.566681      9.491332   -0.0000605290
  -34.566681     15.818886   -0.0001692955
  -34.566681     22.146441   -0.0003350982
  -34.566681     28.473996   -0.0005607122
  -34.566681     34.801550   -0.0008489967
  -34.566681     41.129105   -0.0012018558
  -34.566681     47.456659   -0.0016185387

  -28.281830    -47.456659   -0.0014325152
  -28.281830    -41.129105   -0.0010788256
  -28.281830    -34.801550   -0.0007723154
  -28.281830    -28.473996   -0.0005163071
  -28.281830    -22.146441   -0.0003118174
  -28.281830    -15.818886   -0.0001588576
  -28.281830     -9.491332   -0.0000571291
  -28.281830     -3.163777   -0.0000063443
  -28.281830      3.163777   -0.0000063443
  -28.281830      9.491332   -0.0000571291
  -28.281830     15.818886   -0.0001588576
  -28.281830     22.146441   -0.0003118174
  -28.281830     28.473996   -0.0005163071
  -28.281830     34.801550   -0.0007723154
  -28.281830     41.129105   -0.0010788256
  -28.281830     47.456659   -0.0014325152

  -21.996979    -47.456659   -0.0012101113
  -21.996979    -41.129105   -0.0009247797
  -21.996979    -34.801550   -0.0006697523
  -21.996979    -28.473996   -0.0004523288
  -21.996979    -22.146441   -0.0002756849
  -21.996979    -15.818886   -0.0001415353
  -21.996979     -9.491332   -0.0000511871
  -21.996979     -3.163777   -0.0000057014
  -21.996979      3.163777   -0.0000057014
  -21.996979      9.491332   -0.0000511871
  -21.996979     15.818886   -0.0001415353
  -21.996979     22.146441   -0.0002756849
  -21.996979     28.473996   -0.0004523288
  -21.996979     34.801550   -0.0006697523
  -21.996979     41.129105   -0.0009247797
  -21.996979     47.456659   -0.0012101113

  -15.712128    -47.456659   -0.0009364346
  -15.712128    -41.129105   -0.0007240651
  -15.712128    -34.801550   -0.0005303249
  -15.712128    -28.473996   -0.0003616809
  -15.712128    -22.146441   -0.0002221642
  -15.712128    -15.818886   -0.0001147119
  -15.712128     -9.491332   -0.0000416400
  -15.712128     -3.163777   -0.0000046464
  -15.712128      3.163777   -0.0000046464
  -15.712128      9.491332   -0.0000416400
  -15.712128     15.818886   -0.0001147119
  -15.712128     22.146441   -0.0002221642
  -15.712128     28.473996   -0.0003616809
  -15.712128     34.801550   -0.0005303249
  -15.712128     41.129105   -0.0007240651
  -15.712128     47.456659   -0.0009364346

   -9.427277    -47.456659   -0.0006040051
   -9.427277    -41.129105   -0.0004708910
   -9.427277    -34.801550   -0.0003487535
   -9.427277    -28.473996   -0.0002401431
   -9.427277    -22.146441   -0.0001484912
   -9.427277    -15.818886   -0.0000769663
   -9.427277     -9.491332   -0.0000279897
   -9.427277     -3.163777   -0.0000031253
   -9.427277      3.163777   -0.0000031253
   -9.427277      9.491332   -0.0000279897
   -9.427277     15.818886   -0.0000769663
   -9.427277     22.146441   -0.0001484912
   -9.427277     28.473996   -0.0002401431
   -9.427277     34.801550   -0.0003487535
   -9.427277     41.129105   -0.0004708910
   -9.427277     47.456659   -0.0006040051

   -3.142426    -47.456659   -0.0002138862
   -3.142426    -41.129105   -0.0001678432
   -3.142426    -34.801550   -0.0001255705
   -3.142426    -28.473996   -0.0000872102
   -3.142426    -22.146441   -0.0000542288
   -3.142426    -15.818886   -0.0000281897
   -3.142426     -9.491332   -0.0000102632
   -3.142426     -3.163777   -0.0000011463
   -3.142426      3.163777   -0.0000011463
   -3.142426      9.491332   -0.0000102632
   -3.142426     15.818886   -0.0000281897
   -3.142426     22.146441   -0.0000542288
   -3.142426     28.473996   -0.0000872102
   -3.142426     34.801550   -0.0001255705
   -3.142426     41.129105   -0.0001678432
   -3.142426     47.456659   -0.0002138862

    3.142426    -47.456659    0.0002238067
    3.142426    -41.129105    0.0001769031
    3.142426    -34.801550    0.0001334007
    3.142426    -28.473996    0.0000932570
    3.142426    -22.146441    0.0000582613
    3.142426    -15.818886    0.0000303771
    3.142426     -9.491332    0.0000110784
    3.142426     -3.163777    0.0000012383
    3.142426      3.163777    0.0000012383
    3.142426      9.491332    0.0000110784
    3.142426     15.818886    0.0000303771
    3.142426     22.146441    0.0000582613
    3.142426     28.473996    0.0000932570
    3.142426     34.801550    0.0001334007
    3.142426     41.129105    0.0001769031
    3.142426     47.456659    0.0002238067

    9.427277    -47.456659    0.0006900449
    9.427277    -41.129105    0.0005506013
    9.427277    -34.801550    0.0004173780
    9.427277    -28.473996    0.0002929750
    9.427277    -22.146441    0.0001837549
    9.427277    -15.818886    0.0000961625
    9.427277     -9.491332    0.0000351728
    9.427277     -3.163777    0.0000039379
    9.427277      3.163777    0.0000039379
    9.427277      9.491332    0.0000351728
    9.427277     15.818886    0.0000961625
    9.427277     22.146441    0.0001837549
    9.427277     28.473996    0.0002929750
    9.427277     34.801550    0.0004173780
    9.427277     41.129105    0.0005506013
    9.427277     47.456659    0.0006900449

   15.712128    -47.456659    0.0011576784
   15.712128    -41.129105    0.0009342693
   15.712128    -34.801550    0.0007105194
   15.712128    -28.473996    0.0004998945
   15.712128    -22.146441    0.0003146123
   15.712128    -15.818886    0.0001653392
   15.712128     -9.491332    0.0000607071
   15.712128     -3.163777    0.0000068120
   15.712128      3.163777    0.0000068120
   15.712128      9.491332    0.0000607071
   15.712128     15.818886    0.0001653392
   15.712128     22.146441    0.0003146123
   15.712128     28.473996    0.0004998945
   15.712128     34.801550    0.0007105194
   15.712128     41.129105    0.0009342693
   15.712128     47.456659    0.0011576784

   21.996979    -47.456659    0.0015928667
   21.996979    -41.129105    0.0012995906
   21.996979    -34.801550    0.0009917134
   21.996979    -28.473996    0.0006994118
   21.996979    -22.146441    0.0004416221
   21.996979    -15.818886    0.0002329834
   21.996979     -9.491332    0.0000858369
   21.996979     -3.163777    0.0000096511
   21.996979      3.163777    0.0000096511
   21.996979      9.491332    0.0000858369
   21.996979     15.818886    0.0002329834
   21.996979     22.146441    0.0004416221
   21.996979     28.473996    0.0006994118
   21.996979     34.801550    0.0009917134
   21.996979     41.129105    0.0012995906
   21.996979     47.456659    0.0015928667

   28.281830    -47.456659    0.0019571112
   28.281830    -41.129105    0.0016077912
   28.281830    -34.801550    0.0012351582
   28.281830    -28.473996    0.0008756915
   28.281830    -22.146441    0.0005549021
   28.281830    -15.818886    0.0002933704
   28.281830     -9.491332    0.0001082054
   28.281830     -3.163777    0.0000121717
   28.281830      3.163777    0.0000121717
   28.281830      9.491332    0.0001082054
   28.281830     15.818886    0.0002933704
   28.281830     22.146441    0.0005549021
   28.281830     28.473996    0.0008756915
   28.281830     34.801550    0.0012351582
   28.281830     41.129105    0.0016077912
   28.281830     47.456659    0.0019571112

   34.566681    -47.456659    0.0022098326
   34.566681    -41.129105    0.0018160587
   34.566681    -34.801550    0.0014131988
   34.566681    -28.473996    0.0010123735
   34.566681    -22.146441    0.0006443004
   34.566681    -15.818886    0.0003404831
   34.566681     -9.491332    0.0001252730
   34.566681     -3.163777    0.0000140640
   34.566681      3.163777    0.0000140640
   34.566681      9.491332    0.0001252730
   34.566681     15.818886    0.0003404831
   34.566681     22.146441    0.0006443004
   34.566681     28.473996    0.0010123735
   34.566681     34.801550    0.0014131988
   34.566681     41.129105    0.0018160587
   34.566681     47.456659    0.0022098326

   40.851532    -47.456659    0.0023114149
   40.851532    -41.129105    0.0018992338
   40.851532    -34.801550    0.0015034634
   40.851532    -28.473996    0.0010916594
   40.851532    -22.146441    0.0006985187
   40.851532    -15.818886    0.0003688373
   40.851532     -9.491332    0.0001352460
   40.851532     -3.163777    0.0000151433
   40.851532      3.163777    0.0000151433
   40.851532      9.491332    0.0001352460
   40.851532     15.818886    0.0003688373
   40.851532     22.146441    0.0006985187
   40.851532     28.473996    0.0010916594
   40.851532     34.801550    0.0015034634
   40.851532     41.129105    0.0018992338
   40.851532     47.456659    0.0023114149

   47.136383    -47.456659    0.0022266166
   47.136383    -41.129105    0.0018966627
   47.136383    -34.801550    0.0015029107
   47.136383    -28.473996    0.0010904861
   47.136383    -22.146441    0.0007019571
   47.136383    -15.818886    0.0003747529
   47.136383     -9.491332    0.0001389728
   47.136383     -3.163777    0.0000156696
   47.136383      3.163777    0.0000156696
   47.136383      9.491332    0.0001389728
   47.136383     15.818886    0.0003747529
   47.136383     22.146441    0.0007019571
   47.136383     28.473996    0.0010904861
   47.136383     34.801550    0.0015029107
   47.136383     41.129105    0.0018966627
   47.136383     47.456659    0.0022266166

