  -50.614883    -62.630025    0.0401787556
  -50.614883    -54.279355    0.0355749673
  -50.614883    -45.928685    0.0317281832
  -50.614883    -37.578015    0.0286008053
  -50.614883    -29.227345    0.0261583625
  -50.614883    -20.876675    0.0243696604
  -50.614883    -12.526005    0.0232068837
  -50.614883     -4.175335    0.0226456488
  -50.614883      4.175335    0.0226650095
  -50.614883     12.526005    0.0232474127
  -50.614883     20.876675    0.0243786071
  -50.614883     29.227345    0.0260475026
  -50.614883     37.578015    0.0282459812
  -50.614883     45.928685    0.0309686606
  -50.614883     54.279355    0.0342126078
  -50.614883     62.630025    0.0379770055

  -43.866232    -62.630025    0.0344873476
  -43.866232    -54.279355    0.0298770731
  -43.866232    -45.928685    0.0260239470
  -43.866232    -37.578015    0.0228903934
  -43.866232    -29.227345    0.0204419696
  -43.866232    -20.876675    0.0186475163
  -43.866232    -12.526005    0.0174792594
  -43.866232     -4.175335    0.0169128630
  -43.866232      4.175335    0.0169274349
  -43.866232     12.526005    0.0175054824
  -43.866232     20.876675    0.0186328209
  -43.866232     29.227345    0.0202984335
  -43.866232     37.578015    0.0224942818
  -43.866232     45.928685    0.0252150692
  -43.866232     54.279355    0.0284579551
  -43.866232     62.630025    0.0322222207

  -37.117581    -62.630025    0.0296617260
  -37.117581    -54.279355    0.0250458755
  -37.117581    -45.928685    0.0211872909
  -37.117581    -37.578015    0.0180484209
  -37.117581    -29.227345    0.0155948518
  -37.117581    -20.876675    0.0137954573
  -37.117581    -12.526005    0.0126225006
  -37.117581     -4.175335    0.0120516872
  -37.117581      4.175335    0.0120621706
  -37.117581     12.526005    0.0126365079
  -37.117581     20.876675    0.0137605685
  -37.117581     29.227345    0.0154233936
  -37.117581     37.578015    0.0176170071
  -37.117581     45.928685    0.0203361790
  -37.117581     54.279355    0.0235781392
  -37.117581     62.630025    0.0273422441

  -30.368930    -62.630025    0.0256839861
  -30.368930    -54.279355    0.0210634775
  -30.368930    -45.928685    0.0172003282
  -30.368930    -37.578015    0.0140570118
  -30.368930    -29.227345    0.0115991416
  -30.368930    -20.876675    0.0097956213
  -30.368930    -12.526005    0.0086187462
  -30.368930     -4.175335    0.0080442572
  -30.368930      4.175335    0.0080513449
  -30.368930     12.526005    0.0086226068
  -30.368930     20.876675    0.0097439549
  -30.368930     29.227345    0.0114044755
  -30.368930     37.578015    0.0135962407
  -30.368930     45.928685    0.0163140706
  -30.368930     54.279355    0.0195552484
  -30.368930     62.630025    0.0233191858

  -23.620279    -62.630025    0.0225338481
  -23.620279    -54.279355    0.0179096053
  -23.620279    -45.928685    0.0140427939
  -23.620279    -37.578015    0.0108959097
  -23.620279    -29.227345    0.0084345899
  -23.620279    -20.876675    0.0066277636
  -23.620279    -12.526005    0.0054477528
  -23.620279     -4.175335    0.0048703265
  -23.620279      4.175335    0.0048747052
  -23.620279     12.526005    0.0054435175
  -23.620279     20.876675    0.0065627080
  -23.620279     29.227345    0.0082213973
  -23.620279     37.578015    0.0104116929
  -23.620279     45.928685    0.0131284522
  -23.620279     54.279355    0.0163689967
  -23.620279     62.630025    0.0201327782

  -16.871628    -62.630025    0.0201915796
  -16.871628    -54.279355    0.0155645318
  -16.871628    -45.928685    0.0116949677
  -16.871628    -37.578015    0.0085454015
  -16.871628    -29.227345    0.0060814896
  -16.871628    -20.876675    0.0042721805
  -16.871628    -12.526005    0.0030898173
  -16.871628     -4.175335    0.0025101900
  -16.871628      4.175335    0.0025125413
  -16.871628     12.526005    0.0030795227
  -16.871628     20.876675    0.0041971023
  -16.871628     29.227345    0.0058544252
  -16.871628     37.578015    0.0080436240
  -16.871628     45.928685    0.0107595819
  -16.871628     54.279355    0.0139996471
  -16.871628     62.630025    0.0177632989

  -10.122977    -62.630025    0.0186403353
  -10.122977    -54.279355    0.0140114154
  -10.122977    -45.928685    0.0101400133
  -10.122977    -37.578015    0.0069886562
  -10.122977    -29.227345    0.0045230137
  -10.122977    -20.876675    0.0027120481
  -10.122977    -12.526005    0.0015281162
  -10.122977     -4.175335    0.0009470225
  -10.122977      4.175335    0.0009480243
  -10.122977     12.526005    0.0015137880
  -10.122977     20.876675    0.0026302972
  -10.122977     29.227345    0.0042867126
  -10.122977     37.578015    0.0064751826
  -10.122977     45.928685    0.0091906070
  -10.122977     54.279355    0.0124303507
  -10.122977     62.630025    0.0161939099

   -3.374326    -62.630025    0.0178679106
   -3.374326    -54.279355    0.0132380539
   -3.374326    -45.928685    0.0093657320
   -3.374326    -37.578015    0.0062134785
   -3.374326    -29.227345    0.0037469700
   -3.374326    -20.876675    0.0019351757
   -3.374326    -12.526005    0.0007504593
   -3.374326     -4.175335    0.0001686327
   -3.374326      4.175335    0.0001689604
   -3.374326     12.526005    0.0007341162
   -3.374326     20.876675    0.0018500912
   -3.374326     29.227345    0.0035060538
   -3.374326     37.578015    0.0056941603
   -3.374326     45.928685    0.0084093182
   -3.374326     54.279355    0.0116489005
   -3.374326     62.630025    0.0154124116

    3.374326    -62.630025    0.0178679106
    3.374326    -54.279355    0.0132380539
    3.374326    -45.928685    0.0093657320
    3.374326    -37.578015    0.0062134785
    3.374326    -29.227345    0.0037469700
    3.374326    -20.876675    0.0019351757
    3.374326    -12.526005    0.0007504593
    3.374326     -4.175335    0.0001686327
    3.374326      4.175335    0.0001689604
    3.374326     12.526005    0.0007341162
    3.374326     20.876675    0.0018500912
    3.374326     29.227345    0.0035060538
    3.374326     37.578015    0.0056941603
    3.374326     45.928685    0.0084093182
    3.374326     54.279355    0.0116489005
    3.374326     62.630025    0.0154124116

   10.122977    -62.630025    0.0186403353
   10.122977    -54.279355    0.0140114154
   10.122977    -45.928685    0.0101400133
   10.122977    -37.578015    0.0069886562
   10.122977    -29.227345    0.0045230137
   10.122977    -20.876675    0.0027120481
   10.122977    -12.526005    0.0015281162
   10.122977     -4.175335    0.0009470225
   10.122977      4.175335    0.0009480243
   10.122977     12.526005    0.0015137880
   10.122977     20.876675    0.0026302972
   10.122977     29.227345    0.0042867126
   10.122977     37.578015    0.0064751826
   10.122977     45.928685    0.0091906070
   10.122977     54.279355    0.0124303507
   10.122977     62.630025    0.0161939099

   16.871628    -62.630025    0.0201915796
   16.871628    -54.279355    0.0155645318
   16.871628    -45.928685    0.0116949677
   16.871628    -37.578015    0.0085454015
   16.871628    -29.227345    0.0060814896
   16.871628    -20.876675    0.0042721805
   16.871628    -12.526005    0.0030898173
   16.871628     -4.175335    0.0025101900
   16.871628      4.175335    0.0025125413
   16.871628     12.526005    0.0030795227
   16.871628     20.876675    0.0041971023
   16.871628     29.227345    0.0058544252
   16.871628     37.578015    0.0080436240
   16.871628     45.928685    0.0107595819
   16.871628     54.279355    0.0139996471
   16.871628     62.630025    0.0177632989

   23.620279    -62.630025    0.0225338481
   23.620279    -54.279355    0.0179096053
   23.620279    -45.928685    0.0140427939
   23.620279    -37.578015    0.0108959097
   23.620279    -29.227345    0.0084345899
   23.620279    -20.876675    0.0066277636
   23.620279    -12.526005    0.0054477528
   23.620279     -4.175335    0.0048703265
   23.620279      4.175335    0.0048747052
   23.620279     12.526005    0.0054435175
   23.620279     20.876675    0.0065627080
   23.620279     29.227345    0.0082213973
   23.620279     37.578015    0.0104116929
   23.620279     45.928685    0.0131284522
   23.620279     54.279355    0.0163689967
   23.620279     62.630025    0.0201327782

   30.368930    -62.630025    0.0256839861
   30.368930    -54.279355    0.0210634775
   30.368930    -45.928685    0.0172003282
   30.368930    -37.578015    0.0140570118
   30.368930    -29.227345    0.0115991416
   30.368930    -20.876675    0.0097956213
   30.368930    -12.526005    0.0086187462
   30.368930     -4.175335    0.0080442572
   30.368930      4.175335    0.0080513449
   30.368930     12.526005    0.0086226068
   30.368930     20.876675    0.0097439549
   30.368930     29.227345    0.0114044755
   30.368930     37.578015    0.0135962407
   30.368930     45.928685    0.0163140706
   30.368930     54.279355    0.0195552484
   30.368930     62.630025    0.0233191858

   37.117581    -62.630025    0.0296617260
   37.117581    -54.279355    0.0250458755
   37.117581    -45.928685    0.0211872909
   37.117581    -37.578015    0.0180484209
   37.117581    -29.227345    0.0155948518
   37.117581    -20.876675    0.0137954573
   37.117581    -12.526005    0.0126225006
   37.117581     -4.175335    0.0120516872
   37.117581      4.175335    0.0120621706
   37.117581     12.526005    0.0126365079
   37.117581     20.876675    0.0137605685
   37.117581     29.227345    0.0154233936
   37.117581     37.578015    0.0176170071
   37.117581     45.928685    0.0203361790
   37.117581     54.279355    0.0235781392
   37.117581     62.630025    0.0273422441

   43.866232    -62.630025    0.0344873476
   43.866232    -54.279355    0.0298770731
   43.866232    -45.928685    0.0260239470
   43.866232    -37.578015    0.0228903934
   43.866232    -29.227345    0.0204419696
   43.866232    -20.876675    0.0186475163
   43.866232    -12.526005    0.0174792594
   43.866232     -4.175335    0.0169128630
   43.866232      4.175335    0.0169274349
   43.866232     12.526005    0.0175054824
   43.866232     20.876675    0.0186328209
   43.866232     29.227345    0.0202984335
   43.866232     37.578015    0.0224942818
   43.866232     45.928685    0.0252150692
   43.866232     54.279355    0.0284579551
   43.866232     62.630025    0.0322222207

   50.614883    -62.630025    0.0401787556
   50.614883    -54.279355    0.0355749673
   50.614883    -45.928685    0.0317281832
   50.614883    -37.578015    0.0286008053
   50.614883    -29.227345    0.0261583625
   50.614883    -20.876675    0.0243696604
   50.614883    -12.526005    0.0232068837
   50.614883     -4.175335    0.0226456488
   50.614883      4.175335    0.0226650095
   50.614883     12.526005    0.0232474127
   50.614883     20.876675    0.0243786071
   50.614883     29.227345    0.0260475026
   50.614883     37.578015    0.0282459812
   50.614883     45.928685    0.0309686606
   50.614883     54.279355    0.0342126078
   50.614883     62.630025    0.0379770055

