  -34.795266    -54.177403    0.0709509687
  -34.795266    -46.953749    0.0727724613
  -34.795266    -39.730095    0.0755451122
  -34.795266    -32.506442    0.0788451606
  -34.795266    -25.282788    0.0822234923
  -34.795266    -18.059134    0.0852366130
  -34.795266    -10.835481    0.0874928074
  -34.795266     -3.611827    0.0886992282
  -34.795266      3.611827    0.0886992282
  -34.795266     10.835481    0.0874928074
  -34.795266     18.059134    0.0852366130
  -34.795266     25.282788    0.0822234923
  -34.795266     32.506442    0.0788451606
  -34.795266     39.730095    0.0755451122
  -34.795266     46.953749    0.0727724613
  -34.795266     54.177403    0.0709509687

  -30.155897    -54.177403    0.0568505385
  -30.155897    -46.953749    0.0564840191
  -30.155897    -39.730095    0.0572016646
  -30.155897    -32.506442    0.0585262603
  -30.155897    -25.282788    0.0601136174
  -30.155897    -18.059134    0.0616563758
  -30.155897    -10.835481    0.0628740668
  -30.155897     -3.611827    0.0635447562
  -30.155897      3.611827    0.0635447562
  -30.155897     10.835481    0.0628740668
  -30.155897     18.059134    0.0616563758
  -30.155897     25.282788    0.0601136174
  -30.155897     32.506442    0.0585262603
  -30.155897     39.730095    0.0572016646
  -30.155897     46.953749    0.0564840191
  -30.155897     54.177403    0.0568505385

  -25.516528    -54.177403    0.0455304719
  -25.516528    -46.953749    0.0435678571
  -25.516528    -39.730095    0.0426064673
  -25.516528    -32.506442    0.0423610732
  -25.516528    -25.282788    0.0425737984
  -25.516528    -18.059134    0.0430004717
  -25.516528    -10.835481    0.0434243666
  -25.516528     -3.611827    0.0436808896
  -25.516528      3.611827    0.0436808896
  -25.516528     10.835481    0.0434243666
  -25.516528     18.059134    0.0430004717
  -25.516528     25.282788    0.0425737984
  -25.516528     32.506442    0.0423610732
  -25.516528     39.730095    0.0426064673
  -25.516528     46.953749    0.0435678571
  -25.516528     54.177403    0.0455304719

  -20.877160    -54.177403    0.0366246886
  -20.877160    -46.953749    0.0334240776
  -20.877160    -39.730095    0.0311873568
  -20.877160    -32.506442    0.0297507542
  -20.877160    -25.282788    0.0289200319
  -20.877160    -18.059134    0.0285011890
  -20.877160    -10.835481    0.0283258264
  -20.877160     -3.611827    0.0282706402
  -20.877160      3.611827    0.0282706402
  -20.877160     10.835481    0.0283258264
  -20.877160     18.059134    0.0285011890
  -20.877160     25.282788    0.0289200319
  -20.877160     32.506442    0.0297507542
  -20.877160     39.730095    0.0311873568
  -20.877160     46.953749    0.0334240776
  -20.877160     54.177403    0.0366246886

  -16.237791    -54.177403    0.0298385137
  -16.237791    -46.953749    0.0256892042
  -16.237791    -39.730095    0.0225209236
  -16.237791    -32.506442    0.0202099247
  -16.237791    -25.282788    0.0186067798
  -16.237791    -18.059134    0.0175617562
  -16.237791    -10.835481    0.0169449987
  -16.237791     -3.611827    0.0166615966
  -16.237791      3.611827    0.0166615966
  -16.237791     10.835481    0.0169449987
  -16.237791     18.059134    0.0175617562
  -16.237791     25.282788    0.0186067798
  -16.237791     32.506442    0.0202099247
  -16.237791     39.730095    0.0225209236
  -16.237791     46.953749    0.0256892042
  -16.237791     54.177403    0.0298385137

  -11.598422    -54.177403    0.0249430770
  -11.598422    -46.953749    0.0201126528
  -11.598422    -39.730095    0.0162902241
  -11.598422    -32.506442    0.0133645929
  -11.598422    -25.282788    0.0112170008
  -11.598422    -18.059134    0.0097308763
  -11.598422    -10.835481    0.0088041183
  -11.598422     -3.611827    0.0083609248
  -11.598422      3.611827    0.0083609248
  -11.598422     10.835481    0.0088041183
  -11.598422     18.059134    0.0097308763
  -11.598422     25.282788    0.0112170008
  -11.598422     32.506442    0.0133645929
  -11.598422     39.730095    0.0162902241
  -11.598422     46.953749    0.0201126528
  -11.598422     54.177403    0.0249430770

   -6.959053    -54.177403    0.0217707650
   -6.959053    -46.953749    0.0165070158
   -6.959053    -39.730095    0.0122641145
   -6.959053    -32.506442    0.0089451190
   -6.959053    -25.282788    0.0064507999
   -6.959053    -18.059134    0.0046843714
   -6.959053    -10.835481    0.0035606062
   -6.959053     -3.611827    0.0030157795
   -6.959053      3.611827    0.0030157795
   -6.959053     10.835481    0.0035606062
   -6.959053     18.059134    0.0046843714
   -6.959053     25.282788    0.0064507999
   -6.959053     32.506442    0.0089451190
   -6.959053     39.730095    0.0122641145
   -6.959053     46.953749    0.0165070158
   -6.959053     54.177403    0.0217707650

   -2.319684    -54.177403    0.0202117696
   -2.319684    -46.953749    0.0147394231
   -2.319684    -39.730095    0.0102894304
   -2.319684    -32.506442    0.0067778070
   -2.319684    -25.282788    0.0041149461
   -2.319684    -18.059134    0.0022125939
   -2.319684    -10.835481    0.0009931562
   -2.319684     -3.611827    0.0003988524
   -2.319684      3.611827    0.0003988524
   -2.319684     10.835481    0.0009931562
   -2.319684     18.059134    0.0022125939
   -2.319684     25.282788    0.0041149461
   -2.319684     32.506442    0.0067778070
   -2.319684     39.730095    0.0102894304
   -2.319684     46.953749    0.0147394231
   -2.319684     54.177403    0.0202117696

    2.319684    -54.177403    0.0202117696
    2.319684    -46.953749    0.0147394231
    2.319684    -39.730095    0.0102894304
    2.319684    -32.506442    0.0067778070
    2.319684    -25.282788    0.0041149461
    2.319684    -18.059134    0.0022125939
    2.319684    -10.835481    0.0009931562
    2.319684     -3.611827    0.0003988524
    2.319684      3.611827    0.0003988524
    2.319684     10.835481    0.0009931562
    2.319684     18.059134    0.0022125939
    2.319684     25.282788    0.0041149461
    2.319684     32.506442    0.0067778070
    2.319684     39.730095    0.0102894304
    2.319684     46.953749    0.0147394231
    2.319684     54.177403    0.0202117696

    6.959053    -54.177403    0.0217707650
    6.959053    -46.953749    0.0165070158
    6.959053    -39.730095    0.0122641145
    6.959053    -32.506442    0.0089451190
    6.959053    -25.282788    0.0064507999
    6.959053    -18.059134    0.0046843714
    6.959053    -10.835481    0.0035606062
    6.959053     -3.611827    0.0030157795
    6.959053      3.611827    0.0030157795
    6.959053     10.835481    0.0035606062
    6.959053     18.059134    0.0046843714
    6.959053     25.282788    0.0064507999
    6.959053     32.506442    0.0089451190
    6.959053     39.730095    0.0122641145
    6.959053     46.953749    0.0165070158
    6.959053     54.177403    0.0217707650

   11.598422    -54.177403    0.0249430770
   11.598422    -46.953749    0.0201126528
   11.598422    -39.730095    0.0162902241
   11.598422    -32.506442    0.0133645929
   11.598422    -25.282788    0.0112170008
   11.598422    -18.059134    0.0097308763
   11.598422    -10.835481    0.0088041183
   11.598422     -3.611827    0.0083609248
   11.598422      3.611827    0.0083609248
   11.598422     10.835481    0.0088041183
   11.598422     18.059134    0.0097308763
   11.598422     25.282788    0.0112170008
   11.598422     32.506442    0.0133645929
   11.598422     39.730095    0.0162902241
   11.598422     46.953749    0.0201126528
   11.598422     54.177403    0.0249430770

   16.237791    -54.177403    0.0298385137
   16.237791    -46.953749    0.0256892042
   16.237791    -39.730095    0.0225209236
   16.237791    -32.506442    0.0202099247
   16.237791    -25.282788    0.0186067798
   16.237791    -18.059134    0.0175617562
   16.237791    -10.835481    0.0169449987
   16.237791     -3.611827    0.0166615966
   16.237791      3.611827    0.0166615966
   16.237791     10.835481    0.0169449987
   16.237791     18.059134    0.0175617562
   16.237791     25.282788    0.0186067798
   16.237791     32.506442    0.0202099247
   16.237791     39.730095    0.0225209236
   16.237791     46.953749    0.0256892042
   16.237791     54.177403    0.0298385137

   20.877160    -54.177403    0.0366246886
   20.877160    -46.953749    0.0334240776
   20.877160    -39.730095    0.0311873568
   20.877160    -32.506442    0.0297507542
   20.877160    -25.282788    0.0289200319
   20.877160    -18.059134    0.0285011890
   20.877160    -10.835481    0.0283258264
   20.877160     -3.611827    0.0282706402
   20.877160      3.611827    0.0282706402
   20.877160     10.835481    0.0283258264
   20.877160     18.059134    0.0285011890
   20.877160     25.282788    0.0289200319
   20.877160     32.506442    0.0297507542
   20.877160     39.730095    0.0311873568
   20.877160     46.953749    0.0334240776
   20.877160     54.177403    0.0366246886

   25.516528    -54.177403    0.0455304719
   25.516528    -46.953749    0.0435678571
   25.516528    -39.730095    0.0426064673
   25.516528    -32.506442    0.0423610732
   25.516528    -25.282788    0.0425737984
   25.516528    -18.059134    0.0430004717
   25.516528    -10.835481    0.0434243666
   25.516528     -3.611827    0.0436808896
   25.516528      3.611827    0.0436808896
   25.516528     10.835481    0.0434243666
   25.516528     18.059134    0.0430004717
   25.516528     25.282788    0.0425737984
   25.516528     32.506442    0.0423610732
   25.516528     39.730095    0.0426064673
   25.516528     46.953749    0.0435678571
   25.516528     54.177403    0.0455304719

   30.155897    -54.177403    0.0568505385
   30.155897    -46.953749    0.0564840191
   30.155897    -39.730095    0.0572016646
   30.155897    -32.506442    0.0585262603
   30.155897    -25.282788    0.0601136174
   30.155897    -18.059134    0.0616563758
   30.155897    -10.835481    0.0628740668
   30.155897     -3.611827    0.0635447562
   30.155897      3.611827    0.0635447562
   30.155897     10.835481    0.0628740668
   30.155897     18.059134    0.0616563758
   30.155897     25.282788    0.0601136174
   30.155897     32.506442    0.0585262603
   30.155897     39.730095    0.0572016646
   30.155897     46.953749    0.0564840191
   30.155897     54.177403    0.0568505385

   34.795266    -54.177403    0.0709509687
   34.795266    -46.953749    0.0727724613
   34.795266    -39.730095    0.0755451122
   34.795266    -32.506442    0.0788451606
   34.795266    -25.282788    0.0822234923
   34.795266    -18.059134    0.0852366130
   34.795266    -10.835481    0.0874928074
   34.795266     -3.611827    0.0886992282
   34.795266      3.611827    0.0886992282
   34.795266     10.835481    0.0874928074
   34.795266     18.059134    0.0852366130
   34.795266     25.282788    0.0822234923
   34.795266     32.506442    0.0788451606
   34.795266     39.730095    0.0755451122
   34.795266     46.953749    0.0727724613
   34.795266     54.177403    0.0709509687

