  -54.177403   -119.276109    0.0218743740
  -54.177403   -103.372628    0.0211667348
  -54.177403    -87.469147    0.0206209561
  -54.177403    -71.565666    0.0202224836
  -54.177403    -55.662184    0.0199597288
  -54.177403    -39.758703    0.0198242797
  -54.177403    -23.855222    0.0198110851
  -54.177403     -7.951741    0.0199186122
  -54.177403      7.951741    0.0201489792
  -54.177403     23.855222    0.0205080607
  -54.177403     39.758703    0.0210055668
  -54.177403     55.662184    0.0216550968
  -54.177403     71.565666    0.0224741663
  -54.177403     87.469147    0.0234842076
  -54.177403    103.372628    0.0247105446
  -54.177403    119.276109    0.0261823411

  -46.953749   -119.276109    0.0168290886
  -46.953749   -103.372628    0.0160533802
  -46.953749    -87.469147    0.0154414689
  -46.953749    -71.565666    0.0149790041
  -46.953749    -55.662184    0.0146546397
  -46.953749    -39.758703    0.0144602311
  -46.953749    -23.855222    0.0143910091
  -46.953749     -7.951741    0.0144457290
  -46.953749      7.951741    0.0146267957
  -46.953749     23.855222    0.0149403658
  -46.953749     39.758703    0.0153964243
  -46.953749     55.662184    0.0160088380
  -46.953749     71.565666    0.0167953854
  -46.953749     87.469147    0.0177777617
  -46.953749    103.372628    0.0189815601
  -46.953749    119.276109    0.0204362294

  -39.730095   -119.276109    0.0127740641
  -39.730095   -103.372628    0.0119352858
  -39.730095    -87.469147    0.0112620149
  -39.730095    -71.565666    0.0107401380
  -39.730095    -55.662184    0.0103585440
  -39.730095    -39.758703    0.0101093248
  -39.730095    -23.855222    0.0099879499
  -39.730095     -7.951741    0.0099934162
  -39.730095      7.951741    0.0101283739
  -39.730095     23.855222    0.0103992262
  -39.730095     39.758703    0.0108162056
  -39.730095     55.662184    0.0113934239
  -39.730095     71.565666    0.0121488985
  -39.730095     87.469147    0.0131045533
  -39.730095    103.372628    0.0142861949
  -39.730095    119.276109    0.0157234640

  -32.506442   -119.276109    0.0096151708
  -32.506442   -103.372628    0.0087200473
  -32.506442    -87.469147    0.0079919253
  -32.506442    -71.565666    0.0074169127
  -32.506442    -55.662184    0.0069841097
  -32.506442    -39.758703    0.0066858136
  -32.506442    -23.855222    0.0065176975
  -32.506442     -7.951741    0.0064789632
  -32.506442      7.951741    0.0065724673
  -32.506442     23.855222    0.0068048217
  -32.506442     39.758703    0.0071864678
  -32.506442     55.662184    0.0077317244
  -32.506442     71.565666    0.0084588097
  -32.506442     87.469147    0.0093898372
  -32.506442    103.372628    0.0105507848
  -32.506442    119.276109    0.0119714389

  -25.282788   -119.276109    0.0072514176
  -25.282788   -103.372628    0.0063084910
  -25.282788    -87.469147    0.0055338240
  -25.282788    -71.565666    0.0049137069
  -25.282788    -55.662184    0.0044374158
  -25.282788    -39.758703    0.0040974201
  -25.282788    -23.855222    0.0038895630
  -25.282788     -7.951741    0.0038132156
  -25.282788      7.951741    0.0038714031
  -25.282788     23.855222    0.0040709054
  -25.282788     39.758703    0.0044223303
  -25.282788     55.662184    0.0049401596
  -25.282788     71.565666    0.0056427688
  -25.282788     87.469147    0.0065524202
  -25.282788    103.372628    0.0076952282
  -25.282788    119.276109    0.0091010987

  -18.059134   -119.276109    0.0055838599
  -18.059134   -103.372628    0.0046033743
  -18.059134    -87.469147    0.0037921372
  -18.059134    -71.565666    0.0031365733
  -18.059134    -55.662184    0.0026260937
  -18.059134    -39.758703    0.0022533024
  -18.059134    -23.855222    0.0020141762
  -18.059134     -7.951741    0.0019082177
  -18.059134      7.951741    0.0019385816
  -18.059134     23.855222    0.0021121743
  -18.059134     39.758703    0.0024397263
  -18.059134     55.662184    0.0029358382
  -18.059134     71.565666    0.0036189996
  -18.059134     87.469147    0.0045115817
  -18.059134    103.372628    0.0056398024
  -18.059134    119.276109    0.0070336650

  -10.835481   -119.276109    0.0045261182
  -10.835481   -103.372628    0.0035197392
  -10.835481    -87.469147    0.0026832924
  -10.835481    -71.565666    0.0020032895
  -10.835481    -55.662184    0.0014692324
  -10.835481    -39.758703    0.0010738179
  -10.835481    -23.855222    0.0008131152
  -10.835481     -7.951741    0.0006867176
  -10.835481      7.951741    0.0006978678
  -10.835481     23.855222    0.0008535564
  -10.835481     39.758703    0.0011645945
  -10.835481     55.662184    0.0016456594
  -10.835481     71.565666    0.0023153143
  -10.835481     87.469147    0.0031960014
  -10.835481    103.372628    0.0043140086
  -10.835481    119.276109    0.0056994098

   -3.611827   -119.276109    0.0040142449
   -3.611827   -103.372628    0.0029946547
   -3.611827    -87.469147    0.0021453465
   -3.611827    -71.565666    0.0014528743
   -3.611827    -55.662184    0.0009067858
   -3.611827    -39.758703    0.0004998247
   -3.611827    -23.855222    0.0002281079
   -3.611827     -7.951741    0.0000912750
   -3.611827      7.951741    0.0000926132
   -3.611827     23.855222    0.0002391553
   -3.611827     39.758703    0.0005417521
   -3.611827     55.662184    0.0010151185
   -3.611827     71.565666    0.0016778534
   -3.611827     87.469147    0.0025524339
   -3.611827    103.372628    0.0036651835
   -3.611827    119.276109    0.0050462136

    3.611827   -119.276109    0.0040142449
    3.611827   -103.372628    0.0029946547
    3.611827    -87.469147    0.0021453465
    3.611827    -71.565666    0.0014528743
    3.611827    -55.662184    0.0009067858
    3.611827    -39.758703    0.0004998247
    3.611827    -23.855222    0.0002281079
    3.611827     -7.951741    0.0000912750
    3.611827      7.951741    0.0000926132
    3.611827     23.855222    0.0002391553
    3.611827     39.758703    0.0005417521
    3.611827     55.662184    0.0010151185
    3.611827     71.565666    0.0016778534
    3.611827     87.469147    0.0025524339
    3.611827    103.372628    0.0036651835
    3.611827    119.276109    0.0050462136

   10.835481   -119.276109    0.0045261182
   10.835481   -103.372628    0.0035197392
   10.835481    -87.469147    0.0026832924
   10.835481    -71.565666    0.0020032895
   10.835481    -55.662184    0.0014692324
   10.835481    -39.758703    0.0010738179
   10.835481    -23.855222    0.0008131152
   10.835481     -7.951741    0.0006867176
   10.835481      7.951741    0.0006978678
   10.835481     23.855222    0.0008535564
   10.835481     39.758703    0.0011645945
   10.835481     55.662184    0.0016456594
   10.835481     71.565666    0.0023153143
   10.835481     87.469147    0.0031960014
   10.835481    103.372628    0.0043140086
   10.835481    119.276109    0.0056994098

   18.059134   -119.276109    0.0055838599
   18.059134   -103.372628    0.0046033743
   18.059134    -87.469147    0.0037921372
   18.059134    -71.565666    0.0031365733
   18.059134    -55.662184    0.0026260937
   18.059134    -39.758703    0.0022533024
   18.059134    -23.855222    0.0020141762
   18.059134     -7.951741    0.0019082177
   18.059134      7.951741    0.0019385816
   18.059134     23.855222    0.0021121743
   18.059134     39.758703    0.0024397263
   18.059134     55.662184    0.0029358382
   18.059134     71.565666    0.0036189996
   18.059134     87.469147    0.0045115817
   18.059134    103.372628    0.0056398024
   18.059134    119.276109    0.0070336650

   25.282788   -119.276109    0.0072514176
   25.282788   -103.372628    0.0063084910
   25.282788    -87.469147    0.0055338240
   25.282788    -71.565666    0.0049137069
   25.282788    -55.662184    0.0044374158
   25.282788    -39.758703    0.0040974201
   25.282788    -23.855222    0.0038895630
   25.282788     -7.951741    0.0038132156
   25.282788      7.951741    0.0038714031
   25.282788     23.855222    0.0040709054
   25.282788     39.758703    0.0044223303
   25.282788     55.662184    0.0049401596
   25.282788     71.565666    0.0056427688
   25.282788     87.469147    0.0065524202
   25.282788    103.372628    0.0076952282
   25.282788    119.276109    0.0091010987

   32.506442   -119.276109    0.0096151708
   32.506442   -103.372628    0.0087200473
   32.506442    -87.469147    0.0079919253
   32.506442    -71.565666    0.0074169127
   32.506442    -55.662184    0.0069841097
   32.506442    -39.758703    0.0066858136
   32.506442    -23.855222    0.0065176975
   32.506442     -7.951741    0.0064789632
   32.506442      7.951741    0.0065724673
   32.506442     23.855222    0.0068048217
   32.506442     39.758703    0.0071864678
   32.506442     55.662184    0.0077317244
   32.506442     71.565666    0.0084588097
   32.506442     87.469147    0.0093898372
   32.506442    103.372628    0.0105507848
   32.506442    119.276109    0.0119714389

   39.730095   -119.276109    0.0127740641
   39.730095   -103.372628    0.0119352858
   39.730095    -87.469147    0.0112620149
   39.730095    -71.565666    0.0107401380
   39.730095    -55.662184    0.0103585440
   39.730095    -39.758703    0.0101093248
   39.730095    -23.855222    0.0099879499
   39.730095     -7.951741    0.0099934162
   39.730095      7.951741    0.0101283739
   39.730095     23.855222    0.0103992262
   39.730095     39.758703    0.0108162056
   39.730095     55.662184    0.0113934239
   39.730095     71.565666    0.0121488985
   39.730095     87.469147    0.0131045533
   39.730095    103.372628    0.0142861949
   39.730095    119.276109    0.0157234640

   46.953749   -119.276109    0.0168290886
   46.953749   -103.372628    0.0160533802
   46.953749    -87.469147    0.0154414689
   46.953749    -71.565666    0.0149790041
   46.953749    -55.662184    0.0146546397
   46.953749    -39.758703    0.0144602311
   46.953749    -23.855222    0.0143910091
   46.953749     -7.951741    0.0144457290
   46.953749      7.951741    0.0146267957
   46.953749     23.855222    0.0149403658
   46.953749     39.758703    0.0153964243
   46.953749     55.662184    0.0160088380
   46.953749     71.565666    0.0167953854
   46.953749     87.469147    0.0177777617
   46.953749    103.372628    0.0189815601
   46.953749    119.276109    0.0204362294

   54.177403   -119.276109    0.0218743740
   54.177403   -103.372628    0.0211667348
   54.177403    -87.469147    0.0206209561
   54.177403    -71.565666    0.0202224836
   54.177403    -55.662184    0.0199597288
   54.177403    -39.758703    0.0198242797
   54.177403    -23.855222    0.0198110851
   54.177403     -7.951741    0.0199186122
   54.177403      7.951741    0.0201489792
   54.177403     23.855222    0.0205080607
   54.177403     39.758703    0.0210055668
   54.177403     55.662184    0.0216550968
   54.177403     71.565666    0.0224741663
   54.177403     87.469147    0.0234842076
   54.177403    103.372628    0.0247105446
   54.177403    119.276109    0.0261823411

