  -35.358766    -48.902142   -0.0142001730
  -35.358766    -42.381856   -0.0109172041
  -35.358766    -35.861571   -0.0079517473
  -35.358766    -29.341285   -0.0053742742
  -35.358766    -22.821000   -0.0032480514
  -35.358766    -16.300714   -0.0016260866
  -35.358766     -9.780428   -0.0005482090
  -35.358766     -3.260143   -0.0000386916
  -35.358766      3.260143   -0.0001047106
  -35.358766      9.780428   -0.0007358261
  -35.358766     16.300714   -0.0019045528
  -35.358766     22.821000   -0.0035679819
  -35.358766     29.341285   -0.0056702987
  -35.358766     35.861571   -0.0081459303
  -35.358766     42.381856   -0.0109229469
  -35.358766     48.902142   -0.0139262243

  -30.644264    -48.902142   -0.0102261922
  -30.644264    -42.381856   -0.0078988047
  -30.644264    -35.861571   -0.0057289331
  -30.644264    -29.341285   -0.0038580168
  -30.644264    -22.821000   -0.0023327095
  -30.644264    -16.300714   -0.0011738256
  -30.644264     -9.780428   -0.0004005521
  -30.644264     -3.260143   -0.0000306243
  -30.644264      3.260143   -0.0000719837
  -30.644264      9.780428   -0.0005162514
  -30.644264     16.300714   -0.0013391716
  -30.644264     22.821000   -0.0025079944
  -30.644264     29.341285   -0.0039905869
  -30.644264     35.861571   -0.0057558796
  -30.644264     42.381856   -0.0077500710
  -30.644264     48.902142   -0.0098278332

  -25.929762    -48.902142   -0.0070915957
  -25.929762    -42.381856   -0.0054535466
  -25.929762    -35.861571   -0.0039613587
  -25.929762    -29.341285   -0.0026728189
  -25.929762    -22.821000   -0.0016175588
  -25.929762    -16.300714   -0.0008149820
  -25.929762     -9.780428   -0.0002801177
  -25.929762     -3.260143   -0.0000231135
  -25.929762      3.260143   -0.0000466438
  -25.929762      9.780428   -0.0003440807
  -25.929762     16.300714   -0.0008998370
  -25.929762     22.821000   -0.0016918600
  -25.929762     29.341285   -0.0026948206
  -25.929762     35.861571   -0.0038811069
  -25.929762     42.381856   -0.0052153022
  -25.929762     48.902142   -0.0066363886

  -21.215260    -48.902142   -0.0046525718
  -21.215260    -42.381856   -0.0035601861
  -21.215260    -35.861571   -0.0025902151
  -21.215260    -29.341285   -0.0017513026
  -21.215260    -22.821000   -0.0010608941
  -21.215260    -16.300714   -0.0005352885
  -21.215260     -9.780428   -0.0001855280
  -21.215260     -3.260143   -0.0000166013
  -21.215260      3.260143   -0.0000280622
  -21.215260      9.780428   -0.0002147908
  -21.215260     16.300714   -0.0005672554
  -21.215260     22.821000   -0.0010712559
  -21.215260     29.341285   -0.0017077609
  -21.215260     35.861571   -0.0024540748
  -21.215260     42.381856   -0.0032882000
  -21.215260     48.902142   -0.0041988860

  -16.500757    -48.902142   -0.0027999263
  -16.500757    -42.381856   -0.0021376561
  -16.500757    -35.861571   -0.0015539233
  -16.500757    -29.341285   -0.0010504040
  -16.500757    -22.821000   -0.0006367096
  -16.500757    -16.300714   -0.0003222514
  -16.500757     -9.780428   -0.0001130066
  -16.500757     -3.260143   -0.0000110336
  -16.500757      3.260143   -0.0000151160
  -16.500757      9.780428   -0.0001214554
  -16.500757     16.300714   -0.0003238624
  -16.500757     22.821000   -0.0006134351
  -16.500757     29.341285   -0.0009782487
  -16.500757     35.861571   -0.0014041119
  -16.500757     42.381856   -0.0018779875
  -16.500757     48.902142   -0.0023962021

  -11.786255    -48.902142   -0.0014538841
  -11.786255    -42.381856   -0.0011094618
  -11.786255    -35.861571   -0.0008033134
  -11.786255    -29.341285   -0.0005412985
  -11.786255    -22.821000   -0.0003279903
  -11.786255    -16.300714   -0.0001666898
  -11.786255     -9.780428   -0.0000593308
  -11.786255     -3.260143   -0.0000063660
  -11.786255      3.260143   -0.0000067014
  -11.786255      9.780428   -0.0000577201
  -11.786255     16.300714   -0.0001554132
  -11.786255     22.821000   -0.0002946075
  -11.786255     29.341285   -0.0004692601
  -11.786255     35.861571   -0.0006727583
  -11.786255     42.381856   -0.0008981440
  -11.786255     48.902142   -0.0011381538

   -7.071753    -48.902142   -0.0005598222
   -7.071753    -42.381856   -0.0004258347
   -7.071753    -35.861571   -0.0003058723
   -7.071753    -29.341285   -0.0002046479
   -7.071753    -22.821000   -0.0001235823
   -7.071753    -16.300714   -0.0000629804
   -7.071753     -9.780428   -0.0000228109
   -7.071753     -3.260143   -0.0000027401
   -7.071753      3.260143   -0.0000019114
   -7.071753      9.780428   -0.0000187931
   -7.071753     16.300714   -0.0000512531
   -7.071753     22.821000   -0.0000968592
   -7.071753     29.341285   -0.0001532317
   -7.071753     35.861571   -0.0002181188
   -7.071753     42.381856   -0.0002886938
   -7.071753     48.902142   -0.0003594135

   -2.357251    -48.902142   -0.0000850041
   -2.357251    -42.381856   -0.0000632202
   -2.357251    -35.861571   -0.0000443263
   -2.357251    -29.341285   -0.0000289681
   -2.357251    -22.821000   -0.0000171542
   -2.357251    -16.300714   -0.0000086675
   -2.357251     -9.780428   -0.0000032216
   -2.357251     -3.260143   -0.0000004810
   -2.357251      3.260143   -0.0000000334
   -2.357251      9.780428   -0.0000013745
   -2.357251     16.300714   -0.0000039326
   -2.357251     22.821000   -0.0000071321
   -2.357251     29.341285   -0.0000104647
   -2.357251     35.861571   -0.0000135050
   -2.357251     42.381856   -0.0000157804
   -2.357251     48.902142   -0.0000163702

    2.357251    -48.902142   -0.0000163702
    2.357251    -42.381856   -0.0000157804
    2.357251    -35.861571   -0.0000135050
    2.357251    -29.341285   -0.0000104647
    2.357251    -22.821000   -0.0000071321
    2.357251    -16.300714   -0.0000039326
    2.357251     -9.780428   -0.0000013745
    2.357251     -3.260143   -0.0000000334
    2.357251      3.260143   -0.0000004810
    2.357251      9.780428   -0.0000032216
    2.357251     16.300714   -0.0000086675
    2.357251     22.821000   -0.0000171542
    2.357251     29.341285   -0.0000289681
    2.357251     35.861571   -0.0000443263
    2.357251     42.381856   -0.0000632202
    2.357251     48.902142   -0.0000850041

    7.071753    -48.902142   -0.0003594135
    7.071753    -42.381856   -0.0002886938
    7.071753    -35.861571   -0.0002181188
    7.071753    -29.341285   -0.0001532317
    7.071753    -22.821000   -0.0000968592
    7.071753    -16.300714   -0.0000512531
    7.071753     -9.780428   -0.0000187931
    7.071753     -3.260143   -0.0000019114
    7.071753      3.260143   -0.0000027401
    7.071753      9.780428   -0.0000228109
    7.071753     16.300714   -0.0000629804
    7.071753     22.821000   -0.0001235823
    7.071753     29.341285   -0.0002046479
    7.071753     35.861571   -0.0003058723
    7.071753     42.381856   -0.0004258347
    7.071753     48.902142   -0.0005598222

   11.786255    -48.902142   -0.0011381538
   11.786255    -42.381856   -0.0008981440
   11.786255    -35.861571   -0.0006727583
   11.786255    -29.341285   -0.0004692601
   11.786255    -22.821000   -0.0002946075
   11.786255    -16.300714   -0.0001554132
   11.786255     -9.780428   -0.0000577201
   11.786255     -3.260143   -0.0000067014
   11.786255      3.260143   -0.0000063660
   11.786255      9.780428   -0.0000593308
   11.786255     16.300714   -0.0001666898
   11.786255     22.821000   -0.0003279903
   11.786255     29.341285   -0.0005412985
   11.786255     35.861571   -0.0008033134
   11.786255     42.381856   -0.0011094618
   11.786255     48.902142   -0.0014538841

   16.500757    -48.902142   -0.0023962021
   16.500757    -42.381856   -0.0018779875
   16.500757    -35.861571   -0.0014041119
   16.500757    -29.341285   -0.0009782487
   16.500757    -22.821000   -0.0006134351
   16.500757    -16.300714   -0.0003238624
   16.500757     -9.780428   -0.0001214554
   16.500757     -3.260143   -0.0000151160
   16.500757      3.260143   -0.0000110336
   16.500757      9.780428   -0.0001130066
   16.500757     16.300714   -0.0003222514
   16.500757     22.821000   -0.0006367096
   16.500757     29.341285   -0.0010504040
   16.500757     35.861571   -0.0015539233
   16.500757     42.381856   -0.0021376561
   16.500757     48.902142   -0.0027999263

   21.215260    -48.902142   -0.0041988860
   21.215260    -42.381856   -0.0032882000
   21.215260    -35.861571   -0.0024540748
   21.215260    -29.341285   -0.0017077609
   21.215260    -22.821000   -0.0010712559
   21.215260    -16.300714   -0.0005672554
   21.215260     -9.780428   -0.0002147908
   21.215260     -3.260143   -0.0000280622
   21.215260      3.260143   -0.0000166013
   21.215260      9.780428   -0.0001855280
   21.215260     16.300714   -0.0005352885
   21.215260     22.821000   -0.0010608941
   21.215260     29.341285   -0.0017513026
   21.215260     35.861571   -0.0025902151
   21.215260     42.381856   -0.0035601861
   21.215260     48.902142   -0.0046525718

   25.929762    -48.902142   -0.0066363886
   25.929762    -42.381856   -0.0052153022
   25.929762    -35.861571   -0.0038811069
   25.929762    -29.341285   -0.0026948206
   25.929762    -22.821000   -0.0016918600
   25.929762    -16.300714   -0.0008998370
   25.929762     -9.780428   -0.0003440807
   25.929762     -3.260143   -0.0000466438
   25.929762      3.260143   -0.0000231135
   25.929762      9.780428   -0.0002801177
   25.929762     16.300714   -0.0008149820
   25.929762     22.821000   -0.0016175588
   25.929762     29.341285   -0.0026728189
   25.929762     35.861571   -0.0039613587
   25.929762     42.381856   -0.0054535466
   25.929762     48.902142   -0.0070915957

   30.644264    -48.902142   -0.0098278332
   30.644264    -42.381856   -0.0077500710
   30.644264    -35.861571   -0.0057558796
   30.644264    -29.341285   -0.0039905869
   30.644264    -22.821000   -0.0025079944
   30.644264    -16.300714   -0.0013391716
   30.644264     -9.780428   -0.0005162514
   30.644264     -3.260143   -0.0000719837
   30.644264      3.260143   -0.0000306243
   30.644264      9.780428   -0.0004005521
   30.644264     16.300714   -0.0011738256
   30.644264     22.821000   -0.0023327095
   30.644264     29.341285   -0.0038580168
   30.644264     35.861571   -0.0057289331
   30.644264     42.381856   -0.0078988047
   30.644264     48.902142   -0.0102261922

   35.358766    -48.902142   -0.0139262243
   35.358766    -42.381856   -0.0109229469
   35.358766    -35.861571   -0.0081459303
   35.358766    -29.341285   -0.0056702987
   35.358766    -22.821000   -0.0035679819
   35.358766    -16.300714   -0.0019045528
   35.358766     -9.780428   -0.0007358261
   35.358766     -3.260143   -0.0001047106
   35.358766      3.260143   -0.0000386916
   35.358766      9.780428   -0.0005482090
   35.358766     16.300714   -0.0016260866
   35.358766     22.821000   -0.0032480514
   35.358766     29.341285   -0.0053742742
   35.358766     35.861571   -0.0079517473
   35.358766     42.381856   -0.0109172041
   35.358766     48.902142   -0.0142001730

