  -44.766107    -62.630025   -0.0003843502
  -44.766107    -54.279355   -0.0001924640
  -44.766107    -45.928685   -0.0000405326
  -44.766107    -37.578015    0.0000691678
  -44.766107    -29.227345    0.0001347176
  -44.766107    -20.876675    0.0001546427
  -44.766107    -12.526005    0.0001279864
  -44.766107     -4.175335    0.0000543690
  -44.766107      4.175335   -0.0000659686
  -44.766107     12.526005   -0.0002321353
  -44.766107     20.876675   -0.0004425746
  -44.766107     29.227345   -0.0006950645
  -44.766107     37.578015   -0.0009867313
  -44.766107     45.928685   -0.0013140781
  -44.766107     54.279355   -0.0016730283
  -44.766107     62.630025   -0.0020589831

  -40.053885    -62.630025   -0.0004397976
  -40.053885    -54.279355   -0.0002580409
  -40.053885    -45.928685   -0.0001115429
  -40.053885    -37.578015   -0.0000019405
  -40.053885    -29.227345    0.0000692029
  -40.053885    -20.876675    0.0001005666
  -40.053885    -12.526005    0.0000912110
  -40.053885     -4.175335    0.0000406868
  -40.053885      4.175335   -0.0000508867
  -40.053885     12.526005   -0.0001827735
  -40.053885     20.876675   -0.0003536021
  -40.053885     29.227345   -0.0005613784
  -40.053885     37.578015   -0.0008035269
  -40.053885     45.928685   -0.0010769636
  -40.053885     54.279355   -0.0013781986
  -40.053885     62.630025   -0.0017034683

  -35.341663    -62.630025   -0.0004694312
  -35.341663    -54.279355   -0.0003007780
  -35.341663    -45.928685   -0.0001624630
  -35.341663    -37.578015   -0.0000559027
  -35.341663    -29.227345    0.0000175322
  -35.341663    -20.876675    0.0000566713
  -35.341663    -12.526005    0.0000606704
  -35.341663     -4.175335    0.0000291108
  -35.341663      4.175335   -0.0000379296
  -35.341663     12.526005   -0.0001398316
  -35.341663     20.876675   -0.0002754179
  -35.341663     29.227345   -0.0004429637
  -35.341663     37.578015   -0.0006402345
  -35.341663     45.928685   -0.0008645509
  -35.341663     54.279355   -0.0011128818
  -35.341663     62.630025   -0.0013819636

  -30.629441    -62.630025   -0.0004735333
  -30.629441    -54.279355   -0.0003208436
  -30.629441    -45.928685   -0.0001936103
  -30.629441    -37.578015   -0.0000931769
  -30.629441    -29.227345   -0.0000207783
  -30.629441    -20.876675    0.0000225647
  -30.629441    -12.526005    0.0000361320
  -30.629441     -4.175335    0.0000195728
  -30.629441      4.175335   -0.0000270436
  -30.629441     12.526005   -0.0001031962
  -30.629441     20.876675   -0.0002078980
  -30.629441     29.227345   -0.0003397010
  -30.629441     37.578015   -0.0004967187
  -30.629441     45.928685   -0.0006766668
  -30.629441     54.279355   -0.0008769231
  -30.629441     62.630025   -0.0010946046

  -25.917220    -62.630025   -0.0004530551
  -25.917220    -54.279355   -0.0003189970
  -25.917220    -45.928685   -0.0002057039
  -25.917220    -37.578015   -0.0001144441
  -25.917220    -29.227345   -0.0000463160
  -25.917220    -20.876675   -0.0000021902
  -25.917220    -12.526005    0.0000173394
  -25.917220     -4.175335    0.0000119941
  -25.917220      4.175335   -0.0000181598
  -25.917220     12.526005   -0.0000726911
  -25.917220     20.876675   -0.0001507935
  -25.917220     29.227345   -0.0002512844
  -25.917220     37.578015   -0.0003726134
  -25.917220     45.928685   -0.0005128809
  -25.917220     54.279355   -0.0006698652
  -25.917220     62.630025   -0.0008410599

  -21.204998    -62.630025   -0.0004095465
  -21.204998    -54.279355   -0.0002965228
  -21.204998    -45.928685   -0.0001998357
  -21.204998    -37.578015   -0.0001206149
  -21.204998    -29.227345   -0.0000597972
  -21.204998    -20.876675   -0.0000181007
  -21.204998    -12.526005    0.0000039978
  -21.204998     -4.175335    0.0000062815
  -21.204998      4.175335   -0.0000111913
  -21.204998     12.526005   -0.0000480763
  -21.204998     20.876675   -0.0001037353
  -21.204998     29.227345   -0.0001772329
  -21.204998     37.578015   -0.0002673359
  -21.204998     45.928685   -0.0003725174
  -21.204998     54.279355   -0.0004909641
  -21.204998     62.630025   -0.0006205874

  -16.492776    -62.630025   -0.0003451280
  -16.492776    -54.279355   -0.0002551990
  -16.492776    -45.928685   -0.0001774663
  -16.492776    -37.578015   -0.0001128504
  -16.492776    -29.227345   -0.0000620982
  -16.492776    -20.876675   -0.0000257730
  -16.492776    -12.526005   -0.0000042438
  -16.492776     -4.175335    0.0000023226
  -16.492776      4.175335   -0.0000060303
  -16.492776     12.526005   -0.0000290426
  -16.492776     20.876675   -0.0000662330
  -16.492776     29.227345   -0.0001168944
  -16.492776     37.578015   -0.0001800910
  -16.492776     45.928685   -0.0002546566
  -16.492776     54.279355   -0.0003391944
  -16.492776     62.630025   -0.0004320768

  -11.780554    -62.630025   -0.0002625020
  -11.780554    -54.279355   -0.0001973002
  -11.780554    -45.928685   -0.0001404442
  -11.780554    -37.578015   -0.0000925966
  -11.780554    -29.227345   -0.0000542948
  -11.780554    -20.876675   -0.0000259440
  -11.780554    -12.526005   -0.0000078114
  -11.780554     -4.175335   -0.0000000199
  -11.780554      4.175335   -0.0000025440
  -11.780554     12.526005   -0.0000152052
  -11.780554     20.876675   -0.0000376689
  -11.780554     29.227345   -0.0000694412
  -11.780554     37.578015   -0.0001098670
  -11.780554     45.928685   -0.0001581290
  -11.780554     54.279355   -0.0002132463
  -11.780554     62.630025   -0.0002740749

   -7.068333    -62.630025   -0.0001650054
   -7.068333    -54.279355   -0.0001256364
   -7.068333    -45.928685   -0.0000910498
   -7.068333    -37.578015   -0.0000616337
   -7.068333    -29.227345   -0.0000377080
   -7.068333    -20.876675   -0.0000195174
   -7.068333    -12.526005   -0.0000072263
   -7.068333     -4.175335   -0.0000009138
   -7.068333      4.175335   -0.0000005699
   -7.068333     12.526005   -0.0000060925
   -7.068333     20.876675   -0.0000172855
   -7.068333     29.227345   -0.0000338578
   -7.068333     37.578015   -0.0000554227
   -7.068333     45.928685   -0.0000814989
   -7.068333     54.279355   -0.0001115120
   -7.068333     62.630025   -0.0001447970

   -2.356111    -62.630025   -0.0000567026
   -2.356111    -54.279355   -0.0000436255
   -2.356111    -45.928685   -0.0000320631
   -2.356111    -37.578015   -0.0000221391
   -2.356111    -29.227345   -0.0000139581
   -2.356111    -20.876675   -0.0000076024
   -2.356111    -12.526005   -0.0000031283
   -2.356111     -4.175335   -0.0000005646
   -2.356111      4.175335    0.0000000899
   -2.356111     12.526005   -0.0000011326
   -2.356111     20.876675   -0.0000041682
   -2.356111     29.227345   -0.0000089213
   -2.356111     37.578015   -0.0000152646
   -2.356111     45.928685   -0.0000230410
   -2.356111     54.279355   -0.0000320641
   -2.356111     62.630025   -0.0000421215

    2.356111    -62.630025    0.0000574809
    2.356111    -54.279355    0.0000445989
    2.356111    -45.928685    0.0000331447
    2.356111    -37.578015    0.0000232358
    2.356111    -29.227345    0.0000149746
    2.356111    -20.876675    0.0000084435
    2.356111    -12.526005    0.0000037009
    2.356111     -4.175335    0.0000007777
    2.356111      4.175335   -0.0000003249
    2.356111     12.526005    0.0000003627
    2.356111     20.876675    0.0000027780
    2.356111     29.227345    0.0000068266
    2.356111     37.578015    0.0000123833
    2.356111     45.928685    0.0000192937
    2.356111     54.279355    0.0000273770
    2.356111     62.630025    0.0000364298

    7.068333    -62.630025    0.0001715845
    7.068333    -54.279355    0.0001340444
    7.068333    -45.928685    0.0001004950
    7.068333    -37.578015    0.0000712735
    7.068333    -29.227345    0.0000466817
    7.068333    -20.876675    0.0000269679
    7.068333    -12.526005    0.0000123113
    7.068333     -4.175335    0.0000028105
    7.068333      4.175335   -0.0000015255
    7.068333     12.526005   -0.0000007822
    7.068333     20.876675    0.0000048575
    7.068333     29.227345    0.0000151152
    7.068333     37.578015    0.0000296206
    7.068333     45.928685    0.0000479194
    7.068333     54.279355    0.0000694840
    7.068333     62.630025    0.0000937276

   11.780554    -62.630025    0.0002783976
   11.780554    -54.279355    0.0002186830
   11.780554    -45.928685    0.0001650622
   11.780554    -37.578015    0.0001180855
   11.780554    -29.227345    0.0000782516
   11.780554    -20.876675    0.0000459746
   11.780554    -12.526005    0.0000215572
   11.780554     -4.175335    0.0000051696
   11.780554      4.175335   -0.0000031659
   11.780554     12.526005   -0.0000035843
   11.780554     20.876675    0.0000036186
   11.780554     29.227345    0.0000179880
   11.780554     37.578015    0.0000389182
   11.780554     45.928685    0.0000656667
   11.780554     54.279355    0.0000973735
   11.780554     62.630025    0.0001330863

   16.492776    -62.630025    0.0003692038
   16.492776    -54.279355    0.0002912384
   16.492776    -45.928685    0.0002209097
   16.492776    -37.578015    0.0001589926
   16.492776    -29.227345    0.0001061861
   16.492776    -20.876675    0.0000630695
   16.492776    -12.526005    0.0000300673
   16.492776     -4.175335    0.0000074203
   16.492776      4.175335   -0.0000048344
   16.492776     12.526005   -0.0000068763
   16.492776     20.876675    0.0000008933
   16.492776     29.227345    0.0000178542
   16.492776     37.578015    0.0000431773
   16.492776     45.928685    0.0000758429
   16.492776     54.279355    0.0001146660
   16.492776     62.630025    0.0001583301

   21.204998    -62.630025    0.0004334857
   21.204998    -54.279355    0.0003429390
   21.204998    -45.928685    0.0002609019
   21.204998    -37.578015    0.0001883911
   21.204998    -29.227345    0.0001263109
   21.204998    -20.876675    0.0000754046
   21.204998    -12.526005    0.0000362141
   21.204998     -4.175335    0.0000090476
   21.204998      4.175335   -0.0000060433
   21.204998     12.526005   -0.0000092786
   21.204998     20.876675   -0.0000011569
   21.204998     29.227345    0.0000175478
   21.204998     37.578015    0.0000457954
   21.204998     45.928685    0.0000822998
   21.204998     54.279355    0.0001255558
   21.204998     62.630025    0.0001738757

   25.917220    -62.630025    0.0004585878
   25.917220    -54.279355    0.0003632359
   25.917220    -45.928685    0.0002764918
   25.917220    -37.578015    0.0001996046
   25.917220    -29.227345    0.0001336784
   25.917220    -20.876675    0.0000796174
   25.917220    -12.526005    0.0000380805
   25.917220     -4.175335    0.0000094452
   25.917220      4.175335   -0.0000062188
   25.917220     12.526005   -0.0000091674
   25.917220     20.876675    0.0000000106
   25.917220     29.227345    0.0000203945
   25.917220     37.578015    0.0000507425
   25.917220     45.928685    0.0000895122
   25.917220     54.279355    0.0001348898
   25.917220     62.630025    0.0001848292

