  -34.795266   -100.911229   -0.0091854908
  -34.795266    -87.456398   -0.0070114014
  -34.795266    -74.001568   -0.0050902364
  -34.795266    -60.546737   -0.0034475662
  -34.795266    -47.091907   -0.0021053524
  -34.795266    -33.637076   -0.0010818658
  -34.795266    -20.182246   -0.0003913461
  -34.795266     -6.727415   -0.0000435879
  -34.795266      6.727415   -0.0000435879
  -34.795266     20.182246   -0.0003913461
  -34.795266     33.637076   -0.0010818658
  -34.795266     47.091907   -0.0021053524
  -34.795266     60.546737   -0.0034475662
  -34.795266     74.001568   -0.0050902364
  -34.795266     87.456398   -0.0070114014
  -34.795266    100.911229   -0.0091854908

  -30.155897   -100.911229   -0.0064730597
  -30.155897    -87.456398   -0.0050297043
  -30.155897    -74.001568   -0.0036101507
  -30.155897    -60.546737   -0.0024176695
  -30.155897    -47.091907   -0.0014746828
  -30.155897    -33.637076   -0.0007636750
  -30.155897    -20.182246   -0.0002791766
  -30.155897     -6.727415   -0.0000313165
  -30.155897      6.727415   -0.0000313165
  -30.155897     20.182246   -0.0002791766
  -30.155897     33.637076   -0.0007636750
  -30.155897     47.091907   -0.0014746828
  -30.155897     60.546737   -0.0024176695
  -30.155897     74.001568   -0.0036101507
  -30.155897     87.456398   -0.0050297043
  -30.155897    100.911229   -0.0064730597

  -25.516528   -100.911229   -0.0043852861
  -25.516528    -87.456398   -0.0033700653
  -25.516528    -74.001568   -0.0024345813
  -25.516528    -60.546737   -0.0016409914
  -25.516528    -47.091907   -0.0010014079
  -25.516528    -33.637076   -0.0005160914
  -25.516528    -20.182246   -0.0001874591
  -25.516528     -6.727415   -0.0000209380
  -25.516528      6.727415   -0.0000209380
  -25.516528     20.182246   -0.0001874591
  -25.516528     33.637076   -0.0005160914
  -25.516528     47.091907   -0.0010014079
  -25.516528     60.546737   -0.0016409914
  -25.516528     74.001568   -0.0024345813
  -25.516528     87.456398   -0.0033700653
  -25.516528    100.911229   -0.0043852861

  -20.877160   -100.911229   -0.0028030195
  -20.877160    -87.456398   -0.0021265183
  -20.877160    -74.001568   -0.0015481016
  -20.877160    -60.546737   -0.0010514290
  -20.877160    -47.091907   -0.0006420007
  -20.877160    -33.637076   -0.0003290240
  -20.877160    -20.182246   -0.0001186125
  -20.877160     -6.727415   -0.0000131808
  -20.877160      6.727415   -0.0000131808
  -20.877160     20.182246   -0.0001186125
  -20.877160     33.637076   -0.0003290240
  -20.877160     47.091907   -0.0006420007
  -20.877160     60.546737   -0.0010514290
  -20.877160     74.001568   -0.0015481016
  -20.877160     87.456398   -0.0021265183
  -20.877160    100.911229   -0.0028030195

  -16.237791   -100.911229   -0.0016342670
  -16.237791    -87.456398   -0.0012367153
  -16.237791    -74.001568   -0.0009015506
  -16.237791    -60.546737   -0.0006131222
  -16.237791    -47.091907   -0.0003743782
  -16.237791    -33.637076   -0.0001916532
  -16.237791    -20.182246   -0.0000689885
  -16.237791     -6.727415   -0.0000076587
  -16.237791      6.727415   -0.0000076587
  -16.237791     20.182246   -0.0000689885
  -16.237791     33.637076   -0.0001916532
  -16.237791     47.091907   -0.0003743782
  -16.237791     60.546737   -0.0006131222
  -16.237791     74.001568   -0.0009015506
  -16.237791     87.456398   -0.0012367153
  -16.237791    100.911229   -0.0016342670

  -11.598422   -100.911229   -0.0008111980
  -11.598422    -87.456398   -0.0006189581
  -11.598422    -74.001568   -0.0004488431
  -11.598422    -60.546737   -0.0003036748
  -11.598422    -47.091907   -0.0001853238
  -11.598422    -33.637076   -0.0000952043
  -11.598422    -20.182246   -0.0000344369
  -11.598422     -6.727415   -0.0000038357
  -11.598422      6.727415   -0.0000038357
  -11.598422     20.182246   -0.0000344369
  -11.598422     33.637076   -0.0000952043
  -11.598422     47.091907   -0.0001853238
  -11.598422     60.546737   -0.0003036748
  -11.598422     74.001568   -0.0004488431
  -11.598422     87.456398   -0.0006189581
  -11.598422    100.911229   -0.0008111980

   -6.959053   -100.911229   -0.0002867616
   -6.959053    -87.456398   -0.0002215436
   -6.959053    -74.001568   -0.0001594105
   -6.959053    -60.546737   -0.0001070232
   -6.959053    -47.091907   -0.0000652629
   -6.959053    -33.637076   -0.0000337072
   -6.959053    -20.182246   -0.0000122820
   -6.959053     -6.727415   -0.0000013748
   -6.959053      6.727415   -0.0000013748
   -6.959053     20.182246   -0.0000122820
   -6.959053     33.637076   -0.0000337072
   -6.959053     47.091907   -0.0000652629
   -6.959053     60.546737   -0.0001070232
   -6.959053     74.001568   -0.0001594105
   -6.959053     87.456398   -0.0002215436
   -6.959053    100.911229   -0.0002867616

   -2.319684   -100.911229   -0.0000315750
   -2.319684    -87.456398   -0.0000246072
   -2.319684    -74.001568   -0.0000176107
   -2.319684    -60.546737   -0.0000117593
   -2.319684    -47.091907   -0.0000071670
   -2.319684    -33.637076   -0.0000037157
   -2.319684    -20.182246   -0.0000013609
   -2.319684     -6.727415   -0.0000001529
   -2.319684      6.727415   -0.0000001529
   -2.319684     20.182246   -0.0000013609
   -2.319684     33.637076   -0.0000037157
   -2.319684     47.091907   -0.0000071670
   -2.319684     60.546737   -0.0000117593
   -2.319684     74.001568   -0.0000176107
   -2.319684     87.456398   -0.0000246072
   -2.319684    100.911229   -0.0000315750

    2.319684   -100.911229   -0.0000315750
    2.319684    -87.456398   -0.0000246072
    2.319684    -74.001568   -0.0000176107
    2.319684    -60.546737   -0.0000117593
    2.319684    -47.091907   -0.0000071670
    2.319684    -33.637076   -0.0000037157
    2.319684    -20.182246   -0.0000013609
    2.319684     -6.727415   -0.0000001529
    2.319684      6.727415   -0.0000001529
    2.319684     20.182246   -0.0000013609
    2.319684     33.637076   -0.0000037157
    2.319684     47.091907   -0.0000071670
    2.319684     60.546737   -0.0000117593
    2.319684     74.001568   -0.0000176107
    2.319684     87.456398   -0.0000246072
    2.319684    100.911229   -0.0000315750

    6.959053   -100.911229   -0.0002867616
    6.959053    -87.456398   -0.0002215436
    6.959053    -74.001568   -0.0001594105
    6.959053    -60.546737   -0.0001070232
    6.959053    -47.091907   -0.0000652629
    6.959053    -33.637076   -0.0000337072
    6.959053    -20.182246   -0.0000122820
    6.959053     -6.727415   -0.0000013748
    6.959053      6.727415   -0.0000013748
    6.959053     20.182246   -0.0000122820
    6.959053     33.637076   -0.0000337072
    6.959053     47.091907   -0.0000652629
    6.959053     60.546737   -0.0001070232
    6.959053     74.001568   -0.0001594105
    6.959053     87.456398   -0.0002215436
    6.959053    100.911229   -0.0002867616

   11.598422   -100.911229   -0.0008111980
   11.598422    -87.456398   -0.0006189581
   11.598422    -74.001568   -0.0004488431
   11.598422    -60.546737   -0.0003036748
   11.598422    -47.091907   -0.0001853238
   11.598422    -33.637076   -0.0000952043
   11.598422    -20.182246   -0.0000344369
   11.598422     -6.727415   -0.0000038357
   11.598422      6.727415   -0.0000038357
   11.598422     20.182246   -0.0000344369
   11.598422     33.637076   -0.0000952043
   11.598422     47.091907   -0.0001853238
   11.598422     60.546737   -0.0003036748
   11.598422     74.001568   -0.0004488431
   11.598422     87.456398   -0.0006189581
   11.598422    100.911229   -0.0008111980

   16.237791   -100.911229   -0.0016342670
   16.237791    -87.456398   -0.0012367153
   16.237791    -74.001568   -0.0009015506
   16.237791    -60.546737   -0.0006131222
   16.237791    -47.091907   -0.0003743782
   16.237791    -33.637076   -0.0001916532
   16.237791    -20.182246   -0.0000689885
   16.237791     -6.727415   -0.0000076587
   16.237791      6.727415   -0.0000076587
   16.237791     20.182246   -0.0000689885
   16.237791     33.637076   -0.0001916532
   16.237791     47.091907   -0.0003743782
   16.237791     60.546737   -0.0006131222
   16.237791     74.001568   -0.0009015506
   16.237791     87.456398   -0.0012367153
   16.237791    100.911229   -0.0016342670

   20.877160   -100.911229   -0.0028030195
   20.877160    -87.456398   -0.0021265183
   20.877160    -74.001568   -0.0015481016
   20.877160    -60.546737   -0.0010514290
   20.877160    -47.091907   -0.0006420007
   20.877160    -33.637076   -0.0003290240
   20.877160    -20.182246   -0.0001186125
   20.877160     -6.727415   -0.0000131808
   20.877160      6.727415   -0.0000131808
   20.877160     20.182246   -0.0001186125
   20.877160     33.637076   -0.0003290240
   20.877160     47.091907   -0.0006420007
   20.877160     60.546737   -0.0010514290
   20.877160     74.001568   -0.0015481016
   20.877160     87.456398   -0.0021265183
   20.877160    100.911229   -0.0028030195

   25.516528   -100.911229   -0.0043852861
   25.516528    -87.456398   -0.0033700653
   25.516528    -74.001568   -0.0024345813
   25.516528    -60.546737   -0.0016409914
   25.516528    -47.091907   -0.0010014079
   25.516528    -33.637076   -0.0005160914
   25.516528    -20.182246   -0.0001874591
   25.516528     -6.727415   -0.0000209380
   25.516528      6.727415   -0.0000209380
   25.516528     20.182246   -0.0001874591
   25.516528     33.637076   -0.0005160914
   25.516528     47.091907   -0.0010014079
   25.516528     60.546737   -0.0016409914
   25.516528     74.001568   -0.0024345813
   25.516528     87.456398   -0.0033700653
   25.516528    100.911229   -0.0043852861

   30.155897   -100.911229   -0.0064730597
   30.155897    -87.456398   -0.0050297043
   30.155897    -74.001568   -0.0036101507
   30.155897    -60.546737   -0.0024176695
   30.155897    -47.091907   -0.0014746828
   30.155897    -33.637076   -0.0007636750
   30.155897    -20.182246   -0.0002791766
   30.155897     -6.727415   -0.0000313165
   30.155897      6.727415   -0.0000313165
   30.155897     20.182246   -0.0002791766
   30.155897     33.637076   -0.0007636750
   30.155897     47.091907   -0.0014746828
   30.155897     60.546737   -0.0024176695
   30.155897     74.001568   -0.0036101507
   30.155897     87.456398   -0.0050297043
   30.155897    100.911229   -0.0064730597

   34.795266   -100.911229   -0.0091854908
   34.795266    -87.456398   -0.0070114014
   34.795266    -74.001568   -0.0050902364
   34.795266    -60.546737   -0.0034475662
   34.795266    -47.091907   -0.0021053524
   34.795266    -33.637076   -0.0010818658
   34.795266    -20.182246   -0.0003913461
   34.795266     -6.727415   -0.0000435879
   34.795266      6.727415   -0.0000435879
   34.795266     20.182246   -0.0003913461
   34.795266     33.637076   -0.0010818658
   34.795266     47.091907   -0.0021053524
   34.795266     60.546737   -0.0034475662
   34.795266     74.001568   -0.0050902364
   34.795266     87.456398   -0.0070114014
   34.795266    100.911229   -0.0091854908

