  -45.038700   -119.276109   -0.0075003804
  -45.038700   -103.372628   -0.0059680766
  -45.038700    -87.469147   -0.0045953685
  -45.038700    -71.565666   -0.0033856957
  -45.038700    -55.662184   -0.0023414355
  -45.038700    -39.758703   -0.0014639411
  -45.038700    -23.855222   -0.0007535877
  -45.038700     -7.951741   -0.0002098232
  -45.038700      7.951741    0.0001687732
  -45.038700     23.855222    0.0003844270
  -45.038700     39.758703    0.0004400973
  -45.038700     55.662184    0.0003394001
  -45.038700     71.565666    0.0000865242
  -45.038700     87.469147   -0.0003138583
  -45.038700    103.372628   -0.0008566885
  -45.038700    119.276109   -0.0015366236

  -39.033540   -119.276109   -0.0058661222
  -39.033540   -103.372628   -0.0046330471
  -39.033540    -87.469147   -0.0035361008
  -39.033540    -71.565666   -0.0025777337
  -39.033540    -55.662184   -0.0017594635
  -39.033540    -39.758703   -0.0010819060
  -39.033540    -23.855222   -0.0005448126
  -39.033540     -7.951741   -0.0001471171
  -39.033540      7.951741    0.0001130101
  -39.033540     23.855222    0.0002380996
  -39.033540     39.758703    0.0002313124
  -39.033540     55.662184    0.0000963608
  -39.033540     71.565666   -0.0001625778
  -39.033540     87.469147   -0.0005409564
  -39.033540    103.372628   -0.0010339612
  -39.033540    119.276109   -0.0016366226

  -33.028380   -119.276109   -0.0044889695
  -33.028380   -103.372628   -0.0035176488
  -33.028380    -87.469147   -0.0026595057
  -33.028380    -71.565666   -0.0019162841
  -33.028380    -55.662184   -0.0012888883
  -33.028380    -39.758703   -0.0007774242
  -33.028380    -23.855222   -0.0003812443
  -33.028380     -7.951741   -0.0000989983
  -33.028380      7.951741    0.0000713111
  -33.028380     23.855222    0.0001322675
  -33.028380     39.758703    0.0000869750
  -33.028380     55.662184   -0.0000610123
  -33.028380     71.565666   -0.0003077669
  -33.028380     87.469147   -0.0006490680
  -33.028380    103.372628   -0.0010804883
  -33.028380    119.276109   -0.0015974847

  -27.023220   -119.276109   -0.0033305448
  -27.023220   -103.372628   -0.0025885810
  -27.023220    -87.469147   -0.0019374989
  -27.023220    -71.565666   -0.0013785090
  -27.023220    -55.662184   -0.0009120882
  -27.023220    -39.758703   -0.0005380280
  -27.023220    -23.855222   -0.0002554851
  -27.023220     -7.951741   -0.0000630334
  -27.023220      7.951741    0.0000412818
  -27.023220     23.855222    0.0000598878
  -27.023220     39.758703   -0.0000043733
  -27.023220     55.662184   -0.0001483042
  -27.023220     71.565666   -0.0003684138
  -27.023220     87.469147   -0.0006609806
  -27.023220    103.372628   -0.0010221181
  -27.023220    119.276109   -0.0014478416

  -21.018060   -119.276109   -0.0023567954
  -21.018060   -103.372628   -0.0018163392
  -21.018060    -87.469147   -0.0013452021
  -21.018060    -71.565666   -0.0009441776
  -21.018060    -55.662184   -0.0006134598
  -21.018060    -39.758703   -0.0003526901
  -21.018060    -23.855222   -0.0001610042
  -21.018060     -7.951741   -0.0000370792
  -21.018060      7.951741    0.0000208188
  -21.018060     23.855222    0.0000147881
  -21.018060     39.758703   -0.0000527569
  -21.018060     55.662184   -0.0001791335
  -21.018060     71.565666   -0.0003614377
  -21.018060     87.469147   -0.0005965934
  -21.018060    103.372628   -0.0008813996
  -21.018060    119.276109   -0.0012125797

  -15.012900   -119.276109   -0.0015376198
  -15.012900   -103.372628   -0.0011748765
  -15.012900    -87.469147   -0.0008606614
  -15.012900    -71.565666   -0.0005954416
  -15.012900    -55.662184   -0.0003792454
  -15.012900    -39.758703   -0.0002116983
  -15.012900    -23.855222   -0.0000920591
  -15.012900     -7.951741   -0.0000192554
  -15.012900      7.951741    0.0000080805
  -15.012900     23.855222   -0.0000084241
  -15.012900     39.758703   -0.0000669182
  -15.012900     55.662184   -0.0001653622
  -15.012900     71.565666   -0.0003015637
  -15.012900     87.469147   -0.0004732129
  -15.012900    103.372628   -0.0006779182
  -15.012900    119.276109   -0.0009132412

   -9.007740   -119.276109   -0.0008465164
   -9.007740   -103.372628   -0.0006412875
   -9.007740    -87.469147   -0.0004645821
   -9.007740    -71.565666   -0.0003166230
   -9.007740    -55.662184   -0.0001973694
   -9.007740    -39.758703   -0.0001065378
   -9.007740    -23.855222   -0.0000436228
   -9.007740     -7.951741   -0.0000079184
   -9.007740      7.951741    0.0000014604
   -9.007740     23.855222   -0.0000144447
   -9.007740     39.758703   -0.0000544569
   -9.007740     55.662184   -0.0001172876
   -9.007740     71.565666   -0.0002015591
   -9.007740     87.469147   -0.0003058276
   -9.007740    103.372628   -0.0004286074
   -9.007740    119.276109   -0.0005683940

   -3.002580   -119.276109   -0.0002602553
   -3.002580   -103.372628   -0.0001955137
   -3.002580    -87.469147   -0.0001400816
   -3.002580    -71.565666   -0.0000940152
   -3.002580    -55.662184   -0.0000572846
   -3.002580    -39.758703   -0.0000297792
   -3.002580    -23.855222   -0.0000113143
   -3.002580     -7.951741   -0.0000016380
   -3.002580      7.951741   -0.0000004376
   -3.002580     23.855222   -0.0000073475
   -3.002580     39.758703   -0.0000219567
   -3.002580     55.662184   -0.0000438167
   -3.002580     71.565666   -0.0000724503
   -3.002580     87.469147   -0.0001073597
   -3.002580    103.372628   -0.0001480364
   -3.002580    119.276109   -0.0001939698

    3.002580   -119.276109    0.0002414279
    3.002580   -103.372628    0.0001799294
    3.002580    -87.469147    0.0001275410
    3.002580    -71.565666    0.0000843033
    3.002580    -55.662184    0.0000501725
    3.002580    -39.758703    0.0000250254
    3.002580    -23.855222    0.0000086645
    3.002580     -7.951741    0.0000008245
    3.002580      7.951741    0.0000011788
    3.002580     23.855222    0.0000093464
    3.002580     39.758703    0.0000249004
    3.002580     55.662184    0.0000473765
    3.002580     71.565666    0.0000762818
    3.002580     87.469147    0.0001111049
    3.002580    103.372628    0.0001513265
    3.002580    119.276109    0.0001964302

    9.007740   -119.276109    0.0006761151
    9.007740   -103.372628    0.0005002022
    9.007740    -87.469147    0.0003510170
    9.007740    -71.565666    0.0002286431
    9.007740    -55.662184    0.0001329171
    9.007740    -39.758703    0.0000634395
    9.007740    -23.855222    0.0000195885
    9.007740     -7.951741    0.0000005365
    9.007740      7.951741    0.0000052695
    9.007740     23.855222    0.0000326082
    9.007740     39.758703    0.0000812333
    9.007740     55.662184    0.0001497115
    9.007740     71.565666    0.0002365261
    9.007740     87.469147    0.0003401089
    9.007740    103.372628    0.0004588750
    9.007740    119.276109    0.0005912608

   15.012900   -119.276109    0.0010589670
   15.012900   -103.372628    0.0007783701
   15.012900    -87.469147    0.0005413034
   15.012900    -71.565666    0.0003478642
   15.012900    -55.662184    0.0001977419
   15.012900    -39.758703    0.0000902331
   15.012900    -23.855222    0.0000242633
   15.012900     -7.951741   -0.0000015880
   15.012900      7.951741    0.0000109445
   15.012900     23.855222    0.0000598480
   15.012900     39.758703    0.0001428727
   15.012900     55.662184    0.0002575785
   15.012900     71.565666    0.0004013870
   15.012900     87.469147    0.0005716375
   15.012900    103.372628    0.0007656496
   15.012900    119.276109    0.0009807899

   21.018060   -119.276109    0.0014029610
   21.018060   -103.372628    0.0010256098
   21.018060    -87.469147    0.0007077611
   21.018060    -71.565666    0.0004495248
   21.018060    -55.662184    0.0002504335
   21.018060    -39.758703    0.0001094655
   21.018060    -23.855222    0.0000250746
   21.018060     -7.951741   -0.0000047724
   21.018060      7.951741    0.0000174478
   21.018060     23.855222    0.0000888675
   21.018060     39.758703    0.0002062856
   21.018060     55.662184    0.0003662339
   21.018060     71.565666    0.0005650495
   21.018060     87.469147    0.0007989555
   21.018060    103.372628    0.0010641474
   21.018060    119.276109    0.0013568880

   27.023220   -119.276109    0.0017191071
   27.023220   -103.372628    0.0012513942
   27.023220    -87.469147    0.0008583152
   27.023220    -71.565666    0.0005400163
   27.023220    -55.662184    0.0002958800
   27.023220    -39.758703    0.0001245616
   27.023220    -23.855222    0.0000240334
   27.023220     -7.951741   -0.0000083628
   27.023220      7.951741    0.0000241440
   27.023220     23.855222    0.0001178220
   27.023220     39.758703    0.0002685123
   27.023220     55.662184    0.0004717121
   27.023220     71.565666    0.0007226660
   27.023220     87.469147    0.0010164654
   27.023220    103.372628    0.0013481554
   27.023220    119.276109    0.0017128489

   33.028380   -119.276109    0.0020166412
   33.028380   -103.372628    0.0014636548
   33.028380    -87.469147    0.0009995977
   33.028380    -71.565666    0.0006246863
   33.028380    -55.662184    0.0003381686
   33.028380    -39.758703    0.0001383815
   33.028380    -23.855222    0.0000228151
   33.028380     -7.951741   -0.0000118158
   33.028380      7.951741    0.0000305064
   33.028380     23.855222    0.0001451879
   33.028380     39.758703    0.0003271154
   33.028380     55.662184    0.0005707557
   33.028380     71.565666    0.0008702623
   33.028380     87.469147    0.0012195884
   33.028380    103.372628    0.0016126080
   33.028380    119.276109    0.0020432425

   39.033540   -119.276109    0.0023031953
   39.033540   -103.372628    0.0016689227
   39.033540    -87.469147    0.0011370739
   39.033540    -71.565666    0.0007079487
   39.033540    -55.662184    0.0003806742
   39.033540    -39.758703    0.0001532827
   39.033540    -23.855222    0.0000227952
   39.033540     -7.951741   -0.0000146880
   39.033540      7.951741    0.0000361085
   39.033540     23.855222    0.0001697386
   39.033540     39.758703    0.0003801425
   39.033540     55.662184    0.0006607628
   39.033540     71.565666    0.0010046654
   39.033540     87.469147    0.0014046671
   39.033540    103.372628    0.0018534695
   39.033540    119.276109    0.0023437993

   45.038700   -119.276109    0.0025849460
   45.038700   -103.372628    0.0018724471
   45.038700    -87.469147    0.0012751501
   45.038700    -71.565666    0.0007933806
   45.038700    -55.662184    0.0004261385
   45.038700    -39.758703    0.0001711752
   45.038700    -23.855222    0.0000250793
   45.038700     -7.951741   -0.0000166274
   45.038700      7.951741    0.0000406164
   45.038700     23.855222    0.0001905269
   45.038700     39.758703    0.0004261009
   45.038700     55.662184    0.0007397510
   45.038700     71.565666    0.0011234509
   45.038700     87.469147    0.0015688904
   45.038700    103.372628    0.0020676402
   45.038700    119.276109    0.0026113266

