  -47.456659   -100.911229    0.0342958236
  -47.456659    -87.456398    0.0321444794
  -47.456659    -74.001568    0.0306565187
  -47.456659    -60.546737    0.0296847881
  -47.456659    -47.091907    0.0290930952
  -47.456659    -33.637076    0.0287626536
  -47.456659    -20.182246    0.0285981929
  -47.456659     -6.727415    0.0285330977
  -47.456659      6.727415    0.0285330977
  -47.456659     20.182246    0.0285981929
  -47.456659     33.637076    0.0287626536
  -47.456659     47.091907    0.0290930952
  -47.456659     60.546737    0.0296847881
  -47.456659     74.001568    0.0306565187
  -47.456659     87.456398    0.0321444794
  -47.456659    100.911229    0.0342958236

  -41.129105   -100.911229    0.0273195496
  -41.129105    -87.456398    0.0251294448
  -41.129105    -74.001568    0.0236087355
  -41.129105    -60.546737    0.0226100492
  -41.129105    -47.091907    0.0219970109
  -41.129105    -33.637076    0.0216506880
  -41.129105    -20.182246    0.0214757007
  -41.129105     -6.727415    0.0214053605
  -41.129105      6.727415    0.0214053605
  -41.129105     20.182246    0.0214757007
  -41.129105     33.637076    0.0216506880
  -41.129105     47.091907    0.0219970109
  -41.129105     60.546737    0.0226100492
  -41.129105     74.001568    0.0236087355
  -41.129105     87.456398    0.0251294448
  -41.129105    100.911229    0.0273195496

  -34.801550   -100.911229    0.0213455477
  -34.801550    -87.456398    0.0191234667
  -34.801550    -74.001568    0.0175758166
  -34.801550    -60.546737    0.0165550094
  -34.801550    -47.091907    0.0159244901
  -34.801550    -33.637076    0.0155651824
  -34.801550    -20.182246    0.0153815985
  -34.801550     -6.727415    0.0153069779
  -34.801550      6.727415    0.0153069779
  -34.801550     20.182246    0.0153815985
  -34.801550     33.637076    0.0155651824
  -34.801550     47.091907    0.0159244901
  -34.801550     60.546737    0.0165550094
  -34.801550     74.001568    0.0175758166
  -34.801550     87.456398    0.0191234667
  -34.801550    100.911229    0.0213455477

  -28.473996   -100.911229    0.0163745408
  -28.473996    -87.456398    0.0141266923
  -28.473996    -74.001568    0.0125573881
  -28.473996    -60.546737    0.0115188406
  -28.473996    -47.091907    0.0108743286
  -28.473996    -33.637076    0.0105046428
  -28.473996    -20.182246    0.0103141956
  -28.473996     -6.727415    0.0102361599
  -28.473996      6.727415    0.0102361599
  -28.473996     20.182246    0.0103141956
  -28.473996     33.637076    0.0105046428
  -28.473996     47.091907    0.0108743286
  -28.473996     60.546737    0.0115188406
  -28.473996     74.001568    0.0125573881
  -28.473996     87.456398    0.0141266923
  -28.473996    100.911229    0.0163745408

  -22.146441   -100.911229    0.0124043514
  -22.146441    -87.456398    0.0101364644
  -22.146441    -74.001568    0.0085503583
  -22.146441    -60.546737    0.0074980728
  -22.146441    -47.091907    0.0068427428
  -22.146441    -33.637076    0.0064650442
  -22.146441    -20.182246    0.0062693030
  -22.146441     -6.727415    0.0061886347
  -22.146441      6.727415    0.0061886347
  -22.146441     20.182246    0.0062693030
  -22.146441     33.637076    0.0064650442
  -22.146441     47.091907    0.0068427428
  -22.146441     60.546737    0.0074980728
  -22.146441     74.001568    0.0085503583
  -22.146441     87.456398    0.0101364644
  -22.146441    100.911229    0.0124043514

  -15.818886   -100.911229    0.0094314179
  -15.818886    -87.456398    0.0071488379
  -15.818886    -74.001568    0.0055504344
  -15.818886    -60.546737    0.0044881102
  -15.818886    -47.091907    0.0038248863
  -15.818886    -33.637076    0.0034413470
  -15.818886    -20.182246    0.0032417501
  -15.818886     -6.727415    0.0031591654
  -15.818886      6.727415    0.0031591654
  -15.818886     20.182246    0.0032417501
  -15.818886     33.637076    0.0034413470
  -15.818886     47.091907    0.0038248863
  -15.818886     60.546737    0.0044881102
  -15.818886     74.001568    0.0055504344
  -15.818886     87.456398    0.0071488379
  -15.818886    100.911229    0.0094314179

   -9.491332   -100.911229    0.0074520076
   -9.491332    -87.456398    0.0051597922
   -9.491332    -74.001568    0.0035533352
   -9.491332    -60.546737    0.0024844447
   -9.491332    -47.091907    0.0018160627
   -9.491332    -33.637076    0.0014287101
   -9.491332    -20.182246    0.0012265974
   -9.491332     -6.727415    0.0011427626
   -9.491332      6.727415    0.0011427626
   -9.491332     20.182246    0.0012265974
   -9.491332     33.637076    0.0014287101
   -9.491332     47.091907    0.0018160627
   -9.491332     60.546737    0.0024844447
   -9.491332     74.001568    0.0035533352
   -9.491332     87.456398    0.0051597922
   -9.491332    100.911229    0.0074520076

   -3.163777   -100.911229    0.0064631268
   -3.163777    -87.456398    0.0041661416
   -3.163777    -74.001568    0.0025557013
   -3.163777    -60.546737    0.0014835656
   -3.163777    -47.091907    0.0008126358
   -3.163777    -33.637076    0.0004234007
   -3.163777    -20.182246    0.0002200464
   -3.163777     -6.727415    0.0001355950
   -3.163777      6.727415    0.0001355950
   -3.163777     20.182246    0.0002200464
   -3.163777     33.637076    0.0004234007
   -3.163777     47.091907    0.0008126358
   -3.163777     60.546737    0.0014835656
   -3.163777     74.001568    0.0025557013
   -3.163777     87.456398    0.0041661416
   -3.163777    100.911229    0.0064631268

    3.163777   -100.911229    0.0064631268
    3.163777    -87.456398    0.0041661416
    3.163777    -74.001568    0.0025557013
    3.163777    -60.546737    0.0014835656
    3.163777    -47.091907    0.0008126358
    3.163777    -33.637076    0.0004234007
    3.163777    -20.182246    0.0002200464
    3.163777     -6.727415    0.0001355950
    3.163777      6.727415    0.0001355950
    3.163777     20.182246    0.0002200464
    3.163777     33.637076    0.0004234007
    3.163777     47.091907    0.0008126358
    3.163777     60.546737    0.0014835656
    3.163777     74.001568    0.0025557013
    3.163777     87.456398    0.0041661416
    3.163777    100.911229    0.0064631268

    9.491332   -100.911229    0.0074520076
    9.491332    -87.456398    0.0051597922
    9.491332    -74.001568    0.0035533352
    9.491332    -60.546737    0.0024844447
    9.491332    -47.091907    0.0018160627
    9.491332    -33.637076    0.0014287101
    9.491332    -20.182246    0.0012265974
    9.491332     -6.727415    0.0011427626
    9.491332      6.727415    0.0011427626
    9.491332     20.182246    0.0012265974
    9.491332     33.637076    0.0014287101
    9.491332     47.091907    0.0018160627
    9.491332     60.546737    0.0024844447
    9.491332     74.001568    0.0035533352
    9.491332     87.456398    0.0051597922
    9.491332    100.911229    0.0074520076

   15.818886   -100.911229    0.0094314179
   15.818886    -87.456398    0.0071488379
   15.818886    -74.001568    0.0055504344
   15.818886    -60.546737    0.0044881102
   15.818886    -47.091907    0.0038248863
   15.818886    -33.637076    0.0034413470
   15.818886    -20.182246    0.0032417501
   15.818886     -6.727415    0.0031591654
   15.818886      6.727415    0.0031591654
   15.818886     20.182246    0.0032417501
   15.818886     33.637076    0.0034413470
   15.818886     47.091907    0.0038248863
   15.818886     60.546737    0.0044881102
   15.818886     74.001568    0.0055504344
   15.818886     87.456398    0.0071488379
   15.818886    100.911229    0.0094314179

   22.146441   -100.911229    0.0124043514
   22.146441    -87.456398    0.0101364644
   22.146441    -74.001568    0.0085503583
   22.146441    -60.546737    0.0074980728
   22.146441    -47.091907    0.0068427428
   22.146441    -33.637076    0.0064650442
   22.146441    -20.182246    0.0062693030
   22.146441     -6.727415    0.0061886347
   22.146441      6.727415    0.0061886347
   22.146441     20.182246    0.0062693030
   22.146441     33.637076    0.0064650442
   22.146441     47.091907    0.0068427428
   22.146441     60.546737    0.0074980728
   22.146441     74.001568    0.0085503583
   22.146441     87.456398    0.0101364644
   22.146441    100.911229    0.0124043514

   28.473996   -100.911229    0.0163745408
   28.473996    -87.456398    0.0141266923
   28.473996    -74.001568    0.0125573881
   28.473996    -60.546737    0.0115188406
   28.473996    -47.091907    0.0108743286
   28.473996    -33.637076    0.0105046428
   28.473996    -20.182246    0.0103141956
   28.473996     -6.727415    0.0102361599
   28.473996      6.727415    0.0102361599
   28.473996     20.182246    0.0103141956
   28.473996     33.637076    0.0105046428
   28.473996     47.091907    0.0108743286
   28.473996     60.546737    0.0115188406
   28.473996     74.001568    0.0125573881
   28.473996     87.456398    0.0141266923
   28.473996    100.911229    0.0163745408

   34.801550   -100.911229    0.0213455477
   34.801550    -87.456398    0.0191234667
   34.801550    -74.001568    0.0175758166
   34.801550    -60.546737    0.0165550094
   34.801550    -47.091907    0.0159244901
   34.801550    -33.637076    0.0155651824
   34.801550    -20.182246    0.0153815985
   34.801550     -6.727415    0.0153069779
   34.801550      6.727415    0.0153069779
   34.801550     20.182246    0.0153815985
   34.801550     33.637076    0.0155651824
   34.801550     47.091907    0.0159244901
   34.801550     60.546737    0.0165550094
   34.801550     74.001568    0.0175758166
   34.801550     87.456398    0.0191234667
   34.801550    100.911229    0.0213455477

   41.129105   -100.911229    0.0273195496
   41.129105    -87.456398    0.0251294448
   41.129105    -74.001568    0.0236087355
   41.129105    -60.546737    0.0226100492
   41.129105    -47.091907    0.0219970109
   41.129105    -33.637076    0.0216506880
   41.129105    -20.182246    0.0214757007
   41.129105     -6.727415    0.0214053605
   41.129105      6.727415    0.0214053605
   41.129105     20.182246    0.0214757007
   41.129105     33.637076    0.0216506880
   41.129105     47.091907    0.0219970109
   41.129105     60.546737    0.0226100492
   41.129105     74.001568    0.0236087355
   41.129105     87.456398    0.0251294448
   41.129105    100.911229    0.0273195496

   47.456659   -100.911229    0.0342958236
   47.456659    -87.456398    0.0321444794
   47.456659    -74.001568    0.0306565187
   47.456659    -60.546737    0.0296847881
   47.456659    -47.091907    0.0290930952
   47.456659    -33.637076    0.0287626536
   47.456659    -20.182246    0.0285981929
   47.456659     -6.727415    0.0285330977
   47.456659      6.727415    0.0285330977
   47.456659     20.182246    0.0285981929
   47.456659     33.637076    0.0287626536
   47.456659     47.091907    0.0290930952
   47.456659     60.546737    0.0296847881
   47.456659     74.001568    0.0306565187
   47.456659     87.456398    0.0321444794
   47.456659    100.911229    0.0342958236

