  -54.177403    -96.008735    0.0020204774
  -54.177403    -81.238160    0.0018325726
  -54.177403    -66.467585    0.0015850559
  -54.177403    -51.697011    0.0012894825
  -54.177403    -36.926436    0.0009554142
  -54.177403    -22.155862    0.0005907178
  -54.177403     -7.385287    0.0002018324
  -54.177403      7.385287   -0.0002059920
  -54.177403     22.155862   -0.0006284868
  -54.177403     36.926436   -0.0010621861
  -54.177403     51.697011   -0.0015042791
  -54.177403     66.467585   -0.0019524915
  -54.177403     81.238160   -0.0024049970
  -54.177403     96.008735   -0.0028603592
  -54.177403    110.779309   -0.0033175029
  -54.177403    125.549884   -0.0037757157

  -46.953749    -96.008735    0.0015929163
  -46.953749    -81.238160    0.0014439895
  -46.953749    -66.467585    0.0012485327
  -46.953749    -51.697011    0.0010154879
  -46.953749    -36.926436    0.0007522910
  -46.953749    -22.155862    0.0004650817
  -46.953749     -7.385287    0.0001588952
  -46.953749      7.385287   -0.0001621645
  -46.953749     22.155862   -0.0004947697
  -46.953749     36.926436   -0.0008362324
  -46.953749     51.697011   -0.0011843860
  -46.953749     66.467585   -0.0015374854
  -46.953749     81.238160   -0.0018941255
  -46.953749     96.008735   -0.0022531779
  -46.953749    110.779309   -0.0026137456
  -46.953749    125.549884   -0.0029751372

  -39.730095    -96.008735    0.0011906624
  -39.730095    -81.238160    0.0010789004
  -39.730095    -66.467585    0.0009325807
  -39.730095    -51.697011    0.0007583492
  -39.730095    -36.926436    0.0005617209
  -39.730095    -22.155862    0.0003472411
  -39.730095     -7.385287    0.0001186320
  -39.730095      7.385287   -0.0001210750
  -39.730095     22.155862   -0.0003694226
  -39.730095     36.926436   -0.0006244250
  -39.730095     51.697011   -0.0008844798
  -39.730095     66.467585   -0.0011482958
  -39.730095     81.238160   -0.0014148338
  -39.730095     96.008735   -0.0016832639
  -39.730095    110.779309   -0.0019529364
  -39.730095    125.549884   -0.0022233673

  -32.506442    -96.008735    0.0008269092
  -32.506442    -81.238160    0.0007490624
  -32.506442    -66.467585    0.0006473099
  -32.506442    -51.697011    0.0005262754
  -32.506442    -36.926436    0.0003897738
  -32.506442    -22.155862    0.0002409348
  -32.506442     -7.385287    0.0000823134
  -32.506442      7.385287   -0.0000840120
  -32.506442     22.155862   -0.0002563547
  -32.506442     36.926436   -0.0004333465
  -32.506442     51.697011   -0.0006138784
  -32.506442     66.467585   -0.0007970534
  -32.506442     81.238160   -0.0009821517
  -32.506442     96.008735   -0.0011686094
  -32.506442    110.779309   -0.0013560093
  -32.506442    125.549884   -0.0015440847

  -25.282788    -96.008735    0.0005154158
  -25.282788    -81.238160    0.0004667904
  -25.282788    -66.467585    0.0004032987
  -25.282788    -51.697011    0.0003278379
  -25.282788    -36.926436    0.0002427819
  -25.282788    -22.155862    0.0001500675
  -25.282788     -7.385287    0.0000512700
  -25.282788      7.385287   -0.0000523307
  -25.282788     22.155862   -0.0001596937
  -25.282788     36.926436   -0.0002699710
  -25.282788     51.697011   -0.0003824710
  -25.282788     66.467585   -0.0004966315
  -25.282788     81.238160   -0.0006120031
  -25.282788     96.008735   -0.0007282423
  -25.282788    110.779309   -0.0008451140
  -25.282788    125.549884   -0.0009625046

  -18.059134    -96.008735    0.0002689984
  -18.059134    -81.238160    0.0002435832
  -18.059134    -66.467585    0.0002104192
  -18.059134    -51.697011    0.0001710271
  -18.059134    -36.926436    0.0001266455
  -18.059134    -22.155862    0.0000782797
  -18.059134     -7.385287    0.0000267444
  -18.059134      7.385287   -0.0000272989
  -18.059134     22.155862   -0.0000833115
  -18.059134     36.926436   -0.0001408523
  -18.059134     51.697011   -0.0001995595
  -18.059134     66.467585   -0.0002591377
  -18.059134     81.238160   -0.0003193518
  -18.059134     96.008735   -0.0003800258
  -18.059134    110.779309   -0.0004410493
  -18.059134    125.549884   -0.0005023883

  -10.835481    -96.008735    0.0000983246
  -10.835481    -81.238160    0.0000890263
  -10.835481    -66.467585    0.0000768973
  -10.835481    -51.697011    0.0000624964
  -10.835481    -36.926436    0.0000462763
  -10.835481    -22.155862    0.0000286030
  -10.835481     -7.385287    0.0000097724
  -10.835481      7.385287   -0.0000099754
  -10.835481     22.155862   -0.0000304444
  -10.835481     36.926436   -0.0000514740
  -10.835481     51.697011   -0.0000729315
  -10.835481     66.467585   -0.0000947083
  -10.835481     81.238160   -0.0001167183
  -10.835481     96.008735   -0.0001388980
  -10.835481    110.779309   -0.0001612104
  -10.835481    125.549884   -0.0001836500

   -3.611827    -96.008735    0.0000110087
   -3.611827    -81.238160    0.0000099672
   -3.611827    -66.467585    0.0000086088
   -3.611827    -51.697011    0.0000069963
   -3.611827    -36.926436    0.0000051804
   -3.611827    -22.155862    0.0000032019
   -3.611827     -7.385287    0.0000010940
   -3.611827      7.385287   -0.0000011167
   -3.611827     22.155862   -0.0000034082
   -3.611827     36.926436   -0.0000057626
   -3.611827     51.697011   -0.0000081650
   -3.611827     66.467585   -0.0000106032
   -3.611827     81.238160   -0.0000130676
   -3.611827     96.008735   -0.0000155510
   -3.611827    110.779309   -0.0000180495
   -3.611827    125.549884   -0.0000205631

    3.611827    -96.008735    0.0000110087
    3.611827    -81.238160    0.0000099672
    3.611827    -66.467585    0.0000086088
    3.611827    -51.697011    0.0000069963
    3.611827    -36.926436    0.0000051804
    3.611827    -22.155862    0.0000032019
    3.611827     -7.385287    0.0000010940
    3.611827      7.385287   -0.0000011167
    3.611827     22.155862   -0.0000034082
    3.611827     36.926436   -0.0000057626
    3.611827     51.697011   -0.0000081650
    3.611827     66.467585   -0.0000106032
    3.611827     81.238160   -0.0000130676
    3.611827     96.008735   -0.0000155510
    3.611827    110.779309   -0.0000180495
    3.611827    125.549884   -0.0000205631

   10.835481    -96.008735    0.0000983246
   10.835481    -81.238160    0.0000890263
   10.835481    -66.467585    0.0000768973
   10.835481    -51.697011    0.0000624964
   10.835481    -36.926436    0.0000462763
   10.835481    -22.155862    0.0000286030
   10.835481     -7.385287    0.0000097724
   10.835481      7.385287   -0.0000099754
   10.835481     22.155862   -0.0000304444
   10.835481     36.926436   -0.0000514740
   10.835481     51.697011   -0.0000729315
   10.835481     66.467585   -0.0000947083
   10.835481     81.238160   -0.0001167183
   10.835481     96.008735   -0.0001388980
   10.835481    110.779309   -0.0001612104
   10.835481    125.549884   -0.0001836500

   18.059134    -96.008735    0.0002689984
   18.059134    -81.238160    0.0002435832
   18.059134    -66.467585    0.0002104192
   18.059134    -51.697011    0.0001710271
   18.059134    -36.926436    0.0001266455
   18.059134    -22.155862    0.0000782797
   18.059134     -7.385287    0.0000267444
   18.059134      7.385287   -0.0000272989
   18.059134     22.155862   -0.0000833115
   18.059134     36.926436   -0.0001408523
   18.059134     51.697011   -0.0001995595
   18.059134     66.467585   -0.0002591377
   18.059134     81.238160   -0.0003193518
   18.059134     96.008735   -0.0003800258
   18.059134    110.779309   -0.0004410493
   18.059134    125.549884   -0.0005023883

   25.282788    -96.008735    0.0005154158
   25.282788    -81.238160    0.0004667904
   25.282788    -66.467585    0.0004032987
   25.282788    -51.697011    0.0003278379
   25.282788    -36.926436    0.0002427819
   25.282788    -22.155862    0.0001500675
   25.282788     -7.385287    0.0000512700
   25.282788      7.385287   -0.0000523307
   25.282788     22.155862   -0.0001596937
   25.282788     36.926436   -0.0002699710
   25.282788     51.697011   -0.0003824710
   25.282788     66.467585   -0.0004966315
   25.282788     81.238160   -0.0006120031
   25.282788     96.008735   -0.0007282423
   25.282788    110.779309   -0.0008451140
   25.282788    125.549884   -0.0009625046

   32.506442    -96.008735    0.0008269092
   32.506442    -81.238160    0.0007490624
   32.506442    -66.467585    0.0006473099
   32.506442    -51.697011    0.0005262754
   32.506442    -36.926436    0.0003897738
   32.506442    -22.155862    0.0002409348
   32.506442     -7.385287    0.0000823134
   32.506442      7.385287   -0.0000840120
   32.506442     22.155862   -0.0002563547
   32.506442     36.926436   -0.0004333465
   32.506442     51.697011   -0.0006138784
   32.506442     66.467585   -0.0007970534
   32.506442     81.238160   -0.0009821517
   32.506442     96.008735   -0.0011686094
   32.506442    110.779309   -0.0013560093
   32.506442    125.549884   -0.0015440847

   39.730095    -96.008735    0.0011906624
   39.730095    -81.238160    0.0010789004
   39.730095    -66.467585    0.0009325807
   39.730095    -51.697011    0.0007583492
   39.730095    -36.926436    0.0005617209
   39.730095    -22.155862    0.0003472411
   39.730095     -7.385287    0.0001186320
   39.730095      7.385287   -0.0001210750
   39.730095     22.155862   -0.0003694226
   39.730095     36.926436   -0.0006244250
   39.730095     51.697011   -0.0008844798
   39.730095     66.467585   -0.0011482958
   39.730095     81.238160   -0.0014148338
   39.730095     96.008735   -0.0016832639
   39.730095    110.779309   -0.0019529364
   39.730095    125.549884   -0.0022233673

   46.953749    -96.008735    0.0015929163
   46.953749    -81.238160    0.0014439895
   46.953749    -66.467585    0.0012485327
   46.953749    -51.697011    0.0010154879
   46.953749    -36.926436    0.0007522910
   46.953749    -22.155862    0.0004650817
   46.953749     -7.385287    0.0001588952
   46.953749      7.385287   -0.0001621645
   46.953749     22.155862   -0.0004947697
   46.953749     36.926436   -0.0008362324
   46.953749     51.697011   -0.0011843860
   46.953749     66.467585   -0.0015374854
   46.953749     81.238160   -0.0018941255
   46.953749     96.008735   -0.0022531779
   46.953749    110.779309   -0.0026137456
   46.953749    125.549884   -0.0029751372

   54.177403    -96.008735    0.0020204774
   54.177403    -81.238160    0.0018325726
   54.177403    -66.467585    0.0015850559
   54.177403    -51.697011    0.0012894825
   54.177403    -36.926436    0.0009554142
   54.177403    -22.155862    0.0005907178
   54.177403     -7.385287    0.0002018324
   54.177403      7.385287   -0.0002059920
   54.177403     22.155862   -0.0006284868
   54.177403     36.926436   -0.0010621861
   54.177403     51.697011   -0.0015042791
   54.177403     66.467585   -0.0019524915
   54.177403     81.238160   -0.0024049970
   54.177403     96.008735   -0.0028603592
   54.177403    110.779309   -0.0033175029
   54.177403    125.549884   -0.0037757157

