  -47.136383   -100.911229    0.0022550767
  -47.136383    -87.456398    0.0017385587
  -47.136383    -74.001568    0.0012738406
  -47.136383    -60.546737    0.0008697168
  -47.136383    -47.091907    0.0005346443
  -47.136383    -33.637076    0.0002761274
  -47.136383    -20.182246    0.0001002252
  -47.136383     -6.727415    0.0000111822
  -47.136383      6.727415    0.0000111822
  -47.136383     20.182246    0.0001002252
  -47.136383     33.637076    0.0002761274
  -47.136383     47.091907    0.0005346443
  -47.136383     60.546737    0.0008697168
  -47.136383     74.001568    0.0012738406
  -47.136383     87.456398    0.0017385587
  -47.136383    100.911229    0.0022550767

  -40.851532   -100.911229    0.0020489639
  -40.851532    -87.456398    0.0015780690
  -40.851532    -74.001568    0.0011552468
  -40.851532    -60.546737    0.0007881747
  -40.851532    -47.091907    0.0004842365
  -40.851532    -33.637076    0.0002499846
  -40.851532    -20.182246    0.0000907099
  -40.851532     -6.727415    0.0000101191
  -40.851532      6.727415    0.0000101191
  -40.851532     20.182246    0.0000907099
  -40.851532     33.637076    0.0002499846
  -40.851532     47.091907    0.0004842365
  -40.851532     60.546737    0.0007881747
  -40.851532     74.001568    0.0011552468
  -40.851532     87.456398    0.0015780690
  -40.851532    100.911229    0.0020489639

  -34.566681   -100.911229    0.0018064771
  -34.566681    -87.456398    0.0013901027
  -34.566681    -74.001568    0.0010168508
  -34.566681    -60.546737    0.0006932882
  -34.566681    -47.091907    0.0004257069
  -34.566681    -33.637076    0.0002196773
  -34.566681    -20.182246    0.0000796902
  -34.566681     -6.727415    0.0000088885
  -34.566681      6.727415    0.0000088885
  -34.566681     20.182246    0.0000796902
  -34.566681     33.637076    0.0002196773
  -34.566681     47.091907    0.0004257069
  -34.566681     60.546737    0.0006932882
  -34.566681     74.001568    0.0010168508
  -34.566681     87.456398    0.0013901027
  -34.566681    100.911229    0.0018064771

  -28.281830   -100.911229    0.0015318538
  -28.281830    -87.456398    0.0011778700
  -28.281830    -74.001568    0.0008609994
  -28.281830    -60.546737    0.0005866701
  -28.281830    -47.091907    0.0003600575
  -28.281830    -33.637076    0.0001857285
  -28.281830    -20.182246    0.0000673573
  -28.281830     -6.727415    0.0000075119
  -28.281830      6.727415    0.0000075119
  -28.281830     20.182246    0.0000673573
  -28.281830     33.637076    0.0001857285
  -28.281830     47.091907    0.0003600575
  -28.281830     60.546737    0.0005866701
  -28.281830     74.001568    0.0008609994
  -28.281830     87.456398    0.0011778700
  -28.281830    100.911229    0.0015318538

  -21.996979   -100.911229    0.0012292025
  -21.996979    -87.456398    0.0009444962
  -21.996979    -74.001568    0.0006899683
  -21.996979    -60.546737    0.0004698717
  -21.996979    -47.091907    0.0002882427
  -21.996979    -33.637076    0.0001486321
  -21.996979    -20.182246    0.0000538909
  -21.996979     -6.727415    0.0000060094
  -21.996979      6.727415    0.0000060094
  -21.996979     20.182246    0.0000538909
  -21.996979     33.637076    0.0001486321
  -21.996979     47.091907    0.0002882427
  -21.996979     60.546737    0.0004698717
  -21.996979     74.001568    0.0006899683
  -21.996979     87.456398    0.0009444962
  -21.996979    100.911229    0.0012292025

  -15.712128   -100.911229    0.0009023300
  -15.712128    -87.456398    0.0006928853
  -15.712128    -74.001568    0.0005058674
  -15.712128    -60.546737    0.0003443242
  -15.712128    -47.091907    0.0002111379
  -15.712128    -33.637076    0.0001088386
  -15.712128    -20.182246    0.0000394542
  -15.712128     -6.727415    0.0000043991
  -15.712128      6.727415    0.0000043991
  -15.712128     20.182246    0.0000394542
  -15.712128     33.637076    0.0001088386
  -15.712128     47.091907    0.0002111379
  -15.712128     60.546737    0.0003443242
  -15.712128     74.001568    0.0005058674
  -15.712128     87.456398    0.0006928853
  -15.712128    100.911229    0.0009023300

   -9.427277   -100.911229    0.0005546087
   -9.427277    -87.456398    0.0004256161
   -9.427277    -74.001568    0.0003105686
   -9.427277    -60.546737    0.0002112936
   -9.427277    -47.091907    0.0001295151
   -9.427277    -33.637076    0.0000667439
   -9.427277    -20.182246    0.0000241901
   -9.427277     -6.727415    0.0000026969
   -9.427277      6.727415    0.0000026969
   -9.427277     20.182246    0.0000241901
   -9.427277     33.637076    0.0000667439
   -9.427277     47.091907    0.0001295151
   -9.427277     60.546737    0.0002112936
   -9.427277     74.001568    0.0003105686
   -9.427277     87.456398    0.0004256161
   -9.427277    100.911229    0.0005546087

   -3.142426   -100.911229    0.0001888834
   -3.142426    -87.456398    0.0001448679
   -3.142426    -74.001568    0.0001056547
   -3.142426    -60.546737    0.0000718502
   -3.142426    -47.091907    0.0000440259
   -3.142426    -33.637076    0.0000226821
   -3.142426    -20.182246    0.0000082192
   -3.142426     -6.727415    0.0000009163
   -3.142426      6.727415    0.0000009163
   -3.142426     20.182246    0.0000082192
   -3.142426     33.637076    0.0000226821
   -3.142426     47.091907    0.0000440259
   -3.142426     60.546737    0.0000718502
   -3.142426     74.001568    0.0001056547
   -3.142426     87.456398    0.0001448679
   -3.142426    100.911229    0.0001888834

    3.142426   -100.911229   -0.0001925823
    3.142426    -87.456398   -0.0001476215
    3.142426    -74.001568   -0.0001076098
    3.142426    -60.546737   -0.0000731492
    3.142426    -47.091907   -0.0000448068
    3.142426    -33.637076   -0.0000230785
    3.142426    -20.182246   -0.0000083615
    3.142426     -6.727415   -0.0000009320
    3.142426      6.727415   -0.0000009320
    3.142426     20.182246   -0.0000083615
    3.142426     33.637076   -0.0000230785
    3.142426     47.091907   -0.0000448068
    3.142426     60.546737   -0.0000731492
    3.142426     74.001568   -0.0001076098
    3.142426     87.456398   -0.0001476215
    3.142426    100.911229   -0.0001925823

    9.427277   -100.911229   -0.0005881202
    9.427277    -87.456398   -0.0004505676
    9.427277    -74.001568   -0.0003282857
    9.427277    -60.546737   -0.0002230654
    9.427277    -47.091907   -0.0001365910
    9.427277    -33.637076   -0.0000703361
    9.427277    -20.182246   -0.0000254788
    9.427277     -6.727415   -0.0000028398
    9.427277      6.727415   -0.0000028398
    9.427277     20.182246   -0.0000254788
    9.427277     33.637076   -0.0000703361
    9.427277     47.091907   -0.0001365910
    9.427277     60.546737   -0.0002230654
    9.427277     74.001568   -0.0003282857
    9.427277     87.456398   -0.0004505676
    9.427277    100.911229   -0.0005881202

   15.712128   -100.911229   -0.0009966321
   15.712128    -87.456398   -0.0007631197
   15.712128    -74.001568   -0.0005557454
   15.712128    -60.546737   -0.0003774662
   15.712128    -47.091907   -0.0002310593
   15.712128    -33.637076   -0.0001189514
   15.712128    -20.182246   -0.0000430821
   15.712128     -6.727415   -0.0000048015
   15.712128      6.727415   -0.0000048015
   15.712128     20.182246   -0.0000430821
   15.712128     33.637076   -0.0001189514
   15.712128     47.091907   -0.0002310593
   15.712128     60.546737   -0.0003774662
   15.712128     74.001568   -0.0005557454
   15.712128     87.456398   -0.0007631197
   15.712128    100.911229   -0.0009966321

   21.996979   -100.911229   -0.0014175248
   21.996979    -87.456398   -0.0010848103
   21.996979    -74.001568   -0.0007896363
   21.996979    -60.546737   -0.0005361037
   21.996979    -47.091907   -0.0003280548
   21.996979    -33.637076   -0.0001688418
   21.996979    -20.182246   -0.0000611409
   21.996979     -6.727415   -0.0000068135
   21.996979      6.727415   -0.0000068135
   21.996979     20.182246   -0.0000611409
   21.996979     33.637076   -0.0001688418
   21.996979     47.091907   -0.0003280548
   21.996979     60.546737   -0.0005361037
   21.996979     74.001568   -0.0007896363
   21.996979     87.456398   -0.0010848103
   21.996979    100.911229   -0.0014175248

   28.281830   -100.911229   -0.0018506049
   28.281830    -87.456398   -0.0014154738
   28.281830    -74.001568   -0.0010298235
   28.281830    -60.546737   -0.0006988767
   28.281830    -47.091907   -0.0004275106
   28.281830    -33.637076   -0.0002199706
   28.281830    -20.182246   -0.0000796413
   28.281830     -6.727415   -0.0000088744
   28.281830      6.727415   -0.0000088744
   28.281830     20.182246   -0.0000796413
   28.281830     33.637076   -0.0002199706
   28.281830     47.091907   -0.0004275106
   28.281830     60.546737   -0.0006988767
   28.281830     74.001568   -0.0010298235
   28.281830     87.456398   -0.0014154738
   28.281830    100.911229   -0.0018506049

   34.566681   -100.911229   -0.0022959355
   34.566681    -87.456398   -0.0017551335
   34.566681    -74.001568   -0.0012763100
   34.566681    -60.546737   -0.0008657801
   34.566681    -47.091907   -0.0005294202
   34.566681    -33.637076   -0.0002723334
   34.566681    -20.182246   -0.0000985814
   34.566681     -6.727415   -0.0000109839
   34.566681      6.727415   -0.0000109839
   34.566681     20.182246   -0.0000985814
   34.566681     33.637076   -0.0002723334
   34.566681     47.091907   -0.0005294202
   34.566681     60.546737   -0.0008657801
   34.566681     74.001568   -0.0012763100
   34.566681     87.456398   -0.0017551335
   34.566681    100.911229   -0.0022959355

   40.851532   -100.911229   -0.0027536517
   40.851532    -87.456398   -0.0021038581
   40.851532    -74.001568   -0.0015291358
   40.851532    -60.546737   -0.0010368405
   40.851532    -47.091907   -0.0006338016
   40.851532    -33.637076   -0.0003259406
   40.851532    -20.182246   -0.0001179655
   40.851532     -6.727415   -0.0000131424
   40.851532      6.727415   -0.0000131424
   40.851532     20.182246   -0.0001179655
   40.851532     33.637076   -0.0003259406
   40.851532     47.091907   -0.0006338016
   40.851532     60.546737   -0.0010368405
   40.851532     74.001568   -0.0015291358
   40.851532     87.456398   -0.0021038581
   40.851532    100.911229   -0.0027536517

   47.136383   -100.911229   -0.0032237374
   47.136383    -87.456398   -0.0024615872
   47.136383    -74.001568   -0.0017882545
   47.136383    -60.546737   -0.0012120378
   47.136383    -47.091907   -0.0007406531
   47.136383    -33.637076   -0.0003807967
   47.136383    -20.182246   -0.0001377967
   47.136383     -6.727415   -0.0000153506
   47.136383      6.727415   -0.0000153506
   47.136383     20.182246   -0.0001377967
   47.136383     33.637076   -0.0003807967
   47.136383     47.091907   -0.0007406531
   47.136383     60.546737   -0.0012120378
   47.136383     74.001568   -0.0017882545
   47.136383     87.456398   -0.0024615872
   47.136383    100.911229   -0.0032237374

