  -35.358766    -96.008735    0.0829085338
  -35.358766    -81.238160    0.0812489597
  -35.358766    -66.467585    0.0800043610
  -35.358766    -51.697011    0.0791081716
  -35.358766    -36.926436    0.0785031603
  -35.358766    -22.155862    0.0781401199
  -35.358766     -7.385287    0.0779767629
  -35.358766      7.385287    0.0779767846
  -35.358766     22.155862    0.0781090668
  -35.358766     36.926436    0.0783469967
  -35.358766     51.697011    0.0786678796
  -35.358766     66.467585    0.0790524343
  -35.358766     81.238160    0.0794843588
  -35.358766     96.008735    0.0799499646
  -35.358766    110.779309    0.0804378792
  -35.358766    125.549884    0.0809388239

  -30.644264    -96.008735    0.0619287074
  -30.644264    -81.238160    0.0601969702
  -30.644264    -66.467585    0.0588919915
  -30.644264    -51.697011    0.0579473658
  -30.644264    -36.926436    0.0573059883
  -30.644264    -22.155862    0.0569187446
  -30.644264     -7.385287    0.0567434057
  -30.644264      7.385287    0.0567436919
  -30.644264     22.155862    0.0568884761
  -30.644264     36.926436    0.0571511022
  -30.644264     51.697011    0.0575087989
  -30.644264     66.467585    0.0579421741
  -30.644264     81.238160    0.0584347811
  -30.644264     96.008735    0.0589727530
  -30.644264    110.779309    0.0595445046
  -30.644264    125.549884    0.0601405109

  -25.929762    -96.008735    0.0449267708
  -25.929762    -81.238160    0.0431375702
  -25.929762    -66.467585    0.0417844807
  -25.929762    -51.697011    0.0408012171
  -25.929762    -36.926436    0.0401307693
  -25.929762    -22.155862    0.0397240920
  -25.929762     -7.385287    0.0395389996
  -25.929762      7.385287    0.0395392303
  -25.929762     22.155862    0.0396936491
  -25.929762     36.926436    0.0399755665
  -25.929762     51.697011    0.0403621523
  -25.929762     66.467585    0.0408339295
  -25.929762     81.238160    0.0413743415
  -25.929762     96.008735    0.0419693850
  -25.929762    110.779309    0.0426073138
  -25.929762    125.549884    0.0432784154

  -21.215260    -96.008735    0.0314254201
  -21.215260    -81.238160    0.0295914293
  -21.215260    -66.467585    0.0282008166
  -21.215260    -51.697011    0.0271873848
  -21.215260    -36.926436    0.0264941930
  -21.215260    -22.155862    0.0260722463
  -21.215260     -7.385287    0.0258793903
  -21.215260      7.385287    0.0258793756
  -21.215260     22.155862    0.0260410608
  -21.215260     36.926436    0.0263377309
  -21.215260     51.697011    0.0267465112
  -21.215260     66.467585    0.0272478618
  -21.215260     81.238160    0.0278251434
  -21.215260     96.008735    0.0284642519
  -21.215260    110.779309    0.0291533209
  -21.215260    125.549884    0.0298824990

  -16.500757    -96.008735    0.0210474354
  -16.500757    -81.238160    0.0191796390
  -16.500757    -66.467585    0.0177606892
  -16.500757    -51.697011    0.0167244517
  -16.500757    -36.926436    0.0160140343
  -16.500757    -22.155862    0.0155804776
  -16.500757     -7.385287    0.0153816492
  -16.500757      7.385287    0.0153813079
  -16.500757     22.155862    0.0155483071
  -16.500757     36.926436    0.0158559131
  -16.500757     51.697011    0.0162812189
  -16.500757     66.467585    0.0168046384
  -16.500757     81.238160    0.0174094733
  -16.500757     96.008735    0.0180815463
  -16.500757    110.779309    0.0188089044
  -16.500757    125.549884    0.0195815962

  -11.786255    -96.008735    0.0135044808
  -11.786255    -81.238160    0.0116125122
  -11.786255    -66.467585    0.0101732906
  -11.786255    -51.697011    0.0091207239
  -11.786255    -36.926436    0.0083979529
  -11.786255    -22.155862    0.0079560420
  -11.786255     -7.385287    0.0077528734
  -11.786255      7.385287    0.0077522111
  -11.786255     22.155862    0.0079229047
  -11.786255     36.926436    0.0082382073
  -11.786255     51.697011    0.0086751895
  -11.786255     66.467585    0.0092142335
  -11.786255     81.238160    0.0098386002
  -11.786255     96.008735    0.0105340622
  -11.786255    110.779309    0.0112886071
  -11.786255    125.549884    0.0120922149

   -7.071753    -96.008735    0.0085881443
   -7.071753    -81.238160    0.0066806239
   -7.071753    -66.467585    0.0052283549
   -7.071753    -51.697011    0.0041652711
   -7.071753    -36.926436    0.0034345337
   -7.071753    -22.155862    0.0029872216
   -7.071753     -7.385287    0.0027812257
   -7.071753      7.385287    0.0027803133
   -7.071753     22.155862    0.0029533312
   -7.071753     36.926436    0.0032735243
   -7.071753     51.697011    0.0037179489
   -7.071753     66.467585    0.0042669678
   -7.071753     81.238160    0.0049038161
   -7.071753     96.008735    0.0056142353
   -7.071753    110.779309    0.0063861761
   -7.071753    125.549884    0.0072095758

   -2.357251    -96.008735    0.0061632181
   -2.357251    -81.238160    0.0042480906
   -2.357251    -66.467585    0.0027894380
   -2.357251    -51.697011    0.0017212064
   -2.357251    -36.926436    0.0009865666
   -2.357251    -22.155862    0.0005366044
   -2.357251     -7.385287    0.0003292147
   -2.357251      7.385287    0.0003281664
   -2.357251     22.155862    0.0005023049
   -2.357251     36.926436    0.0008248709
   -2.357251     51.697011    0.0012729143
   -2.357251     66.467585    0.0018267881
   -2.357251     81.238160    0.0024697154
   -2.357251     96.008735    0.0031874226
   -2.357251    110.779309    0.0039678427
   -2.357251    125.549884    0.0048008928

    2.357251    -96.008735    0.0061632181
    2.357251    -81.238160    0.0042480906
    2.357251    -66.467585    0.0027894380
    2.357251    -51.697011    0.0017212064
    2.357251    -36.926436    0.0009865666
    2.357251    -22.155862    0.0005366044
    2.357251     -7.385287    0.0003292147
    2.357251      7.385287    0.0003281664
    2.357251     22.155862    0.0005023049
    2.357251     36.926436    0.0008248709
    2.357251     51.697011    0.0012729143
    2.357251     66.467585    0.0018267881
    2.357251     81.238160    0.0024697154
    2.357251     96.008735    0.0031874226
    2.357251    110.779309    0.0039678427
    2.357251    125.549884    0.0048008928

    7.071753    -96.008735    0.0085881443
    7.071753    -81.238160    0.0066806239
    7.071753    -66.467585    0.0052283549
    7.071753    -51.697011    0.0041652711
    7.071753    -36.926436    0.0034345337
    7.071753    -22.155862    0.0029872216
    7.071753     -7.385287    0.0027812257
    7.071753      7.385287    0.0027803133
    7.071753     22.155862    0.0029533312
    7.071753     36.926436    0.0032735243
    7.071753     51.697011    0.0037179489
    7.071753     66.467585    0.0042669678
    7.071753     81.238160    0.0049038161
    7.071753     96.008735    0.0056142353
    7.071753    110.779309    0.0063861761
    7.071753    125.549884    0.0072095758

   11.786255    -96.008735    0.0135044808
   11.786255    -81.238160    0.0116125122
   11.786255    -66.467585    0.0101732906
   11.786255    -51.697011    0.0091207239
   11.786255    -36.926436    0.0083979529
   11.786255    -22.155862    0.0079560420
   11.786255     -7.385287    0.0077528734
   11.786255      7.385287    0.0077522111
   11.786255     22.155862    0.0079229047
   11.786255     36.926436    0.0082382073
   11.786255     51.697011    0.0086751895
   11.786255     66.467585    0.0092142335
   11.786255     81.238160    0.0098386002
   11.786255     96.008735    0.0105340622
   11.786255    110.779309    0.0112886071
   11.786255    125.549884    0.0120922149

   16.500757    -96.008735    0.0210474354
   16.500757    -81.238160    0.0191796390
   16.500757    -66.467585    0.0177606892
   16.500757    -51.697011    0.0167244517
   16.500757    -36.926436    0.0160140343
   16.500757    -22.155862    0.0155804776
   16.500757     -7.385287    0.0153816492
   16.500757      7.385287    0.0153813079
   16.500757     22.155862    0.0155483071
   16.500757     36.926436    0.0158559131
   16.500757     51.697011    0.0162812189
   16.500757     66.467585    0.0168046384
   16.500757     81.238160    0.0174094733
   16.500757     96.008735    0.0180815463
   16.500757    110.779309    0.0188089044
   16.500757    125.549884    0.0195815962

   21.215260    -96.008735    0.0314254201
   21.215260    -81.238160    0.0295914293
   21.215260    -66.467585    0.0282008166
   21.215260    -51.697011    0.0271873848
   21.215260    -36.926436    0.0264941930
   21.215260    -22.155862    0.0260722463
   21.215260     -7.385287    0.0258793903
   21.215260      7.385287    0.0258793756
   21.215260     22.155862    0.0260410608
   21.215260     36.926436    0.0263377309
   21.215260     51.697011    0.0267465112
   21.215260     66.467585    0.0272478618
   21.215260     81.238160    0.0278251434
   21.215260     96.008735    0.0284642519
   21.215260    110.779309    0.0291533209
   21.215260    125.549884    0.0298824990

   25.929762    -96.008735    0.0449267708
   25.929762    -81.238160    0.0431375702
   25.929762    -66.467585    0.0417844807
   25.929762    -51.697011    0.0408012171
   25.929762    -36.926436    0.0401307693
   25.929762    -22.155862    0.0397240920
   25.929762     -7.385287    0.0395389996
   25.929762      7.385287    0.0395392303
   25.929762     22.155862    0.0396936491
   25.929762     36.926436    0.0399755665
   25.929762     51.697011    0.0403621523
   25.929762     66.467585    0.0408339295
   25.929762     81.238160    0.0413743415
   25.929762     96.008735    0.0419693850
   25.929762    110.779309    0.0426073138
   25.929762    125.549884    0.0432784154

   30.644264    -96.008735    0.0619287074
   30.644264    -81.238160    0.0601969702
   30.644264    -66.467585    0.0588919915
   30.644264    -51.697011    0.0579473658
   30.644264    -36.926436    0.0573059883
   30.644264    -22.155862    0.0569187446
   30.644264     -7.385287    0.0567434057
   30.644264      7.385287    0.0567436919
   30.644264     22.155862    0.0568884761
   30.644264     36.926436    0.0571511022
   30.644264     51.697011    0.0575087989
   30.644264     66.467585    0.0579421741
   30.644264     81.238160    0.0584347811
   30.644264     96.008735    0.0589727530
   30.644264    110.779309    0.0595445046
   30.644264    125.549884    0.0601405109

   35.358766    -96.008735    0.0829085338
   35.358766    -81.238160    0.0812489597
   35.358766    -66.467585    0.0800043610
   35.358766    -51.697011    0.0791081716
   35.358766    -36.926436    0.0785031603
   35.358766    -22.155862    0.0781401199
   35.358766     -7.385287    0.0779767629
   35.358766      7.385287    0.0779767846
   35.358766     22.155862    0.0781090668
   35.358766     36.926436    0.0783469967
   35.358766     51.697011    0.0786678796
   35.358766     66.467585    0.0790524343
   35.358766     81.238160    0.0794843588
   35.358766     96.008735    0.0799499646
   35.358766    110.779309    0.0804378792
   35.358766    125.549884    0.0809388239

