  -48.902142    -50.614883    0.0003813855
  -48.902142    -43.866232    0.0003380710
  -48.902142    -37.117581    0.0002737224
  -48.902142    -30.368930    0.0002009036
  -48.902142    -23.620279    0.0001300848
  -48.902142    -16.871628    0.0000696416
  -48.902142    -10.122977    0.0000258562
  -48.902142     -3.374326    0.0000029165
  -48.902142      3.374326    0.0000029165
  -48.902142     10.122977    0.0000258562
  -48.902142     16.871628    0.0000696416
  -48.902142     23.620279    0.0001300848
  -48.902142     30.368930    0.0002009036
  -48.902142     37.117581    0.0002737224
  -48.902142     43.866232    0.0003380710
  -48.902142     50.614883    0.0003813855

  -42.381856    -50.614883    0.0003246258
  -42.381856    -43.866232    0.0002840155
  -42.381856    -37.117581    0.0002280099
  -42.381856    -30.368930    0.0001663922
  -42.381856    -23.620279    0.0001073150
  -42.381856    -16.871628    0.0000573002
  -42.381856    -10.122977    0.0000212395
  -42.381856     -3.374326    0.0000023939
  -42.381856      3.374326    0.0000023939
  -42.381856     10.122977    0.0000212395
  -42.381856     16.871628    0.0000573002
  -42.381856     23.620279    0.0001073150
  -42.381856     30.368930    0.0001663922
  -42.381856     37.117581    0.0002280099
  -42.381856     43.866232    0.0002840155
  -42.381856     50.614883    0.0003246258

  -35.861571    -50.614883    0.0002558448
  -35.861571    -43.866232    0.0002218124
  -35.861571    -37.117581    0.0001770051
  -35.861571    -30.368930    0.0001286398
  -35.861571    -23.620279    0.0000827306
  -35.861571    -16.871628    0.0000440889
  -35.861571    -10.122977    0.0000163231
  -35.861571     -3.374326    0.0000018387
  -35.861571      3.374326    0.0000018387
  -35.861571     10.122977    0.0000163231
  -35.861571     16.871628    0.0000440889
  -35.861571     23.620279    0.0000827306
  -35.861571     30.368930    0.0001286398
  -35.861571     37.117581    0.0001770051
  -35.861571     43.866232    0.0002218124
  -35.861571     50.614883    0.0002558448

  -29.341285    -50.614883    0.0001843331
  -29.341285    -43.866232    0.0001587861
  -29.341285    -37.117581    0.0001261644
  -29.341285    -30.368930    0.0000914177
  -29.341285    -23.620279    0.0000586706
  -29.341285    -16.871628    0.0000312230
  -29.341285    -10.122977    0.0000115496
  -29.341285     -3.374326    0.0000013005
  -29.341285      3.374326    0.0000013005
  -29.341285     10.122977    0.0000115496
  -29.341285     16.871628    0.0000312230
  -29.341285     23.620279    0.0000586706
  -29.341285     30.368930    0.0000914177
  -29.341285     37.117581    0.0001261644
  -29.341285     43.866232    0.0001587861
  -29.341285     50.614883    0.0001843331

  -22.821000    -50.614883    0.0001178330
  -22.821000    -43.866232    0.0001010406
  -22.821000    -37.117581    0.0000800353
  -22.821000    -30.368930    0.0000578686
  -22.821000    -23.620279    0.0000370838
  -22.821000    -16.871628    0.0000197150
  -22.821000    -10.122977    0.0000072881
  -22.821000     -3.374326    0.0000008204
  -22.821000      3.374326    0.0000008204
  -22.821000     10.122977    0.0000072881
  -22.821000     16.871628    0.0000197150
  -22.821000     23.620279    0.0000370838
  -22.821000     30.368930    0.0000578686
  -22.821000     37.117581    0.0000800353
  -22.821000     43.866232    0.0001010406
  -22.821000     50.614883    0.0001178330

  -16.300714    -50.614883    0.0000625383
  -16.300714    -43.866232    0.0000534587
  -16.300714    -37.117581    0.0000422553
  -16.300714    -30.368930    0.0000305069
  -16.300714    -23.620279    0.0000195293
  -16.300714    -16.871628    0.0000103751
  -16.300714    -10.122977    0.0000038337
  -16.300714     -3.374326    0.0000004315
  -16.300714      3.374326    0.0000004315
  -16.300714     10.122977    0.0000038337
  -16.300714     16.871628    0.0000103751
  -16.300714     23.620279    0.0000195293
  -16.300714     30.368930    0.0000305069
  -16.300714     37.117581    0.0000422553
  -16.300714     43.866232    0.0000534587
  -16.300714     50.614883    0.0000625383

   -9.780428    -50.614883    0.0000230945
   -9.780428    -43.866232    0.0000197029
   -9.780428    -37.117581    0.0000155530
   -9.780428    -30.368930    0.0000112182
   -9.780428    -23.620279    0.0000071767
   -9.780428    -16.871628    0.0000038110
   -9.780428    -10.122977    0.0000014078
   -9.780428     -3.374326    0.0000001584
   -9.780428      3.374326    0.0000001584
   -9.780428     10.122977    0.0000014078
   -9.780428     16.871628    0.0000038110
   -9.780428     23.620279    0.0000071767
   -9.780428     30.368930    0.0000112182
   -9.780428     37.117581    0.0000155530
   -9.780428     43.866232    0.0000197029
   -9.780428     50.614883    0.0000230945

   -3.260143    -50.614883    0.0000025983
   -3.260143    -43.866232    0.0000022146
   -3.260143    -37.117581    0.0000017471
   -3.260143    -30.368930    0.0000012596
   -3.260143    -23.620279    0.0000008055
   -3.260143    -16.871628    0.0000004277
   -3.260143    -10.122977    0.0000001580
   -3.260143     -3.374326    0.0000000178
   -3.260143      3.374326    0.0000000178
   -3.260143     10.122977    0.0000001580
   -3.260143     16.871628    0.0000004277
   -3.260143     23.620279    0.0000008055
   -3.260143     30.368930    0.0000012596
   -3.260143     37.117581    0.0000017471
   -3.260143     43.866232    0.0000022146
   -3.260143     50.614883    0.0000025983

    3.260143    -50.614883    0.0000025983
    3.260143    -43.866232    0.0000022146
    3.260143    -37.117581    0.0000017471
    3.260143    -30.368930    0.0000012596
    3.260143    -23.620279    0.0000008055
    3.260143    -16.871628    0.0000004277
    3.260143    -10.122977    0.0000001580
    3.260143     -3.374326    0.0000000178
    3.260143      3.374326    0.0000000178
    3.260143     10.122977    0.0000001580
    3.260143     16.871628    0.0000004277
    3.260143     23.620279    0.0000008055
    3.260143     30.368930    0.0000012596
    3.260143     37.117581    0.0000017471
    3.260143     43.866232    0.0000022146
    3.260143     50.614883    0.0000025983

    9.780428    -50.614883    0.0000230945
    9.780428    -43.866232    0.0000197029
    9.780428    -37.117581    0.0000155530
    9.780428    -30.368930    0.0000112182
    9.780428    -23.620279    0.0000071767
    9.780428    -16.871628    0.0000038110
    9.780428    -10.122977    0.0000014078
    9.780428     -3.374326    0.0000001584
    9.780428      3.374326    0.0000001584
    9.780428     10.122977    0.0000014078
    9.780428     16.871628    0.0000038110
    9.780428     23.620279    0.0000071767
    9.780428     30.368930    0.0000112182
    9.780428     37.117581    0.0000155530
    9.780428     43.866232    0.0000197029
    9.780428     50.614883    0.0000230945

   16.300714    -50.614883    0.0000625383
   16.300714    -43.866232    0.0000534587
   16.300714    -37.117581    0.0000422553
   16.300714    -30.368930    0.0000305069
   16.300714    -23.620279    0.0000195293
   16.300714    -16.871628    0.0000103751
   16.300714    -10.122977    0.0000038337
   16.300714     -3.374326    0.0000004315
   16.300714      3.374326    0.0000004315
   16.300714     10.122977    0.0000038337
   16.300714     16.871628    0.0000103751
   16.300714     23.620279    0.0000195293
   16.300714     30.368930    0.0000305069
   16.300714     37.117581    0.0000422553
   16.300714     43.866232    0.0000534587
   16.300714     50.614883    0.0000625383

   22.821000    -50.614883    0.0001178330
   22.821000    -43.866232    0.0001010406
   22.821000    -37.117581    0.0000800353
   22.821000    -30.368930    0.0000578686
   22.821000    -23.620279    0.0000370838
   22.821000    -16.871628    0.0000197150
   22.821000    -10.122977    0.0000072881
   22.821000     -3.374326    0.0000008204
   22.821000      3.374326    0.0000008204
   22.821000     10.122977    0.0000072881
   22.821000     16.871628    0.0000197150
   22.821000     23.620279    0.0000370838
   22.821000     30.368930    0.0000578686
   22.821000     37.117581    0.0000800353
   22.821000     43.866232    0.0001010406
   22.821000     50.614883    0.0001178330

   29.341285    -50.614883    0.0001843331
   29.341285    -43.866232    0.0001587861
   29.341285    -37.117581    0.0001261644
   29.341285    -30.368930    0.0000914177
   29.341285    -23.620279    0.0000586706
   29.341285    -16.871628    0.0000312230
   29.341285    -10.122977    0.0000115496
   29.341285     -3.374326    0.0000013005
   29.341285      3.374326    0.0000013005
   29.341285     10.122977    0.0000115496
   29.341285     16.871628    0.0000312230
   29.341285     23.620279    0.0000586706
   29.341285     30.368930    0.0000914177
   29.341285     37.117581    0.0001261644
   29.341285     43.866232    0.0001587861
   29.341285     50.614883    0.0001843331

   35.861571    -50.614883    0.0002558448
   35.861571    -43.866232    0.0002218124
   35.861571    -37.117581    0.0001770051
   35.861571    -30.368930    0.0001286398
   35.861571    -23.620279    0.0000827306
   35.861571    -16.871628    0.0000440889
   35.861571    -10.122977    0.0000163231
   35.861571     -3.374326    0.0000018387
   35.861571      3.374326    0.0000018387
   35.861571     10.122977    0.0000163231
   35.861571     16.871628    0.0000440889
   35.861571     23.620279    0.0000827306
   35.861571     30.368930    0.0001286398
   35.861571     37.117581    0.0001770051
   35.861571     43.866232    0.0002218124
   35.861571     50.614883    0.0002558448

   42.381856    -50.614883    0.0003246258
   42.381856    -43.866232    0.0002840155
   42.381856    -37.117581    0.0002280099
   42.381856    -30.368930    0.0001663922
   42.381856    -23.620279    0.0001073150
   42.381856    -16.871628    0.0000573002
   42.381856    -10.122977    0.0000212395
   42.381856     -3.374326    0.0000023939
   42.381856      3.374326    0.0000023939
   42.381856     10.122977    0.0000212395
   42.381856     16.871628    0.0000573002
   42.381856     23.620279    0.0001073150
   42.381856     30.368930    0.0001663922
   42.381856     37.117581    0.0002280099
   42.381856     43.866232    0.0002840155
   42.381856     50.614883    0.0003246258

   48.902142    -50.614883    0.0003813855
   48.902142    -43.866232    0.0003380710
   48.902142    -37.117581    0.0002737224
   48.902142    -30.368930    0.0002009036
   48.902142    -23.620279    0.0001300848
   48.902142    -16.871628    0.0000696416
   48.902142    -10.122977    0.0000258562
   48.902142     -3.374326    0.0000029165
   48.902142      3.374326    0.0000029165
   48.902142     10.122977    0.0000258562
   48.902142     16.871628    0.0000696416
   48.902142     23.620279    0.0001300848
   48.902142     30.368930    0.0002009036
   48.902142     37.117581    0.0002737224
   48.902142     43.866232    0.0003380710
   48.902142     50.614883    0.0003813855

