  -25.746645    -92.332122   -0.0027718240
  -25.746645    -80.021172   -0.0021172658
  -25.746645    -67.710222   -0.0015394943
  -25.746645    -55.399273   -0.0010442782
  -25.746645    -43.088323   -0.0006384614
  -25.746645    -30.777374   -0.0003283273
  -25.746645    -18.466424   -0.0001188145
  -25.746645     -6.155475   -0.0000132357
  -25.746645      6.155475   -0.0000132357
  -25.746645     18.466424   -0.0001188145
  -25.746645     30.777374   -0.0003283273
  -25.746645     43.088323   -0.0006384614
  -25.746645     55.399273   -0.0010442782
  -25.746645     67.710222   -0.0015394943
  -25.746645     80.021172   -0.0021172658
  -25.746645     92.332122   -0.0027718240

  -21.065436    -92.332122   -0.0020759352
  -21.065436    -80.021172   -0.0015910966
  -21.065436    -67.710222   -0.0011572304
  -21.065436    -55.399273   -0.0007850633
  -21.065436    -43.088323   -0.0004804100
  -21.065436    -30.777374   -0.0002474299
  -21.065436    -18.466424   -0.0000896804
  -21.065436     -6.155475   -0.0000100000
  -21.065436      6.155475   -0.0000100000
  -21.065436     18.466424   -0.0000896804
  -21.065436     30.777374   -0.0002474299
  -21.065436     43.088323   -0.0004804100
  -21.065436     55.399273   -0.0007850633
  -21.065436     67.710222   -0.0011572304
  -21.065436     80.021172   -0.0015910966
  -21.065436     92.332122   -0.0020759352

  -16.384228    -92.332122   -0.0014946739
  -16.384228    -80.021172   -0.0011445443
  -16.384228    -67.710222   -0.0008348889
  -16.384228    -55.399273   -0.0005679091
  -16.384228    -43.088323   -0.0003479025
  -16.384228    -30.777374   -0.0001791220
  -16.384228    -18.466424   -0.0000648599
  -16.384228     -6.155475   -0.0000072270
  -16.384228      6.155475   -0.0000072270
  -16.384228     18.466424   -0.0000648599
  -16.384228     30.777374   -0.0001791220
  -16.384228     43.088323   -0.0003479025
  -16.384228     55.399273   -0.0005679091
  -16.384228     67.710222   -0.0008348889
  -16.384228     80.021172   -0.0011445443
  -16.384228     92.332122   -0.0014946739

  -11.703020    -92.332122   -0.0009994871
  -11.703020    -80.021172   -0.0007656976
  -11.703020    -67.710222   -0.0005597051
  -11.703020    -55.399273   -0.0003814223
  -11.703020    -43.088323   -0.0002338879
  -11.703020    -30.777374   -0.0001204442
  -11.703020    -18.466424   -0.0000436038
  -11.703020     -6.155475   -0.0000048575
  -11.703020      6.155475   -0.0000048575
  -11.703020     18.466424   -0.0000436038
  -11.703020     30.777374   -0.0001204442
  -11.703020     43.088323   -0.0002338879
  -11.703020     55.399273   -0.0003814223
  -11.703020     67.710222   -0.0005597051
  -11.703020     80.021172   -0.0007656976
  -11.703020     92.332122   -0.0009994871

   -7.021812    -92.332122   -0.0005676498
   -7.021812    -80.021172   -0.0004360547
   -7.021812    -67.710222   -0.0003189471
   -7.021812    -55.399273   -0.0002174447
   -7.021812    -43.088323   -0.0001334464
   -7.021812    -30.777374   -0.0000687987
   -7.021812    -18.466424   -0.0000249342
   -7.021812     -6.155475   -0.0000027795
   -7.021812      6.155475   -0.0000027795
   -7.021812     18.466424   -0.0000249342
   -7.021812     30.777374   -0.0000687987
   -7.021812     43.088323   -0.0001334464
   -7.021812     55.399273   -0.0002174447
   -7.021812     67.710222   -0.0003189471
   -7.021812     80.021172   -0.0004360547
   -7.021812     92.332122   -0.0005676498

   -2.340604    -92.332122   -0.0001810251
   -2.340604    -80.021172   -0.0001395538
   -2.340604    -67.710222   -0.0001020769
   -2.340604    -55.399273   -0.0000695805
   -2.340604    -43.088323   -0.0000427335
   -2.340604    -30.777374   -0.0000220644
   -2.340604    -18.466424   -0.0000080093
   -2.340604     -6.155475   -0.0000008937
   -2.340604      6.155475   -0.0000008937
   -2.340604     18.466424   -0.0000080093
   -2.340604     30.777374   -0.0000220644
   -2.340604     43.088323   -0.0000427335
   -2.340604     55.399273   -0.0000695805
   -2.340604     67.710222   -0.0001020769
   -2.340604     80.021172   -0.0001395538
   -2.340604     92.332122   -0.0001810251

    2.340604    -92.332122    0.0001749505
    2.340604    -80.021172    0.0001352364
    2.340604    -67.710222    0.0000989578
    2.340604    -55.399273    0.0000674696
    2.340604    -43.088323    0.0000414678
    2.340604    -30.777374    0.0000214356
    2.340604    -18.466424    0.0000077900
    2.340604     -6.155475    0.0000008699
    2.340604      6.155475    0.0000008699
    2.340604     18.466424    0.0000077900
    2.340604     30.777374    0.0000214356
    2.340604     43.088323    0.0000414678
    2.340604     55.399273    0.0000674696
    2.340604     67.710222    0.0000989578
    2.340604     80.021172    0.0001352364
    2.340604     92.332122    0.0001749505

    7.021812    -92.332122    0.0005120647
    7.021812    -80.021172    0.0003962903
    7.021812    -67.710222    0.0002903179
    7.021812    -55.399273    0.0001981348
    7.021812    -43.088323    0.0001218688
    7.021812    -30.777374    0.0000630298
    7.021812    -18.466424    0.0000229133
    7.021812     -6.155475    0.0000025590
    7.021812      6.155475    0.0000025590
    7.021812     18.466424    0.0000229133
    7.021812     30.777374    0.0000630298
    7.021812     43.088323    0.0001218688
    7.021812     55.399273    0.0001981348
    7.021812     67.710222    0.0002903179
    7.021812     80.021172    0.0003962903
    7.021812     92.332122    0.0005120647

   11.703020    -92.332122    0.0008399237
   11.703020    -80.021172    0.0006501240
   11.703020    -67.710222    0.0004770346
   11.703020    -55.399273    0.0003260280
   11.703020    -43.088323    0.0002006793
   11.703020    -30.777374    0.0001038006
   11.703020    -18.466424    0.0000377268
   11.703020     -6.155475    0.0000042125
   11.703020      6.155475    0.0000042125
   11.703020     18.466424    0.0000377268
   11.703020     30.777374    0.0001038006
   11.703020     43.088323    0.0002006793
   11.703020     55.399273    0.0003260280
   11.703020     67.710222    0.0004770346
   11.703020     80.021172    0.0006501240
   11.703020     92.332122    0.0008399237

   16.384228    -92.332122    0.0011663629
   16.384228    -80.021172    0.0009030157
   16.384228    -67.710222    0.0006634914
   16.384228    -55.399273    0.0004540026
   16.384228    -43.088323    0.0002796270
   16.384228    -30.777374    0.0001446539
   16.384228    -18.466424    0.0000525680
   16.384228     -6.155475    0.0000058688
   16.384228      6.155475    0.0000058688
   16.384228     18.466424    0.0000525680
   16.384228     30.777374    0.0001446539
   16.384228     43.088323    0.0002796270
   16.384228     55.399273    0.0004540026
   16.384228     67.710222    0.0006634914
   16.384228     80.021172    0.0009030157
   16.384228     92.332122    0.0011663629

   21.065436    -92.332122    0.0014977001
   21.065436    -80.021172    0.0011607821
   21.065436    -67.710222    0.0008534440
   21.065436    -55.399273    0.0005842894
   21.065436    -43.088323    0.0003600513
   21.065436    -30.777374    0.0001863419
   21.065436    -18.466424    0.0000677412
   21.065436     -6.155475    0.0000075642
   21.065436      6.155475    0.0000075642
   21.065436     18.466424    0.0000677412
   21.065436     30.777374    0.0001863419
   21.065436     43.088323    0.0003600513
   21.065436     55.399273    0.0005842894
   21.065436     67.710222    0.0008534440
   21.065436     80.021172    0.0011607821
   21.065436     92.332122    0.0014977001

   25.746645    -92.332122    0.0018388629
   25.746645    -80.021172    0.0014273775
   25.746645    -67.710222    0.0010496624
   25.746645    -55.399273    0.0007187002
   25.746645    -43.088323    0.0004430544
   25.746645    -30.777374    0.0002294450
   25.746645    -18.466424    0.0000834633
   25.746645     -6.155475    0.0000093234
   25.746645      6.155475    0.0000093234
   25.746645     18.466424    0.0000834633
   25.746645     30.777374    0.0002294450
   25.746645     43.088323    0.0004430544
   25.746645     55.399273    0.0007187002
   25.746645     67.710222    0.0010496624
   25.746645     80.021172    0.0014273775
   25.746645     92.332122    0.0018388629

   30.427853    -92.332122    0.0021934286
   30.427853    -80.021172    0.0017035238
   30.427853    -67.710222    0.0012535522
   30.427853    -55.399273    0.0008587829
   30.427853    -43.088323    0.0005296214
   30.427853    -30.777374    0.0002743424
   30.427853    -18.466424    0.0000998080
   30.427853     -6.155475    0.0000111498
   30.427853      6.155475    0.0000111498
   30.427853     18.466424    0.0000998080
   30.427853     30.777374    0.0002743424
   30.427853     43.088323    0.0005296214
   30.427853     55.399273    0.0008587829
   30.427853     67.710222    0.0012535522
   30.427853     80.021172    0.0017035238
   30.427853     92.332122    0.0021934286

   35.109061    -92.332122    0.0025636214
   35.109061    -80.021172    0.0019875083
   35.109061    -67.710222    0.0014653721
   35.109061    -55.399273    0.0010057249
   35.109061    -43.088323    0.0006205415
   35.109061    -30.777374    0.0003212215
   35.109061    -18.466424    0.0001167345
   35.109061     -6.155475    0.0000130306
   35.109061      6.155475    0.0000130306
   35.109061     18.466424    0.0001167345
   35.109061     30.777374    0.0003212215
   35.109061     43.088323    0.0006205415
   35.109061     55.399273    0.0010057249
   35.109061     67.710222    0.0014653721
   35.109061     80.021172    0.0019875083
   35.109061     92.332122    0.0025636214

   39.790269    -92.332122    0.0029503152
   39.790269    -80.021172    0.0022812300
   39.790269    -67.710222    0.0016859393
   39.790269    -55.399273    0.0011597008
   39.790269    -43.088323    0.0007158925
   39.790269    -30.777374    0.0003701997
   39.790269    -18.466424    0.0001343242
   39.790269     -6.155475    0.0000149779
   39.790269      6.155475    0.0000149779
   39.790269     18.466424    0.0001343242
   39.790269     30.777374    0.0003701997
   39.790269     43.088323    0.0007158925
   39.790269     55.399273    0.0011597008
   39.790269     67.710222    0.0016859393
   39.790269     80.021172    0.0022812300
   39.790269     92.332122    0.0029503152

   44.471477    -92.332122    0.0033531004
   44.471477    -80.021172    0.0026055055
   44.471477    -67.710222    0.0019209769
   44.471477    -55.399273    0.0013182678
   44.471477    -43.088323    0.0008137733
   44.471477    -30.777374    0.0004216531
   44.471477    -18.466424    0.0001533882
   44.471477     -6.155475    0.0000171331
   44.471477      6.155475    0.0000171331
   44.471477     18.466424    0.0001533882
   44.471477     30.777374    0.0004216531
   44.471477     43.088323    0.0008137733
   44.471477     55.399273    0.0013182678
   44.471477     67.710222    0.0019209769
   44.471477     80.021172    0.0026055055
   44.471477     92.332122    0.0033531004

