  -34.795266    -42.952389    0.1191391513
  -34.795266    -37.225404    0.1112489227
  -34.795266    -31.498419    0.1045920927
  -34.795266    -25.771434    0.0991365682
  -34.795266    -20.044448    0.0948554502
  -34.795266    -14.317463    0.0917270523
  -34.795266     -8.590478    0.0897348924
  -34.795266     -2.863493    0.0888676754
  -34.795266      2.863493    0.0891192811
  -34.795266      8.590478    0.0904887654
  -34.795266     14.317463    0.0929803802
  -34.795266     20.044448    0.0966036101
  -34.795266     25.771434    0.1013732232
  -34.795266     31.498419    0.1073093237
  -34.795266     37.225404    0.1144373959
  -34.795266     42.952389    0.1227883169

  -30.155897    -42.952389    0.0946138658
  -30.155897    -37.225404    0.0865414240
  -30.155897    -31.498419    0.0798565829
  -30.155897    -25.771434    0.0743427655
  -30.155897    -20.044448    0.0699660225
  -30.155897    -14.317463    0.0667348255
  -30.155897     -8.590478    0.0646480591
  -30.155897     -2.863493    0.0636911471
  -30.155897      2.863493    0.0638502493
  -30.155897      8.590478    0.0651244626
  -30.155897     14.317463    0.0675259597
  -30.155897     20.044448    0.0710679949
  -30.155897     25.771434    0.0757507076
  -30.155897     31.498419    0.0815646505
  -30.155897     37.225404    0.0885419692
  -30.155897     42.952389    0.0968951569

  -25.516528    -42.952389    0.0751906680
  -25.516528    -37.225404    0.0671176463
  -25.516528    -31.498419    0.0603195035
  -25.516528    -25.771434    0.0547143358
  -25.516528    -20.044448    0.0502734324
  -25.516528    -14.317463    0.0469834046
  -25.516528     -8.590478    0.0448321133
  -25.516528     -2.863493    0.0438075937
  -25.516528      2.863493    0.0439018704
  -25.516528      8.590478    0.0451142518
  -25.516528     14.317463    0.0474513849
  -25.516528     20.044448    0.0509240478
  -25.516528     25.771434    0.0555433520
  -25.516528     31.498419    0.0613217187
  -25.516528     37.225404    0.0682866896
  -25.516528     42.952389    0.0765183274

  -20.877160    -42.952389    0.0600713482
  -20.877160    -37.225404    0.0519903318
  -20.877160    -31.498419    0.0451218599
  -20.877160    -25.771434    0.0394584116
  -20.877160    -20.044448    0.0349742343
  -20.877160    -14.317463    0.0316439154
  -20.877160     -8.590478    0.0294492539
  -20.877160     -2.863493    0.0283797524
  -20.877160      2.863493    0.0284307197
  -20.877160      8.590478    0.0296016487
  -20.877160     14.317463    0.0318962085
  -20.877160     20.044448    0.0353238610
  -20.877160     25.771434    0.0399017868
  -20.877160     31.498419    0.0456544783
  -20.877160     37.225404    0.0526070304
  -20.877160     42.952389    0.0607668339

  -16.237791    -42.952389    0.0486388030
  -16.237791    -37.225404    0.0405288908
  -16.237791    -31.498419    0.0336343123
  -16.237791    -25.771434    0.0279440354
  -16.237791    -20.044448    0.0234322419
  -16.237791    -14.317463    0.0200741793
  -16.237791     -8.590478    0.0178520291
  -16.237791     -2.863493    0.0167553286
  -16.237791      2.863493    0.0167793496
  -16.237791      8.590478    0.0179237106
  -16.237791     14.317463    0.0201923638
  -16.237791     20.044448    0.0235949696
  -16.237791     25.771434    0.0281485421
  -16.237791     31.498419    0.0338771133
  -16.237791     37.225404    0.0408060376
  -16.237791     42.952389    0.0489464259

  -11.598422    -42.952389    0.0404311605
  -11.598422    -37.225404    0.0322964533
  -11.598422    -31.498419    0.0253943336
  -11.598422    -25.771434    0.0196929121
  -11.598422    -20.044448    0.0151655955
  -11.598422    -14.317463    0.0117911041
  -11.598422     -8.590478    0.0095534499
  -11.598422     -2.863493    0.0084419029
  -11.598422      2.863493    0.0084509618
  -11.598422      8.590478    0.0095803414
  -11.598422     14.317463    0.0118349817
  -11.598422     20.044448    0.0152250772
  -11.598422     25.771434    0.0197661178
  -11.598422     31.498419    0.0254789283
  -11.598422     37.225404    0.0323896829
  -11.598422     42.952389    0.0405298698

   -6.959053    -42.952389    0.0351226959
   -6.959053    -37.225404    0.0269793060
   -6.959053    -31.498419    0.0200730243
   -6.959053    -25.771434    0.0143662163
   -6.959053    -20.044448    0.0098320950
   -6.959053    -14.317463    0.0064503909
   -6.959053     -8.590478    0.0042056995
   -6.959053     -2.863493    0.0030873048
   -6.959053      2.863493    0.0030895759
   -6.959053      8.590478    0.0042123290
   -6.959053     14.317463    0.0064608487
   -6.959053     20.044448    0.0098455586
   -6.959053     25.771434    0.0143816274
   -6.959053     31.498419    0.0200890995
   -6.959053     37.225404    0.0269944314
   -6.959053     42.952389    0.0351346173

   -2.319684    -42.952389    0.0325105828
   -2.319684    -37.225404    0.0243690010
   -2.319684    -31.498419    0.0174602945
   -2.319684    -25.771434    0.0117513815
   -2.319684    -20.044448    0.0072157209
   -2.319684    -14.317463    0.0038323937
   -2.319684     -8.590478    0.0015857163
   -2.319684     -2.863493    0.0004651595
   -2.319684      2.863493    0.0004653966
   -2.319684      8.590478    0.0015863633
   -2.319684     14.317463    0.0038332685
   -2.319684     20.044448    0.0072165505
   -2.319684     25.771434    0.0117518283
   -2.319684     31.498419    0.0174599572
   -2.319684     37.225404    0.0243673493
   -2.319684     42.952389    0.0325067811

    2.319684    -42.952389    0.0325067811
    2.319684    -37.225404    0.0243673493
    2.319684    -31.498419    0.0174599572
    2.319684    -25.771434    0.0117518283
    2.319684    -20.044448    0.0072165505
    2.319684    -14.317463    0.0038332685
    2.319684     -8.590478    0.0015863633
    2.319684     -2.863493    0.0004653966
    2.319684      2.863493    0.0004651595
    2.319684      8.590478    0.0015857163
    2.319684     14.317463    0.0038323937
    2.319684     20.044448    0.0072157209
    2.319684     25.771434    0.0117513815
    2.319684     31.498419    0.0174602945
    2.319684     37.225404    0.0243690010
    2.319684     42.952389    0.0325105828

    6.959053    -42.952389    0.0351346173
    6.959053    -37.225404    0.0269944314
    6.959053    -31.498419    0.0200890995
    6.959053    -25.771434    0.0143816274
    6.959053    -20.044448    0.0098455586
    6.959053    -14.317463    0.0064608487
    6.959053     -8.590478    0.0042123290
    6.959053     -2.863493    0.0030895759
    6.959053      2.863493    0.0030873048
    6.959053      8.590478    0.0042056995
    6.959053     14.317463    0.0064503909
    6.959053     20.044448    0.0098320950
    6.959053     25.771434    0.0143662163
    6.959053     31.498419    0.0200730243
    6.959053     37.225404    0.0269793060
    6.959053     42.952389    0.0351226959

   11.598422    -42.952389    0.0405298698
   11.598422    -37.225404    0.0323896829
   11.598422    -31.498419    0.0254789283
   11.598422    -25.771434    0.0197661178
   11.598422    -20.044448    0.0152250772
   11.598422    -14.317463    0.0118349817
   11.598422     -8.590478    0.0095803414
   11.598422     -2.863493    0.0084509618
   11.598422      2.863493    0.0084419029
   11.598422      8.590478    0.0095534499
   11.598422     14.317463    0.0117911041
   11.598422     20.044448    0.0151655955
   11.598422     25.771434    0.0196929121
   11.598422     31.498419    0.0253943336
   11.598422     37.225404    0.0322964533
   11.598422     42.952389    0.0404311605

   16.237791    -42.952389    0.0489464259
   16.237791    -37.225404    0.0408060376
   16.237791    -31.498419    0.0338771133
   16.237791    -25.771434    0.0281485421
   16.237791    -20.044448    0.0235949696
   16.237791    -14.317463    0.0201923638
   16.237791     -8.590478    0.0179237106
   16.237791     -2.863493    0.0167793496
   16.237791      2.863493    0.0167553286
   16.237791      8.590478    0.0178520291
   16.237791     14.317463    0.0200741793
   16.237791     20.044448    0.0234322419
   16.237791     25.771434    0.0279440354
   16.237791     31.498419    0.0336343123
   16.237791     37.225404    0.0405288908
   16.237791     42.952389    0.0486388030

   20.877160    -42.952389    0.0607668339
   20.877160    -37.225404    0.0526070304
   20.877160    -31.498419    0.0456544783
   20.877160    -25.771434    0.0399017868
   20.877160    -20.044448    0.0353238610
   20.877160    -14.317463    0.0318962085
   20.877160     -8.590478    0.0296016487
   20.877160     -2.863493    0.0284307197
   20.877160      2.863493    0.0283797524
   20.877160      8.590478    0.0294492539
   20.877160     14.317463    0.0316439154
   20.877160     20.044448    0.0349742343
   20.877160     25.771434    0.0394584116
   20.877160     31.498419    0.0451218599
   20.877160     37.225404    0.0519903318
   20.877160     42.952389    0.0600713482

   25.516528    -42.952389    0.0765183274
   25.516528    -37.225404    0.0682866896
   25.516528    -31.498419    0.0613217187
   25.516528    -25.771434    0.0555433520
   25.516528    -20.044448    0.0509240478
   25.516528    -14.317463    0.0474513849
   25.516528     -8.590478    0.0451142518
   25.516528     -2.863493    0.0439018704
   25.516528      2.863493    0.0438075937
   25.516528      8.590478    0.0448321133
   25.516528     14.317463    0.0469834046
   25.516528     20.044448    0.0502734324
   25.516528     25.771434    0.0547143358
   25.516528     31.498419    0.0603195035
   25.516528     37.225404    0.0671176463
   25.516528     42.952389    0.0751906680

   30.155897    -42.952389    0.0968951569
   30.155897    -37.225404    0.0885419692
   30.155897    -31.498419    0.0815646505
   30.155897    -25.771434    0.0757507076
   30.155897    -20.044448    0.0710679949
   30.155897    -14.317463    0.0675259597
   30.155897     -8.590478    0.0651244626
   30.155897     -2.863493    0.0638502493
   30.155897      2.863493    0.0636911471
   30.155897      8.590478    0.0646480591
   30.155897     14.317463    0.0667348255
   30.155897     20.044448    0.0699660225
   30.155897     25.771434    0.0743427655
   30.155897     31.498419    0.0798565829
   30.155897     37.225404    0.0865414240
   30.155897     42.952389    0.0946138658

   34.795266    -42.952389    0.1227883169
   34.795266    -37.225404    0.1144373959
   34.795266    -31.498419    0.1073093237
   34.795266    -25.771434    0.1013732232
   34.795266    -20.044448    0.0966036101
   34.795266    -14.317463    0.0929803802
   34.795266     -8.590478    0.0904887654
   34.795266     -2.863493    0.0891192811
   34.795266      2.863493    0.0888676754
   34.795266      8.590478    0.0897348924
   34.795266     14.317463    0.0917270523
   34.795266     20.044448    0.0948554502
   34.795266     25.771434    0.0991365682
   34.795266     31.498419    0.1045920927
   34.795266     37.225404    0.1112489227
   34.795266     42.952389    0.1191391513

