  -44.766107    -50.619018    0.0898567418
  -44.766107    -43.869816    0.0841305215
  -44.766107    -37.120613    0.0791747335
  -44.766107    -30.371411    0.0750149448
  -44.766107    -23.622208    0.0716682248
  -44.766107    -16.873006    0.0691470316
  -44.766107    -10.123804    0.0674607459
  -44.766107     -3.374601    0.0666159013
  -44.766107      3.374601    0.0666159013
  -44.766107     10.123804    0.0674607459
  -44.766107     16.873006    0.0691470316
  -44.766107     23.622208    0.0716682248
  -44.766107     30.371411    0.0750149448
  -44.766107     37.120613    0.0791747335
  -44.766107     43.869816    0.0841305215
  -44.766107     50.619018    0.0898567418

  -40.053885    -50.619018    0.0798933268
  -40.053885    -43.869816    0.0740101891
  -40.053885    -37.120613    0.0689139187
  -40.053885    -30.371411    0.0646392899
  -40.053885    -23.622208    0.0612030103
  -40.053885    -16.873006    0.0586153785
  -40.053885    -10.123804    0.0568846452
  -40.053885     -3.374601    0.0560173894
  -40.053885      3.374601    0.0560173894
  -40.053885     10.123804    0.0568846452
  -40.053885     16.873006    0.0586153785
  -40.053885     23.622208    0.0612030103
  -40.053885     30.371411    0.0646392899
  -40.053885     37.120613    0.0689139187
  -40.053885     43.869816    0.0740101891
  -40.053885     50.619018    0.0798933268

  -35.341663    -50.619018    0.0702868347
  -35.341663    -43.869816    0.0642557796
  -35.341663    -37.120613    0.0590441888
  -35.341663    -30.371411    0.0546737658
  -35.341663    -23.622208    0.0511600485
  -35.341663    -16.873006    0.0485146394
  -35.341663    -10.123804    0.0467461496
  -35.341663     -3.374601    0.0458604167
  -35.341663      3.374601    0.0458604167
  -35.341663     10.123804    0.0467461496
  -35.341663     16.873006    0.0485146394
  -35.341663     23.622208    0.0511600485
  -35.341663     30.371411    0.0546737658
  -35.341663     37.120613    0.0590441888
  -35.341663     43.869816    0.0642557796
  -35.341663     50.619018    0.0702868347

  -30.629441    -50.619018    0.0611341123
  -30.629441    -43.869816    0.0549827484
  -30.629441    -37.120613    0.0496757049
  -30.629441    -30.371411    0.0452277599
  -30.629441    -23.622208    0.0416530156
  -30.629441    -16.873006    0.0389628371
  -30.629441    -10.123804    0.0371652893
  -30.629441     -3.374601    0.0362653492
  -30.629441      3.374601    0.0362653492
  -30.629441     10.123804    0.0371652893
  -30.629441     16.873006    0.0389628371
  -30.629441     23.622208    0.0416530156
  -30.629441     30.371411    0.0452277599
  -30.629441     37.120613    0.0496757049
  -30.629441     43.869816    0.0549827484
  -30.629441     50.619018    0.0611341123

  -25.917220    -50.619018    0.0525487565
  -25.917220    -43.869816    0.0463109149
  -25.917220    -37.120613    0.0409340732
  -25.917220    -30.371411    0.0364320185
  -25.917220    -23.622208    0.0328169500
  -25.917220    -16.873006    0.0300983096
  -25.917220    -10.123804    0.0282826287
  -25.917220     -3.374601    0.0273738696
  -25.917220      3.374601    0.0273738696
  -25.917220     10.123804    0.0282826287
  -25.917220     16.873006    0.0300983096
  -25.917220     23.622208    0.0328169500
  -25.917220     30.371411    0.0364320185
  -25.917220     37.120613    0.0409340732
  -25.917220     43.869816    0.0463109149
  -25.917220     50.619018    0.0525487565

  -21.204998    -50.619018    0.0446629792
  -21.204998    -43.869816    0.0383774385
  -21.204998    -37.120613    0.0329654359
  -21.204998    -30.371411    0.0284398694
  -21.204998    -23.622208    0.0248102254
  -21.204998    -16.873006    0.0220831360
  -21.204998    -10.123804    0.0202629550
  -21.204998     -3.374601    0.0193522678
  -21.204998      3.374601    0.0193522678
  -21.204998     10.123804    0.0202629550
  -21.204998     16.873006    0.0220831360
  -21.204998     23.622208    0.0248102254
  -21.204998     30.371411    0.0284398694
  -21.204998     37.120613    0.0329654359
  -21.204998     43.869816    0.0383774385
  -21.204998     50.619018    0.0446629792

  -16.492776    -50.619018    0.0376300916
  -16.492776    -43.869816    0.0313436058
  -16.492776    -37.120613    0.0259405396
  -16.492776    -30.371411    0.0214300539
  -16.492776    -23.622208    0.0178178307
  -16.492776    -16.873006    0.0151070773
  -16.492776    -10.123804    0.0132993906
  -16.492776     -3.374601    0.0123954401
  -16.492776      3.374601    0.0123954401
  -16.492776     10.123804    0.0132993906
  -16.492776     16.873006    0.0151070773
  -16.492776     23.622208    0.0178178307
  -16.492776     30.371411    0.0214300539
  -16.492776     37.120613    0.0259405396
  -16.492776     43.869816    0.0313436058
  -16.492776     50.619018    0.0376300916

  -11.780554    -50.619018    0.0316275401
  -11.780554    -43.869816    0.0253984562
  -11.780554    -37.120613    0.0200585145
  -11.780554    -30.371411    0.0156107434
  -11.780554    -23.622208    0.0120556817
  -11.780554    -16.873006    0.0093921314
  -11.780554    -10.123804    0.0076180897
  -11.780554     -3.374601    0.0067316405
  -11.780554      3.374601    0.0067316405
  -11.780554     10.123804    0.0076180897
  -11.780554     16.873006    0.0093921314
  -11.780554     23.622208    0.0120556817
  -11.780554     30.371411    0.0156107434
  -11.780554     37.120613    0.0200585145
  -11.780554     43.869816    0.0253984562
  -11.780554     50.619018    0.0316275401

   -7.068333    -50.619018    0.0268604673
   -7.068333    -43.869816    0.0207615638
   -7.068333    -37.120613    0.0155509663
   -7.068333    -30.371411    0.0112244703
   -7.068333    -23.622208    0.0077758267
   -7.068333    -16.873006    0.0051978544
   -7.068333    -10.123804    0.0034837150
   -7.068333     -3.374601    0.0026280938
   -7.068333      3.374601    0.0026280938
   -7.068333     10.123804    0.0034837150
   -7.068333     16.873006    0.0051978544
   -7.068333     23.622208    0.0077758267
   -7.068333     30.371411    0.0112244703
   -7.068333     37.120613    0.0155509663
   -7.068333     43.869816    0.0207615638
   -7.068333     50.619018    0.0268604673

   -2.356111    -50.619018    0.0235658166
   -2.356111    -43.869816    0.0176865909
   -2.356111    -37.120613    0.0126868412
   -2.356111    -30.371411    0.0085538654
   -2.356111    -23.622208    0.0052725321
   -2.356111    -16.873006    0.0028276403
   -2.356111    -10.123804    0.0012059279
   -2.356111     -3.374601    0.0003976466
   -2.356111      3.374601    0.0003976466
   -2.356111     10.123804    0.0012059279
   -2.356111     16.873006    0.0028276403
   -2.356111     23.622208    0.0052725321
   -2.356111     30.371411    0.0085538654
   -2.356111     37.120613    0.0126868412
   -2.356111     43.869816    0.0176865909
   -2.356111     50.619018    0.0235658166

    2.356111    -50.619018    0.0220170408
    2.356111    -43.869816    0.0164665184
    2.356111    -37.120613    0.0117783910
    2.356111    -30.371411    0.0079282508
    2.356111    -23.622208    0.0048893716
    2.356111    -16.873006    0.0026362047
    2.356111    -10.123804    0.0011471625
    2.356111     -3.374601    0.0004067004
    2.356111      3.374601    0.0004067004
    2.356111     10.123804    0.0011471625
    2.356111     16.873006    0.0026362047
    2.356111     23.622208    0.0048893716
    2.356111     30.371411    0.0079282508
    2.356111     37.120613    0.0117783910
    2.356111     43.869816    0.0164665184
    2.356111     50.619018    0.0220170408

    7.068333    -50.619018    0.0225295152
    7.068333    -43.869816    0.0174407531
    7.068333    -37.120613    0.0131884276
    7.068333    -30.371411    0.0097312965
    7.068333    -23.622208    0.0070275696
    7.068333    -16.873006    0.0050385575
    7.068333    -10.123804    0.0037319897
    7.068333     -3.374601    0.0030847372
    7.068333      3.374601    0.0030847372
    7.068333     10.123804    0.0037319897
    7.068333     16.873006    0.0050385575
    7.068333     23.622208    0.0070275696
    7.068333     30.371411    0.0097312965
    7.068333     37.120613    0.0131884276
    7.068333     43.869816    0.0174407531
    7.068333     50.619018    0.0225295152

   11.780554    -50.619018    0.0254668028
   11.780554    -43.869816    0.0210036044
   11.780554    -37.120613    0.0173389182
   11.780554    -30.371411    0.0144101096
   11.780554    -23.622208    0.0121559814
   11.780554    -16.873006    0.0105208028
   11.780554    -10.123804    0.0094584138
   11.780554     -3.374601    0.0089358168
   11.780554      3.374601    0.0089358168
   11.780554     10.123804    0.0094584138
   11.780554     16.873006    0.0105208028
   11.780554     23.622208    0.0121559814
   11.780554     30.371411    0.0144101096
   11.780554     37.120613    0.0173389182
   11.780554     43.869816    0.0210036044
   11.780554     50.619018    0.0254668028

   16.492776    -50.619018    0.0312479573
   16.492776    -43.869816    0.0276129180
   16.492776    -37.120613    0.0247208396
   16.492776    -30.371411    0.0224862817
   16.492776    -23.622208    0.0208232254
   16.492776    -16.873006    0.0196531461
   16.492776    -10.123804    0.0189114818
   16.492776     -3.374601    0.0185524905
   16.492776      3.374601    0.0185524905
   16.492776     10.123804    0.0189114818
   16.492776     16.873006    0.0196531461
   16.492776     23.622208    0.0208232254
   16.492776     30.371411    0.0224862817
   16.492776     37.120613    0.0247208396
   16.492776     43.869816    0.0276129180
   16.492776     50.619018    0.0312479573

   21.204998    -50.619018    0.0403560952
   21.204998    -43.869816    0.0377969438
   21.204998    -37.120613    0.0359050682
   21.204998    -30.371411    0.0345695810
   21.204998    -23.622208    0.0336726117
   21.204998    -16.873006    0.0331055367
   21.204998    -10.123804    0.0327796222
   21.204998     -3.374601    0.0326326429
   21.204998      3.374601    0.0326326429
   21.204998     10.123804    0.0327796222
   21.204998     16.873006    0.0331055367
   21.204998     23.622208    0.0336726117
   21.204998     30.371411    0.0345695810
   21.204998     37.120613    0.0359050682
   21.204998     43.869816    0.0377969438
   21.204998     50.619018    0.0403560952

   25.917220    -50.619018    0.0533485100
   25.917220    -43.869816    0.0521568126
   25.917220    -37.120613    0.0515539504
   25.917220    -30.371411    0.0513751331
   25.917220    -23.622208    0.0514606435
   25.917220    -16.873006    0.0516664222
   25.917220    -10.123804    0.0518741645
   25.917220     -3.374601    0.0519998432
   25.917220      3.374601    0.0519998432
   25.917220     10.123804    0.0518741645
   25.917220     16.873006    0.0516664222
   25.917220     23.622208    0.0514606435
   25.917220     30.371411    0.0513751331
   25.917220     37.120613    0.0515539504
   25.917220     43.869816    0.0521568126
   25.917220     50.619018    0.0533485100

