  -45.038700    -62.630025    0.0062360007
  -45.038700    -54.279355    0.0054318873
  -45.038700    -45.928685    0.0046112578
  -45.038700    -37.578015    0.0037788040
  -45.038700    -29.227345    0.0029389553
  -45.038700    -20.876675    0.0020959079
  -45.038700    -12.526005    0.0012536491
  -45.038700     -4.175335    0.0004159770
  -45.038700      4.175335   -0.0004134844
  -45.038700     12.526005   -0.0012312752
  -45.038700     20.876675   -0.0020340942
  -45.038700     29.227345   -0.0028187977
  -45.038700     37.578015   -0.0035824039
  -45.038700     45.928685   -0.0043221013
  -45.038700     54.279355   -0.0050352621
  -45.038700     62.630025   -0.0057194606

  -39.033540    -62.630025    0.0045444962
  -39.033540    -54.279355    0.0039503655
  -39.033540    -45.928685    0.0033464789
  -39.033540    -37.578015    0.0027364082
  -39.033540    -29.227345    0.0021234959
  -39.033540    -20.876675    0.0015108919
  -39.033540    -12.526005    0.0009015839
  -39.033540     -4.175335    0.0002984207
  -39.033540      4.175335   -0.0002958705
  -39.033540     12.526005   -0.0008786730
  -39.033540     20.876675   -0.0014474762
  -39.033540     29.227345   -0.0019998783
  -39.033540     37.578015   -0.0025335942
  -39.033540     45.928685   -0.0030464709
  -39.033540     54.279355   -0.0035365088
  -39.033540     62.630025   -0.0040018899

  -33.028380    -62.630025    0.0031758444
  -33.028380    -54.279355    0.0027526661
  -33.028380    -45.928685    0.0023249963
  -33.028380    -37.578015    0.0018953943
  -33.028380    -29.227345    0.0014662671
  -33.028380    -20.876675    0.0010398928
  -33.028380    -12.526005    0.0006184397
  -33.028380     -4.175335    0.0002039812
  -33.028380      4.175335   -0.0002014923
  -33.028380     12.526005   -0.0005960671
  -33.028380     20.876675   -0.0009779027
  -33.028380     29.227345   -0.0013452328
  -33.028380     37.578015   -0.0016963704
  -33.028380     45.928685   -0.0020297167
  -33.028380     54.279355   -0.0023437743
  -33.028380     62.630025   -0.0026371644

  -27.023220    -62.630025    0.0020941323
  -27.023220    -54.279355    0.0018074986
  -27.023220    -45.928685    0.0015201489
  -27.023220    -37.578015    0.0012338027
  -27.023220    -29.227345    0.0009500994
  -27.023220    -20.876675    0.0006706057
  -27.023220    -12.526005    0.0003968236
  -27.023220     -4.175335    0.0001301956
  -27.023220      4.175335   -0.0001278908
  -27.023220     12.526005   -0.0003760994
  -27.023220     20.876675   -0.0006131438
  -27.023220     29.227345   -0.0008377863
  -27.023220     37.578015   -0.0010488390
  -27.023220     45.928685   -0.0012451648
  -27.023220     54.279355   -0.0014256815
  -27.023220     62.630025   -0.0015893655

  -21.018060    -62.630025    0.0012674163
  -21.018060    -54.279355    0.0010869783
  -21.018060    -45.928685    0.0009081711
  -21.018060    -37.578015    0.0007320641
  -21.018060    -29.227345    0.0005596936
  -21.018060    -20.876675    0.0003920626
  -21.018060    -12.526005    0.0002301405
  -21.018060     -4.175335    0.0000748633
  -21.018060      4.175335   -0.0000728659
  -21.018060     12.526005   -0.0002121756
  -21.018060     20.876675   -0.0003422256
  -21.018060     29.227345   -0.0004622047
  -21.018060     37.578015   -0.0005713293
  -21.018060     45.928685   -0.0006688411
  -21.018060     54.279355   -0.0007540048
  -21.018060     62.630025   -0.0008261052

  -15.012900    -62.630025    0.0006673134
  -15.012900    -54.279355    0.0005662877
  -15.012900    -45.928685    0.0004679028
  -15.012900    -37.578015    0.0003727539
  -15.012900    -29.227345    0.0002814260
  -15.012900    -20.876675    0.0001944918
  -15.012900    -12.526005    0.0001125089
  -15.012900     -4.175335    0.0000360197
  -15.012900      4.175335   -0.0000344505
  -15.012900     12.526005   -0.0000983923
  -15.012900     20.876675   -0.0001553125
  -15.012900     29.227345   -0.0002047322
  -15.012900     37.578015   -0.0002461854
  -15.012900     45.928685   -0.0002792160
  -15.012900     54.279355   -0.0003033747
  -15.012900     62.630025   -0.0003182154

   -9.007740    -62.630025    0.0002686229
   -9.007740    -54.279355    0.0002233617
   -9.007740    -45.928685    0.0001805192
   -9.007740    -37.578015    0.0001403655
   -9.007740    -29.227345    0.0001031676
   -9.007740    -20.876675    0.0000691882
   -9.007740    -12.526005    0.0000386853
   -9.007740     -4.175335    0.0000119113
   -9.007740      4.175335   -0.0000108869
   -9.007740     12.526005   -0.0000294680
   -9.007740     20.876675   -0.0000435961
   -9.007740     29.227345   -0.0000530398
   -9.007740     37.578015   -0.0000575718
   -9.007740     45.928685   -0.0000569674
   -9.007740     54.279355   -0.0000510031
   -9.007740     62.630025   -0.0000394555

   -3.002580    -62.630025    0.0000489765
   -3.002580    -54.279355    0.0000385948
   -3.002580    -45.928685    0.0000292816
   -3.002580    -37.578015    0.0000211018
   -3.002580    -29.227345    0.0000141190
   -3.002580    -20.876675    0.0000083956
   -3.002580    -12.526005    0.0000039933
   -3.002580     -4.175335    0.0000009730
   -3.002580      4.175335   -0.0000006049
   -3.002580     12.526005   -0.0000006802
   -3.002580     20.876675    0.0000008069
   -3.002580     29.227345    0.0000039162
   -3.002580     37.578015    0.0000087071
   -3.002580     45.928685    0.0000152391
   -3.002580     54.279355    0.0000235710
   -3.002580     62.630025    0.0000337616

    3.002580    -62.630025   -0.0000114813
    3.002580    -54.279355   -0.0000054288
    3.002580    -45.928685   -0.0000006928
    3.002580    -37.578015    0.0000026838
    3.002580    -29.227345    0.0000046609
    3.002580    -20.876675    0.0000051995
    3.002580    -12.526005    0.0000042614
    3.002580     -4.175335    0.0000018076
    3.002580      4.175335   -0.0000022015
    3.002580     12.526005   -0.0000078067
    3.002580     20.876675   -0.0000150502
    3.002580     29.227345   -0.0000239755
    3.002580     37.578015   -0.0000346267
    3.002580     45.928685   -0.0000470481
    3.002580     54.279355   -0.0000612838
    3.002580     62.630025   -0.0000773758

    9.007740    -62.630025    0.0000696159
    9.007740    -54.279355    0.0000758172
    9.007740    -45.928685    0.0000773602
    9.007740    -37.578015    0.0000741791
    9.007740    -29.227345    0.0000662194
    9.007740    -20.876675    0.0000534312
    9.007740    -12.526005    0.0000357649
    9.007740     -4.175335    0.0000131669
    9.007740      4.175335   -0.0000144229
    9.007740     12.526005   -0.0000470722
    9.007740     20.876675   -0.0000848571
    9.007740     29.227345   -0.0001278610
    9.007740     37.578015   -0.0001761725
    9.007740     45.928685   -0.0002298821
    9.007740     54.279355   -0.0002890781
    9.007740     62.630025   -0.0003538408

   15.012900    -62.630025    0.0002765961
   15.012900    -54.279355    0.0002685765
   15.012900    -45.928685    0.0002516619
   15.012900    -37.578015    0.0002258470
   15.012900    -29.227345    0.0001911467
   15.012900    -20.876675    0.0001475834
   15.012900    -12.526005    0.0000951767
   15.012900     -4.175335    0.0000339353
   15.012900      4.175335   -0.0000361482
   15.012900     12.526005   -0.0001151002
   15.012900     20.876675   -0.0002029668
   15.012900     29.227345   -0.0002998118
   15.012900     37.578015   -0.0004057120
   15.012900     45.928685   -0.0005207508
   15.012900     54.279355   -0.0006450084
   15.012900     62.630025   -0.0007785502

   21.018060    -62.630025    0.0005955167
   21.018060    -54.279355    0.0005606081
   21.018060    -45.928685    0.0005117218
   21.018060    -37.578015    0.0004490024
   21.018060    -29.227345    0.0003726170
   21.018060    -20.876675    0.0002827369
   21.018060    -12.526005    0.0001795231
   21.018060     -4.175335    0.0000631155
   21.018060      4.175335   -0.0000663748
   21.018060     12.526005   -0.0002088697
   21.018060     20.876675   -0.0003643247
   21.018060     29.227345   -0.0005327262
   21.018060     37.578015   -0.0007140853
   21.018060     45.928685   -0.0009084283
   21.018060     54.279355   -0.0011157835
   21.018060     62.630025   -0.0013361648

   27.023220    -62.630025    0.0010139624
   27.023220    -54.279355    0.0009410069
   27.023220    -45.928685    0.0008481882
   27.023220    -37.578015    0.0007358982
   27.023220    -29.227345    0.0006045377
   27.023220    -20.876675    0.0004544980
   27.023220    -12.526005    0.0002861467
   27.023220     -4.175335    0.0000998157
   27.023220      4.175335   -0.0001042059
   27.023220     12.526005   -0.0003256769
   27.023220     20.876675   -0.0005644042
   27.023220     29.227345   -0.0008202408
   27.023220     37.578015   -0.0010930794
   27.023220     45.928685   -0.0013828432
   27.023220     54.279355   -0.0016894723
   27.023220     62.630025   -0.0020129083

   33.028380    -62.630025    0.0015208733
   33.028380    -54.279355    0.0014000461
   33.028380    -45.928685    0.0012527195
   33.028380    -37.578015    0.0010796255
   33.028380    -29.227345    0.0008814758
   33.028380    -20.876675    0.0006589482
   33.028380    -12.526005    0.0004126760
   33.028380     -4.175335    0.0001432394
   33.028380      4.175335   -0.0001488397
   33.028380     12.526005   -0.0004631019
   33.028380     20.876675   -0.0007991511
   33.028380     29.227345   -0.0011566532
   33.028380     37.578015   -0.0015353325
   33.028380     45.928685   -0.0019349653
   33.028380     54.279355   -0.0023553718
   33.028380     62.630025   -0.0027964045

   39.033540    -62.630025    0.0021064010
   39.033540    -54.279355    0.0019290438
   39.033540    -45.928685    0.0017178747
   39.033540    -37.578015    0.0014740317
   39.033540    -29.227345    0.0011985999
   39.033540    -20.876675    0.0008926039
   39.033540    -12.526005    0.0005570013
   39.033540     -4.175335    0.0001926770
   39.033540      4.175335   -0.0001995602
   39.033540     12.526005   -0.0006189807
   39.033540     20.876675   -0.0010649350
   39.033540     29.227345   -0.0015368547
   39.033540     37.578015   -0.0020342504
   39.033540     45.928685   -0.0025567099
   39.033540     54.279355   -0.0031038945
   39.033540     62.630025   -0.0036755336

   45.038700    -62.630025    0.0027617952
   45.038700    -54.279355    0.0025202505
   45.038700    -45.928685    0.0022370253
   45.038700    -37.578015    0.0019136572
   45.038700    -29.227345    0.0015516365
   45.038700    -20.876675    0.0011523881
   45.038700    -12.526005    0.0007172575
   45.038700     -4.175335    0.0002474993
   45.038700      4.175335   -0.0002557309
   45.038700     12.526005   -0.0007913821
   45.038700     20.876675   -0.0013585094
   45.038700     29.227345   -0.0019562740
   45.038700     37.578015   -0.0025839381
   45.038700     45.928685   -0.0032408588
   45.038700     54.279355   -0.0039264774
   45.038700     62.630025   -0.0046403065

