  -55.127356    -62.630025    0.0022657694
  -55.127356    -54.279355    0.0018687626
  -55.127356    -45.928685    0.0014859090
  -55.127356    -37.578015    0.0011266247
  -55.127356    -29.227345    0.0007992945
  -55.127356    -20.876675    0.0005112054
  -55.127356    -12.526005    0.0002684934
  -55.127356     -4.175335    0.0000761065
  -55.127356      4.175335   -0.0000622199
  -55.127356     12.526005   -0.0001439731
  -55.127356     20.876675   -0.0001678590
  -55.127356     29.227345   -0.0001337807
  -55.127356     37.578015   -0.0000427995
  -55.127356     45.928685    0.0001029274
  -55.127356     54.279355    0.0003002342
  -55.127356     62.630025    0.0005450640

  -47.777042    -62.630025    0.0018253194
  -47.777042    -54.279355    0.0014857620
  -47.777042    -45.928685    0.0011891464
  -47.777042    -37.578015    0.0009064333
  -47.777042    -29.227345    0.0006423215
  -47.777042    -20.876675    0.0004084901
  -47.777042    -12.526005    0.0002132283
  -47.777042     -4.175335    0.0000602039
  -47.777042      4.175335   -0.0000491127
  -47.777042     12.526005   -0.0001130843
  -47.777042     20.876675   -0.0001295541
  -47.777042     29.227345   -0.0000976911
  -47.777042     37.578015   -0.0000204516
  -47.777042     45.928685    0.0000956867
  -47.777042     54.279355    0.0002488312
  -47.777042     62.630025    0.0004644962

  -40.426728    -62.630025    0.0013923111
  -40.426728    -54.279355    0.0011410487
  -40.426728    -45.928685    0.0009076946
  -40.426728    -37.578015    0.0006880916
  -40.426728    -29.227345    0.0004867856
  -40.426728    -20.876675    0.0003097805
  -40.426728    -12.526005    0.0001617188
  -40.426728     -4.175335    0.0000455338
  -40.426728      4.175335   -0.0000369069
  -40.426728     12.526005   -0.0000841686
  -40.426728     20.876675   -0.0000951532
  -40.426728     29.227345   -0.0000695896
  -40.426728     37.578015   -0.0000086832
  -40.426728     45.928685    0.0000849787
  -40.426728     54.279355    0.0002096464
  -40.426728     62.630025    0.0003706071

  -33.076414    -62.630025    0.0009833356
  -33.076414    -54.279355    0.0008110250
  -33.076414    -45.928685    0.0006416304
  -33.076414    -37.578015    0.0004839788
  -33.076414    -29.227345    0.0003419082
  -33.076414    -20.876675    0.0002177601
  -33.076414    -12.526005    0.0001137178
  -33.076414     -4.175335    0.0000319454
  -33.076414      4.175335   -0.0000257476
  -33.076414     12.526005   -0.0000582248
  -33.076414     20.876675   -0.0000650688
  -33.076414     29.227345   -0.0000463262
  -33.076414     37.578015   -0.0000021619
  -33.076414     45.928685    0.0000671374
  -33.076414     54.279355    0.0001601386
  -33.076414     62.630025    0.0002713081

  -25.726100    -62.630025    0.0006208184
  -25.726100    -54.279355    0.0005122230
  -25.726100    -45.928685    0.0004047019
  -25.726100    -37.578015    0.0003048625
  -25.726100    -29.227345    0.0002151725
  -25.726100    -20.876675    0.0001369346
  -25.726100    -12.526005    0.0000714271
  -25.726100     -4.175335    0.0000200247
  -25.726100      4.175335   -0.0000160854
  -25.726100     12.526005   -0.0000361744
  -25.726100     20.876675   -0.0000400104
  -25.726100     29.227345   -0.0000276435
  -25.726100     37.578015    0.0000008855
  -25.726100     45.928685    0.0000455382
  -25.726100     54.279355    0.0001053985
  -25.726100     62.630025    0.0001761500

  -18.375785    -62.630025    0.0003269447
  -18.375785    -54.279355    0.0002685613
  -18.375785    -45.928685    0.0002126245
  -18.375785    -37.578015    0.0001604404
  -18.375785    -29.227345    0.0001131830
  -18.375785    -20.876675    0.0000718815
  -18.375785    -12.526005    0.0000374080
  -18.375785     -4.175335    0.0000104695
  -18.375785      4.175335   -0.0000083984
  -18.375785     12.526005   -0.0000188341
  -18.375785     20.876675   -0.0000206496
  -18.375785     29.227345   -0.0000138268
  -18.375785     37.578015    0.0000014888
  -18.375785     45.928685    0.0000249982
  -18.375785     54.279355    0.0000562607
  -18.375785     62.630025    0.0000947091

  -11.025471    -62.630025    0.0001201847
  -11.025471    -54.279355    0.0000981497
  -11.025471    -45.928685    0.0000779583
  -11.025471    -37.578015    0.0000589864
  -11.025471    -29.227345    0.0000416032
  -11.025471    -20.876675    0.0000263624
  -11.025471    -12.526005    0.0000136861
  -11.025471     -4.175335    0.0000038255
  -11.025471      4.175335   -0.0000030682
  -11.025471     12.526005   -0.0000068734
  -11.025471     20.876675   -0.0000074876
  -11.025471     29.227345   -0.0000048815
  -11.025471     37.578015    0.0000008279
  -11.025471     45.928685    0.0000093882
  -11.025471     54.279355    0.0000206580
  -11.025471     62.630025    0.0000352964

   -3.675157    -62.630025    0.0000134929
   -3.675157    -54.279355    0.0000109763
   -3.675157    -45.928685    0.0000087379
   -3.675157    -37.578015    0.0000066241
   -3.675157    -29.227345    0.0000046717
   -3.675157    -20.876675    0.0000029561
   -3.675157    -12.526005    0.0000015323
   -3.675157     -4.175335    0.0000004280
   -3.675157      4.175335   -0.0000003433
   -3.675157     12.526005   -0.0000007690
   -3.675157     20.876675   -0.0000008348
   -3.675157     29.227345   -0.0000005359
   -3.675157     37.578015    0.0000001098
   -3.675157     45.928685    0.0000010633
   -3.675157     54.279355    0.0000023101
   -3.675157     62.630025    0.0000039899

    3.675157    -62.630025    0.0000134929
    3.675157    -54.279355    0.0000109763
    3.675157    -45.928685    0.0000087379
    3.675157    -37.578015    0.0000066241
    3.675157    -29.227345    0.0000046717
    3.675157    -20.876675    0.0000029561
    3.675157    -12.526005    0.0000015323
    3.675157     -4.175335    0.0000004280
    3.675157      4.175335   -0.0000003433
    3.675157     12.526005   -0.0000007690
    3.675157     20.876675   -0.0000008348
    3.675157     29.227345   -0.0000005359
    3.675157     37.578015    0.0000001098
    3.675157     45.928685    0.0000010633
    3.675157     54.279355    0.0000023101
    3.675157     62.630025    0.0000039899

   11.025471    -62.630025    0.0001201847
   11.025471    -54.279355    0.0000981497
   11.025471    -45.928685    0.0000779583
   11.025471    -37.578015    0.0000589864
   11.025471    -29.227345    0.0000416032
   11.025471    -20.876675    0.0000263624
   11.025471    -12.526005    0.0000136861
   11.025471     -4.175335    0.0000038255
   11.025471      4.175335   -0.0000030682
   11.025471     12.526005   -0.0000068734
   11.025471     20.876675   -0.0000074876
   11.025471     29.227345   -0.0000048815
   11.025471     37.578015    0.0000008279
   11.025471     45.928685    0.0000093882
   11.025471     54.279355    0.0000206580
   11.025471     62.630025    0.0000352964

   18.375785    -62.630025    0.0003269447
   18.375785    -54.279355    0.0002685613
   18.375785    -45.928685    0.0002126245
   18.375785    -37.578015    0.0001604404
   18.375785    -29.227345    0.0001131830
   18.375785    -20.876675    0.0000718815
   18.375785    -12.526005    0.0000374080
   18.375785     -4.175335    0.0000104695
   18.375785      4.175335   -0.0000083984
   18.375785     12.526005   -0.0000188341
   18.375785     20.876675   -0.0000206496
   18.375785     29.227345   -0.0000138268
   18.375785     37.578015    0.0000014888
   18.375785     45.928685    0.0000249982
   18.375785     54.279355    0.0000562607
   18.375785     62.630025    0.0000947091

   25.726100    -62.630025    0.0006208184
   25.726100    -54.279355    0.0005122230
   25.726100    -45.928685    0.0004047019
   25.726100    -37.578015    0.0003048625
   25.726100    -29.227345    0.0002151725
   25.726100    -20.876675    0.0001369346
   25.726100    -12.526005    0.0000714271
   25.726100     -4.175335    0.0000200247
   25.726100      4.175335   -0.0000160854
   25.726100     12.526005   -0.0000361744
   25.726100     20.876675   -0.0000400104
   25.726100     29.227345   -0.0000276435
   25.726100     37.578015    0.0000008855
   25.726100     45.928685    0.0000455382
   25.726100     54.279355    0.0001053985
   25.726100     62.630025    0.0001761500

   33.076414    -62.630025    0.0009833356
   33.076414    -54.279355    0.0008110250
   33.076414    -45.928685    0.0006416304
   33.076414    -37.578015    0.0004839788
   33.076414    -29.227345    0.0003419082
   33.076414    -20.876675    0.0002177601
   33.076414    -12.526005    0.0001137178
   33.076414     -4.175335    0.0000319454
   33.076414      4.175335   -0.0000257476
   33.076414     12.526005   -0.0000582248
   33.076414     20.876675   -0.0000650688
   33.076414     29.227345   -0.0000463262
   33.076414     37.578015   -0.0000021619
   33.076414     45.928685    0.0000671374
   33.076414     54.279355    0.0001601386
   33.076414     62.630025    0.0002713081

   40.426728    -62.630025    0.0013923111
   40.426728    -54.279355    0.0011410487
   40.426728    -45.928685    0.0009076946
   40.426728    -37.578015    0.0006880916
   40.426728    -29.227345    0.0004867856
   40.426728    -20.876675    0.0003097805
   40.426728    -12.526005    0.0001617188
   40.426728     -4.175335    0.0000455338
   40.426728      4.175335   -0.0000369069
   40.426728     12.526005   -0.0000841686
   40.426728     20.876675   -0.0000951532
   40.426728     29.227345   -0.0000695896
   40.426728     37.578015   -0.0000086832
   40.426728     45.928685    0.0000849787
   40.426728     54.279355    0.0002096464
   40.426728     62.630025    0.0003706071

   47.777042    -62.630025    0.0018253194
   47.777042    -54.279355    0.0014857620
   47.777042    -45.928685    0.0011891464
   47.777042    -37.578015    0.0009064333
   47.777042    -29.227345    0.0006423215
   47.777042    -20.876675    0.0004084901
   47.777042    -12.526005    0.0002132283
   47.777042     -4.175335    0.0000602039
   47.777042      4.175335   -0.0000491127
   47.777042     12.526005   -0.0001130843
   47.777042     20.876675   -0.0001295541
   47.777042     29.227345   -0.0000976911
   47.777042     37.578015   -0.0000204516
   47.777042     45.928685    0.0000956867
   47.777042     54.279355    0.0002488312
   47.777042     62.630025    0.0004644962

   55.127356    -62.630025    0.0022657694
   55.127356    -54.279355    0.0018687626
   55.127356    -45.928685    0.0014859091
   55.127356    -37.578015    0.0011266247
   55.127356    -29.227345    0.0007992945
   55.127356    -20.876675    0.0005112054
   55.127356    -12.526005    0.0002684934
   55.127356     -4.175335    0.0000761065
   55.127356      4.175335   -0.0000622199
   55.127356     12.526005   -0.0001439731
   55.127356     20.876675   -0.0001678590
   55.127356     29.227345   -0.0001337807
   55.127356     37.578015   -0.0000427995
   55.127356     45.928685    0.0001029274
   55.127356     54.279355    0.0003002342
   55.127356     62.630025    0.0005450641

