  -38.681015    -61.469935    0.0654760944
  -38.681015    -53.273944    0.0615148102
  -38.681015    -45.077952    0.0581505440
  -38.681015    -36.881961    0.0553708677
  -38.681015    -28.685970    0.0531645783
  -38.681015    -20.489978    0.0515217435
  -38.681015    -12.293987    0.0504337396
  -38.681015     -4.097996    0.0498932820
  -38.681015      4.097996    0.0498944492
  -38.681015     12.293987    0.0504326976
  -38.681015     20.489978    0.0515048704
  -38.681015     28.685970    0.0531091981
  -38.681015     36.881961    0.0552452921
  -38.681015     45.077952    0.0579141303
  -38.681015     53.273944    0.0611180357
  -38.681015     61.469935    0.0648606474

  -33.523546    -61.469935    0.0532305510
  -33.523546    -53.273944    0.0491464443
  -33.523546    -45.077952    0.0456736755
  -33.523546    -36.881961    0.0428010100
  -33.523546    -28.685970    0.0405183362
  -33.523546    -20.489978    0.0388167156
  -33.523546    -12.293987    0.0376884232
  -33.523546     -4.097996    0.0371269806
  -33.523546      4.097996    0.0371271798
  -33.523546     12.293987    0.0376850988
  -33.523546     20.489978    0.0387981085
  -33.523546     28.685970    0.0404648717
  -33.523546     36.881961    0.0426853324
  -33.523546     45.077952    0.0454606978
  -33.523546     53.273944    0.0487934116
  -33.523546     61.469935    0.0526871178

  -28.366078    -61.469935    0.0429092478
  -28.366078    -53.273944    0.0387251421
  -28.366078    -45.077952    0.0351638169
  -28.366078    -36.881961    0.0322150570
  -28.366078    -28.685970    0.0298697284
  -28.366078    -20.489978    0.0281198138
  -28.366078    -12.293987    0.0269584431
  -28.366078     -4.097996    0.0263799177
  -28.366078      4.097996    0.0263797280
  -28.366078     12.293987    0.0269545656
  -28.366078     20.489978    0.0281023292
  -28.366078     28.685970    0.0298221243
  -28.366078     36.881961    0.0321142569
  -28.366078     45.077952    0.0349802214
  -28.366078     53.273944    0.0384226819
  -28.366078     61.469935    0.0424454480

  -23.208609    -61.469935    0.0344279560
  -23.208609    -53.273944    0.0301651284
  -23.208609    -45.077952    0.0265337404
  -23.208609    -36.881961    0.0235245030
  -23.208609    -28.685970    0.0211291787
  -23.208609    -20.489978    0.0193406053
  -23.208609    -12.293987    0.0181527157
  -23.208609     -4.097996    0.0175605540
  -23.208609      4.097996    0.0175602877
  -23.208609     12.293987    0.0181492164
  -23.208609     20.489978    0.0193257762
  -23.208609     28.685970    0.0210895412
  -23.208609     36.881961    0.0234412202
  -23.208609     45.077952    0.0263826502
  -23.208609     53.273944    0.0299167863
  -23.208609     61.469935    0.0340476876

  -18.051140    -61.469935    0.0277171952
  -18.051140    -53.273944    0.0233956817
  -18.051140    -45.077952    0.0197115933
  -18.051140    -36.881961    0.0166565061
  -18.051140    -28.685970    0.0142230149
  -18.051140    -20.489978    0.0124047514
  -18.051140    -12.293987    0.0111963997
  -18.051140     -4.097996    0.0105937083
  -18.051140      4.097996    0.0105934999
  -18.051140     12.293987    0.0111936778
  -18.051140     20.489978    0.0123932294
  -18.051140     28.685970    0.0141922275
  -18.051140     36.881961    0.0165918274
  -18.051140     45.077952    0.0195942624
  -18.051140     53.273944    0.0232028356
  -18.051140     61.469935    0.0274219090

  -12.893672    -61.469935    0.0227217829
  -12.893672    -53.273944    0.0183606672
  -12.893672    -45.077952    0.0146403958
  -12.893672    -36.881961    0.0115533538
  -12.893672    -28.685970    0.0090929086
  -12.893672    -20.489978    0.0072534299
  -12.893672    -12.293987    0.0060303054
  -12.893672     -4.097996    0.0054199533
  -12.893672      4.097996    0.0054198320
  -12.893672     12.293987    0.0060284456
  -12.893672     20.489978    0.0072453468
  -12.893672     28.685970    0.0090711359
  -12.893672     36.881961    0.0115074569
  -12.893672     45.077952    0.0145569901
  -12.893672     53.273944    0.0182234408
  -12.893672     61.469935    0.0225115260

   -7.736203    -61.469935    0.0194004986
   -7.736203    -53.273944    0.0150181832
   -7.736203    -45.077952    0.0112776574
   -7.736203    -36.881961    0.0081720492
   -7.736203    -28.685970    0.0056954385
   -7.736203    -20.489978    0.0038428808
   -7.736203    -12.293987    0.0026104259
   -7.736203     -4.097996    0.0019951326
   -7.736203      4.097996    0.0019950790
   -7.736203     12.293987    0.0026093681
   -7.736203     20.489978    0.0038381299
   -7.736203     28.685970    0.0056825182
   -7.736203     36.881961    0.0081447035
   -7.736203     45.077952    0.0112278615
   -7.736203     53.273944    0.0149361573
   -7.736203     61.469935    0.0192747250

   -2.578734    -61.469935    0.0177258593
   -2.578734    -53.273944    0.0133403214
   -2.578734    -45.077952    0.0095951104
   -2.578734    -36.881961    0.0064840192
   -2.578734    -28.685970    0.0040017771
   -2.578734    -20.489978    0.0021440763
   -2.578734    -12.293987    0.0009075925
   -2.578734     -4.097996    0.0002900010
   -2.578734      4.097996    0.0002899871
   -2.578734     12.293987    0.0009072520
   -2.578734     20.489978    0.0021425131
   -2.578734     28.685970    0.0039974998
   -2.578734     36.881961    0.0064749432
   -2.578734     45.077952    0.0095785617
   -2.578734     53.273944    0.0133130413
   -2.578734     61.469935    0.0176840098

    2.578734    -61.469935    0.0176840098
    2.578734    -53.273944    0.0133130413
    2.578734    -45.077952    0.0095785617
    2.578734    -36.881961    0.0064749432
    2.578734    -28.685970    0.0039974998
    2.578734    -20.489978    0.0021425131
    2.578734    -12.293987    0.0009072520
    2.578734     -4.097996    0.0002899871
    2.578734      4.097996    0.0002900010
    2.578734     12.293987    0.0009075925
    2.578734     20.489978    0.0021440763
    2.578734     28.685970    0.0040017771
    2.578734     36.881961    0.0064840192
    2.578734     45.077952    0.0095951104
    2.578734     53.273944    0.0133403214
    2.578734     61.469935    0.0177258593

    7.736203    -61.469935    0.0192747250
    7.736203    -53.273944    0.0149361573
    7.736203    -45.077952    0.0112278615
    7.736203    -36.881961    0.0081447035
    7.736203    -28.685970    0.0056825182
    7.736203    -20.489978    0.0038381299
    7.736203    -12.293987    0.0026093681
    7.736203     -4.097996    0.0019950790
    7.736203      4.097996    0.0019951326
    7.736203     12.293987    0.0026104259
    7.736203     20.489978    0.0038428808
    7.736203     28.685970    0.0056954385
    7.736203     36.881961    0.0081720492
    7.736203     45.077952    0.0112776574
    7.736203     53.273944    0.0150181832
    7.736203     61.469935    0.0194004986

   12.893672    -61.469935    0.0225115260
   12.893672    -53.273944    0.0182234408
   12.893672    -45.077952    0.0145569901
   12.893672    -36.881961    0.0115074569
   12.893672    -28.685970    0.0090711359
   12.893672    -20.489978    0.0072453468
   12.893672    -12.293987    0.0060284456
   12.893672     -4.097996    0.0054198320
   12.893672      4.097996    0.0054199533
   12.893672     12.293987    0.0060303054
   12.893672     20.489978    0.0072534299
   12.893672     28.685970    0.0090929086
   12.893672     36.881961    0.0115533538
   12.893672     45.077952    0.0146403958
   12.893672     53.273944    0.0183606672
   12.893672     61.469935    0.0227217829

   18.051140    -61.469935    0.0274219090
   18.051140    -53.273944    0.0232028356
   18.051140    -45.077952    0.0195942624
   18.051140    -36.881961    0.0165918274
   18.051140    -28.685970    0.0141922275
   18.051140    -20.489978    0.0123932294
   18.051140    -12.293987    0.0111936778
   18.051140     -4.097996    0.0105934999
   18.051140      4.097996    0.0105937083
   18.051140     12.293987    0.0111963997
   18.051140     20.489978    0.0124047514
   18.051140     28.685970    0.0142230149
   18.051140     36.881961    0.0166565061
   18.051140     45.077952    0.0197115933
   18.051140     53.273944    0.0233956817
   18.051140     61.469935    0.0277171952

   23.208609    -61.469935    0.0340476876
   23.208609    -53.273944    0.0299167863
   23.208609    -45.077952    0.0263826502
   23.208609    -36.881961    0.0234412202
   23.208609    -28.685970    0.0210895412
   23.208609    -20.489978    0.0193257762
   23.208609    -12.293987    0.0181492164
   23.208609     -4.097996    0.0175602877
   23.208609      4.097996    0.0175605540
   23.208609     12.293987    0.0181527157
   23.208609     20.489978    0.0193406053
   23.208609     28.685970    0.0211291787
   23.208609     36.881961    0.0235245030
   23.208609     45.077952    0.0265337404
   23.208609     53.273944    0.0301651284
   23.208609     61.469935    0.0344279560

   28.366078    -61.469935    0.0424454480
   28.366078    -53.273944    0.0384226819
   28.366078    -45.077952    0.0349802214
   28.366078    -36.881961    0.0321142569
   28.366078    -28.685970    0.0298221243
   28.366078    -20.489978    0.0281023292
   28.366078    -12.293987    0.0269545656
   28.366078     -4.097996    0.0263797280
   28.366078      4.097996    0.0263799177
   28.366078     12.293987    0.0269584431
   28.366078     20.489978    0.0281198138
   28.366078     28.685970    0.0298697284
   28.366078     36.881961    0.0322150570
   28.366078     45.077952    0.0351638169
   28.366078     53.273944    0.0387251421
   28.366078     61.469935    0.0429092478

   33.523546    -61.469935    0.0526871178
   33.523546    -53.273944    0.0487934116
   33.523546    -45.077952    0.0454606978
   33.523546    -36.881961    0.0426853324
   33.523546    -28.685970    0.0404648717
   33.523546    -20.489978    0.0387981085
   33.523546    -12.293987    0.0376850988
   33.523546     -4.097996    0.0371271798
   33.523546      4.097996    0.0371269806
   33.523546     12.293987    0.0376884232
   33.523546     20.489978    0.0388167156
   33.523546     28.685970    0.0405183362
   33.523546     36.881961    0.0428010100
   33.523546     45.077952    0.0456736755
   33.523546     53.273944    0.0491464443
   33.523546     61.469935    0.0532305510

   38.681015    -61.469935    0.0648606474
   38.681015    -53.273944    0.0611180357
   38.681015    -45.077952    0.0579141303
   38.681015    -36.881961    0.0552452921
   38.681015    -28.685970    0.0531091981
   38.681015    -20.489978    0.0515048704
   38.681015    -12.293987    0.0504326976
   38.681015     -4.097996    0.0498944492
   38.681015      4.097996    0.0498932820
   38.681015     12.293987    0.0504337396
   38.681015     20.489978    0.0515217435
   38.681015     28.685970    0.0531645783
   38.681015     36.881961    0.0553708677
   38.681015     45.077952    0.0581505440
   38.681015     53.273944    0.0615148102
   38.681015     61.469935    0.0654760944

