  -34.795266    -47.456659   -0.0202630248
  -34.795266    -41.129105   -0.0151278265
  -34.795266    -34.801550   -0.0105810660
  -34.795266    -28.473996   -0.0067336517
  -34.795266    -22.146441   -0.0036795944
  -34.795266    -15.818886   -0.0014898591
  -34.795266     -9.491332   -0.0002072769
  -34.795266     -3.163777    0.0001568672
  -34.795266      3.163777   -0.0003758258
  -34.795266      9.491332   -0.0017517758
  -34.795266     15.818886   -0.0038885322
  -34.795266     22.146441   -0.0066798177
  -34.795266     28.473996   -0.0100020191
  -34.795266     34.801550   -0.0137214179
  -34.795266     41.129105   -0.0177012310
  -34.795266     47.456659   -0.0218073122

  -30.155897    -47.456659   -0.0147695483
  -30.155897    -41.129105   -0.0111236097
  -30.155897    -34.801550   -0.0077668582
  -30.155897    -28.473996   -0.0049502437
  -30.155897    -22.146441   -0.0027423584
  -30.155897    -15.818886   -0.0011598801
  -30.155897     -9.491332   -0.0002140284
  -30.155897     -3.163777    0.0000880013
  -30.155897      3.163777   -0.0002425432
  -30.155897      9.491332   -0.0011650862
  -30.155897     15.818886   -0.0026119701
  -30.155897     22.146441   -0.0045036404
  -30.155897     28.473996   -0.0067667907
  -30.155897     34.801550   -0.0093357014
  -30.155897     41.129105   -0.0121072154
  -30.155897     47.456659   -0.0148100089

  -25.516528    -47.456659   -0.0104228800
  -25.516528    -41.129105   -0.0078182596
  -25.516528    -34.801550   -0.0054886517
  -25.516528    -28.473996   -0.0035297861
  -25.516528    -22.146441   -0.0019823884
  -25.516528    -15.818886   -0.0008660193
  -25.516528     -9.491332   -0.0001905337
  -25.516528     -3.163777    0.0000441763
  -25.516528      3.163777   -0.0001478138
  -25.516528      9.491332   -0.0007359745
  -25.516528     15.818886   -0.0016749276
  -25.516528     22.146441   -0.0029100155
  -25.516528     28.473996   -0.0043840100
  -25.516528     34.801550   -0.0060394398
  -25.516528     41.129105   -0.0078083146
  -25.516528     47.456659   -0.0095783314

  -20.877160    -47.456659   -0.0070090305
  -20.877160    -41.129105   -0.0052305152
  -20.877160    -34.801550   -0.0036894979
  -20.877160    -28.473996   -0.0023919630
  -20.877160    -22.146441   -0.0013595882
  -20.877160    -15.818886   -0.0006107771
  -20.877160     -9.491332   -0.0001530841
  -20.877160     -3.163777    0.0000178556
  -20.877160      3.163777   -0.0000834225
  -20.877160      9.491332   -0.0004342957
  -20.877160     15.818886   -0.0010051890
  -20.877160     22.146441   -0.0017596793
  -20.877160     28.473996   -0.0026546895
  -20.877160     34.801550   -0.0036430919
  -20.877160     41.129105   -0.0046822457
  -20.877160     47.456659   -0.0057531887

  -16.237791    -47.456659   -0.0043700758
  -16.237791    -41.129105   -0.0032535740
  -16.237791    -34.801550   -0.0022959999
  -16.237791    -28.473996   -0.0014935130
  -16.237791    -22.146441   -0.0008566119
  -16.237791    -15.818886   -0.0003946065
  -16.237791     -9.491332   -0.0001096323
  -16.237791     -3.163777    0.0000039635
  -16.237791      3.163777   -0.0000420001
  -16.237791      9.491332   -0.0002312812
  -16.237791     15.818886   -0.0005440011
  -16.237791     22.146441   -0.0009564176
  -16.237791     28.473996   -0.0014406614
  -16.237791     34.801550   -0.0019664387
  -16.237791     41.129105   -0.0025077340
  -16.237791     47.456659   -0.0030585716

  -11.598422    -47.456659   -0.0023956990
  -11.598422    -41.129105   -0.0017806558
  -11.598422    -34.801550   -0.0012500327
  -11.598422    -28.473996   -0.0008107958
  -11.598422    -22.146441   -0.0004669325
  -11.598422    -15.818886   -0.0002193899
  -11.598422     -9.491332   -0.0000659920
  -11.598422     -3.163777   -0.0000014383
  -11.598422      3.163777   -0.0000174522
  -11.598422      9.491332   -0.0001031137
  -11.598422     15.818886   -0.0002453749
  -11.598422     22.146441   -0.0004297244
  -11.598422     28.473996   -0.0006409297
  -11.598422     34.801550   -0.0008637556
  -11.598422     41.129105   -0.0010835182
  -11.598422     47.456659   -0.0012863033

   -6.959053    -47.456659   -0.0010164931
   -6.959053    -41.129105   -0.0007492477
   -6.959053    -34.801550   -0.0005189154
   -6.959053    -28.473996   -0.0003324421
   -6.959053    -22.146441   -0.0001901666
   -6.959053    -15.818886   -0.0000898977
   -6.959053     -9.491332   -0.0000284451
   -6.959053     -3.163777   -0.0000018053
   -6.959053      3.163777   -0.0000048951
   -6.959053      9.491332   -0.0000314230
   -6.959053     15.818886   -0.0000741827
   -6.959053     22.146441   -0.0001257476
   -6.959053     28.473996   -0.0001792418
   -6.959053     34.801550   -0.0002285566
   -6.959053     41.129105   -0.0002670769
   -6.959053     47.456659   -0.0002836784

   -2.319684    -47.456659   -0.0001991800
   -2.319684    -41.129105   -0.0001417091
   -2.319684    -34.801550   -0.0000943623
   -2.319684    -28.473996   -0.0000578513
   -2.319684    -22.146441   -0.0000315384
   -2.319684    -15.818886   -0.0000142085
   -2.319684     -9.491332   -0.0000043826
   -2.319684     -3.163777   -0.0000003880
   -2.319684      3.163777   -0.0000003518
   -2.319684      9.491332   -0.0000022190
   -2.319684     15.818886   -0.0000038484
   -2.319684     22.146441   -0.0000031769
   -2.319684     28.473996    0.0000016093
   -2.319684     34.801550    0.0000120172
   -2.319684     41.129105    0.0000294789
   -2.319684     47.456659    0.0000561048

    2.319684    -47.456659    0.0000561048
    2.319684    -41.129105    0.0000294789
    2.319684    -34.801550    0.0000120172
    2.319684    -28.473996    0.0000016093
    2.319684    -22.146441   -0.0000031769
    2.319684    -15.818886   -0.0000038484
    2.319684     -9.491332   -0.0000022190
    2.319684     -3.163777   -0.0000003518
    2.319684      3.163777   -0.0000003880
    2.319684      9.491332   -0.0000043826
    2.319684     15.818886   -0.0000142085
    2.319684     22.146441   -0.0000315384
    2.319684     28.473996   -0.0000578513
    2.319684     34.801550   -0.0000943623
    2.319684     41.129105   -0.0001417091
    2.319684     47.456659   -0.0001991800

    6.959053    -47.456659   -0.0002836784
    6.959053    -41.129105   -0.0002670769
    6.959053    -34.801550   -0.0002285566
    6.959053    -28.473996   -0.0001792418
    6.959053    -22.146441   -0.0001257476
    6.959053    -15.818886   -0.0000741827
    6.959053     -9.491332   -0.0000314230
    6.959053     -3.163777   -0.0000048951
    6.959053      3.163777   -0.0000018053
    6.959053      9.491332   -0.0000284451
    6.959053     15.818886   -0.0000898977
    6.959053     22.146441   -0.0001901666
    6.959053     28.473996   -0.0003324421
    6.959053     34.801550   -0.0005189154
    6.959053     41.129105   -0.0007492477
    6.959053     47.456659   -0.0010164931

   11.598422    -47.456659   -0.0012863033
   11.598422    -41.129105   -0.0010835182
   11.598422    -34.801550   -0.0008637556
   11.598422    -28.473996   -0.0006409297
   11.598422    -22.146441   -0.0004297244
   11.598422    -15.818886   -0.0002453749
   11.598422     -9.491332   -0.0001031137
   11.598422     -3.163777   -0.0000174522
   11.598422      3.163777   -0.0000014383
   11.598422      9.491332   -0.0000659920
   11.598422     15.818886   -0.0002193899
   11.598422     22.146441   -0.0004669325
   11.598422     28.473996   -0.0008107958
   11.598422     34.801550   -0.0012500327
   11.598422     41.129105   -0.0017806558
   11.598422     47.456659   -0.0023956990

   16.237791    -47.456659   -0.0030585716
   16.237791    -41.129105   -0.0025077340
   16.237791    -34.801550   -0.0019664387
   16.237791    -28.473996   -0.0014406614
   16.237791    -22.146441   -0.0009564176
   16.237791    -15.818886   -0.0005440011
   16.237791     -9.491332   -0.0002312812
   16.237791     -3.163777   -0.0000420001
   16.237791      3.163777    0.0000039635
   16.237791      9.491332   -0.0001096323
   16.237791     15.818886   -0.0003946065
   16.237791     22.146441   -0.0008566119
   16.237791     28.473996   -0.0014935130
   16.237791     34.801550   -0.0022959999
   16.237791     41.129105   -0.0032535740
   16.237791     47.456659   -0.0043700758

   20.877160    -47.456659   -0.0057531887
   20.877160    -41.129105   -0.0046822457
   20.877160    -34.801550   -0.0036430919
   20.877160    -28.473996   -0.0026546895
   20.877160    -22.146441   -0.0017596793
   20.877160    -15.818886   -0.0010051890
   20.877160     -9.491332   -0.0004342957
   20.877160     -3.163777   -0.0000834225
   20.877160      3.163777    0.0000178556
   20.877160      9.491332   -0.0001530841
   20.877160     15.818886   -0.0006107771
   20.877160     22.146441   -0.0013595882
   20.877160     28.473996   -0.0023919630
   20.877160     34.801550   -0.0036894979
   20.877160     41.129105   -0.0052305152
   20.877160     47.456659   -0.0070090305

   25.516528    -47.456659   -0.0095783314
   25.516528    -41.129105   -0.0078083146
   25.516528    -34.801550   -0.0060394398
   25.516528    -28.473996   -0.0043840100
   25.516528    -22.146441   -0.0029100155
   25.516528    -15.818886   -0.0016749276
   25.516528     -9.491332   -0.0007359745
   25.516528     -3.163777   -0.0001478138
   25.516528      3.163777    0.0000441763
   25.516528      9.491332   -0.0001905337
   25.516528     15.818886   -0.0008660193
   25.516528     22.146441   -0.0019823884
   25.516528     28.473996   -0.0035297861
   25.516528     34.801550   -0.0054886517
   25.516528     41.129105   -0.0078182596
   25.516528     47.456659   -0.0104228800

   30.155897    -47.456659   -0.0148100089
   30.155897    -41.129105   -0.0121072154
   30.155897    -34.801550   -0.0093357014
   30.155897    -28.473996   -0.0067667907
   30.155897    -22.146441   -0.0045036404
   30.155897    -15.818886   -0.0026119701
   30.155897     -9.491332   -0.0011650862
   30.155897     -3.163777   -0.0002425432
   30.155897      3.163777    0.0000880013
   30.155897      9.491332   -0.0002140284
   30.155897     15.818886   -0.0011598801
   30.155897     22.146441   -0.0027423584
   30.155897     28.473996   -0.0049502437
   30.155897     34.801550   -0.0077668582
   30.155897     41.129105   -0.0111236097
   30.155897     47.456659   -0.0147695483

   34.795266    -47.456659   -0.0218073122
   34.795266    -41.129105   -0.0177012310
   34.795266    -34.801550   -0.0137214179
   34.795266    -28.473996   -0.0100020191
   34.795266    -22.146441   -0.0066798177
   34.795266    -15.818886   -0.0038885322
   34.795266     -9.491332   -0.0017517758
   34.795266     -3.163777   -0.0003758258
   34.795266      3.163777    0.0001568672
   34.795266      9.491332   -0.0002072769
   34.795266     15.818886   -0.0014898591
   34.795266     22.146441   -0.0036795944
   34.795266     28.473996   -0.0067336517
   34.795266     34.801550   -0.0105810660
   34.795266     41.129105   -0.0151278265
   34.795266     47.456659   -0.0202630248

