  -44.766107    -50.614883    0.0898779348
  -44.766107    -43.866232    0.0841460027
  -44.766107    -37.117581    0.0791856411
  -44.766107    -30.368930    0.0750221981
  -44.766107    -23.620279    0.0716726111
  -44.766107    -16.871628    0.0691492761
  -44.766107    -10.122977    0.0674615567
  -44.766107     -3.374326    0.0666159916
  -44.766107      3.374326    0.0666159916
  -44.766107     10.122977    0.0674615567
  -44.766107     16.871628    0.0691492761
  -44.766107     23.620279    0.0716726111
  -44.766107     30.368930    0.0750221981
  -44.766107     37.117581    0.0791856411
  -44.766107     43.866232    0.0841460027
  -44.766107     50.614883    0.0898779348

  -40.053885    -50.614883    0.0799116736
  -40.053885    -43.866232    0.0740229133
  -40.053885    -37.117581    0.0689232012
  -40.053885    -30.368930    0.0646456948
  -40.053885    -23.620279    0.0612069186
  -40.053885    -16.871628    0.0586173449
  -40.053885    -10.122977    0.0568853366
  -40.053885     -3.374326    0.0560174649
  -40.053885      3.374326    0.0560174649
  -40.053885     10.122977    0.0568853366
  -40.053885     16.871628    0.0586173449
  -40.053885     23.620279    0.0612069186
  -40.053885     30.368930    0.0646456948
  -40.053885     37.117581    0.0689232012
  -40.053885     43.866232    0.0740229133
  -40.053885     50.614883    0.0799116736

  -35.341663    -50.614883    0.0703028030
  -35.341663    -43.866232    0.0642673148
  -35.341663    -37.117581    0.0590524543
  -35.341663    -30.368930    0.0546793691
  -35.341663    -23.620279    0.0511634756
  -35.341663    -16.871628    0.0485163978
  -35.341663    -10.122977    0.0467467835
  -35.341663     -3.374326    0.0458604871
  -35.341663      3.374326    0.0458604871
  -35.341663     10.122977    0.0467467835
  -35.341663     16.871628    0.0485163978
  -35.341663     23.620279    0.0511634756
  -35.341663     30.368930    0.0546793691
  -35.341663     37.117581    0.0590524543
  -35.341663     43.866232    0.0642673148
  -35.341663     50.614883    0.0703028030

  -30.629441    -50.614883    0.0611482851
  -30.629441    -43.866232    0.0549933387
  -30.629441    -37.117581    0.0496832460
  -30.629441    -30.368930    0.0452328379
  -30.629441    -23.620279    0.0416561416
  -30.629441    -16.871628    0.0389644689
  -30.629441    -10.122977    0.0371658890
  -30.629441     -3.374326    0.0362654166
  -30.629441      3.374326    0.0362654166
  -30.629441     10.122977    0.0371658890
  -30.629441     16.871628    0.0389644689
  -30.629441     23.620279    0.0416561416
  -30.629441     30.368930    0.0452328379
  -30.629441     37.117581    0.0496832460
  -30.629441     43.866232    0.0549933387
  -30.629441     50.614883    0.0611482851

  -25.917220    -50.614883    0.0525618541
  -25.917220    -43.866232    0.0463208378
  -25.917220    -37.117581    0.0409412451
  -25.917220    -30.368930    0.0364369161
  -25.917220    -23.620279    0.0328199999
  -25.917220    -16.871628    0.0300999151
  -25.917220    -10.122977    0.0282832219
  -25.917220     -3.374326    0.0273739365
  -25.917220      3.374326    0.0273739365
  -25.917220     10.122977    0.0282832219
  -25.917220     16.871628    0.0300999151
  -25.917220     23.620279    0.0328199999
  -25.917220     30.368930    0.0364369161
  -25.917220     37.117581    0.0409412451
  -25.917220     43.866232    0.0463208378
  -25.917220     50.614883    0.0525618541

  -21.204998    -50.614883    0.0446758870
  -21.204998    -43.866232    0.0383873345
  -21.204998    -37.117581    0.0329727572
  -21.204998    -30.368930    0.0284449725
  -21.204998    -23.620279    0.0248134439
  -21.204998    -16.871628    0.0220848397
  -21.204998    -10.122977    0.0202635852
  -21.204998     -3.374326    0.0193523389
  -21.204998      3.374326    0.0193523389
  -21.204998     10.122977    0.0202635852
  -21.204998     16.871628    0.0220848397
  -21.204998     23.620279    0.0248134439
  -21.204998     30.368930    0.0284449725
  -21.204998     37.117581    0.0329727572
  -21.204998     43.866232    0.0383873345
  -21.204998     50.614883    0.0446758870

  -16.492776    -50.614883    0.0376438934
  -16.492776    -43.866232    0.0313544069
  -16.492776    -37.117581    0.0259486862
  -16.492776    -30.368930    0.0214358173
  -16.492776    -23.620279    0.0178215019
  -16.492776    -16.871628    0.0151090321
  -16.492776    -10.122977    0.0133001160
  -16.492776     -3.374326    0.0123955220
  -16.492776      3.374326    0.0123955220
  -16.492776     10.122977    0.0133001160
  -16.492776     16.871628    0.0151090321
  -16.492776     23.620279    0.0178215019
  -16.492776     30.368930    0.0214358173
  -16.492776     37.117581    0.0259486862
  -16.492776     43.866232    0.0313544069
  -16.492776     50.614883    0.0376438934

  -11.780554    -50.614883    0.0316435588
  -11.780554    -43.866232    0.0254112707
  -11.780554    -37.117581    0.0200683053
  -11.780554    -30.368930    0.0156177282
  -11.780554    -23.620279    0.0120601576
  -11.780554    -16.871628    0.0093945252
  -11.780554    -10.122977    0.0076189806
  -11.780554     -3.374326    0.0067317412
  -11.780554      3.374326    0.0067317412
  -11.780554     10.122977    0.0076189806
  -11.780554     16.871628    0.0093945252
  -11.780554     23.620279    0.0120601576
  -11.780554     30.368930    0.0156177282
  -11.780554     37.117581    0.0200683053
  -11.780554     43.866232    0.0254112707
  -11.780554     50.614883    0.0316435588

   -7.068333    -50.614883    0.0268803145
   -7.068333    -43.866232    0.0207776659
   -7.068333    -37.117581    0.0155633815
   -7.068333    -30.368930    0.0112333740
   -7.068333    -23.620279    0.0077815472
   -7.068333    -16.871628    0.0052009170
   -7.068333    -10.122977    0.0034848551
   -7.068333     -3.374326    0.0026282227
   -7.068333      3.374326    0.0026282227
   -7.068333     10.122977    0.0034848551
   -7.068333     16.871628    0.0052009170
   -7.068333     23.620279    0.0077815472
   -7.068333     30.368930    0.0112333740
   -7.068333     37.117581    0.0155633815
   -7.068333     43.866232    0.0207776659
   -7.068333     50.614883    0.0268803145

   -2.356111    -50.614883    0.0235914534
   -2.356111    -43.866232    0.0177075188
   -2.356111    -37.117581    0.0127030746
   -2.356111    -30.368930    0.0085655441
   -2.356111    -23.620279    0.0052800383
   -2.356111    -16.871628    0.0028316540
   -2.356111    -10.122977    0.0012074197
   -2.356111     -3.374326    0.0003978151
   -2.356111      3.374326    0.0003978151
   -2.356111     10.122977    0.0012074197
   -2.356111     16.871628    0.0028316540
   -2.356111     23.620279    0.0052800383
   -2.356111     30.368930    0.0085655441
   -2.356111     37.117581    0.0127030746
   -2.356111     43.866232    0.0177075188
   -2.356111     50.614883    0.0235914534

    2.356111    -50.614883    0.0220508505
    2.356111    -43.866232    0.0164942087
    2.356111    -37.117581    0.0117999184
    2.356111    -30.368930    0.0079437450
    2.356111    -23.620279    0.0048993207
    2.356111    -16.871628    0.0026415162
    2.356111    -10.122977    0.0011491338
    2.356111     -3.374326    0.0004069228
    2.356111      3.374326    0.0004069228
    2.356111     10.122977    0.0011491338
    2.356111     16.871628    0.0026415162
    2.356111     23.620279    0.0048993207
    2.356111     30.368930    0.0079437450
    2.356111     37.117581    0.0117999184
    2.356111     43.866232    0.0164942087
    2.356111     50.614883    0.0220508505

    7.068333    -50.614883    0.0225743919
    7.068333    -43.866232    0.0174776225
    7.068333    -37.117581    0.0132170673
    7.068333    -30.368930    0.0097518732
    7.068333    -23.620279    0.0070407619
    7.068333    -16.871628    0.0050455933
    7.068333    -10.122977    0.0037345995
    7.068333     -3.374326    0.0030850316
    7.068333      3.374326    0.0030850316
    7.068333     10.122977    0.0037345995
    7.068333     16.871628    0.0050455933
    7.068333     23.620279    0.0070407619
    7.068333     30.368930    0.0097518732
    7.068333     37.117581    0.0132170673
    7.068333     43.866232    0.0174776225
    7.068333     50.614883    0.0225743919

   11.780554    -50.614883    0.0255262596
   11.780554    -43.866232    0.0210525430
   11.780554    -37.117581    0.0173768773
   11.780554    -30.368930    0.0144373279
   11.780554    -23.620279    0.0121734056
   11.780554    -16.871628    0.0105300877
   11.780554    -10.122977    0.0094618563
   11.780554     -3.374326    0.0089362051
   11.780554      3.374326    0.0089362051
   11.780554     10.122977    0.0094618563
   11.780554     16.871628    0.0105300877
   11.780554     23.620279    0.0121734056
   11.780554     30.368930    0.0144373279
   11.780554     37.117581    0.0173768773
   11.780554     43.866232    0.0210525430
   11.780554     50.614883    0.0255262596

   16.492776    -50.614883    0.0313262585
   16.492776    -43.866232    0.0276772710
   16.492776    -37.117581    0.0247707680
   16.492776    -30.368930    0.0225220756
   16.492776    -23.620279    0.0208461158
   16.492776    -16.871628    0.0196653256
   16.492776    -10.122977    0.0189159914
   16.492776     -3.374326    0.0185529986
   16.492776      3.374326    0.0185529986
   16.492776     10.122977    0.0189159914
   16.492776     16.871628    0.0196653256
   16.492776     23.620279    0.0208461158
   16.492776     30.368930    0.0225220756
   16.492776     37.117581    0.0247707680
   16.492776     43.866232    0.0276772710
   16.492776     50.614883    0.0313262585

   21.204998    -50.614883    0.0404584194
   21.204998    -43.866232    0.0378807423
   21.204998    -37.117581    0.0359701954
   21.204998    -30.368930    0.0346163300
   21.204998    -23.620279    0.0337024922
   21.204998    -16.871628    0.0331214070
   21.204998    -10.122977    0.0327854866
   21.204998     -3.374326    0.0326333028
   21.204998      3.374326    0.0326333028
   21.204998     10.122977    0.0327854866
   21.204998     16.871628    0.0331214070
   21.204998     23.620279    0.0337024922
   21.204998     30.368930    0.0346163300
   21.204998     37.117581    0.0359701954
   21.204998     43.866232    0.0378807423
   21.204998     50.614883    0.0404584194

   25.917220    -50.614883    0.0534811513
   25.917220    -43.866232    0.0522657547
   25.917220    -37.117581    0.0516384465
   25.917220    -30.368930    0.0514356633
   25.917220    -23.620279    0.0514993074
   25.917220    -16.871628    0.0516869678
   25.917220    -10.122977    0.0518817634
   25.917220     -3.374326    0.0520006989
   25.917220      3.374326    0.0520006989
   25.917220     10.122977    0.0518817634
   25.917220     16.871628    0.0516869678
   25.917220     23.620279    0.0514993074
   25.917220     30.368930    0.0514356633
   25.917220     37.117581    0.0516384465
   25.917220     43.866232    0.0522657547
   25.917220     50.614883    0.0534811513

