  -48.827424    -48.902142   -0.0002716479
  -48.827424    -42.381856   -0.0000925925
  -48.827424    -35.861571    0.0000063668
  -48.827424    -29.341285    0.0000468413
  -48.827424    -22.821000    0.0000497624
  -48.827424    -16.300714    0.0000338343
  -48.827424     -9.780428    0.0000142498
  -48.827424     -3.260143    0.0000016997
  -48.827424      3.260143    0.0000016997
  -48.827424      9.780428    0.0000142498
  -48.827424     16.300714    0.0000338343
  -48.827424     22.821000    0.0000497624
  -48.827424     29.341285    0.0000468413
  -48.827424     35.861571    0.0000063668
  -48.827424     42.381856   -0.0000925925
  -48.827424     48.902142   -0.0002716479

  -42.317101    -48.902142   -0.0002119509
  -42.317101    -42.381856   -0.0001117110
  -42.317101    -35.861571   -0.0000048594
  -42.317101    -29.341285    0.0000428581
  -42.317101    -22.821000    0.0000441319
  -42.317101    -16.300714    0.0000268845
  -42.317101     -9.780428    0.0000101046
  -42.317101     -3.260143    0.0000011217
  -42.317101      3.260143    0.0000011217
  -42.317101      9.780428    0.0000101046
  -42.317101     16.300714    0.0000268845
  -42.317101     22.821000    0.0000441319
  -42.317101     29.341285    0.0000428581
  -42.317101     35.861571   -0.0000048594
  -42.317101     42.381856   -0.0001117110
  -42.317101     48.902142   -0.0002119509

  -35.806778    -48.902142   -0.0002005970
  -35.806778    -42.381856   -0.0000974773
  -35.806778    -35.861571   -0.0000231450
  -35.806778    -29.341285    0.0000124778
  -35.806778    -22.821000    0.0000203198
  -35.806778    -16.300714    0.0000146604
  -35.806778     -9.780428    0.0000061592
  -35.806778     -3.260143    0.0000007273
  -35.806778      3.260143    0.0000007273
  -35.806778      9.780428    0.0000061592
  -35.806778     16.300714    0.0000146604
  -35.806778     22.821000    0.0000203198
  -35.806778     29.341285    0.0000124778
  -35.806778     35.861571   -0.0000231450
  -35.806778     42.381856   -0.0000974773
  -35.806778     48.902142   -0.0002005970

  -29.296454    -48.902142   -0.0002117838
  -29.296454    -42.381856   -0.0001119864
  -29.296454    -35.861571   -0.0000548884
  -29.296454    -29.341285   -0.0000221043
  -29.296454    -22.821000   -0.0000053405
  -29.296454    -16.300714    0.0000008056
  -29.296454     -9.780428    0.0000012382
  -29.296454     -3.260143    0.0000001941
  -29.296454      3.260143    0.0000001941
  -29.296454      9.780428    0.0000012382
  -29.296454     16.300714    0.0000008056
  -29.296454     22.821000   -0.0000053405
  -29.296454     29.341285   -0.0000221043
  -29.296454     35.861571   -0.0000548884
  -29.296454     42.381856   -0.0001119864
  -29.296454     48.902142   -0.0002117838

  -22.786131    -48.902142   -0.0002214235
  -22.786131    -42.381856   -0.0001388055
  -22.786131    -35.861571   -0.0000859114
  -22.786131    -29.341285   -0.0000497739
  -22.786131    -22.821000   -0.0000256727
  -22.786131    -16.300714   -0.0000110501
  -22.786131     -9.780428   -0.0000034079
  -22.786131     -3.260143   -0.0000003439
  -22.786131      3.260143   -0.0000003439
  -22.786131      9.780428   -0.0000034079
  -22.786131     16.300714   -0.0000110501
  -22.786131     22.821000   -0.0000256727
  -22.786131     29.341285   -0.0000497739
  -22.786131     35.861571   -0.0000859114
  -22.786131     42.381856   -0.0001388055
  -22.786131     48.902142   -0.0002214235

  -16.275808    -48.902142   -0.0002091442
  -16.275808    -42.381856   -0.0001479406
  -16.275808    -35.861571   -0.0000997986
  -16.275808    -29.341285   -0.0000631637
  -16.275808    -22.821000   -0.0000363608
  -16.275808    -16.300714   -0.0000178191
  -16.275808     -9.780428   -0.0000062350
  -16.275808     -3.260143   -0.0000006827
  -16.275808      3.260143   -0.0000006827
  -16.275808      9.780428   -0.0000062350
  -16.275808     16.300714   -0.0000178191
  -16.275808     22.821000   -0.0000363608
  -16.275808     29.341285   -0.0000631637
  -16.275808     35.861571   -0.0000997986
  -16.275808     42.381856   -0.0001479406
  -16.275808     48.902142   -0.0002091442

   -9.765485    -48.902142   -0.0001599007
   -9.765485    -42.381856   -0.0001203483
   -9.765485    -35.861571   -0.0000851882
   -9.765485    -29.341285   -0.0000563556
   -9.765485    -22.821000   -0.0000338516
   -9.765485    -16.300714   -0.0000172366
   -9.765485     -9.780428   -0.0000062108
   -9.765485     -3.260143   -0.0000006910
   -9.765485      3.260143   -0.0000006910
   -9.765485      9.780428   -0.0000062108
   -9.765485     16.300714   -0.0000172366
   -9.765485     22.821000   -0.0000338516
   -9.765485     29.341285   -0.0000563556
   -9.765485     35.861571   -0.0000851882
   -9.765485     42.381856   -0.0001203483
   -9.765485     48.902142   -0.0001599007

   -3.255162    -48.902142   -0.0000651493
   -3.255162    -42.381856   -0.0000503914
   -3.255162    -35.861571   -0.0000369431
   -3.255162    -29.341285   -0.0000252124
   -3.255162    -22.821000   -0.0000154897
   -3.255162    -16.300714   -0.0000079963
   -3.255162     -9.780428   -0.0000029017
   -3.255162     -3.260143   -0.0000003237
   -3.255162      3.260143   -0.0000003237
   -3.255162      9.780428   -0.0000029017
   -3.255162     16.300714   -0.0000079963
   -3.255162     22.821000   -0.0000154897
   -3.255162     29.341285   -0.0000252124
   -3.255162     35.861571   -0.0000369431
   -3.255162     42.381856   -0.0000503914
   -3.255162     48.902142   -0.0000651493

    3.255162    -48.902142    0.0000764452
    3.255162    -42.381856    0.0000600133
    3.255162    -35.861571    0.0000451139
    3.255162    -29.341285    0.0000314568
    3.255162    -22.821000    0.0000195946
    3.255162    -16.300714    0.0000101848
    3.255162     -9.780428    0.0000037046
    3.255162     -3.260143    0.0000004135
    3.255162      3.260143    0.0000004135
    3.255162      9.780428    0.0000037046
    3.255162     16.300714    0.0000101848
    3.255162     22.821000    0.0000195946
    3.255162     29.341285    0.0000314568
    3.255162     35.861571    0.0000451139
    3.255162     42.381856    0.0000600133
    3.255162     48.902142    0.0000764452

    9.765485    -48.902142    0.0002587922
    9.765485    -42.381856    0.0002064618
    9.765485    -35.861571    0.0001574645
    9.765485    -29.341285    0.0001110927
    9.765485    -22.821000    0.0000698273
    9.765485    -16.300714    0.0000365333
    9.765485     -9.780428    0.0000133455
    9.765485     -3.260143    0.0000014926
    9.765485      3.260143    0.0000014926
    9.765485      9.780428    0.0000133455
    9.765485     16.300714    0.0000365333
    9.765485     22.821000    0.0000698273
    9.765485     29.341285    0.0001110927
    9.765485     35.861571    0.0001574645
    9.765485     42.381856    0.0002064618
    9.765485     48.902142    0.0002587922

   16.275808    -48.902142    0.0004686548
   16.275808    -42.381856    0.0003818960
   16.275808    -35.861571    0.0002929649
   16.275808    -29.341285    0.0002075343
   16.275808    -22.821000    0.0001312612
   16.275808    -16.300714    0.0000692102
   16.275808     -9.780428    0.0000254620
   16.275808     -3.260143    0.0000028597
   16.275808      3.260143    0.0000028597
   16.275808      9.780428    0.0000254620
   16.275808     16.300714    0.0000692102
   16.275808     22.821000    0.0001312612
   16.275808     29.341285    0.0002075343
   16.275808     35.861571    0.0002929649
   16.275808     42.381856    0.0003818960
   16.275808     48.902142    0.0004686548

   22.786131    -48.902142    0.0006864240
   22.786131    -42.381856    0.0005714119
   22.786131    -35.861571    0.0004397745
   22.786131    -29.341285    0.0003121031
   22.786131    -22.821000    0.0001983751
   22.786131    -16.300714    0.0001053541
   22.786131     -9.780428    0.0000390272
   22.786131     -3.260143    0.0000044015
   22.786131      3.260143    0.0000044015
   22.786131      9.780428    0.0000390272
   22.786131     16.300714    0.0001053541
   22.786131     22.821000    0.0001983751
   22.786131     29.341285    0.0003121031
   22.786131     35.861571    0.0004397745
   22.786131     42.381856    0.0005714119
   22.786131     48.902142    0.0006864240

   29.296454    -48.902142    0.0008873729
   29.296454    -42.381856    0.0007468972
   29.296454    -35.861571    0.0005804436
   29.296454    -29.341285    0.0004150063
   29.296454    -22.821000    0.0002651165
   29.296454    -16.300714    0.0001412322
   29.296454     -9.780428    0.0000524038
   29.296454     -3.260143    0.0000059142
   29.296454      3.260143    0.0000059142
   29.296454      9.780428    0.0000524038
   29.296454     16.300714    0.0001412322
   29.296454     22.821000    0.0002651165
   29.296454     29.341285    0.0004150063
   29.296454     35.861571    0.0005804436
   29.296454     42.381856    0.0007468972
   29.296454     48.902142    0.0008873729

   35.806778    -48.902142    0.0010433620
   35.806778    -42.381856    0.0008710084
   35.806778    -35.861571    0.0006937002
   35.806778    -29.341285    0.0005058342
   35.806778    -22.821000    0.0003252088
   35.806778    -16.300714    0.0001725943
   35.806778     -9.780428    0.0000635639
   35.806778     -3.260143    0.0000071352
   35.806778      3.260143    0.0000071352
   35.806778      9.780428    0.0000635639
   35.806778     16.300714    0.0001725943
   35.806778     22.821000    0.0003252088
   35.806778     29.341285    0.0005058342
   35.806778     35.861571    0.0006937002
   35.806778     42.381856    0.0008710084
   35.806778     48.902142    0.0010433620

   42.317101    -48.902142    0.0011249586
   42.317101    -42.381856    0.0009246440
   42.317101    -35.861571    0.0007627279
   42.317101    -29.341285    0.0005713254
   42.317101    -22.821000    0.0003702527
   42.317101    -16.300714    0.0001953523
   42.317101     -9.780428    0.0000711627
   42.317101     -3.260143    0.0000079252
   42.317101      3.260143    0.0000079252
   42.317101      9.780428    0.0000711627
   42.317101     16.300714    0.0001953523
   42.317101     22.821000    0.0003702527
   42.317101     29.341285    0.0005713254
   42.317101     35.861571    0.0007627279
   42.317101     42.381856    0.0009246440
   42.317101     48.902142    0.0011249586

   48.827424    -48.902142    0.0011039175
   48.827424    -42.381856    0.0009767249
   48.827424    -35.861571    0.0007949680
   48.827424    -29.341285    0.0005879671
   48.827424    -22.821000    0.0003836621
   48.827424    -16.300714    0.0002067443
   48.827424     -9.780428    0.0000771180
   48.827424     -3.260143    0.0000087198
   48.827424      3.260143    0.0000087198
   48.827424      9.780428    0.0000771180
   48.827424     16.300714    0.0002067443
   48.827424     22.821000    0.0003836621
   48.827424     29.341285    0.0005879671
   48.827424     35.861571    0.0007949680
   48.827424     42.381856    0.0009767249
   48.827424     48.902142    0.0011039175

