  -35.358766    -47.136383    0.1030893023
  -35.358766    -40.851532    0.0967194706
  -35.358766    -34.566681    0.0912929608
  -35.358766    -28.281830    0.0867987771
  -35.358766    -21.996979    0.0832277221
  -35.358766    -15.712128    0.0805740307
  -35.358766     -9.427277    0.0788365149
  -35.358766     -3.142426    0.0780192227
  -35.358766      3.142426    0.0781316092
  -35.358766      9.427277    0.0791882198
  -35.358766     15.712128    0.0812078865
  -35.358766     21.996979    0.0842124370
  -35.358766     28.281830    0.0882249160
  -35.358766     34.566681    0.0932673194
  -35.358766     40.851532    0.0993578409
  -35.358766     47.136383    0.1065076315

  -30.644264    -47.136383    0.0828471662
  -30.644264    -40.851532    0.0762642493
  -30.644264    -34.566681    0.0706476138
  -30.644264    -28.281830    0.0659874343
  -30.644264    -21.996979    0.0622755834
  -30.644264    -15.712128    0.0595072222
  -30.644264     -9.427277    0.0576819131
  -30.644264     -3.142426    0.0568042534
  -30.644264      3.142426    0.0568840303
  -30.644264      9.427277    0.0579358969
  -30.644264     15.712128    0.0599785701
  -30.644264     21.996979    0.0630335489
  -30.644264     28.281830    0.0671233542
  -30.644264     34.566681    0.0722692906
  -30.644264     40.851532    0.0784887283
  -30.644264     47.136383    0.0857919074

  -25.929762    -47.136383    0.0664221252
  -25.929762    -40.851532    0.0596712564
  -25.929762    -34.566681    0.0539048076
  -25.929762    -28.281830    0.0491139090
  -25.929762    -21.996979    0.0452912907
  -25.929762    -15.712128    0.0424328464
  -25.929762     -9.427277    0.0405387244
  -25.929762     -3.142426    0.0396139458
  -25.929762      3.142426    0.0396685494
  -25.929762      9.427277    0.0407172627
  -25.929762     15.712128    0.0427787010
  -25.929762     21.996979    0.0458740919
  -25.929762     28.281830    0.0500255281
  -25.929762     34.566681    0.0552537459
  -25.929762     40.851532    0.0615754309
  -25.929762     47.136383    0.0690000506

  -21.215260    -47.136383    0.0533653000
  -21.215260    -40.851532    0.0464842144
  -21.215260    -34.566681    0.0406016634
  -21.215260    -28.281830    0.0357095228
  -21.215260    -21.996979    0.0318011905
  -21.215260    -15.712128    0.0288731294
  -21.215260     -9.427277    0.0269259419
  -21.215260     -3.142426    0.0259649747
  -21.215260      3.142426    0.0260004564
  -21.215260      9.427277    0.0270471648
  -21.215260     15.712128    0.0291236263
  -21.215260     21.996979    0.0322508468
  -21.215260     28.281830    0.0364505729
  -21.215260     34.566681    0.0417430852
  -21.215260     40.851532    0.0481445227
  -21.215260     47.136383    0.0556637380

  -16.500757    -47.136383    0.0433207825
  -16.500757    -40.851532    0.0363415639
  -16.500757    -34.566681    0.0303715637
  -16.500757    -28.281830    0.0254032108
  -16.500757    -21.996979    0.0214304044
  -16.500757    -15.712128    0.0184500373
  -16.500757     -9.427277    0.0164630552
  -16.500757     -3.142426    0.0154750509
  -16.500757      3.142426    0.0154963937
  -16.500757      9.427277    0.0165418943
  -16.500757     15.712128    0.0186300048
  -16.500757     21.996979    0.0217815536
  -16.500757     28.281830    0.0260180165
  -16.500757     34.566681    0.0313593216
  -16.500757     40.851532    0.0378211910
  -16.500757     47.136383    0.0454120164

  -11.786255    -47.136383    0.0360157311
  -11.786255    -40.851532    0.0289662795
  -11.786255    -34.566681    0.0229337260
  -11.786255    -28.281830    0.0179108853
  -11.786255    -21.996979    0.0138920116
  -11.786255    -15.712128    0.0108743061
  -11.786255     -9.427277    0.0088589621
  -11.786255     -3.142426    0.0078517494
  -11.786255      3.142426    0.0078631377
  -11.786255      9.427277    0.0089079584
  -11.786255     15.712128    0.0110046048
  -11.786255     21.996979    0.0141737722
  -11.786255     28.281830    0.0184367353
  -11.786255     34.566681    0.0238131653
  -11.786255     40.851532    0.0303184858
  -11.786255     47.136383    0.0379607666

   -7.071753    -47.136383    0.0312524478
   -7.071753    -40.851532    0.0241577211
   -7.071753    -34.566681    0.0180848619
   -7.071753    -28.281830    0.0130269259
   -7.071753    -21.996979    0.0089783942
   -7.071753    -15.712128    0.0059366667
   -7.071753     -9.427277    0.0039030975
   -7.071753     -3.142426    0.0028835717
   -7.071753      3.142426    0.0028886238
   -7.071753      9.427277    0.0039330968
   -7.071753     15.712128    0.0060353438
   -7.071753     21.996979    0.0092159702
   -7.071753     28.281830    0.0134961179
   -7.071753     34.566681    0.0188952904
   -7.071753     40.851532    0.0254287196
   -7.071753     47.136383    0.0331042745

   -2.357251    -47.136383    0.0289024352
   -2.357251    -40.851532    0.0217855240
   -2.357251    -34.566681    0.0156929210
   -2.357251    -28.281830    0.0106177980
   -2.357251    -21.996979    0.0065547460
   -2.357251    -15.712128    0.0035012625
   -2.357251     -9.427277    0.0014587809
   -2.357251     -3.142426    0.0004332431
   -2.357251      3.142426    0.0004352151
   -2.357251      9.427277    0.0014795456
   -2.357251     15.712128    0.0035845668
   -2.357251     21.996979    0.0067708393
   -2.357251     28.281830    0.0110594385
   -2.357251     34.566681    0.0164697850
   -2.357251     40.851532    0.0230170178
   -2.357251     47.136383    0.0307089093

    2.357251    -47.136383    0.0289024352
    2.357251    -40.851532    0.0217855240
    2.357251    -34.566681    0.0156929210
    2.357251    -28.281830    0.0106177980
    2.357251    -21.996979    0.0065547460
    2.357251    -15.712128    0.0035012625
    2.357251     -9.427277    0.0014587809
    2.357251     -3.142426    0.0004332431
    2.357251      3.142426    0.0004352151
    2.357251      9.427277    0.0014795456
    2.357251     15.712128    0.0035845668
    2.357251     21.996979    0.0067708393
    2.357251     28.281830    0.0110594385
    2.357251     34.566681    0.0164697850
    2.357251     40.851532    0.0230170178
    2.357251     47.136383    0.0307089093

    7.071753    -47.136383    0.0312524478
    7.071753    -40.851532    0.0241577211
    7.071753    -34.566681    0.0180848619
    7.071753    -28.281830    0.0130269259
    7.071753    -21.996979    0.0089783942
    7.071753    -15.712128    0.0059366667
    7.071753     -9.427277    0.0039030975
    7.071753     -3.142426    0.0028835717
    7.071753      3.142426    0.0028886238
    7.071753      9.427277    0.0039330968
    7.071753     15.712128    0.0060353438
    7.071753     21.996979    0.0092159702
    7.071753     28.281830    0.0134961179
    7.071753     34.566681    0.0188952904
    7.071753     40.851532    0.0254287196
    7.071753     47.136383    0.0331042745

   11.786255    -47.136383    0.0360157311
   11.786255    -40.851532    0.0289662795
   11.786255    -34.566681    0.0229337260
   11.786255    -28.281830    0.0179108853
   11.786255    -21.996979    0.0138920116
   11.786255    -15.712128    0.0108743061
   11.786255     -9.427277    0.0088589621
   11.786255     -3.142426    0.0078517494
   11.786255      3.142426    0.0078631377
   11.786255      9.427277    0.0089079584
   11.786255     15.712128    0.0110046048
   11.786255     21.996979    0.0141737722
   11.786255     28.281830    0.0184367353
   11.786255     34.566681    0.0238131653
   11.786255     40.851532    0.0303184858
   11.786255     47.136383    0.0379607666

   16.500757    -47.136383    0.0433207825
   16.500757    -40.851532    0.0363415639
   16.500757    -34.566681    0.0303715637
   16.500757    -28.281830    0.0254032108
   16.500757    -21.996979    0.0214304044
   16.500757    -15.712128    0.0184500373
   16.500757     -9.427277    0.0164630552
   16.500757     -3.142426    0.0154750509
   16.500757      3.142426    0.0154963937
   16.500757      9.427277    0.0165418943
   16.500757     15.712128    0.0186300048
   16.500757     21.996979    0.0217815536
   16.500757     28.281830    0.0260180165
   16.500757     34.566681    0.0313593216
   16.500757     40.851532    0.0378211910
   16.500757     47.136383    0.0454120164

   21.215260    -47.136383    0.0533653000
   21.215260    -40.851532    0.0464842144
   21.215260    -34.566681    0.0406016634
   21.215260    -28.281830    0.0357095228
   21.215260    -21.996979    0.0318011905
   21.215260    -15.712128    0.0288731294
   21.215260     -9.427277    0.0269259419
   21.215260     -3.142426    0.0259649747
   21.215260      3.142426    0.0260004564
   21.215260      9.427277    0.0270471648
   21.215260     15.712128    0.0291236263
   21.215260     21.996979    0.0322508468
   21.215260     28.281830    0.0364505729
   21.215260     34.566681    0.0417430852
   21.215260     40.851532    0.0481445227
   21.215260     47.136383    0.0556637380

   25.929762    -47.136383    0.0664221252
   25.929762    -40.851532    0.0596712564
   25.929762    -34.566681    0.0539048076
   25.929762    -28.281830    0.0491139090
   25.929762    -21.996979    0.0452912907
   25.929762    -15.712128    0.0424328464
   25.929762     -9.427277    0.0405387244
   25.929762     -3.142426    0.0396139458
   25.929762      3.142426    0.0396685494
   25.929762      9.427277    0.0407172627
   25.929762     15.712128    0.0427787010
   25.929762     21.996979    0.0458740919
   25.929762     28.281830    0.0500255281
   25.929762     34.566681    0.0552537459
   25.929762     40.851532    0.0615754309
   25.929762     47.136383    0.0690000506

   30.644264    -47.136383    0.0828471662
   30.644264    -40.851532    0.0762642493
   30.644264    -34.566681    0.0706476138
   30.644264    -28.281830    0.0659874343
   30.644264    -21.996979    0.0622755834
   30.644264    -15.712128    0.0595072222
   30.644264     -9.427277    0.0576819131
   30.644264     -3.142426    0.0568042534
   30.644264      3.142426    0.0568840303
   30.644264      9.427277    0.0579358969
   30.644264     15.712128    0.0599785701
   30.644264     21.996979    0.0630335489
   30.644264     28.281830    0.0671233542
   30.644264     34.566681    0.0722692906
   30.644264     40.851532    0.0784887283
   30.644264     47.136383    0.0857919074

   35.358766    -47.136383    0.1030893023
   35.358766    -40.851532    0.0967194706
   35.358766    -34.566681    0.0912929608
   35.358766    -28.281830    0.0867987771
   35.358766    -21.996979    0.0832277221
   35.358766    -15.712128    0.0805740307
   35.358766     -9.427277    0.0788365149
   35.358766     -3.142426    0.0780192227
   35.358766      3.142426    0.0781316092
   35.358766      9.427277    0.0791882198
   35.358766     15.712128    0.0812078865
   35.358766     21.996979    0.0842124370
   35.358766     28.281830    0.0882249160
   35.358766     34.566681    0.0932673194
   35.358766     40.851532    0.0993578409
   35.358766     47.136383    0.1065076315

