  -38.681015   -119.276109   -0.0033671300
  -38.681015   -103.372628   -0.0025526548
  -38.681015    -87.469147   -0.0018421050
  -38.681015    -71.565666   -0.0012410944
  -38.681015    -55.662184   -0.0007544348
  -38.681015    -39.758703   -0.0003860653
  -38.681015    -23.855222   -0.0001389944
  -38.681015     -7.951741   -0.0000152570
  -38.681015      7.951741   -0.0000158831
  -38.681015     23.855222   -0.0001408816
  -38.681015     39.758703   -0.0003892359
  -38.681015     55.662184   -0.0007589144
  -38.681015     71.565666   -0.0012468935
  -38.681015     87.469147   -0.0018491945
  -38.681015    103.372628   -0.0025609337
  -38.681015    119.276109   -0.0033763861

  -33.523546   -119.276109   -0.0024714735
  -33.523546   -103.372628   -0.0018702454
  -33.523546    -87.469147   -0.0013463925
  -33.523546    -71.565666   -0.0009040001
  -33.523546    -55.662184   -0.0005465785
  -33.523546    -39.758703   -0.0002770029
  -33.523546    -23.855222   -0.0000974658
  -33.523546     -7.951741   -0.0000094395
  -33.523546      7.951741   -0.0000136520
  -33.523546     23.855222   -0.0001100724
  -33.523546     39.758703   -0.0002979097
  -33.523546     55.662184   -0.0005756217
  -33.523546     71.565666   -0.0009409364
  -33.523546     87.469147   -0.0013908848
  -33.523546    103.372628   -0.0019218444
  -33.523546    119.276109   -0.0025295957

  -28.366078   -119.276109   -0.0017346807
  -28.366078   -103.372628   -0.0013106235
  -28.366078    -87.469147   -0.0009414970
  -28.366078    -71.565666   -0.0006301963
  -28.366078    -55.662184   -0.0003791894
  -28.366078    -39.758703   -0.0001904838
  -28.366078    -23.855222   -0.0000655983
  -28.366078     -7.951741   -0.0000055433
  -28.366078      7.951741   -0.0000108055
  -28.366078     23.855222   -0.0000813412
  -28.366078     39.758703   -0.0002165743
  -28.366078     55.662184   -0.0004154022
  -28.366078     71.565666   -0.0006762076
  -28.366078     87.469147   -0.0009968769
  -28.366078    103.372628   -0.0013748255
  -28.366078    119.276109   -0.0018070289

  -23.208609   -119.276109   -0.0011420459
  -23.208609   -103.372628   -0.0008617209
  -23.208609    -87.469147   -0.0006178839
  -23.208609    -71.565666   -0.0004124800
  -23.208609    -55.662184   -0.0002471453
  -23.208609    -39.758703   -0.0001231944
  -23.208609    -23.855222   -0.0000416118
  -23.208609     -7.951741   -0.0000030445
  -23.208609      7.951741   -0.0000077965
  -23.208609     23.855222   -0.0000558266
  -23.208609     39.758703   -0.0001467476
  -23.208609     55.662184   -0.0002798274
  -23.208609     71.565666   -0.0004539934
  -23.208609     87.469147   -0.0006678379
  -23.208609    103.372628   -0.0009196261
  -23.208609    119.276109   -0.0012073068

  -18.051140   -119.276109   -0.0006816795
  -18.051140   -103.372628   -0.0005138067
  -18.051140    -87.469147   -0.0003678605
  -18.051140    -71.565666   -0.0002450307
  -18.051140    -55.662184   -0.0001463023
  -18.051140    -39.758703   -0.0000724568
  -18.051140    -23.855222   -0.0000240722
  -18.051140     -7.951741   -0.0000015238
  -18.051140      7.951741   -0.0000049840
  -18.051140     23.855222   -0.0000344223
  -18.051140     39.758703   -0.0000896049
  -18.051140     55.662184   -0.0001700942
  -18.051140     71.565666   -0.0002752479
  -18.051140     87.469147   -0.0004042179
  -18.051140    103.372628   -0.0005559492
  -18.051140    119.276109   -0.0007291780

  -12.893672   -119.276109   -0.0003443090
  -12.893672   -103.372628   -0.0002593095
  -12.893672    -87.469147   -0.0001854383
  -12.893672    -71.565666   -0.0001233103
  -12.893672    -55.662184   -0.0000734274
  -12.893672    -39.758703   -0.0000361829
  -12.893672    -23.855222   -0.0000118646
  -12.893672     -7.951741   -0.0000006572
  -12.893672      7.951741   -0.0000026439
  -12.893672     23.855222   -0.0000178070
  -12.893672     39.758703   -0.0000460279
  -12.893672     55.662184   -0.0000870860
  -12.893672     71.565666   -0.0001406566
  -12.893672     87.469147   -0.0002063084
  -12.893672    103.372628   -0.0002834998
  -12.893672    119.276109   -0.0003715745

   -7.736203   -119.276109   -0.0001231194
   -7.736203   -103.372628   -0.0000926750
   -7.736203    -87.469147   -0.0000662223
   -7.736203    -71.565666   -0.0000439849
   -7.736203    -55.662184   -0.0000261436
   -7.736203    -39.758703   -0.0000128386
   -7.736203    -23.855222   -0.0000041718
   -7.736203     -7.951741   -0.0000002080
   -7.736203      7.951741   -0.0000009758
   -7.736203     23.855222   -0.0000064685
   -7.736203     39.758703   -0.0000166435
   -7.736203     55.662184   -0.0000314222
   -7.736203     71.565666   -0.0000506885
   -7.736203     87.469147   -0.0000742875
   -7.736203    103.372628   -0.0001020233
   -7.736203    119.276109   -0.0001336562

   -2.578734   -119.276109   -0.0000136339
   -2.578734   -103.372628   -0.0000102598
   -2.578734    -87.469147   -0.0000073284
   -2.578734    -71.565666   -0.0000048647
   -2.578734    -55.662184   -0.0000028888
   -2.578734    -39.758703   -0.0000014162
   -2.578734    -23.855222   -0.0000004580
   -2.578734     -7.951741   -0.0000000215
   -2.578734      7.951741   -0.0000001097
   -2.578734     23.855222   -0.0000007219
   -2.578734     39.758703   -0.0000018533
   -2.578734     55.662184   -0.0000034953
   -2.578734     71.565666   -0.0000056349
   -2.578734     87.469147   -0.0000082550
   -2.578734    103.372628   -0.0000113338
   -2.578734    119.276109   -0.0000148445

    2.578734   -119.276109   -0.0000136339
    2.578734   -103.372628   -0.0000102598
    2.578734    -87.469147   -0.0000073284
    2.578734    -71.565666   -0.0000048647
    2.578734    -55.662184   -0.0000028888
    2.578734    -39.758703   -0.0000014162
    2.578734    -23.855222   -0.0000004580
    2.578734     -7.951741   -0.0000000215
    2.578734      7.951741   -0.0000001097
    2.578734     23.855222   -0.0000007219
    2.578734     39.758703   -0.0000018533
    2.578734     55.662184   -0.0000034953
    2.578734     71.565666   -0.0000056349
    2.578734     87.469147   -0.0000082550
    2.578734    103.372628   -0.0000113338
    2.578734    119.276109   -0.0000148445

    7.736203   -119.276109   -0.0001231194
    7.736203   -103.372628   -0.0000926750
    7.736203    -87.469147   -0.0000662223
    7.736203    -71.565666   -0.0000439849
    7.736203    -55.662184   -0.0000261436
    7.736203    -39.758703   -0.0000128386
    7.736203    -23.855222   -0.0000041718
    7.736203     -7.951741   -0.0000002080
    7.736203      7.951741   -0.0000009758
    7.736203     23.855222   -0.0000064685
    7.736203     39.758703   -0.0000166435
    7.736203     55.662184   -0.0000314222
    7.736203     71.565666   -0.0000506885
    7.736203     87.469147   -0.0000742875
    7.736203    103.372628   -0.0001020233
    7.736203    119.276109   -0.0001336562

   12.893672   -119.276109   -0.0003443090
   12.893672   -103.372628   -0.0002593095
   12.893672    -87.469147   -0.0001854383
   12.893672    -71.565666   -0.0001233103
   12.893672    -55.662184   -0.0000734274
   12.893672    -39.758703   -0.0000361829
   12.893672    -23.855222   -0.0000118646
   12.893672     -7.951741   -0.0000006572
   12.893672      7.951741   -0.0000026439
   12.893672     23.855222   -0.0000178070
   12.893672     39.758703   -0.0000460279
   12.893672     55.662184   -0.0000870860
   12.893672     71.565666   -0.0001406566
   12.893672     87.469147   -0.0002063084
   12.893672    103.372628   -0.0002834998
   12.893672    119.276109   -0.0003715745

   18.051140   -119.276109   -0.0006816795
   18.051140   -103.372628   -0.0005138067
   18.051140    -87.469147   -0.0003678605
   18.051140    -71.565666   -0.0002450307
   18.051140    -55.662184   -0.0001463023
   18.051140    -39.758703   -0.0000724568
   18.051140    -23.855222   -0.0000240722
   18.051140     -7.951741   -0.0000015238
   18.051140      7.951741   -0.0000049840
   18.051140     23.855222   -0.0000344223
   18.051140     39.758703   -0.0000896049
   18.051140     55.662184   -0.0001700942
   18.051140     71.565666   -0.0002752479
   18.051140     87.469147   -0.0004042179
   18.051140    103.372628   -0.0005559492
   18.051140    119.276109   -0.0007291780

   23.208609   -119.276109   -0.0011420459
   23.208609   -103.372628   -0.0008617209
   23.208609    -87.469147   -0.0006178839
   23.208609    -71.565666   -0.0004124800
   23.208609    -55.662184   -0.0002471453
   23.208609    -39.758703   -0.0001231944
   23.208609    -23.855222   -0.0000416118
   23.208609     -7.951741   -0.0000030445
   23.208609      7.951741   -0.0000077965
   23.208609     23.855222   -0.0000558266
   23.208609     39.758703   -0.0001467476
   23.208609     55.662184   -0.0002798274
   23.208609     71.565666   -0.0004539934
   23.208609     87.469147   -0.0006678379
   23.208609    103.372628   -0.0009196261
   23.208609    119.276109   -0.0012073068

   28.366078   -119.276109   -0.0017346807
   28.366078   -103.372628   -0.0013106235
   28.366078    -87.469147   -0.0009414970
   28.366078    -71.565666   -0.0006301963
   28.366078    -55.662184   -0.0003791894
   28.366078    -39.758703   -0.0001904838
   28.366078    -23.855222   -0.0000655983
   28.366078     -7.951741   -0.0000055433
   28.366078      7.951741   -0.0000108055
   28.366078     23.855222   -0.0000813412
   28.366078     39.758703   -0.0002165743
   28.366078     55.662184   -0.0004154022
   28.366078     71.565666   -0.0006762076
   28.366078     87.469147   -0.0009968769
   28.366078    103.372628   -0.0013748255
   28.366078    119.276109   -0.0018070289

   33.523546   -119.276109   -0.0024714735
   33.523546   -103.372628   -0.0018702454
   33.523546    -87.469147   -0.0013463925
   33.523546    -71.565666   -0.0009040001
   33.523546    -55.662184   -0.0005465785
   33.523546    -39.758703   -0.0002770029
   33.523546    -23.855222   -0.0000974658
   33.523546     -7.951741   -0.0000094395
   33.523546      7.951741   -0.0000136520
   33.523546     23.855222   -0.0001100724
   33.523546     39.758703   -0.0002979097
   33.523546     55.662184   -0.0005756217
   33.523546     71.565666   -0.0009409364
   33.523546     87.469147   -0.0013908848
   33.523546    103.372628   -0.0019218444
   33.523546    119.276109   -0.0025295957

   38.681015   -119.276109   -0.0033671300
   38.681015   -103.372628   -0.0025526548
   38.681015    -87.469147   -0.0018421050
   38.681015    -71.565666   -0.0012410944
   38.681015    -55.662184   -0.0007544348
   38.681015    -39.758703   -0.0003860653
   38.681015    -23.855222   -0.0001389944
   38.681015     -7.951741   -0.0000152570
   38.681015      7.951741   -0.0000158831
   38.681015     23.855222   -0.0001408816
   38.681015     39.758703   -0.0003892359
   38.681015     55.662184   -0.0007589144
   38.681015     71.565666   -0.0012468935
   38.681015     87.469147   -0.0018491945
   38.681015    103.372628   -0.0025609337
   38.681015    119.276109   -0.0033763861

