  -34.795266    -44.766107    0.1724925239
  -34.795266    -40.053885    0.1599155383
  -34.795266    -35.341663    0.1478183958
  -34.795266    -30.629441    0.1363219069
  -34.795266    -25.917220    0.1255688040
  -34.795266    -21.204998    0.1157268863
  -34.795266    -16.492776    0.1069929685
  -34.795266    -11.780554    0.0995976513
  -34.795266     -7.068333    0.0938110054
  -34.795266     -2.356111    0.0899493338
  -34.795266      2.356111    0.0883832498
  -34.795266      7.068333    0.0895473826
  -34.795266     11.780554    0.0939520956
  -34.795266     16.492776    0.1021976731
  -34.795266     21.204998    0.1149915097
  -34.795266     25.917220    0.1331689031

  -30.155897    -44.766107    0.1424727913
  -30.155897    -40.053885    0.1304483589
  -30.155897    -35.341663    0.1188930831
  -30.155897    -30.629441    0.1079278143
  -30.155897    -25.917220    0.0976951520
  -30.155897    -21.204998    0.0883626215
  -30.155897    -16.492776    0.0801266413
  -30.155897    -11.780554    0.0732173021
  -30.155897     -7.068333    0.0679040472
  -30.155897     -2.356111    0.0645024191
  -30.155897      2.356111    0.0633821117
  -30.155897      7.068333    0.0649766374
  -30.155897     11.780554    0.0697949958
  -30.155897     16.492776    0.0784357999
  -30.155897     21.204998    0.0916043916
  -30.155897     25.917220    0.1101335521

  -25.516528    -44.766107    0.1187384539
  -25.516528    -40.053885    0.1071538206
  -25.516528    -35.341663    0.0960301872
  -25.516528    -30.629441    0.0854881778
  -25.516528    -25.917220    0.0756701244
  -25.516528    -21.204998    0.0667432401
  -25.516528    -16.492776    0.0589035783
  -25.516528    -11.780554    0.0523807971
  -25.516528     -7.068333    0.0474438194
  -25.516528     -2.356111    0.0444075548
  -25.516528      2.356111    0.0436409194
  -25.516528      7.068333    0.0455764672
  -25.516528     11.780554    0.0507220152
  -25.516528     16.492776    0.0596747218
  -25.516528     21.204998    0.0731381490
  -25.516528     25.917220    0.0919429121

  -20.877160    -44.766107    0.1003042304
  -20.877160    -40.053885    0.0890637022
  -20.877160    -35.341663    0.0782778105
  -20.877160    -30.629441    0.0680669595
  -20.877160    -25.917220    0.0585732372
  -20.877160    -21.204998    0.0499635838
  -20.877160    -16.492776    0.0424337407
  -20.877160    -11.780554    0.0362130010
  -20.877160     -7.068333    0.0315698516
  -20.877160     -2.356111    0.0288186714
  -20.877160      2.356111    0.0283277257
  -20.877160      7.068333    0.0305287654
  -20.877160     11.780554    0.0359286169
  -20.877160     16.492776    0.0451232211
  -20.877160     21.204998    0.0588146513
  -20.877160     25.917220    0.0778317151

  -16.237791    -44.766107    0.0864020971
  -16.237791    -40.053885    0.0754229865
  -16.237791    -35.341663    0.0648935573
  -16.237791    -30.629441    0.0549340990
  -16.237791    -25.917220    0.0456865389
  -16.237791    -21.204998    0.0373176130
  -16.237791    -16.492776    0.0300228139
  -16.237791    -11.780554    0.0240311359
  -16.237791     -7.068333    0.0196107064
  -16.237791     -2.356111    0.0170754701
  -16.237791      2.356111    0.0167931634
  -16.237791      7.068333    0.0191948901
  -16.237791     11.780554    0.0247866836
  -16.237791     16.492776    0.0341635124
  -16.237791     21.204998    0.0480262608
  -16.237791     25.917220    0.0672022894

  -11.598422    -44.766107    0.0764523544
  -11.598422    -40.053885    0.0656615880
  -11.598422    -35.341663    0.0553167957
  -11.598422    -30.629441    0.0455382562
  -11.598422    -25.917220    0.0364678185
  -11.598422    -21.204998    0.0282720839
  -11.598422    -16.492776    0.0211463619
  -11.598422    -11.780554    0.0153194165
  -11.598422     -7.068333    0.0110590958
  -11.598422     -2.356111    0.0086790087
  -11.598422      2.356111    0.0085464877
  -11.598422      7.068333    0.0110921480
  -11.598422     11.780554    0.0168214286
  -11.598422     16.492776    0.0263285721
  -11.598422     21.204998    0.0403135752
  -11.598422     25.917220    0.0596027131

   -6.959053    -44.766107    0.0700404809
   -6.959053    -40.053885    0.0593717335
   -6.959053    -35.341663    0.0491464683
   -6.959053    -30.629441    0.0394850062
   -6.959053    -25.917220    0.0305291718
   -6.959053    -21.204998    0.0224454898
   -6.959053    -16.492776    0.0154291499
   -6.959053    -11.780554    0.0097087591
   -6.959053     -7.068333    0.0055519730
   -6.959053     -2.356111    0.0032721706
   -6.959053      2.356111    0.0032364105
   -6.959053      7.068333    0.0058749805
   -6.959053     11.780554    0.0116929241
   -6.959053     16.492776    0.0212840023
   -6.959053     21.204998    0.0353476226
   -6.959053     25.917220    0.0547093372

   -2.319684    -44.766107    0.0668997734
   -2.319684    -40.053885    0.0562909986
   -2.319684    -35.341663    0.0461244492
   -2.319684    -30.629441    0.0365204845
   -2.319684    -25.917220    0.0276209269
   -2.319684    -21.204998    0.0195922675
   -2.319684    -16.492776    0.0126296368
   -2.319684    -11.780554    0.0069615624
   -2.319684     -7.068333    0.0028556014
   -2.319684     -2.356111    0.0006250157
   -2.319684      2.356111    0.0006367256
   -2.319684      7.068333    0.0033208543
   -2.319684     11.780554    0.0091822479
   -2.319684     16.492776    0.0188144277
   -2.319684     21.204998    0.0329165074
   -2.319684     25.917220    0.0523136779

    2.319684    -44.766107    0.0668997734
    2.319684    -40.053885    0.0562909986
    2.319684    -35.341663    0.0461244492
    2.319684    -30.629441    0.0365204845
    2.319684    -25.917220    0.0276209269
    2.319684    -21.204998    0.0195922675
    2.319684    -16.492776    0.0126296368
    2.319684    -11.780554    0.0069615624
    2.319684     -7.068333    0.0028556014
    2.319684     -2.356111    0.0006250157
    2.319684      2.356111    0.0006367256
    2.319684      7.068333    0.0033208543
    2.319684     11.780554    0.0091822479
    2.319684     16.492776    0.0188144277
    2.319684     21.204998    0.0329165074
    2.319684     25.917220    0.0523136779

    6.959053    -44.766107    0.0700404809
    6.959053    -40.053885    0.0593717335
    6.959053    -35.341663    0.0491464683
    6.959053    -30.629441    0.0394850062
    6.959053    -25.917220    0.0305291718
    6.959053    -21.204998    0.0224454898
    6.959053    -16.492776    0.0154291499
    6.959053    -11.780554    0.0097087591
    6.959053     -7.068333    0.0055519730
    6.959053     -2.356111    0.0032721706
    6.959053      2.356111    0.0032364105
    6.959053      7.068333    0.0058749805
    6.959053     11.780554    0.0116929241
    6.959053     16.492776    0.0212840023
    6.959053     21.204998    0.0353476226
    6.959053     25.917220    0.0547093372

   11.598422    -44.766107    0.0764523544
   11.598422    -40.053885    0.0656615880
   11.598422    -35.341663    0.0553167957
   11.598422    -30.629441    0.0455382562
   11.598422    -25.917220    0.0364678185
   11.598422    -21.204998    0.0282720839
   11.598422    -16.492776    0.0211463619
   11.598422    -11.780554    0.0153194165
   11.598422     -7.068333    0.0110590958
   11.598422     -2.356111    0.0086790087
   11.598422      2.356111    0.0085464877
   11.598422      7.068333    0.0110921480
   11.598422     11.780554    0.0168214286
   11.598422     16.492776    0.0263285721
   11.598422     21.204998    0.0403135752
   11.598422     25.917220    0.0596027131

   16.237791    -44.766107    0.0864020971
   16.237791    -40.053885    0.0754229865
   16.237791    -35.341663    0.0648935573
   16.237791    -30.629441    0.0549340990
   16.237791    -25.917220    0.0456865389
   16.237791    -21.204998    0.0373176130
   16.237791    -16.492776    0.0300228139
   16.237791    -11.780554    0.0240311359
   16.237791     -7.068333    0.0196107064
   16.237791     -2.356111    0.0170754701
   16.237791      2.356111    0.0167931634
   16.237791      7.068333    0.0191948901
   16.237791     11.780554    0.0247866836
   16.237791     16.492776    0.0341635124
   16.237791     21.204998    0.0480262608
   16.237791     25.917220    0.0672022894

   20.877160    -44.766107    0.1003042304
   20.877160    -40.053885    0.0890637022
   20.877160    -35.341663    0.0782778105
   20.877160    -30.629441    0.0680669595
   20.877160    -25.917220    0.0585732372
   20.877160    -21.204998    0.0499635838
   20.877160    -16.492776    0.0424337407
   20.877160    -11.780554    0.0362130010
   20.877160     -7.068333    0.0315698516
   20.877160     -2.356111    0.0288186714
   20.877160      2.356111    0.0283277257
   20.877160      7.068333    0.0305287654
   20.877160     11.780554    0.0359286169
   20.877160     16.492776    0.0451232211
   20.877160     21.204998    0.0588146513
   20.877160     25.917220    0.0778317151

   25.516528    -44.766107    0.1187384539
   25.516528    -40.053885    0.1071538206
   25.516528    -35.341663    0.0960301872
   25.516528    -30.629441    0.0854881778
   25.516528    -25.917220    0.0756701244
   25.516528    -21.204998    0.0667432401
   25.516528    -16.492776    0.0589035783
   25.516528    -11.780554    0.0523807971
   25.516528     -7.068333    0.0474438194
   25.516528     -2.356111    0.0444075548
   25.516528      2.356111    0.0436409194
   25.516528      7.068333    0.0455764672
   25.516528     11.780554    0.0507220152
   25.516528     16.492776    0.0596747218
   25.516528     21.204998    0.0731381490
   25.516528     25.917220    0.0919429121

   30.155897    -44.766107    0.1424727913
   30.155897    -40.053885    0.1304483589
   30.155897    -35.341663    0.1188930831
   30.155897    -30.629441    0.1079278143
   30.155897    -25.917220    0.0976951520
   30.155897    -21.204998    0.0883626215
   30.155897    -16.492776    0.0801266413
   30.155897    -11.780554    0.0732173021
   30.155897     -7.068333    0.0679040472
   30.155897     -2.356111    0.0645024191
   30.155897      2.356111    0.0633821117
   30.155897      7.068333    0.0649766374
   30.155897     11.780554    0.0697949958
   30.155897     16.492776    0.0784357999
   30.155897     21.204998    0.0916043916
   30.155897     25.917220    0.1101335521

   34.795266    -44.766107    0.1724925239
   34.795266    -40.053885    0.1599155383
   34.795266    -35.341663    0.1478183958
   34.795266    -30.629441    0.1363219069
   34.795266    -25.917220    0.1255688040
   34.795266    -21.204998    0.1157268863
   34.795266    -16.492776    0.1069929685
   34.795266    -11.780554    0.0995976513
   34.795266     -7.068333    0.0938110054
   34.795266     -2.356111    0.0899493338
   34.795266      2.356111    0.0883832498
   34.795266      7.068333    0.0895473826
   34.795266     11.780554    0.0939520956
   34.795266     16.492776    0.1021976731
   34.795266     21.204998    0.1149915097
   34.795266     25.917220    0.1331689031

