  -25.746645    -91.194683    0.0619695047
  -25.746645    -79.035392    0.0614207475
  -25.746645    -66.876101    0.0610488043
  -25.746645    -54.716810    0.0608082852
  -25.746645    -42.557519    0.0606613433
  -25.746645    -30.398228    0.0605776781
  -25.746645    -18.238937    0.0605345461
  -25.746645     -6.079646    0.0605167748
  -25.746645      6.079646    0.0605167748
  -25.746645     18.238937    0.0605345461
  -25.746645     30.398228    0.0605776781
  -25.746645     42.557519    0.0606613433
  -25.746645     54.716810    0.0608082852
  -25.746645     66.876101    0.0610488043
  -25.746645     79.035392    0.0614207475
  -25.746645     91.194683    0.0619695047

  -21.065436    -91.194683    0.0402309128
  -21.065436    -79.035392    0.0392789189
  -21.065436    -66.876101    0.0385550204
  -21.065436    -54.716810    0.0380190776
  -21.065436    -42.557519    0.0376347672
  -21.065436    -30.398228    0.0373722973
  -21.065436    -18.238937    0.0372094317
  -21.065436     -6.079646    0.0371315887
  -21.065436      6.079646    0.0371315887
  -21.065436     18.238937    0.0372094317
  -21.065436     30.398228    0.0373722973
  -21.065436     42.557519    0.0376347672
  -21.065436     54.716810    0.0380190776
  -21.065436     66.876101    0.0385550204
  -21.065436     79.035392    0.0392789189
  -21.065436     91.194683    0.0402309128

  -16.384228    -91.194683    0.0249883676
  -16.384228    -79.035392    0.0237213418
  -16.384228    -66.876101    0.0227282021
  -16.384228    -54.716810    0.0219657428
  -16.384228    -42.557519    0.0213983603
  -16.384228    -30.398228    0.0209976810
  -16.384228    -18.238937    0.0207424170
  -16.384228     -6.079646    0.0206183472
  -16.384228      6.079646    0.0206183472
  -16.384228     18.238937    0.0207424170
  -16.384228     30.398228    0.0209976810
  -16.384228     42.557519    0.0213983603
  -16.384228     54.716810    0.0219657428
  -16.384228     66.876101    0.0227282021
  -16.384228     79.035392    0.0237213418
  -16.384228     91.194683    0.0249883676

  -11.703020    -91.194683    0.0150118956
  -11.703020    -79.035392    0.0135051227
  -11.703020    -66.876101    0.0123060485
  -11.703020    -54.716810    0.0113706549
  -11.703020    -42.557519    0.0106638891
  -11.703020    -30.398228    0.0101581348
  -11.703020    -18.238937    0.0098326293
  -11.703020     -6.079646    0.0096734000
  -11.703020      6.079646    0.0096734000
  -11.703020     18.238937    0.0098326293
  -11.703020     30.398228    0.0101581348
  -11.703020     42.557519    0.0106638891
  -11.703020     54.716810    0.0113706549
  -11.703020     66.876101    0.0123060485
  -11.703020     79.035392    0.0135051227
  -11.703020     91.194683    0.0150118956

   -7.021812    -91.194683    0.0092792035
   -7.021812    -79.035392    0.0075936479
   -7.021812    -66.876101    0.0062397884
   -7.021812    -54.716810    0.0051748019
   -7.021812    -42.557519    0.0043640313
   -7.021812    -30.398228    0.0037800356
   -7.021812    -18.238937    0.0034022190
   -7.021812     -6.079646    0.0032167786
   -7.021812      6.079646    0.0032167786
   -7.021812     18.238937    0.0034022190
   -7.021812     30.398228    0.0037800356
   -7.021812     42.557519    0.0043640313
   -7.021812     54.716810    0.0051748019
   -7.021812     66.876101    0.0062397884
   -7.021812     79.035392    0.0075936479
   -7.021812     91.194683    0.0092792035

   -2.340604    -91.194683    0.0069386363
   -2.340604    -79.035392    0.0051228926
   -2.340604    -66.876101    0.0036564433
   -2.340604    -54.716810    0.0024975030
   -2.340604    -42.557519    0.0016115496
   -2.340604    -30.398228    0.0009710903
   -2.340604    -18.238937    0.0005555452
   -2.340604     -6.079646    0.0003512010
   -2.340604      6.079646    0.0003512010
   -2.340604     18.238937    0.0005555452
   -2.340604     30.398228    0.0009710903
   -2.340604     42.557519    0.0016115496
   -2.340604     54.716810    0.0024975030
   -2.340604     66.876101    0.0036564433
   -2.340604     79.035392    0.0051228926
   -2.340604     91.194683    0.0069386363

    2.340604    -91.194683    0.0072791088
    2.340604    -79.035392    0.0053720750
    2.340604    -66.876101    0.0038276703
    2.340604    -54.716810    0.0026040340
    2.340604    -42.557519    0.0016664647
    2.340604    -30.398228    0.0009873347
    2.340604    -18.238937    0.0005460069
    2.340604     -6.079646    0.0003287655
    2.340604      6.079646    0.0003287655
    2.340604     18.238937    0.0005460069
    2.340604     30.398228    0.0009873347
    2.340604     42.557519    0.0016664647
    2.340604     54.716810    0.0026040340
    2.340604     66.876101    0.0038276703
    2.340604     79.035392    0.0053720750
    2.340604     91.194683    0.0072791088

    7.021812    -91.194683    0.0097058202
    7.021812    -79.035392    0.0077387377
    7.021812    -66.876101    0.0061442703
    7.021812    -54.716810    0.0048796655
    7.021812    -42.557519    0.0039097195
    7.021812    -30.398228    0.0032065102
    7.021812    -18.238937    0.0027492202
    7.021812     -6.079646    0.0025240242
    7.021812      6.079646    0.0025240242
    7.021812     18.238937    0.0027492202
    7.021812     30.398228    0.0032065102
    7.021812     42.557519    0.0039097195
    7.021812     54.716810    0.0048796655
    7.021812     66.876101    0.0061442703
    7.021812     79.035392    0.0077387377
    7.021812     91.194683    0.0097058202

   11.703020    -91.194683    0.0137207234
   11.703020    -79.035392    0.0117181675
   11.703020    -66.876101    0.0100955255
   11.703020    -54.716810    0.0088088372
   11.703020    -42.557519    0.0078220436
   11.703020    -30.398228    0.0071066337
   11.703020    -18.238937    0.0066414021
   11.703020     -6.079646    0.0064122899
   11.703020      6.079646    0.0064122899
   11.703020     18.238937    0.0066414021
   11.703020     30.398228    0.0071066337
   11.703020     42.557519    0.0078220436
   11.703020     54.716810    0.0088088372
   11.703020     66.876101    0.0100955255
   11.703020     79.035392    0.0117181675
   11.703020     91.194683    0.0137207234

   16.384228    -91.194683    0.0189068725
   16.384228    -79.035392    0.0168868913
   16.384228    -66.876101    0.0152526050
   16.384228    -54.716810    0.0139584128
   16.384228    -42.557519    0.0129669519
   16.384228    -30.398228    0.0122487577
   16.384228    -18.238937    0.0117819845
   16.384228     -6.079646    0.0115521901
   16.384228      6.079646    0.0115521901
   16.384228     18.238937    0.0117819845
   16.384228     30.398228    0.0122487577
   16.384228     42.557519    0.0129669519
   16.384228     54.716810    0.0139584128
   16.384228     66.876101    0.0152526050
   16.384228     79.035392    0.0168868913
   16.384228     91.194683    0.0189068725

   21.065436    -91.194683    0.0249159275
   21.065436    -79.035392    0.0228898149
   21.065436    -66.876101    0.0212553524
   21.065436    -54.716810    0.0199641801
   21.065436    -42.557519    0.0189770261
   21.065436    -30.398228    0.0182630975
   21.065436    -18.238937    0.0177996415
   21.065436     -6.079646    0.0175716445
   21.065436      6.079646    0.0175716445
   21.065436     18.238937    0.0177996415
   21.065436     30.398228    0.0182630975
   21.065436     42.557519    0.0189770261
   21.065436     54.716810    0.0199641801
   21.065436     66.876101    0.0212553524
   21.065436     79.035392    0.0228898149
   21.065436     91.194683    0.0249159275

   25.746645    -91.194683    0.0314582530
   25.746645    -79.035392    0.0294303966
   25.746645    -66.876101    0.0278018456
   25.746645    -54.716810    0.0265199799
   25.746645    -42.557519    0.0255428516
   25.746645    -30.398228    0.0248378797
   25.746645    -18.238937    0.0243810735
   25.746645     -6.079646    0.0241566064
   25.746645      6.079646    0.0241566064
   25.746645     18.238937    0.0243810735
   25.746645     30.398228    0.0248378797
   25.746645     42.557519    0.0255428516
   25.746645     54.716810    0.0265199799
   25.746645     66.876101    0.0278018456
   25.746645     79.035392    0.0294303966
   25.746645     91.194683    0.0314582530

   30.427853    -91.194683    0.0382952009
   30.427853    -79.035392    0.0362630782
   30.427853    -66.876101    0.0346401959
   30.427853    -54.716810    0.0333690695
   30.427853    -42.557519    0.0324042005
   30.427853    -30.398228    0.0317104506
   30.427853    -18.238937    0.0312620551
   30.427853     -6.079646    0.0310420654
   30.427853      6.079646    0.0310420654
   30.427853     18.238937    0.0312620551
   30.427853     30.398228    0.0317104506
   30.427853     42.557519    0.0324042005
   30.427853     54.716810    0.0333690695
   30.427853     66.876101    0.0346401959
   30.427853     79.035392    0.0362630782
   30.427853     91.194683    0.0382952009

   35.109061    -91.194683    0.0452333237
   35.109061    -79.035392    0.0431870202
   35.109061    -66.876101    0.0415621262
   35.109061    -54.716810    0.0402975438
   35.109061    -42.557519    0.0393432713
   35.109061    -30.398228    0.0386603572
   35.109061    -18.238937    0.0382204119
   35.109061     -6.079646    0.0380049763
   35.109061      6.079646    0.0380049763
   35.109061     18.238937    0.0382204119
   35.109061     30.398228    0.0386603572
   35.109061     42.557519    0.0393432713
   35.109061     54.716810    0.0402975438
   35.109061     66.876101    0.0415621262
   35.109061     79.035392    0.0431870202
   35.109061     91.194683    0.0452333237

   39.790269    -91.194683    0.0521204197
   39.790269    -79.035392    0.0500400187
   39.790269    -66.876101    0.0483979478
   39.790269    -54.716810    0.0471298604
   39.790269    -42.557519    0.0461800178
   39.790269    -30.398228    0.0455042994
   39.790269    -18.238937    0.0450707548
   39.790269     -6.079646    0.0448589358
   39.790269      6.079646    0.0448589358
   39.790269     18.238937    0.0450707548
   39.790269     30.398228    0.0455042994
   39.790269     42.557519    0.0461800178
   39.790269     54.716810    0.0471298604
   39.790269     66.876101    0.0483979478
   39.790269     79.035392    0.0500400187
   39.790269     91.194683    0.0521204197

   44.471477    -91.194683    0.0588434687
   44.471477    -79.035392    0.0566913072
   44.471477    -66.876101    0.0550126278
   44.471477    -54.716810    0.0537267321
   44.471477    -42.557519    0.0527698173
   44.471477    -30.398228    0.0520930266
   44.471477    -18.238937    0.0516609595
   44.471477     -6.079646    0.0514505954
   44.471477      6.079646    0.0514505954
   44.471477     18.238937    0.0516609595
   44.471477     30.398228    0.0520930266
   44.471477     42.557519    0.0527698173
   44.471477     54.716810    0.0537267321
   44.471477     66.876101    0.0550126278
   44.471477     79.035392    0.0566913072
   44.471477     91.194683    0.0588434687

