  -62.630025   -136.038482    0.0169041651
  -62.630025   -117.900018    0.0166207637
  -62.630025    -99.761554    0.0166319147
  -62.630025    -81.623089    0.0168279867
  -62.630025    -63.484625    0.0171114551
  -62.630025    -45.346161    0.0174000189
  -62.630025    -27.207696    0.0176293401
  -62.630025     -9.069232    0.0177552417
  -62.630025      9.069232    0.0177552417
  -62.630025     27.207696    0.0176293401
  -62.630025     45.346161    0.0174000189
  -62.630025     63.484625    0.0171114551
  -62.630025     81.623089    0.0168279867
  -62.630025     99.761554    0.0166319147
  -62.630025    117.900018    0.0166207637
  -62.630025    136.038482    0.0169041651

  -54.279355   -136.038482    0.0129142129
  -54.279355   -117.900018    0.0124809403
  -54.279355    -99.761554    0.0123588562
  -54.279355    -81.623089    0.0124403679
  -54.279355    -63.484625    0.0126297869
  -54.279355    -45.346161    0.0128463711
  -54.279355    -27.207696    0.0130270038
  -54.279355     -9.069232    0.0131283477
  -54.279355      9.069232    0.0131283477
  -54.279355     27.207696    0.0130270038
  -54.279355     45.346161    0.0128463711
  -54.279355     63.484625    0.0126297869
  -54.279355     81.623089    0.0124403679
  -54.279355     99.761554    0.0123588562
  -54.279355    117.900018    0.0124809403
  -54.279355    136.038482    0.0129142129

  -45.928685   -136.038482    0.0096497579
  -45.928685   -117.900018    0.0090742105
  -45.928685    -99.761554    0.0088256092
  -45.928685    -81.623089    0.0087982984
  -45.928685    -63.484625    0.0088983463
  -45.928685    -45.346161    0.0090465092
  -45.928685    -27.207696    0.0091808490
  -45.928685     -9.069232    0.0092588397
  -45.928685      9.069232    0.0092588397
  -45.928685     27.207696    0.0091808490
  -45.928685     45.346161    0.0090465092
  -45.928685     63.484625    0.0088983463
  -45.928685     81.623089    0.0087982984
  -45.928685     99.761554    0.0088256092
  -45.928685    117.900018    0.0090742105
  -45.928685    136.038482    0.0096497579

  -37.578015   -136.038482    0.0070787092
  -37.578015   -117.900018    0.0063672685
  -37.578015    -99.761554    0.0059977405
  -37.578015    -81.623089    0.0058663627
  -37.578015    -63.484625    0.0058809136
  -37.578015    -45.346161    0.0059636045
  -37.578015    -27.207696    0.0060536394
  -37.578015     -9.069232    0.0061092777
  -37.578015      9.069232    0.0061092777
  -37.578015     27.207696    0.0060536394
  -37.578015     45.346161    0.0059636045
  -37.578015     63.484625    0.0058809136
  -37.578015     81.623089    0.0058663627
  -37.578015     99.761554    0.0059977405
  -37.578015    117.900018    0.0063672685
  -37.578015    136.038482    0.0070787092

  -29.227345   -136.038482    0.0051716370
  -29.227345   -117.900018    0.0043295616
  -29.227345    -99.761554    0.0038436787
  -29.227345    -81.623089    0.0036121060
  -29.227345    -63.484625    0.0035443075
  -29.227345    -45.346161    0.0035639208
  -29.227345    -27.207696    0.0036112644
  -29.227345     -9.069232    0.0036453625
  -29.227345      9.069232    0.0036453625
  -29.227345     27.207696    0.0036112644
  -29.227345     45.346161    0.0035639208
  -29.227345     63.484625    0.0035443075
  -29.227345     81.623089    0.0036121060
  -29.227345     99.761554    0.0038436787
  -29.227345    117.900018    0.0043295616
  -29.227345    136.038482    0.0051716370

  -20.876675   -136.038482    0.0039018973
  -20.876675   -117.900018    0.0029334274
  -20.876675    -99.761554    0.0023348531
  -20.876675    -81.623089    0.0020061732
  -20.876675    -63.484625    0.0018585259
  -20.876675    -45.346161    0.0018169580
  -20.876675    -27.207696    0.0018228862
  -20.876675     -9.069232    0.0018360859
  -20.876675      9.069232    0.0018360859
  -20.876675     27.207696    0.0018228862
  -20.876675     45.346161    0.0018169580
  -20.876675     63.484625    0.0018585259
  -20.876675     81.623089    0.0020061732
  -20.876675     99.761554    0.0023348531
  -20.876675    117.900018    0.0029334274
  -20.876675    136.038482    0.0039018973

  -12.526005   -136.038482    0.0032457147
  -12.526005   -117.900018    0.0021541877
  -12.526005    -99.761554    0.0014457888
  -12.526005    -81.623089    0.0010224027
  -12.526005    -63.484625    0.0007968395
  -12.526005    -45.346161    0.0006955494
  -12.526005    -27.207696    0.0006610398
  -12.526005     -9.069232    0.0006538314
  -12.526005      9.069232    0.0006538314
  -12.526005     27.207696    0.0006610398
  -12.526005     45.346161    0.0006955494
  -12.526005     63.484625    0.0007968395
  -12.526005     81.623089    0.0010224027
  -12.526005     99.761554    0.0014457888
  -12.526005    117.900018    0.0021541877
  -12.526005    136.038482    0.0032457147

   -4.175335   -136.038482    0.0031822256
   -4.175335   -117.900018    0.0019701985
   -4.175335    -99.761554    0.0011541564
   -4.175335    -81.623089    0.0006378754
   -4.175335    -63.484625    0.0003358417
   -4.175335    -45.346161    0.0001759114
   -4.175335    -27.207696    0.0001016845
   -4.175335     -9.069232    0.0000744281
   -4.175335      9.069232    0.0000744281
   -4.175335     27.207696    0.0001016845
   -4.175335     45.346161    0.0001759114
   -4.175335     63.484625    0.0003358417
   -4.175335     81.623089    0.0006378754
   -4.175335     99.761554    0.0011541564
   -4.175335    117.900018    0.0019701985
   -4.175335    136.038482    0.0031822256

    4.175335   -136.038482    0.0036934798
    4.175335   -117.900018    0.0023628563
    4.175335    -99.761554    0.0014407772
    4.175335    -81.623089    0.0008329179
    4.175335    -63.484625    0.0004554505
    4.175335    -45.346161    0.0002376469
    4.175335    -27.207696    0.0001242084
    4.175335     -9.069232    0.0000771552
    4.175335      9.069232    0.0000771552
    4.175335     27.207696    0.0001242084
    4.175335     45.346161    0.0002376469
    4.175335     63.484625    0.0004554505
    4.175335     81.623089    0.0008329179
    4.175335     99.761554    0.0014407772
    4.175335    117.900018    0.0023628563
    4.175335    136.038482    0.0036934798

   12.526005   -136.038482    0.0047644027
   12.526005   -117.900018    0.0033165597
   12.526005    -99.761554    0.0022895836
   12.526005    -81.623089    0.0015910614
   12.526005    -63.484625    0.0011388660
   12.526005    -45.346161    0.0008637016
   12.526005    -27.207696    0.0007113845
   12.526005     -9.069232    0.0006446983
   12.526005      9.069232    0.0006446983
   12.526005     27.207696    0.0007113845
   12.526005     45.346161    0.0008637016
   12.526005     63.484625    0.0011388660
   12.526005     81.623089    0.0015910614
   12.526005     99.761554    0.0022895836
   12.526005    117.900018    0.0033165597
   12.526005    136.038482    0.0047644027

   20.876675   -136.038482    0.0063827153
   20.876675   -117.900018    0.0048186286
   20.876675    -99.761554    0.0036875353
   20.876675    -81.623089    0.0028989542
   20.876675    -63.484625    0.0023724817
   20.876675    -45.346161    0.0020402738
   20.876675    -27.207696    0.0018492796
   20.876675     -9.069232    0.0017630578
   20.876675      9.069232    0.0017630578
   20.876675     27.207696    0.0018492796
   20.876675     45.346161    0.0020402738
   20.876675     63.484625    0.0023724817
   20.876675     81.623089    0.0028989542
   20.876675     99.761554    0.0036875353
   20.876675    117.900018    0.0048186286
   20.876675    136.038482    0.0063827153

   29.227345   -136.038482    0.0085388149
   29.227345   -117.900018    0.0068591785
   29.227345    -99.761554    0.0056244896
   29.227345    -81.623089    0.0047462307
   29.227345    -63.484625    0.0041457492
   29.227345    -45.346161    0.0037566773
   29.227345    -27.207696    0.0035271148
   29.227345     -9.069232    0.0034214088
   29.227345      9.069232    0.0034214088
   29.227345     27.207696    0.0035271148
   29.227345     45.346161    0.0037566773
   29.227345     63.484625    0.0041457492
   29.227345     81.623089    0.0047462307
   29.227345     99.761554    0.0056244896
   29.227345    117.900018    0.0068591785
   29.227345    136.038482    0.0085388149

   37.578015   -136.038482    0.0112256142
   37.578015   -117.900018    0.0094309511
   37.578015    -99.761554    0.0080930284
   37.578015    -81.623089    0.0071253335
   37.578015    -63.484625    0.0064509983
   37.578015    -45.346161    0.0060051570
   37.578015    -27.207696    0.0057370790
   37.578015     -9.069232    0.0056119121
   37.578015      9.069232    0.0056119121
   37.578015     27.207696    0.0057370790
   37.578015     45.346161    0.0060051570
   37.578015     63.484625    0.0064509983
   37.578015     81.623089    0.0071253335
   37.578015     99.761554    0.0080930284
   37.578015    117.900018    0.0094309511
   37.578015    136.038482    0.0112256142

   45.928685   -136.038482    0.0144383406
   45.928685   -117.900018    0.0125291017
   45.928685    -99.761554    0.0110882392
   45.928685    -81.623089    0.0100312914
   45.928685    -63.484625    0.0092832102
   45.928685    -45.346161    0.0087806582
   45.928685    -27.207696    0.0084740939
   45.928685     -9.069232    0.0083294776
   45.928685      9.069232    0.0083294776
   45.928685     27.207696    0.0084740939
   45.928685     45.346161    0.0087806582
   45.928685     63.484625    0.0092832102
   45.928685     81.623089    0.0100312914
   45.928685     99.761554    0.0110882392
   45.928685    117.900018    0.0125291017
   45.928685    136.038482    0.0144383406

   54.279355   -136.038482    0.0181742938
   54.279355   -117.900018    0.0161509418
   54.279355    -99.761554    0.0146074524
   54.279355    -81.623089    0.0134614522
   54.279355    -63.484625    0.0126397452
   54.279355    -45.346161    0.0120805493
   54.279355    -27.207696    0.0117355318
   54.279355     -9.069232    0.0115714791
   54.279355      9.069232    0.0115714791
   54.279355     27.207696    0.0117355318
   54.279355     45.346161    0.0120805493
   54.279355     63.484625    0.0126397452
   54.279355     81.623089    0.0134614522
   54.279355     99.761554    0.0146074524
   54.279355    117.900018    0.0161509418
   54.279355    136.038482    0.0181742938

   62.630025   -136.038482    0.0224325641
   62.630025   -117.900018    0.0202956389
   62.630025    -99.761554    0.0186499330
   62.630025    -81.623089    0.0174151697
   62.630025    -63.484625    0.0165200250
   62.630025    -45.346161    0.0159042969
   62.630025    -27.207696    0.0155208850
   62.630025     -9.069232    0.0153374207
   62.630025      9.069232    0.0153374207
   62.630025     27.207696    0.0155208850
   62.630025     45.346161    0.0159042969
   62.630025     63.484625    0.0165200250
   62.630025     81.623089    0.0174151697
   62.630025     99.761554    0.0186499330
   62.630025    117.900018    0.0202956389
   62.630025    136.038482    0.0224325641

