  -38.681015    -47.456659   -0.0014122574
  -38.681015    -41.129105   -0.0011900051
  -38.681015    -34.801550   -0.0009797802
  -38.681015    -28.473996   -0.0007808198
  -38.681015    -22.146441   -0.0005922726
  -38.681015    -15.818886   -0.0004131991
  -38.681015     -9.491332   -0.0002425714
  -38.681015     -3.163777   -0.0000792734
  -38.681015      3.163777    0.0000778996
  -38.681015      9.491332    0.0002302403
  -38.681015     15.818886    0.0003791300
  -38.681015     22.146441    0.0005260382
  -38.681015     28.473996    0.0006725228
  -38.681015     34.801550    0.0008202298
  -38.681015     41.129105    0.0009708939
  -38.681015     47.456659    0.0011263379

  -33.523546    -47.456659   -0.0009216880
  -33.523546    -41.129105   -0.0007702198
  -33.523546    -34.801550   -0.0006290885
  -33.523546    -28.473996   -0.0004975235
  -33.523546    -22.146441   -0.0003746907
  -33.523546    -15.818886   -0.0002596921
  -33.523546     -9.491332   -0.0001515656
  -33.523546     -3.163777   -0.0000492856
  -33.523546      3.163777    0.0000482376
  -33.523546      9.491332    0.0001421574
  -33.523546     15.818886    0.0002336910
  -33.523546     22.146441    0.0003241196
  -33.523546     28.473996    0.0004147881
  -33.523546     34.801550    0.0005071052
  -33.523546     41.129105    0.0006025437
  -33.523546     47.456659    0.0007026399

  -28.366078    -47.456659   -0.0005581467
  -28.366078    -41.129105   -0.0004604373
  -28.366078    -34.801550   -0.0003713323
  -28.366078    -28.473996   -0.0002900970
  -28.366078    -22.146441   -0.0002159522
  -28.366078    -15.818886   -0.0001480748
  -28.366078     -9.491332   -0.0000855973
  -28.366078     -3.163777   -0.0000276083
  -28.366078      3.163777    0.0000268480
  -28.366078      9.491332    0.0000787714
  -28.366078     15.818886    0.0001292061
  -28.366078     22.146441    0.0001792401
  -28.366078     28.473996    0.0002300059
  -28.366078     34.801550    0.0002826800
  -28.366078     41.129105    0.0003384831
  -28.366078     47.456659    0.0003986802

  -23.208609    -47.456659   -0.0003031736
  -23.208609    -41.129105   -0.0002445507
  -23.208609    -34.801550   -0.0001928008
  -23.208609    -28.473996   -0.0001472618
  -23.208609    -22.146441   -0.0001072429
  -23.208609    -15.818886   -0.0000720246
  -23.208609     -9.491332   -0.0000408585
  -23.208609     -3.163777   -0.0000129678
  -23.208609      3.163777    0.0000124533
  -23.208609      9.491332    0.0000362391
  -23.208609     15.818886    0.0000592526
  -23.208609     22.146441    0.0000823857
  -23.208609     28.473996    0.0001065589
  -23.208609     34.801550    0.0001327213
  -23.208609     41.129105    0.0001618509
  -23.208609     47.456659    0.0001949544

  -18.051140    -47.456659   -0.0001382221
  -18.051140    -41.129105   -0.0001063905
  -18.051140    -34.801550   -0.0000797394
  -18.051140    -28.473996   -0.0000577114
  -18.051140    -22.146441   -0.0000397323
  -18.051140    -15.818886   -0.0000252106
  -18.051140     -9.491332   -0.0000135383
  -18.051140     -3.163777   -0.0000040901
  -18.051140      3.163777    0.0000037762
  -18.051140      9.491332    0.0000107196
  -18.051140     15.818886    0.0000174162
  -18.051140     22.146441    0.0000245590
  -18.051140     28.473996    0.0000328579
  -18.051140     34.801550    0.0000430399
  -18.051140     41.129105    0.0000558487
  -18.051140     47.456659    0.0000720452

  -12.893672    -47.456659   -0.0000446583
  -12.893672    -41.129105   -0.0000297240
  -12.893672    -34.801550   -0.0000183500
  -12.893672    -28.473996   -0.0000101108
  -12.893672    -22.146441   -0.0000045729
  -12.893672    -15.818886   -0.0000012938
  -12.893672     -9.491332    0.0000001771
  -12.893672     -3.163777    0.0000002990
  -12.893672      3.163777   -0.0000004602
  -12.893672      9.491332   -0.0000016245
  -12.893672     15.818886   -0.0000027090
  -12.893672     22.146441   -0.0000032207
  -12.893672     28.473996   -0.0000026578
  -12.893672     34.801550   -0.0000005101
  -12.893672     41.129105    0.0000037409
  -12.893672     47.456659    0.0000106226

   -7.736203    -47.456659   -0.0000037613
   -7.736203    -41.129105    0.0000017440
   -7.736203    -34.801550    0.0000052089
   -7.736203    -28.473996    0.0000069030
   -7.736203    -22.146441    0.0000070993
   -7.736203    -15.818886    0.0000060735
   -7.736203     -9.491332    0.0000041046
   -7.736203     -3.163777    0.0000014742
   -7.736203      3.163777   -0.0000015325
   -7.736203      9.491332   -0.0000046278
   -7.736203     15.818886   -0.0000075208
   -7.736203     22.146441   -0.0000099175
   -7.736203     28.473996   -0.0000115209
   -7.736203     34.801550   -0.0000120311
   -7.736203     41.129105   -0.0000111451
   -7.736203     47.456659   -0.0000085568

   -2.578734    -47.456659    0.0000032768
   -2.578734    -41.129105    0.0000043719
   -2.578734    -34.801550    0.0000048221
   -2.578734    -28.473996    0.0000047215
   -2.578734    -22.146441    0.0000041649
   -2.578734    -15.818886    0.0000032472
   -2.578734     -9.491332    0.0000020639
   -2.578734     -3.163777    0.0000007105
   -2.578734      3.163777   -0.0000007170
   -2.578734      9.491332   -0.0000021222
   -2.578734     15.818886   -0.0000034084
   -2.578734     22.146441   -0.0000044787
   -2.578734     28.473996   -0.0000052358
   -2.578734     34.801550   -0.0000055819
   -2.578734     41.129105   -0.0000054191
   -2.578734     47.456659   -0.0000046491

    2.578734    -47.456659   -0.0000046491
    2.578734    -41.129105   -0.0000054191
    2.578734    -34.801550   -0.0000055819
    2.578734    -28.473996   -0.0000052358
    2.578734    -22.146441   -0.0000044787
    2.578734    -15.818886   -0.0000034084
    2.578734     -9.491332   -0.0000021222
    2.578734     -3.163777   -0.0000007170
    2.578734      3.163777    0.0000007105
    2.578734      9.491332    0.0000020639
    2.578734     15.818886    0.0000032472
    2.578734     22.146441    0.0000041649
    2.578734     28.473996    0.0000047215
    2.578734     34.801550    0.0000048221
    2.578734     41.129105    0.0000043719
    2.578734     47.456659    0.0000032768

    7.736203    -47.456659   -0.0000085568
    7.736203    -41.129105   -0.0000111451
    7.736203    -34.801550   -0.0000120311
    7.736203    -28.473996   -0.0000115209
    7.736203    -22.146441   -0.0000099175
    7.736203    -15.818886   -0.0000075208
    7.736203     -9.491332   -0.0000046278
    7.736203     -3.163777   -0.0000015325
    7.736203      3.163777    0.0000014742
    7.736203      9.491332    0.0000041046
    7.736203     15.818886    0.0000060735
    7.736203     22.146441    0.0000070993
    7.736203     28.473996    0.0000069030
    7.736203     34.801550    0.0000052089
    7.736203     41.129105    0.0000017440
    7.736203     47.456659   -0.0000037613

   12.893672    -47.456659    0.0000106226
   12.893672    -41.129105    0.0000037409
   12.893672    -34.801550   -0.0000005101
   12.893672    -28.473996   -0.0000026578
   12.893672    -22.146441   -0.0000032207
   12.893672    -15.818886   -0.0000027090
   12.893672     -9.491332   -0.0000016245
   12.893672     -3.163777   -0.0000004602
   12.893672      3.163777    0.0000002990
   12.893672      9.491332    0.0000001771
   12.893672     15.818886   -0.0000012938
   12.893672     22.146441   -0.0000045729
   12.893672     28.473996   -0.0000101108
   12.893672     34.801550   -0.0000183500
   12.893672     41.129105   -0.0000297240
   12.893672     47.456659   -0.0000446583

   18.051140    -47.456659    0.0000720452
   18.051140    -41.129105    0.0000558487
   18.051140    -34.801550    0.0000430399
   18.051140    -28.473996    0.0000328579
   18.051140    -22.146441    0.0000245590
   18.051140    -15.818886    0.0000174162
   18.051140     -9.491332    0.0000107196
   18.051140     -3.163777    0.0000037762
   18.051140      3.163777   -0.0000040901
   18.051140      9.491332   -0.0000135383
   18.051140     15.818886   -0.0000252106
   18.051140     22.146441   -0.0000397323
   18.051140     28.473996   -0.0000577114
   18.051140     34.801550   -0.0000797394
   18.051140     41.129105   -0.0001063905
   18.051140     47.456659   -0.0001382221

   23.208609    -47.456659    0.0001949544
   23.208609    -41.129105    0.0001618509
   23.208609    -34.801550    0.0001327213
   23.208609    -28.473996    0.0001065589
   23.208609    -22.146441    0.0000823857
   23.208609    -15.818886    0.0000592526
   23.208609     -9.491332    0.0000362391
   23.208609     -3.163777    0.0000124533
   23.208609      3.163777   -0.0000129678
   23.208609      9.491332   -0.0000408585
   23.208609     15.818886   -0.0000720246
   23.208609     22.146441   -0.0001072429
   23.208609     28.473996   -0.0001472618
   23.208609     34.801550   -0.0001928008
   23.208609     41.129105   -0.0002445507
   23.208609     47.456659   -0.0003031736

   28.366078    -47.456659    0.0003986802
   28.366078    -41.129105    0.0003384831
   28.366078    -34.801550    0.0002826800
   28.366078    -28.473996    0.0002300059
   28.366078    -22.146441    0.0001792401
   28.366078    -15.818886    0.0001292061
   28.366078     -9.491332    0.0000787714
   28.366078     -3.163777    0.0000268480
   28.366078      3.163777   -0.0000276083
   28.366078      9.491332   -0.0000855973
   28.366078     15.818886   -0.0001480748
   28.366078     22.146441   -0.0002159522
   28.366078     28.473996   -0.0002900970
   28.366078     34.801550   -0.0003713323
   28.366078     41.129105   -0.0004604373
   28.366078     47.456659   -0.0005581467

   33.523546    -47.456659    0.0007026399
   33.523546    -41.129105    0.0006025437
   33.523546    -34.801550    0.0005071052
   33.523546    -28.473996    0.0004147881
   33.523546    -22.146441    0.0003241196
   33.523546    -15.818886    0.0002336910
   33.523546     -9.491332    0.0001421574
   33.523546     -3.163777    0.0000482376
   33.523546      3.163777   -0.0000492856
   33.523546      9.491332   -0.0001515656
   33.523546     15.818886   -0.0002596921
   33.523546     22.146441   -0.0003746907
   33.523546     28.473996   -0.0004975235
   33.523546     34.801550   -0.0006290885
   33.523546     41.129105   -0.0007702198
   33.523546     47.456659   -0.0009216880

   38.681015    -47.456659    0.0011263379
   38.681015    -41.129105    0.0009708939
   38.681015    -34.801550    0.0008202298
   38.681015    -28.473996    0.0006725228
   38.681015    -22.146441    0.0005260382
   38.681015    -15.818886    0.0003791300
   38.681015     -9.491332    0.0002302403
   38.681015     -3.163777    0.0000778996
   38.681015      3.163777   -0.0000792734
   38.681015      9.491332   -0.0002425714
   38.681015     15.818886   -0.0004131991
   38.681015     22.146441   -0.0005922726
   38.681015     28.473996   -0.0007808198
   38.681015     34.801550   -0.0009797802
   38.681015     41.129105   -0.0011900051
   38.681015     47.456659   -0.0014122574

