  -35.358766   -100.911229   -0.0231498032
  -35.358766    -87.456398   -0.0182972907
  -35.358766    -74.001568   -0.0137024462
  -35.358766    -60.546737   -0.0095319897
  -35.358766    -47.091907   -0.0059502951
  -35.358766    -33.637076   -0.0031095157
  -35.358766    -20.182246   -0.0011376826
  -35.358766     -6.727415   -0.0001274434
  -35.358766      6.727415   -0.0001274434
  -35.358766     20.182246   -0.0011376826
  -35.358766     33.637076   -0.0031095157
  -35.358766     47.091907   -0.0059502951
  -35.358766     60.546737   -0.0095319897
  -35.358766     74.001568   -0.0137024462
  -35.358766     87.456398   -0.0182972907
  -35.358766    100.911229   -0.0231498032

  -30.644264   -100.911229   -0.0165862952
  -30.644264    -87.456398   -0.0131457403
  -30.644264    -74.001568   -0.0098106209
  -30.644264    -60.546737   -0.0068028471
  -30.644264    -47.091907   -0.0042423490
  -30.644264    -33.637076   -0.0022188768
  -30.644264    -20.182246   -0.0008130921
  -30.644264     -6.727415   -0.0000911845
  -30.644264      6.727415   -0.0000911845
  -30.644264     20.182246   -0.0008130921
  -30.644264     33.637076   -0.0022188768
  -30.644264     47.091907   -0.0042423490
  -30.644264     60.546737   -0.0068028471
  -30.644264     74.001568   -0.0098106209
  -30.644264     87.456398   -0.0131457403
  -30.644264    100.911229   -0.0165862952

  -25.929762   -100.911229   -0.0114029429
  -25.929762    -87.456398   -0.0090083058
  -25.929762    -74.001568   -0.0067270645
  -25.929762    -60.546737   -0.0046676026
  -25.929762    -47.091907   -0.0029093505
  -25.929762    -33.637076   -0.0015195803
  -25.929762    -20.182246   -0.0005559870
  -25.929762     -6.727415   -0.0000622907
  -25.929762      6.727415   -0.0000622907
  -25.929762     20.182246   -0.0005559870
  -25.929762     33.637076   -0.0015195803
  -25.929762     47.091907   -0.0029093505
  -25.929762     60.546737   -0.0046676026
  -25.929762     74.001568   -0.0067270645
  -25.929762     87.456398   -0.0090083058
  -25.929762    100.911229   -0.0114029429

  -21.215260   -100.911229   -0.0073791085
  -21.215260    -87.456398   -0.0058098450
  -21.215260    -74.001568   -0.0043427657
  -21.215260    -60.546737   -0.0030160927
  -21.215260    -47.091907   -0.0018792789
  -21.215260    -33.637076   -0.0009801859
  -21.215260    -20.182246   -0.0003580475
  -21.215260     -6.727415   -0.0000400721
  -21.215260      6.727415   -0.0000400721
  -21.215260     20.182246   -0.0003580475
  -21.215260     33.637076   -0.0009801859
  -21.215260     47.091907   -0.0018792789
  -21.215260     60.546737   -0.0030160927
  -21.215260     74.001568   -0.0043427657
  -21.215260     87.456398   -0.0058098450
  -21.215260    100.911229   -0.0073791085

  -16.500757   -100.911229   -0.0043445456
  -16.500757    -87.456398   -0.0034170700
  -16.500757    -74.001568   -0.0025535229
  -16.500757    -60.546737   -0.0017730452
  -16.500757    -47.091907   -0.0011043244
  -16.500757    -33.637076   -0.0005757008
  -16.500757    -20.182246   -0.0002101986
  -16.500757     -6.727415   -0.0000235187
  -16.500757      6.727415   -0.0000235187
  -16.500757     20.182246   -0.0002101986
  -16.500757     33.637076   -0.0005757008
  -16.500757     47.091907   -0.0011043244
  -16.500757     60.546737   -0.0017730452
  -16.500757     74.001568   -0.0025535229
  -16.500757     87.456398   -0.0034170700
  -16.500757    100.911229   -0.0043445456

  -11.786255   -100.911229   -0.0021720339
  -11.786255    -87.456398   -0.0017105614
  -11.786255    -74.001568   -0.0012763506
  -11.786255    -60.546737   -0.0008849934
  -11.786255    -47.091907   -0.0005509745
  -11.786255    -33.637076   -0.0002873486
  -11.786255    -20.182246   -0.0001049919
  -11.786255     -6.727415   -0.0000117534
  -11.786255      6.727415   -0.0000117534
  -11.786255     20.182246   -0.0001049919
  -11.786255     33.637076   -0.0002873486
  -11.786255     47.091907   -0.0005509745
  -11.786255     60.546737   -0.0008849934
  -11.786255     74.001568   -0.0012763506
  -11.786255     87.456398   -0.0017105614
  -11.786255    100.911229   -0.0021720339

   -7.071753   -100.911229   -0.0007714246
   -7.071753    -87.456398   -0.0006089118
   -7.071753    -74.001568   -0.0004534848
   -7.071753    -60.546737   -0.0003138761
   -7.071753    -47.091907   -0.0001953376
   -7.071753    -33.637076   -0.0001019566
   -7.071753    -20.182246   -0.0000372983
   -7.071753     -6.727415   -0.0000041789
   -7.071753      6.727415   -0.0000041789
   -7.071753     20.182246   -0.0000372983
   -7.071753     33.637076   -0.0001019566
   -7.071753     47.091907   -0.0001953376
   -7.071753     60.546737   -0.0003138761
   -7.071753     74.001568   -0.0004534848
   -7.071753     87.456398   -0.0006089118
   -7.071753    100.911229   -0.0007714246

   -2.357251   -100.911229   -0.0000851364
   -2.357251    -87.456398   -0.0000673121
   -2.357251    -74.001568   -0.0000500668
   -2.357251    -60.546737   -0.0000346118
   -2.357251    -47.091907   -0.0000215355
   -2.357251    -33.637076   -0.0000112472
   -2.357251    -20.182246   -0.0000041181
   -2.357251     -6.727415   -0.0000004617
   -2.357251      6.727415   -0.0000004617
   -2.357251     20.182246   -0.0000041181
   -2.357251     33.637076   -0.0000112472
   -2.357251     47.091907   -0.0000215355
   -2.357251     60.546737   -0.0000346118
   -2.357251     74.001568   -0.0000500668
   -2.357251     87.456398   -0.0000673121
   -2.357251    100.911229   -0.0000851364

    2.357251   -100.911229   -0.0000851364
    2.357251    -87.456398   -0.0000673121
    2.357251    -74.001568   -0.0000500668
    2.357251    -60.546737   -0.0000346118
    2.357251    -47.091907   -0.0000215355
    2.357251    -33.637076   -0.0000112472
    2.357251    -20.182246   -0.0000041181
    2.357251     -6.727415   -0.0000004617
    2.357251      6.727415   -0.0000004617
    2.357251     20.182246   -0.0000041181
    2.357251     33.637076   -0.0000112472
    2.357251     47.091907   -0.0000215355
    2.357251     60.546737   -0.0000346118
    2.357251     74.001568   -0.0000500668
    2.357251     87.456398   -0.0000673121
    2.357251    100.911229   -0.0000851364

    7.071753   -100.911229   -0.0007714246
    7.071753    -87.456398   -0.0006089118
    7.071753    -74.001568   -0.0004534848
    7.071753    -60.546737   -0.0003138761
    7.071753    -47.091907   -0.0001953376
    7.071753    -33.637076   -0.0001019566
    7.071753    -20.182246   -0.0000372983
    7.071753     -6.727415   -0.0000041789
    7.071753      6.727415   -0.0000041789
    7.071753     20.182246   -0.0000372983
    7.071753     33.637076   -0.0001019566
    7.071753     47.091907   -0.0001953376
    7.071753     60.546737   -0.0003138761
    7.071753     74.001568   -0.0004534848
    7.071753     87.456398   -0.0006089118
    7.071753    100.911229   -0.0007714246

   11.786255   -100.911229   -0.0021720339
   11.786255    -87.456398   -0.0017105614
   11.786255    -74.001568   -0.0012763506
   11.786255    -60.546737   -0.0008849934
   11.786255    -47.091907   -0.0005509745
   11.786255    -33.637076   -0.0002873486
   11.786255    -20.182246   -0.0001049919
   11.786255     -6.727415   -0.0000117534
   11.786255      6.727415   -0.0000117534
   11.786255     20.182246   -0.0001049919
   11.786255     33.637076   -0.0002873486
   11.786255     47.091907   -0.0005509745
   11.786255     60.546737   -0.0008849934
   11.786255     74.001568   -0.0012763506
   11.786255     87.456398   -0.0017105614
   11.786255    100.911229   -0.0021720339

   16.500757   -100.911229   -0.0043445456
   16.500757    -87.456398   -0.0034170700
   16.500757    -74.001568   -0.0025535229
   16.500757    -60.546737   -0.0017730452
   16.500757    -47.091907   -0.0011043244
   16.500757    -33.637076   -0.0005757008
   16.500757    -20.182246   -0.0002101986
   16.500757     -6.727415   -0.0000235187
   16.500757      6.727415   -0.0000235187
   16.500757     20.182246   -0.0002101986
   16.500757     33.637076   -0.0005757008
   16.500757     47.091907   -0.0011043244
   16.500757     60.546737   -0.0017730452
   16.500757     74.001568   -0.0025535229
   16.500757     87.456398   -0.0034170700
   16.500757    100.911229   -0.0043445456

   21.215260   -100.911229   -0.0073791085
   21.215260    -87.456398   -0.0058098450
   21.215260    -74.001568   -0.0043427657
   21.215260    -60.546737   -0.0030160927
   21.215260    -47.091907   -0.0018792789
   21.215260    -33.637076   -0.0009801859
   21.215260    -20.182246   -0.0003580475
   21.215260     -6.727415   -0.0000400721
   21.215260      6.727415   -0.0000400721
   21.215260     20.182246   -0.0003580475
   21.215260     33.637076   -0.0009801859
   21.215260     47.091907   -0.0018792789
   21.215260     60.546737   -0.0030160927
   21.215260     74.001568   -0.0043427657
   21.215260     87.456398   -0.0058098450
   21.215260    100.911229   -0.0073791085

   25.929762   -100.911229   -0.0114029429
   25.929762    -87.456398   -0.0090083058
   25.929762    -74.001568   -0.0067270645
   25.929762    -60.546737   -0.0046676026
   25.929762    -47.091907   -0.0029093505
   25.929762    -33.637076   -0.0015195803
   25.929762    -20.182246   -0.0005559870
   25.929762     -6.727415   -0.0000622907
   25.929762      6.727415   -0.0000622907
   25.929762     20.182246   -0.0005559870
   25.929762     33.637076   -0.0015195803
   25.929762     47.091907   -0.0029093505
   25.929762     60.546737   -0.0046676026
   25.929762     74.001568   -0.0067270645
   25.929762     87.456398   -0.0090083058
   25.929762    100.911229   -0.0114029429

   30.644264   -100.911229   -0.0165862952
   30.644264    -87.456398   -0.0131457403
   30.644264    -74.001568   -0.0098106209
   30.644264    -60.546737   -0.0068028471
   30.644264    -47.091907   -0.0042423490
   30.644264    -33.637076   -0.0022188768
   30.644264    -20.182246   -0.0008130921
   30.644264     -6.727415   -0.0000911845
   30.644264      6.727415   -0.0000911845
   30.644264     20.182246   -0.0008130921
   30.644264     33.637076   -0.0022188768
   30.644264     47.091907   -0.0042423490
   30.644264     60.546737   -0.0068028471
   30.644264     74.001568   -0.0098106209
   30.644264     87.456398   -0.0131457403
   30.644264    100.911229   -0.0165862952

   35.358766   -100.911229   -0.0231498032
   35.358766    -87.456398   -0.0182972907
   35.358766    -74.001568   -0.0137024462
   35.358766    -60.546737   -0.0095319897
   35.358766    -47.091907   -0.0059502951
   35.358766    -33.637076   -0.0031095157
   35.358766    -20.182246   -0.0011376826
   35.358766     -6.727415   -0.0001274434
   35.358766      6.727415   -0.0001274434
   35.358766     20.182246   -0.0011376826
   35.358766     33.637076   -0.0031095157
   35.358766     47.091907   -0.0059502951
   35.358766     60.546737   -0.0095319897
   35.358766     74.001568   -0.0137024462
   35.358766     87.456398   -0.0182972907
   35.358766    100.911229   -0.0231498032

