  -44.766107   -100.911229    0.0778269908
  -44.766107    -87.456398    0.0746681648
  -44.766107    -74.001568    0.0721346667
  -44.766107    -60.546737    0.0701512824
  -44.766107    -47.091907    0.0686513918
  -44.766107    -33.637076    0.0675787003
  -44.766107    -20.182246    0.0668890427
  -44.766107     -6.727415    0.0665519800
  -44.766107      6.727415    0.0665519800
  -44.766107     20.182246    0.0668890427
  -44.766107     33.637076    0.0675787003
  -44.766107     47.091907    0.0686513918
  -44.766107     60.546737    0.0701512824
  -44.766107     74.001568    0.0721346667
  -44.766107     87.456398    0.0746681648
  -44.766107    100.911229    0.0778269908

  -40.053885   -100.911229    0.0676598647
  -40.053885    -87.456398    0.0643864920
  -40.053885    -74.001568    0.0617534955
  -40.053885    -60.546737    0.0596918796
  -40.053885    -47.091907    0.0581335869
  -40.053885    -33.637076    0.0570193138
  -40.053885    -20.182246    0.0563027075
  -40.053885     -6.727415    0.0559523157
  -40.053885      6.727415    0.0559523157
  -40.053885     20.182246    0.0563027075
  -40.053885     33.637076    0.0570193138
  -40.053885     47.091907    0.0581335869
  -40.053885     60.546737    0.0596918796
  -40.053885     74.001568    0.0617534955
  -40.053885     87.456398    0.0643864920
  -40.053885    100.911229    0.0676598647

  -35.341663   -100.911229    0.0578121762
  -35.341663    -87.456398    0.0544445870
  -35.341663    -74.001568    0.0517421937
  -35.341663    -60.546737    0.0496273859
  -35.341663    -47.091907    0.0480291798
  -35.341663    -33.637076    0.0468868777
  -35.341663    -20.182246    0.0461527766
  -35.341663     -6.727415    0.0457940735
  -35.341663      6.727415    0.0457940735
  -35.341663     20.182246    0.0461527766
  -35.341663     33.637076    0.0468868777
  -35.341663     47.091907    0.0480291798
  -35.341663     60.546737    0.0496273859
  -35.341663     74.001568    0.0517421937
  -35.341663     87.456398    0.0544445870
  -35.341663    100.911229    0.0578121762

  -30.629441   -100.911229    0.0483758264
  -30.629441    -87.456398    0.0449485444
  -30.629441    -74.001568    0.0422064735
  -30.629441    -60.546737    0.0400651029
  -30.629441    -47.091907    0.0384498618
  -30.629441    -33.637076    0.0372975406
  -30.629441    -20.182246    0.0365582678
  -30.629441     -6.727415    0.0361974827
  -30.629441      6.727415    0.0361974827
  -30.629441     20.182246    0.0365582678
  -30.629441     33.637076    0.0372975406
  -30.629441     47.091907    0.0384498618
  -30.629441     60.546737    0.0400651029
  -30.629441     74.001568    0.0422064735
  -30.629441     87.456398    0.0449485444
  -30.629441    100.911229    0.0483758264

  -25.917220   -100.911229    0.0394583686
  -25.917220    -87.456398    0.0360137856
  -25.917220    -74.001568    0.0332683149
  -25.917220    -60.546737    0.0311329821
  -25.917220    -47.091907    0.0295288166
  -25.917220    -33.637076    0.0283886487
  -25.917220    -20.182246    0.0276593822
  -25.917220     -6.727415    0.0273041858
  -25.917220      6.727415    0.0273041858
  -25.917220     20.182246    0.0276593822
  -25.917220     33.637076    0.0283886487
  -25.917220     47.091907    0.0295288166
  -25.917220     60.546737    0.0311329821
  -25.917220     74.001568    0.0332683149
  -25.917220     87.456398    0.0360137856
  -25.917220    100.911229    0.0394583686

  -21.204998   -100.911229    0.0311845724
  -21.204998    -87.456398    0.0277727727
  -21.204998    -74.001568    0.0250695540
  -21.204998    -60.546737    0.0229809420
  -21.204998    -47.091907    0.0214223332
  -21.204998    -33.637076    0.0203213334
  -21.204998    -20.182246    0.0196206218
  -21.204998     -6.727415    0.0192804451
  -21.204998      6.727415    0.0192804451
  -21.204998     20.182246    0.0196206218
  -21.204998     33.637076    0.0203213334
  -21.204998     47.091907    0.0214223332
  -21.204998     60.546737    0.0229809420
  -21.204998     74.001568    0.0250695540
  -21.204998     87.456398    0.0277727727
  -21.204998    100.911229    0.0311845724

  -16.492776   -100.911229    0.0236985960
  -16.492776    -87.456398    0.0203798357
  -16.492776    -74.001568    0.0177753063
  -16.492776    -60.546737    0.0157836039
  -16.492776    -47.091907    0.0143128403
  -16.492776    -33.637076    0.0132840771
  -16.492776    -20.182246    0.0126346677
  -16.492776     -6.727415    0.0123211094
  -16.492776      6.727415    0.0123211094
  -16.492776     20.182246    0.0126346677
  -16.492776     33.637076    0.0132840771
  -16.492776     47.091907    0.0143128403
  -16.492776     60.546737    0.0157836039
  -16.492776     74.001568    0.0177753063
  -16.492776     87.456398    0.0203798357
  -16.492776    100.911229    0.0236985960

  -11.780554   -100.911229    0.0171666798
  -11.780554    -87.456398    0.0140145663
  -11.780554    -74.001568    0.0115775355
  -11.780554    -60.546737    0.0097441051
  -11.780554    -47.091907    0.0084130494
  -11.780554    -33.637076    0.0074971591
  -11.780554    -20.182246    0.0069270302
  -11.780554     -6.727415    0.0066543595
  -11.780554      6.727415    0.0066543595
  -11.780554     20.182246    0.0069270302
  -11.780554     33.637076    0.0074971591
  -11.780554     47.091907    0.0084130494
  -11.780554     60.546737    0.0097441051
  -11.780554     74.001568    0.0115775355
  -11.780554     87.456398    0.0140145663
  -11.780554    100.911229    0.0171666798

   -7.068333   -100.911229    0.0117803084
   -7.068333    -87.456398    0.0088849161
   -7.068333    -74.001568    0.0066990454
   -7.068333    -60.546737    0.0050987780
   -7.068333    -47.091907    0.0039710245
   -7.068333    -33.637076    0.0032179720
   -7.068333    -20.182246    0.0027615524
   -7.068333     -6.727415    0.0025473267
   -7.068333      6.727415    0.0025473267
   -7.068333     20.182246    0.0027615524
   -7.068333     33.637076    0.0032179720
   -7.068333     47.091907    0.0039710245
   -7.068333     60.546737    0.0050987780
   -7.068333     74.001568    0.0066990454
   -7.068333     87.456398    0.0088849161
   -7.068333    100.911229    0.0117803084

   -2.356111   -100.911229    0.0077598317
   -2.356111    -87.456398    0.0052308288
   -2.356111    -74.001568    0.0033981371
   -2.356111    -60.546737    0.0021226136
   -2.356111    -47.091907    0.0012761305
   -2.356111    -33.637076    0.0007472901
   -2.356111    -20.182246    0.0004469218
   -2.356111     -6.727415    0.0003127475
   -2.356111      6.727415    0.0003127475
   -2.356111     20.182246    0.0004469218
   -2.356111     33.637076    0.0007472901
   -2.356111     47.091907    0.0012761305
   -2.356111     60.546737    0.0021226136
   -2.356111     74.001568    0.0033981371
   -2.356111     87.456398    0.0052308288
   -2.356111    100.911229    0.0077598317

    2.356111   -100.911229    0.0053585759
    2.356111    -87.456398    0.0033289209
    2.356111    -74.001568    0.0019741388
    2.356111    -60.546737    0.0011355541
    2.356111    -47.091907    0.0006659434
    2.356111    -33.637076    0.0004366656
    2.356111    -20.182246    0.0003444142
    2.356111     -6.727415    0.0003168937
    2.356111      6.727415    0.0003168937
    2.356111     20.182246    0.0003444142
    2.356111     33.637076    0.0004366656
    2.356111     47.091907    0.0006659434
    2.356111     60.546737    0.0011355541
    2.356111     74.001568    0.0019741388
    2.356111     87.456398    0.0033289209
    2.356111    100.911229    0.0053585759

    7.068333   -100.911229    0.0048675122
    7.068333    -87.456398    0.0034984165
    7.068333    -74.001568    0.0027739846
    7.068333    -60.546737    0.0025097930
    7.068333    -47.091907    0.0025343419
    7.068333    -33.637076    0.0026972156
    7.068333    -20.182246    0.0028771665
    7.068333     -6.727415    0.0029890863
    7.068333      6.727415    0.0029890863
    7.068333     20.182246    0.0028771665
    7.068333     33.637076    0.0026972156
    7.068333     47.091907    0.0025343419
    7.068333     60.546737    0.0025097930
    7.068333     74.001568    0.0027739846
    7.068333     87.456398    0.0034984165
    7.068333    100.911229    0.0048675122

   11.780554   -100.911229    0.0066205953
   11.780554    -87.456398    0.0061082266
   11.780554    -74.001568    0.0061999802
   11.780554    -60.546737    0.0066783843
   11.780554    -47.091907    0.0073411285
   11.780554    -33.637076    0.0080101562
   11.780554    -20.182246    0.0085413456
   11.780554     -6.727415    0.0088331764
   11.780554      6.727415    0.0088331764
   11.780554     20.182246    0.0085413456
   11.780554     33.637076    0.0080101562
   11.780554     47.091907    0.0073411285
   11.780554     60.546737    0.0066783843
   11.780554     74.001568    0.0061999802
   11.780554     87.456398    0.0061082266
   11.780554    100.911229    0.0066205953

   16.492776   -100.911229    0.0110009212
   16.492776    -87.456398    0.0115847562
   16.492776    -74.001568    0.0127188622
   16.492776    -60.546737    0.0141455983
   16.492776    -47.091907    0.0156236653
   16.492776    -33.637076    0.0169395310
   16.492776    -20.182246    0.0179196534
   16.492776     -6.727415    0.0184414462
   16.492776      6.727415    0.0184414462
   16.492776     20.182246    0.0179196534
   16.492776     33.637076    0.0169395310
   16.492776     47.091907    0.0156236653
   16.492776     60.546737    0.0141455983
   16.492776     74.001568    0.0127188622
   16.492776     87.456398    0.0115847562
   16.492776    100.911229    0.0110009212

   21.204998   -100.911229    0.0184478933
   21.204998    -87.456398    0.0204197053
   21.204998    -74.001568    0.0228722223
   21.204998    -60.546737    0.0254995844
   21.204998    -47.091907    0.0280111382
   21.204998    -33.637076    0.0301476712
   21.204998    -20.182246    0.0316976759
   21.204998     -6.727415    0.0325114593
   21.204998      6.727415    0.0325114593
   21.204998     20.182246    0.0316976759
   21.204998     33.637076    0.0301476712
   21.204998     47.091907    0.0280111382
   21.204998     60.546737    0.0254995844
   21.204998     74.001568    0.0228722223
   21.204998     87.456398    0.0204197053
   21.204998    100.911229    0.0184478933

   25.917220   -100.911229    0.0294656290
   25.917220    -87.456398    0.0331768226
   25.917220    -74.001568    0.0372883334
   25.917220    -60.546737    0.0414280341
   25.917220    -47.091907    0.0452422016
   25.917220    -33.637076    0.0484140179
   25.917220    -20.182246    0.0506836604
   25.917220     -6.727415    0.0518664566
   25.917220      6.727415    0.0518664566
   25.917220     20.182246    0.0506836604
   25.917220     33.637076    0.0484140179
   25.917220     47.091907    0.0452422016
   25.917220     60.546737    0.0414280341
   25.917220     74.001568    0.0372883334
   25.917220     87.456398    0.0331768226
   25.917220    100.911229    0.0294656290

