  -50.619018    -96.008735    0.0287839117
  -50.619018    -81.238160    0.0268039885
  -50.619018    -66.467585    0.0252826112
  -50.619018    -51.697011    0.0241542664
  -50.619018    -36.926436    0.0233626036
  -50.619018    -22.155862    0.0228591249
  -50.619018     -7.385287    0.0226020800
  -50.619018      7.385287    0.0225555297
  -50.619018     22.155862    0.0226885499
  -50.619018     36.926436    0.0229745494
  -50.619018     51.697011    0.0233906842
  -50.619018     66.467585    0.0239173513
  -50.619018     81.238160    0.0245377556
  -50.619018     96.008735    0.0252375435
  -50.619018    110.779309    0.0260045057
  -50.619018    125.549884    0.0268283549

  -43.869816    -96.008735    0.0229652899
  -43.869816    -81.238160    0.0210005865
  -43.869816    -66.467585    0.0194940100
  -43.869816    -51.697011    0.0183799365
  -43.869816    -36.926436    0.0176019165
  -43.869816    -22.155862    0.0171113651
  -43.869816     -7.385287    0.0168664563
  -43.869816      7.385287    0.0168311873
  -43.869816     22.155862    0.0169745820
  -43.869816     36.926436    0.0172700088
  -43.869816     51.697011    0.0176945950
  -43.869816     66.467585    0.0182287209
  -43.869816     81.238160    0.0188555861
  -43.869816     96.008735    0.0195608436
  -43.869816    110.779309    0.0203323025
  -43.869816    125.549884    0.0211597053

  -37.120613    -96.008735    0.0180298541
  -37.120613    -81.238160    0.0160785508
  -37.120613    -66.467585    0.0145849844
  -37.120613    -51.697011    0.0134834238
  -37.120613    -36.926436    0.0127173240
  -37.120613    -22.155862    0.0122380169
  -37.120613     -7.385287    0.0120036051
  -37.120613      7.385287    0.0119780265
  -37.120613     22.155862    0.0121302575
  -37.120613     36.926436    0.0124336312
  -37.120613     51.697011    0.0128652514
  -37.120613     66.467585    0.0134054868
  -37.120613     81.238160    0.0140375376
  -37.120613     96.008735    0.0147470693
  -37.120613    110.779309    0.0155219152
  -37.120613    125.549884    0.0163518543

  -30.371411    -96.008735    0.0139602775
  -30.371411    -81.238160    0.0120203912
  -30.371411    -66.467585    0.0105378949
  -30.371411    -51.697011    0.0094469592
  -30.371411    -36.926436    0.0086909525
  -30.371411    -22.155862    0.0082211311
  -30.371411     -7.385287    0.0079955336
  -30.371411      7.385287    0.0079780450
  -30.371411     22.155862    0.0081376001
  -30.371411     36.926436    0.0084475020
  -30.371411     51.697011    0.0088848357
  -30.371411     66.467585    0.0094299624
  -30.371411     81.238160    0.0100660861
  -30.371411     96.008735    0.0107788874
  -30.371411    110.779309    0.0115562263
  -30.371411    125.549884    0.0123879196

  -23.622208    -96.008735    0.0107365779
  -23.622208    -81.238160    0.0088059889
  -23.622208    -66.467585    0.0073324980
  -23.622208    -51.697011    0.0062501916
  -23.622208    -36.926436    0.0055023639
  -23.622208    -22.155862    0.0050402067
  -23.622208     -7.385287    0.0048217042
  -23.622208      7.385287    0.0048106971
  -23.622208     22.155862    0.0049760857
  -23.622208     36.926436    0.0052911486
  -23.622208     51.697011    0.0057329560
  -23.622208     66.467585    0.0062818648
  -23.622208     81.238160    0.0069210842
  -23.622208     96.008735    0.0076363101
  -23.622208    110.779309    0.0084154277
  -23.622208    125.549884    0.0092482891

  -16.873006    -96.008735    0.0083391408
  -16.873006    -81.238160    0.0064156203
  -16.873006    -66.467585    0.0049489706
  -16.873006    -51.697011    0.0038732117
  -16.873006    -36.926436    0.0031315791
  -16.873006    -22.155862    0.0026752141
  -16.873006     -7.385287    0.0024620584
  -16.873006      7.385287    0.0024559180
  -16.873006     22.155862    0.0026256667
  -16.873006     36.926436    0.0029445643
  -16.873006     51.697011    0.0033896705
  -16.873006     66.467585    0.0039413394
  -16.873006     81.238160    0.0045827857
  -16.873006     96.008735    0.0052997186
  -16.873006    110.779309    0.0060800444
  -16.873006    125.549884    0.0069136447

  -10.123804    -96.008735    0.0067511387
  -10.123804    -81.238160    0.0048323760
  -10.123804    -66.467585    0.0033703287
  -10.123804    -51.697011    0.0022989706
  -10.123804    -36.926436    0.0015614971
  -10.123804    -22.155862    0.0011090147
  -10.123804     -7.385287    0.0008994356
  -10.123804      7.385287    0.0008965424
  -10.123804     22.155862    0.0010691905
  -10.123804     36.926436    0.0013906274
  -10.123804     51.697011    0.0018379059
  -10.123804     66.467585    0.0023913786
  -10.123804     81.238160    0.0030342643
  -10.123804     96.008735    0.0037522820
  -10.123804    110.779309    0.0045333535
  -10.123804    125.549884    0.0053673810

   -3.374601    -96.008735    0.0059603455
   -3.374601    -81.238160    0.0040439753
   -3.374601    -66.467585    0.0025842415
   -3.374601    -51.697011    0.0015150948
   -3.374601    -36.926436    0.0007797095
   -3.374601    -22.155862    0.0003291746
   -3.374601     -7.385287    0.0001213875
   -3.374601      7.385287    0.0001201186
   -3.374601     22.155862    0.0002942143
   -3.374601     36.926436    0.0006169158
   -3.374601     51.697011    0.0010652723
   -3.374601     66.467585    0.0016196360
   -3.374601     81.238160    0.0022632278
   -3.374601     96.008735    0.0029817720
   -3.374601    110.779309    0.0037631984
   -3.374601    125.549884    0.0045974199

    3.374601    -96.008735    0.0059603455
    3.374601    -81.238160    0.0040439753
    3.374601    -66.467585    0.0025842415
    3.374601    -51.697011    0.0015150948
    3.374601    -36.926436    0.0007797095
    3.374601    -22.155862    0.0003291746
    3.374601     -7.385287    0.0001213875
    3.374601      7.385287    0.0001201186
    3.374601     22.155862    0.0002942143
    3.374601     36.926436    0.0006169158
    3.374601     51.697011    0.0010652723
    3.374601     66.467585    0.0016196360
    3.374601     81.238160    0.0022632278
    3.374601     96.008735    0.0029817720
    3.374601    110.779309    0.0037631984
    3.374601    125.549884    0.0045974199

   10.123804    -96.008735    0.0067511387
   10.123804    -81.238160    0.0048323760
   10.123804    -66.467585    0.0033703287
   10.123804    -51.697011    0.0022989706
   10.123804    -36.926436    0.0015614971
   10.123804    -22.155862    0.0011090147
   10.123804     -7.385287    0.0008994356
   10.123804      7.385287    0.0008965424
   10.123804     22.155862    0.0010691905
   10.123804     36.926436    0.0013906274
   10.123804     51.697011    0.0018379059
   10.123804     66.467585    0.0023913786
   10.123804     81.238160    0.0030342643
   10.123804     96.008735    0.0037522820
   10.123804    110.779309    0.0045333535
   10.123804    125.549884    0.0053673810

   16.873006    -96.008735    0.0083391408
   16.873006    -81.238160    0.0064156203
   16.873006    -66.467585    0.0049489706
   16.873006    -51.697011    0.0038732117
   16.873006    -36.926436    0.0031315791
   16.873006    -22.155862    0.0026752141
   16.873006     -7.385287    0.0024620584
   16.873006      7.385287    0.0024559180
   16.873006     22.155862    0.0026256667
   16.873006     36.926436    0.0029445643
   16.873006     51.697011    0.0033896705
   16.873006     66.467585    0.0039413394
   16.873006     81.238160    0.0045827857
   16.873006     96.008735    0.0052997186
   16.873006    110.779309    0.0060800444
   16.873006    125.549884    0.0069136447

   23.622208    -96.008735    0.0107365779
   23.622208    -81.238160    0.0088059889
   23.622208    -66.467585    0.0073324980
   23.622208    -51.697011    0.0062501916
   23.622208    -36.926436    0.0055023639
   23.622208    -22.155862    0.0050402067
   23.622208     -7.385287    0.0048217042
   23.622208      7.385287    0.0048106971
   23.622208     22.155862    0.0049760857
   23.622208     36.926436    0.0052911486
   23.622208     51.697011    0.0057329560
   23.622208     66.467585    0.0062818648
   23.622208     81.238160    0.0069210842
   23.622208     96.008735    0.0076363101
   23.622208    110.779309    0.0084154277
   23.622208    125.549884    0.0092482891

   30.371411    -96.008735    0.0139602775
   30.371411    -81.238160    0.0120203912
   30.371411    -66.467585    0.0105378949
   30.371411    -51.697011    0.0094469592
   30.371411    -36.926436    0.0086909525
   30.371411    -22.155862    0.0082211311
   30.371411     -7.385287    0.0079955336
   30.371411      7.385287    0.0079780450
   30.371411     22.155862    0.0081376001
   30.371411     36.926436    0.0084475020
   30.371411     51.697011    0.0088848357
   30.371411     66.467585    0.0094299624
   30.371411     81.238160    0.0100660861
   30.371411     96.008735    0.0107788874
   30.371411    110.779309    0.0115562263
   30.371411    125.549884    0.0123879196

   37.120613    -96.008735    0.0180298541
   37.120613    -81.238160    0.0160785508
   37.120613    -66.467585    0.0145849844
   37.120613    -51.697011    0.0134834238
   37.120613    -36.926436    0.0127173240
   37.120613    -22.155862    0.0122380169
   37.120613     -7.385287    0.0120036051
   37.120613      7.385287    0.0119780265
   37.120613     22.155862    0.0121302575
   37.120613     36.926436    0.0124336312
   37.120613     51.697011    0.0128652514
   37.120613     66.467585    0.0134054868
   37.120613     81.238160    0.0140375376
   37.120613     96.008735    0.0147470693
   37.120613    110.779309    0.0155219152
   37.120613    125.549884    0.0163518543

   43.869816    -96.008735    0.0229652899
   43.869816    -81.238160    0.0210005865
   43.869816    -66.467585    0.0194940100
   43.869816    -51.697011    0.0183799365
   43.869816    -36.926436    0.0176019165
   43.869816    -22.155862    0.0171113651
   43.869816     -7.385287    0.0168664563
   43.869816      7.385287    0.0168311873
   43.869816     22.155862    0.0169745820
   43.869816     36.926436    0.0172700088
   43.869816     51.697011    0.0176945950
   43.869816     66.467585    0.0182287209
   43.869816     81.238160    0.0188555861
   43.869816     96.008735    0.0195608436
   43.869816    110.779309    0.0203323025
   43.869816    125.549884    0.0211597053

   50.619018    -96.008735    0.0287839117
   50.619018    -81.238160    0.0268039885
   50.619018    -66.467585    0.0252826112
   50.619018    -51.697011    0.0241542664
   50.619018    -36.926436    0.0233626036
   50.619018    -22.155862    0.0228591249
   50.619018     -7.385287    0.0226020800
   50.619018      7.385287    0.0225555297
   50.619018     22.155862    0.0226885499
   50.619018     36.926436    0.0229745494
   50.619018     51.697011    0.0233906842
   50.619018     66.467585    0.0239173513
   50.619018     81.238160    0.0245377556
   50.619018     96.008735    0.0252375435
   50.619018    110.779309    0.0260045057
   50.619018    125.549884    0.0268283549

