  -54.177403    -62.630025    0.0032786236
  -54.177403    -54.279355    0.0026971931
  -54.177403    -45.928685    0.0021506198
  -54.177403    -37.578015    0.0016447946
  -54.177403    -29.227345    0.0011850769
  -54.177403    -20.876675    0.0007761705
  -54.177403    -12.526005    0.0004220201
  -54.177403     -4.175335    0.0001257273
  -54.177403      4.175335   -0.0001105134
  -54.177403     12.526005   -0.0002854581
  -54.177403     20.876675   -0.0003988376
  -54.177403     29.227345   -0.0004513614
  -54.177403     37.578015   -0.0004447014
  -54.177403     45.928685   -0.0003814557
  -54.177403     54.279355   -0.0002650929
  -54.177403     62.630025   -0.0000998755

  -46.953749    -62.630025    0.0025894979
  -46.953749    -54.279355    0.0021284965
  -46.953749    -45.928685    0.0016953649
  -46.953749    -37.578015    0.0012949219
  -46.953749    -29.227345    0.0009315064
  -46.953749    -20.876675    0.0006089010
  -46.953749    -12.526005    0.0003302664
  -46.953749     -4.175335    0.0000980875
  -46.953749      4.175335   -0.0000858692
  -46.953749     12.526005   -0.0002205868
  -46.953749     20.876675   -0.0003058176
  -46.953749     29.227345   -0.0003420916
  -46.953749     37.578015   -0.0003307131
  -46.953749     45.928685   -0.0002737463
  -46.953749     54.279355   -0.0001739893
  -46.953749     62.630025   -0.0000349368

  -39.730095    -62.630025    0.0019386950
  -39.730095    -54.279355    0.0015923196
  -39.730095    -45.928685    0.0012671583
  -39.730095    -37.578015    0.0009668139
  -39.730095    -29.227345    0.0006945569
  -39.730095    -20.876675    0.0004532569
  -39.730095    -12.526005    0.0002453236
  -39.730095     -4.175335    0.0000726596
  -39.730095      4.175335   -0.0000633771
  -39.730095     12.526005   -0.0001619991
  -39.730095     20.876675   -0.0002230054
  -39.730095     29.227345   -0.0002467866
  -39.730095     37.578015   -0.0002343189
  -39.730095     45.928685   -0.0001871477
  -39.730095     54.279355   -0.0001073607
  -39.730095     62.630025    0.0000024501

  -32.506442    -62.630025    0.0013482532
  -32.506442    -54.279355    0.0011066195
  -32.506442    -45.928685    0.0008799957
  -32.506442    -37.578015    0.0006708365
  -32.506442    -29.227345    0.0004814094
  -32.506442    -20.876675    0.0003137291
  -32.506442    -12.526005    0.0001695026
  -32.506442     -4.175335    0.0000500857
  -32.506442      4.175335   -0.0000435506
  -32.506442     12.526005   -0.0001108421
  -32.506442     20.876675   -0.0001516433
  -32.506442     29.227345   -0.0001662278
  -32.506442     37.578015   -0.0001552786
  -32.506442     45.928685   -0.0001198672
  -32.506442     54.279355   -0.0000614219
  -32.506442     62.630025    0.0000183142

  -25.282788    -62.630025    0.0008412968
  -25.282788    -54.279355    0.0006901358
  -25.282788    -45.928685    0.0005484879
  -25.282788    -37.578015    0.0004178425
  -25.282788    -29.227345    0.0002996037
  -25.282788    -20.876675    0.0001950370
  -25.282788    -12.526005    0.0001052254
  -25.282788     -4.175335    0.0000310339
  -25.282788      4.175335   -0.0000269160
  -25.282788     12.526005   -0.0000682636
  -25.282788     20.876675   -0.0000929163
  -25.282788     29.227345   -0.0001010480
  -25.282788     37.578015   -0.0000930884
  -25.282788     45.928685   -0.0000697033
  -25.282788     54.279355   -0.0000317653
  -25.282788     62.630025    0.0000196842

  -18.059134    -62.630025    0.0004394408
  -18.059134    -54.279355    0.0003603310
  -18.059134    -45.928685    0.0002862531
  -18.059134    -37.578015    0.0002179636
  -18.059134    -29.227345    0.0001561896
  -18.059134    -20.876675    0.0001015954
  -18.059134    -12.526005    0.0000547540
  -18.059134     -4.175335    0.0000161255
  -18.059134      4.175335   -0.0000139588
  -18.059134     12.526005   -0.0000353070
  -18.059134     20.876675   -0.0000478703
  -18.059134     29.227345   -0.0000517413
  -18.059134     37.578015   -0.0000471464
  -18.059134     45.928685   -0.0000344318
  -18.059134     54.279355   -0.0000140441
  -18.059134     62.630025    0.0000134952

  -10.835481    -62.630025    0.0001607135
  -10.835481    -54.279355    0.0001317437
  -10.835481    -45.928685    0.0001046303
  -10.835481    -37.578015    0.0000796440
  -10.835481    -29.227345    0.0000570488
  -10.835481    -20.876675    0.0000370885
  -10.835481    -12.526005    0.0000199744
  -10.835481     -4.175335    0.0000058770
  -10.835481      4.175335   -0.0000050808
  -10.835481     12.526005   -0.0000128280
  -10.835481     20.876675   -0.0000173467
  -10.835481     29.227345   -0.0000186713
  -10.835481     37.578015   -0.0000168851
  -10.835481     45.928685   -0.0000121143
  -10.835481     54.279355   -0.0000045198
  -10.835481     62.630025    0.0000057142

   -3.611827    -62.630025    0.0000179989
   -3.611827    -54.279355    0.0000147524
   -3.611827    -45.928685    0.0000117147
   -3.611827    -37.578015    0.0000089157
   -3.611827    -29.227345    0.0000063851
   -3.611827    -20.876675    0.0000041499
   -3.611827    -12.526005    0.0000022342
   -3.611827     -4.175335    0.0000006571
   -3.611827      4.175335   -0.0000005677
   -3.611827     12.526005   -0.0000014319
   -3.611827     20.876675   -0.0000019338
   -3.611827     29.227345   -0.0000020771
   -3.611827     37.578015   -0.0000018711
   -3.611827     45.928685   -0.0000013301
   -3.611827     54.279355   -0.0000004718
   -3.611827     62.630025    0.0000006834

    3.611827    -62.630025    0.0000179989
    3.611827    -54.279355    0.0000147524
    3.611827    -45.928685    0.0000117147
    3.611827    -37.578015    0.0000089157
    3.611827    -29.227345    0.0000063851
    3.611827    -20.876675    0.0000041499
    3.611827    -12.526005    0.0000022342
    3.611827     -4.175335    0.0000006571
    3.611827      4.175335   -0.0000005677
    3.611827     12.526005   -0.0000014319
    3.611827     20.876675   -0.0000019338
    3.611827     29.227345   -0.0000020771
    3.611827     37.578015   -0.0000018711
    3.611827     45.928685   -0.0000013301
    3.611827     54.279355   -0.0000004718
    3.611827     62.630025    0.0000006834

   10.835481    -62.630025    0.0001607135
   10.835481    -54.279355    0.0001317437
   10.835481    -45.928685    0.0001046303
   10.835481    -37.578015    0.0000796440
   10.835481    -29.227345    0.0000570488
   10.835481    -20.876675    0.0000370885
   10.835481    -12.526005    0.0000199744
   10.835481     -4.175335    0.0000058770
   10.835481      4.175335   -0.0000050808
   10.835481     12.526005   -0.0000128280
   10.835481     20.876675   -0.0000173467
   10.835481     29.227345   -0.0000186713
   10.835481     37.578015   -0.0000168851
   10.835481     45.928685   -0.0000121143
   10.835481     54.279355   -0.0000045198
   10.835481     62.630025    0.0000057142

   18.059134    -62.630025    0.0004394408
   18.059134    -54.279355    0.0003603310
   18.059134    -45.928685    0.0002862531
   18.059134    -37.578015    0.0002179636
   18.059134    -29.227345    0.0001561896
   18.059134    -20.876675    0.0001015954
   18.059134    -12.526005    0.0000547540
   18.059134     -4.175335    0.0000161255
   18.059134      4.175335   -0.0000139588
   18.059134     12.526005   -0.0000353070
   18.059134     20.876675   -0.0000478703
   18.059134     29.227345   -0.0000517413
   18.059134     37.578015   -0.0000471464
   18.059134     45.928685   -0.0000344318
   18.059134     54.279355   -0.0000140441
   18.059134     62.630025    0.0000134952

   25.282788    -62.630025    0.0008412968
   25.282788    -54.279355    0.0006901358
   25.282788    -45.928685    0.0005484879
   25.282788    -37.578015    0.0004178425
   25.282788    -29.227345    0.0002996037
   25.282788    -20.876675    0.0001950370
   25.282788    -12.526005    0.0001052254
   25.282788     -4.175335    0.0000310339
   25.282788      4.175335   -0.0000269160
   25.282788     12.526005   -0.0000682636
   25.282788     20.876675   -0.0000929163
   25.282788     29.227345   -0.0001010480
   25.282788     37.578015   -0.0000930884
   25.282788     45.928685   -0.0000697033
   25.282788     54.279355   -0.0000317653
   25.282788     62.630025    0.0000196842

   32.506442    -62.630025    0.0013482532
   32.506442    -54.279355    0.0011066195
   32.506442    -45.928685    0.0008799957
   32.506442    -37.578015    0.0006708365
   32.506442    -29.227345    0.0004814094
   32.506442    -20.876675    0.0003137291
   32.506442    -12.526005    0.0001695026
   32.506442     -4.175335    0.0000500857
   32.506442      4.175335   -0.0000435506
   32.506442     12.526005   -0.0001108421
   32.506442     20.876675   -0.0001516433
   32.506442     29.227345   -0.0001662278
   32.506442     37.578015   -0.0001552786
   32.506442     45.928685   -0.0001198672
   32.506442     54.279355   -0.0000614219
   32.506442     62.630025    0.0000183142

   39.730095    -62.630025    0.0019386950
   39.730095    -54.279355    0.0015923196
   39.730095    -45.928685    0.0012671583
   39.730095    -37.578015    0.0009668139
   39.730095    -29.227345    0.0006945569
   39.730095    -20.876675    0.0004532569
   39.730095    -12.526005    0.0002453236
   39.730095     -4.175335    0.0000726596
   39.730095      4.175335   -0.0000633771
   39.730095     12.526005   -0.0001619991
   39.730095     20.876675   -0.0002230054
   39.730095     29.227345   -0.0002467866
   39.730095     37.578015   -0.0002343189
   39.730095     45.928685   -0.0001871477
   39.730095     54.279355   -0.0001073607
   39.730095     62.630025    0.0000024501

   46.953749    -62.630025    0.0025894979
   46.953749    -54.279355    0.0021284965
   46.953749    -45.928685    0.0016953649
   46.953749    -37.578015    0.0012949219
   46.953749    -29.227345    0.0009315064
   46.953749    -20.876675    0.0006089010
   46.953749    -12.526005    0.0003302664
   46.953749     -4.175335    0.0000980875
   46.953749      4.175335   -0.0000858692
   46.953749     12.526005   -0.0002205868
   46.953749     20.876675   -0.0003058176
   46.953749     29.227345   -0.0003420916
   46.953749     37.578015   -0.0003307131
   46.953749     45.928685   -0.0002737463
   46.953749     54.279355   -0.0001739893
   46.953749     62.630025   -0.0000349368

   54.177403    -62.630025    0.0032786236
   54.177403    -54.279355    0.0026971931
   54.177403    -45.928685    0.0021506198
   54.177403    -37.578015    0.0016447946
   54.177403    -29.227345    0.0011850769
   54.177403    -20.876675    0.0007761705
   54.177403    -12.526005    0.0004220201
   54.177403     -4.175335    0.0001257273
   54.177403      4.175335   -0.0001105134
   54.177403     12.526005   -0.0002854581
   54.177403     20.876675   -0.0003988376
   54.177403     29.227345   -0.0004513614
   54.177403     37.578015   -0.0004447014
   54.177403     45.928685   -0.0003814557
   54.177403     54.279355   -0.0002650929
   54.177403     62.630025   -0.0000998755

