  -48.902142   -136.038482    0.0283511107
  -48.902142   -117.900018    0.0271940349
  -48.902142    -99.761554    0.0264246298
  -48.902142    -81.623089    0.0259468246
  -48.902142    -63.484625    0.0256752841
  -48.902142    -45.346161    0.0255380405
  -48.902142    -27.207696    0.0254788452
  -48.902142     -9.069232    0.0254590757
  -48.902142      9.069232    0.0254590757
  -48.902142     27.207696    0.0254788452
  -48.902142     45.346161    0.0255380405
  -48.902142     63.484625    0.0256752841
  -48.902142     81.623089    0.0259468246
  -48.902142     99.761554    0.0264246298
  -48.902142    117.900018    0.0271940349
  -48.902142    136.038482    0.0283511107

  -42.381856   -136.038482    0.0220822771
  -42.381856   -117.900018    0.0208956760
  -42.381856    -99.761554    0.0201005276
  -42.381856    -81.623089    0.0196009625
  -42.381856    -63.484625    0.0193118129
  -42.381856    -45.346161    0.0191612452
  -42.381856    -27.207696    0.0190931112
  -42.381856     -9.069232    0.0190688556
  -42.381856      9.069232    0.0190688556
  -42.381856     27.207696    0.0190931112
  -42.381856     45.346161    0.0191612452
  -42.381856     63.484625    0.0193118129
  -42.381856     81.623089    0.0196009625
  -42.381856     99.761554    0.0201005276
  -42.381856    117.900018    0.0208956760
  -42.381856    136.038482    0.0220822771

  -35.861571   -136.038482    0.0167320291
  -35.861571   -117.900018    0.0155206689
  -35.861571    -99.761554    0.0147039286
  -35.861571    -81.623089    0.0141861093
  -35.861571    -63.484625    0.0138821857
  -35.861571    -45.346161    0.0137204379
  -35.861571    -27.207696    0.0136448031
  -35.861571     -9.069232    0.0136167829
  -35.861571      9.069232    0.0136167829
  -35.861571     27.207696    0.0136448031
  -35.861571     45.346161    0.0137204379
  -35.861571     63.484625    0.0138821857
  -35.861571     81.623089    0.0141861093
  -35.861571     99.761554    0.0147039286
  -35.861571    117.900018    0.0155206689
  -35.861571    136.038482    0.0167320291

  -29.341285   -136.038482    0.0122927856
  -29.341285   -117.900018    0.0110611795
  -29.341285    -99.761554    0.0102267799
  -29.341285    -81.623089    0.0096940290
  -29.341285    -63.484625    0.0093780190
  -29.341285    -45.346161    0.0092071240
  -29.341285    -27.207696    0.0091253520
  -29.341285     -9.069232    0.0090942514
  -29.341285      9.069232    0.0090942514
  -29.341285     27.207696    0.0091253520
  -29.341285     45.346161    0.0092071240
  -29.341285     63.484625    0.0093780190
  -29.341285     81.623089    0.0096940290
  -29.341285     99.761554    0.0102267799
  -29.341285    117.900018    0.0110611795
  -29.341285    136.038482    0.0122927856

  -22.821000   -136.038482    0.0087556858
  -22.821000   -117.900018    0.0075081361
  -22.821000    -99.761554    0.0066598276
  -22.821000    -81.623089    0.0061153148
  -22.821000    -63.484625    0.0057897831
  -22.821000    -45.346161    0.0056116815
  -22.821000    -27.207696    0.0055250739
  -22.821000     -9.069232    0.0054915462
  -22.821000      9.069232    0.0054915462
  -22.821000     27.207696    0.0055250739
  -22.821000     45.346161    0.0056116815
  -22.821000     63.484625    0.0057897831
  -22.821000     81.623089    0.0061153148
  -22.821000     99.761554    0.0066598276
  -22.821000    117.900018    0.0075081361
  -22.821000    136.038482    0.0087556858

  -16.300714   -136.038482    0.0061119765
  -16.300714   -117.900018    0.0048526168
  -16.300714    -99.761554    0.0039940042
  -16.300714    -81.623089    0.0034407769
  -16.300714    -63.484625    0.0031081900
  -16.300714    -45.346161    0.0029247482
  -16.300714    -27.207696    0.0028345572
  -16.300714     -9.069232    0.0027992308
  -16.300714      9.069232    0.0027992308
  -16.300714     27.207696    0.0028345572
  -16.300714     45.346161    0.0029247482
  -16.300714     63.484625    0.0031081900
  -16.300714     81.623089    0.0034407769
  -16.300714     99.761554    0.0039940042
  -16.300714    117.900018    0.0048526168
  -16.300714    136.038482    0.0061119765

   -9.780428   -136.038482    0.0043541219
   -9.780428   -117.900018    0.0030869590
   -9.780428    -99.761554    0.0022215378
   -9.780428    -81.623089    0.0016625517
   -9.780428    -63.484625    0.0013253023
   -9.780428    -45.346161    0.0011383312
   -9.780428    -27.207696    0.0010457720
   -9.780428     -9.069232    0.0010092568
   -9.780428      9.069232    0.0010092568
   -9.780428     27.207696    0.0010457720
   -9.780428     45.346161    0.0011383312
   -9.780428     63.484625    0.0013253023
   -9.780428     81.623089    0.0016625517
   -9.780428     99.761554    0.0022215378
   -9.780428    117.900018    0.0030869590
   -9.780428    136.038482    0.0043541219

   -3.260143   -136.038482    0.0034766355
   -3.260143   -117.900018    0.0022055922
   -3.260143    -99.761554    0.0013367849
   -3.260143    -81.623089    0.0007749347
   -3.260143    -63.484625    0.0004353663
   -3.260143    -45.346161    0.0002466398
   -3.260143    -27.207696    0.0001529026
   -3.260143     -9.069232    0.0001157962
   -3.260143      9.069232    0.0001157962
   -3.260143     27.207696    0.0001529026
   -3.260143     45.346161    0.0002466398
   -3.260143     63.484625    0.0004353663
   -3.260143     81.623089    0.0007749347
   -3.260143     99.761554    0.0013367849
   -3.260143    117.900018    0.0022055922
   -3.260143    136.038482    0.0034766355

    3.260143   -136.038482    0.0034766355
    3.260143   -117.900018    0.0022055922
    3.260143    -99.761554    0.0013367849
    3.260143    -81.623089    0.0007749347
    3.260143    -63.484625    0.0004353663
    3.260143    -45.346161    0.0002466398
    3.260143    -27.207696    0.0001529026
    3.260143     -9.069232    0.0001157962
    3.260143      9.069232    0.0001157962
    3.260143     27.207696    0.0001529026
    3.260143     45.346161    0.0002466398
    3.260143     63.484625    0.0004353663
    3.260143     81.623089    0.0007749347
    3.260143     99.761554    0.0013367849
    3.260143    117.900018    0.0022055922
    3.260143    136.038482    0.0034766355

    9.780428   -136.038482    0.0043541219
    9.780428   -117.900018    0.0030869590
    9.780428    -99.761554    0.0022215378
    9.780428    -81.623089    0.0016625517
    9.780428    -63.484625    0.0013253023
    9.780428    -45.346161    0.0011383312
    9.780428    -27.207696    0.0010457720
    9.780428     -9.069232    0.0010092568
    9.780428      9.069232    0.0010092568
    9.780428     27.207696    0.0010457720
    9.780428     45.346161    0.0011383312
    9.780428     63.484625    0.0013253023
    9.780428     81.623089    0.0016625517
    9.780428     99.761554    0.0022215378
    9.780428    117.900018    0.0030869590
    9.780428    136.038482    0.0043541219

   16.300714   -136.038482    0.0061119765
   16.300714   -117.900018    0.0048526168
   16.300714    -99.761554    0.0039940042
   16.300714    -81.623089    0.0034407769
   16.300714    -63.484625    0.0031081900
   16.300714    -45.346161    0.0029247482
   16.300714    -27.207696    0.0028345572
   16.300714     -9.069232    0.0027992308
   16.300714      9.069232    0.0027992308
   16.300714     27.207696    0.0028345572
   16.300714     45.346161    0.0029247482
   16.300714     63.484625    0.0031081900
   16.300714     81.623089    0.0034407769
   16.300714     99.761554    0.0039940042
   16.300714    117.900018    0.0048526168
   16.300714    136.038482    0.0061119765

   22.821000   -136.038482    0.0087556858
   22.821000   -117.900018    0.0075081361
   22.821000    -99.761554    0.0066598276
   22.821000    -81.623089    0.0061153148
   22.821000    -63.484625    0.0057897831
   22.821000    -45.346161    0.0056116815
   22.821000    -27.207696    0.0055250739
   22.821000     -9.069232    0.0054915462
   22.821000      9.069232    0.0054915462
   22.821000     27.207696    0.0055250739
   22.821000     45.346161    0.0056116815
   22.821000     63.484625    0.0057897831
   22.821000     81.623089    0.0061153148
   22.821000     99.761554    0.0066598276
   22.821000    117.900018    0.0075081361
   22.821000    136.038482    0.0087556858

   29.341285   -136.038482    0.0122927856
   29.341285   -117.900018    0.0110611795
   29.341285    -99.761554    0.0102267799
   29.341285    -81.623089    0.0096940290
   29.341285    -63.484625    0.0093780190
   29.341285    -45.346161    0.0092071240
   29.341285    -27.207696    0.0091253520
   29.341285     -9.069232    0.0090942514
   29.341285      9.069232    0.0090942514
   29.341285     27.207696    0.0091253520
   29.341285     45.346161    0.0092071240
   29.341285     63.484625    0.0093780190
   29.341285     81.623089    0.0096940290
   29.341285     99.761554    0.0102267799
   29.341285    117.900018    0.0110611795
   29.341285    136.038482    0.0122927856

   35.861571   -136.038482    0.0167320291
   35.861571   -117.900018    0.0155206689
   35.861571    -99.761554    0.0147039286
   35.861571    -81.623089    0.0141861093
   35.861571    -63.484625    0.0138821857
   35.861571    -45.346161    0.0137204379
   35.861571    -27.207696    0.0136448031
   35.861571     -9.069232    0.0136167829
   35.861571      9.069232    0.0136167829
   35.861571     27.207696    0.0136448031
   35.861571     45.346161    0.0137204379
   35.861571     63.484625    0.0138821857
   35.861571     81.623089    0.0141861093
   35.861571     99.761554    0.0147039286
   35.861571    117.900018    0.0155206689
   35.861571    136.038482    0.0167320291

   42.381856   -136.038482    0.0220822771
   42.381856   -117.900018    0.0208956760
   42.381856    -99.761554    0.0201005276
   42.381856    -81.623089    0.0196009625
   42.381856    -63.484625    0.0193118129
   42.381856    -45.346161    0.0191612452
   42.381856    -27.207696    0.0190931112
   42.381856     -9.069232    0.0190688556
   42.381856      9.069232    0.0190688556
   42.381856     27.207696    0.0190931112
   42.381856     45.346161    0.0191612452
   42.381856     63.484625    0.0193118129
   42.381856     81.623089    0.0196009625
   42.381856     99.761554    0.0201005276
   42.381856    117.900018    0.0208956760
   42.381856    136.038482    0.0220822771

   48.902142   -136.038482    0.0283511107
   48.902142   -117.900018    0.0271940349
   48.902142    -99.761554    0.0264246298
   48.902142    -81.623089    0.0259468246
   48.902142    -63.484625    0.0256752841
   48.902142    -45.346161    0.0255380405
   48.902142    -27.207696    0.0254788452
   48.902142     -9.069232    0.0254590757
   48.902142      9.069232    0.0254590757
   48.902142     27.207696    0.0254788452
   48.902142     45.346161    0.0255380405
   48.902142     63.484625    0.0256752841
   48.902142     81.623089    0.0259468246
   48.902142     99.761554    0.0264246298
   48.902142    117.900018    0.0271940349
   48.902142    136.038482    0.0283511107

