  -42.952389    -50.619018   -0.0008422968
  -42.952389    -43.869816   -0.0006307876
  -42.952389    -37.120613   -0.0004504809
  -42.952389    -30.371411   -0.0003009211
  -42.952389    -23.622208   -0.0001817287
  -42.952389    -16.873006   -0.0000926001
  -42.952389    -10.123804   -0.0000333076
  -42.952389     -3.374601   -0.0000036993
  -42.952389      3.374601   -0.0000036993
  -42.952389     10.123804   -0.0000333076
  -42.952389     16.873006   -0.0000926001
  -42.952389     23.622208   -0.0001817287
  -42.952389     30.371411   -0.0003009211
  -42.952389     37.120613   -0.0004504809
  -42.952389     43.869816   -0.0006307876
  -42.952389     50.619018   -0.0008422968

  -37.225404    -50.619018   -0.0006258341
  -37.225404    -43.869816   -0.0004686549
  -37.225404    -37.120613   -0.0003346767
  -37.225404    -30.371411   -0.0002235550
  -37.225404    -23.622208   -0.0001350024
  -37.225404    -16.873006   -0.0000687890
  -37.225404    -10.123804   -0.0000247425
  -37.225404     -3.374601   -0.0000027480
  -37.225404      3.374601   -0.0000027480
  -37.225404     10.123804   -0.0000247425
  -37.225404     16.873006   -0.0000687890
  -37.225404     23.622208   -0.0001350024
  -37.225404     30.371411   -0.0002235550
  -37.225404     37.120613   -0.0003346767
  -37.225404     43.869816   -0.0004686549
  -37.225404     50.619018   -0.0006258341

  -31.498419    -50.619018   -0.0004438944
  -31.498419    -43.869816   -0.0003323934
  -31.498419    -37.120613   -0.0002373595
  -31.498419    -30.371411   -0.0001585442
  -31.498419    -23.622208   -0.0000957403
  -31.498419    -16.873006   -0.0000487824
  -31.498419    -10.123804   -0.0000175461
  -31.498419     -3.374601   -0.0000019487
  -31.498419      3.374601   -0.0000019487
  -31.498419     10.123804   -0.0000175461
  -31.498419     16.873006   -0.0000487824
  -31.498419     23.622208   -0.0000957403
  -31.498419     30.371411   -0.0001585442
  -31.498419     37.120613   -0.0002373595
  -31.498419     43.869816   -0.0003323934
  -31.498419     50.619018   -0.0004438944

  -25.771434    -50.619018   -0.0002948161
  -25.771434    -43.869816   -0.0002207527
  -25.771434    -37.120613   -0.0001576322
  -25.771434    -30.371411   -0.0001052872
  -25.771434    -23.622208   -0.0000635785
  -25.771434    -16.873006   -0.0000323944
  -25.771434    -10.123804   -0.0000116515
  -25.771434     -3.374601   -0.0000012940
  -25.771434      3.374601   -0.0000012940
  -25.771434     10.123804   -0.0000116515
  -25.771434     16.873006   -0.0000323944
  -25.771434     23.622208   -0.0000635785
  -25.771434     30.371411   -0.0001052872
  -25.771434     37.120613   -0.0001576322
  -25.771434     43.869816   -0.0002207527
  -25.771434     50.619018   -0.0002948161

  -20.044448    -50.619018   -0.0001772149
  -20.044448    -43.869816   -0.0001326907
  -20.044448    -37.120613   -0.0000947473
  -20.044448    -30.371411   -0.0000632830
  -20.044448    -23.622208   -0.0000382132
  -20.044448    -16.873006   -0.0000194701
  -20.044448    -10.123804   -0.0000070029
  -20.044448     -3.374601   -0.0000007777
  -20.044448      3.374601   -0.0000007777
  -20.044448     10.123804   -0.0000070029
  -20.044448     16.873006   -0.0000194701
  -20.044448     23.622208   -0.0000382132
  -20.044448     30.371411   -0.0000632830
  -20.044448     37.120613   -0.0000947473
  -20.044448     43.869816   -0.0001326907
  -20.044448     50.619018   -0.0001772149

  -14.317463    -50.619018   -0.0000899831
  -14.317463    -43.869816   -0.0000673737
  -14.317463    -37.120613   -0.0000481069
  -14.317463    -30.371411   -0.0000321306
  -14.317463    -23.622208   -0.0000194017
  -14.317463    -16.873006   -0.0000098853
  -14.317463    -10.123804   -0.0000035554
  -14.317463     -3.374601   -0.0000003949
  -14.317463      3.374601   -0.0000003949
  -14.317463     10.123804   -0.0000035554
  -14.317463     16.873006   -0.0000098853
  -14.317463     23.622208   -0.0000194017
  -14.317463     30.371411   -0.0000321306
  -14.317463     37.120613   -0.0000481069
  -14.317463     43.869816   -0.0000673737
  -14.317463     50.619018   -0.0000899831

   -8.590478    -50.619018   -0.0000322901
   -8.590478    -43.869816   -0.0000241764
   -8.590478    -37.120613   -0.0000172624
   -8.590478    -30.371411   -0.0000115294
   -8.590478    -23.622208   -0.0000069618
   -8.590478    -16.873006   -0.0000035471
   -8.590478    -10.123804   -0.0000012758
   -8.590478     -3.374601   -0.0000001417
   -8.590478      3.374601   -0.0000001417
   -8.590478     10.123804   -0.0000012758
   -8.590478     16.873006   -0.0000035471
   -8.590478     23.622208   -0.0000069618
   -8.590478     30.371411   -0.0000115294
   -8.590478     37.120613   -0.0000172624
   -8.590478     43.869816   -0.0000241764
   -8.590478     50.619018   -0.0000322901

   -2.863493    -50.619018   -0.0000035820
   -2.863493    -43.869816   -0.0000026819
   -2.863493    -37.120613   -0.0000019149
   -2.863493    -30.371411   -0.0000012790
   -2.863493    -23.622208   -0.0000007723
   -2.863493    -16.873006   -0.0000003935
   -2.863493    -10.123804   -0.0000001415
   -2.863493     -3.374601   -0.0000000157
   -2.863493      3.374601   -0.0000000157
   -2.863493     10.123804   -0.0000001415
   -2.863493     16.873006   -0.0000003935
   -2.863493     23.622208   -0.0000007723
   -2.863493     30.371411   -0.0000012790
   -2.863493     37.120613   -0.0000019149
   -2.863493     43.869816   -0.0000026819
   -2.863493     50.619018   -0.0000035820

    2.863493    -50.619018   -0.0000035820
    2.863493    -43.869816   -0.0000026819
    2.863493    -37.120613   -0.0000019149
    2.863493    -30.371411   -0.0000012790
    2.863493    -23.622208   -0.0000007723
    2.863493    -16.873006   -0.0000003935
    2.863493    -10.123804   -0.0000001415
    2.863493     -3.374601   -0.0000000157
    2.863493      3.374601   -0.0000000157
    2.863493     10.123804   -0.0000001415
    2.863493     16.873006   -0.0000003935
    2.863493     23.622208   -0.0000007723
    2.863493     30.371411   -0.0000012790
    2.863493     37.120613   -0.0000019149
    2.863493     43.869816   -0.0000026819
    2.863493     50.619018   -0.0000035820

    8.590478    -50.619018   -0.0000322901
    8.590478    -43.869816   -0.0000241764
    8.590478    -37.120613   -0.0000172624
    8.590478    -30.371411   -0.0000115294
    8.590478    -23.622208   -0.0000069618
    8.590478    -16.873006   -0.0000035471
    8.590478    -10.123804   -0.0000012758
    8.590478     -3.374601   -0.0000001417
    8.590478      3.374601   -0.0000001417
    8.590478     10.123804   -0.0000012758
    8.590478     16.873006   -0.0000035471
    8.590478     23.622208   -0.0000069618
    8.590478     30.371411   -0.0000115294
    8.590478     37.120613   -0.0000172624
    8.590478     43.869816   -0.0000241764
    8.590478     50.619018   -0.0000322901

   14.317463    -50.619018   -0.0000899831
   14.317463    -43.869816   -0.0000673737
   14.317463    -37.120613   -0.0000481069
   14.317463    -30.371411   -0.0000321306
   14.317463    -23.622208   -0.0000194017
   14.317463    -16.873006   -0.0000098853
   14.317463    -10.123804   -0.0000035554
   14.317463     -3.374601   -0.0000003949
   14.317463      3.374601   -0.0000003949
   14.317463     10.123804   -0.0000035554
   14.317463     16.873006   -0.0000098853
   14.317463     23.622208   -0.0000194017
   14.317463     30.371411   -0.0000321306
   14.317463     37.120613   -0.0000481069
   14.317463     43.869816   -0.0000673737
   14.317463     50.619018   -0.0000899831

   20.044448    -50.619018   -0.0001772149
   20.044448    -43.869816   -0.0001326907
   20.044448    -37.120613   -0.0000947473
   20.044448    -30.371411   -0.0000632830
   20.044448    -23.622208   -0.0000382132
   20.044448    -16.873006   -0.0000194701
   20.044448    -10.123804   -0.0000070029
   20.044448     -3.374601   -0.0000007777
   20.044448      3.374601   -0.0000007777
   20.044448     10.123804   -0.0000070029
   20.044448     16.873006   -0.0000194701
   20.044448     23.622208   -0.0000382132
   20.044448     30.371411   -0.0000632830
   20.044448     37.120613   -0.0000947473
   20.044448     43.869816   -0.0001326907
   20.044448     50.619018   -0.0001772149

   25.771434    -50.619018   -0.0002948161
   25.771434    -43.869816   -0.0002207527
   25.771434    -37.120613   -0.0001576322
   25.771434    -30.371411   -0.0001052872
   25.771434    -23.622208   -0.0000635785
   25.771434    -16.873006   -0.0000323944
   25.771434    -10.123804   -0.0000116515
   25.771434     -3.374601   -0.0000012940
   25.771434      3.374601   -0.0000012940
   25.771434     10.123804   -0.0000116515
   25.771434     16.873006   -0.0000323944
   25.771434     23.622208   -0.0000635785
   25.771434     30.371411   -0.0001052872
   25.771434     37.120613   -0.0001576322
   25.771434     43.869816   -0.0002207527
   25.771434     50.619018   -0.0002948161

   31.498419    -50.619018   -0.0004438944
   31.498419    -43.869816   -0.0003323934
   31.498419    -37.120613   -0.0002373595
   31.498419    -30.371411   -0.0001585442
   31.498419    -23.622208   -0.0000957403
   31.498419    -16.873006   -0.0000487824
   31.498419    -10.123804   -0.0000175461
   31.498419     -3.374601   -0.0000019487
   31.498419      3.374601   -0.0000019487
   31.498419     10.123804   -0.0000175461
   31.498419     16.873006   -0.0000487824
   31.498419     23.622208   -0.0000957403
   31.498419     30.371411   -0.0001585442
   31.498419     37.120613   -0.0002373595
   31.498419     43.869816   -0.0003323934
   31.498419     50.619018   -0.0004438944

   37.225404    -50.619018   -0.0006258341
   37.225404    -43.869816   -0.0004686549
   37.225404    -37.120613   -0.0003346767
   37.225404    -30.371411   -0.0002235550
   37.225404    -23.622208   -0.0001350024
   37.225404    -16.873006   -0.0000687890
   37.225404    -10.123804   -0.0000247425
   37.225404     -3.374601   -0.0000027480
   37.225404      3.374601   -0.0000027480
   37.225404     10.123804   -0.0000247425
   37.225404     16.873006   -0.0000687890
   37.225404     23.622208   -0.0001350024
   37.225404     30.371411   -0.0002235550
   37.225404     37.120613   -0.0003346767
   37.225404     43.869816   -0.0004686549
   37.225404     50.619018   -0.0006258341

   42.952389    -50.619018   -0.0008422968
   42.952389    -43.869816   -0.0006307876
   42.952389    -37.120613   -0.0004504809
   42.952389    -30.371411   -0.0003009211
   42.952389    -23.622208   -0.0001817287
   42.952389    -16.873006   -0.0000926001
   42.952389    -10.123804   -0.0000333076
   42.952389     -3.374601   -0.0000036993
   42.952389      3.374601   -0.0000036993
   42.952389     10.123804   -0.0000333076
   42.952389     16.873006   -0.0000926001
   42.952389     23.622208   -0.0001817287
   42.952389     30.371411   -0.0003009211
   42.952389     37.120613   -0.0004504809
   42.952389     43.869816   -0.0006307876
   42.952389     50.619018   -0.0008422968

