  -38.681015    -50.614883    0.0700562433
  -38.681015    -43.866232    0.0648983794
  -38.681015    -37.117581    0.0605344180
  -38.681015    -30.368930    0.0569445349
  -38.681015    -23.620279    0.0541067820
  -38.681015    -16.871628    0.0520000482
  -38.681015    -10.122977    0.0506064278
  -38.681015     -3.374326    0.0499129966
  -38.681015      3.374326    0.0499129966
  -38.681015     10.122977    0.0506064278
  -38.681015     16.871628    0.0520000482
  -38.681015     23.620279    0.0541067820
  -38.681015     30.368930    0.0569445349
  -38.681015     37.117581    0.0605344180
  -38.681015     43.866232    0.0648983794
  -38.681015     50.614883    0.0700562433

  -33.523546    -50.614883    0.0578944815
  -33.523546    -43.866232    0.0525875814
  -33.523546    -37.117581    0.0480947896
  -33.523546    -30.368930    0.0443967281
  -33.523546    -23.620279    0.0414718662
  -33.523546    -16.871628    0.0392994565
  -33.523546    -10.122977    0.0378618832
  -33.523546     -3.374326    0.0371464239
  -33.523546      3.374326    0.0371464239
  -33.523546     10.122977    0.0378618832
  -33.523546     16.871628    0.0392994565
  -33.523546     23.620279    0.0414718662
  -33.523546     30.368930    0.0443967281
  -33.523546     37.117581    0.0480947896
  -33.523546     43.866232    0.0525875814
  -33.523546     50.614883    0.0578944815

  -28.366078    -50.614883    0.0476543248
  -28.366078    -43.866232    0.0422226066
  -28.366078    -37.117581    0.0376217850
  -28.366078    -30.368930    0.0338329873
  -28.366078    -23.620279    0.0308350838
  -28.366078    -16.871628    0.0286076349
  -28.366078    -10.122977    0.0271332482
  -28.366078     -3.374326    0.0263993465
  -28.366078      3.374326    0.0263993465
  -28.366078     10.122977    0.0271332482
  -28.366078     16.871628    0.0286076349
  -28.366078     23.620279    0.0308350838
  -28.366078     30.368930    0.0338329873
  -28.366078     37.117581    0.0376217850
  -28.366078     43.866232    0.0422226066
  -28.366078     50.614883    0.0476543248

  -23.208609    -50.614883    0.0392495127
  -23.208609    -43.866232    0.0337157490
  -23.208609    -37.117581    0.0290265997
  -23.208609    -30.368930    0.0251636145
  -23.208609    -23.620279    0.0221059947
  -23.208609    -16.871628    0.0198335513
  -23.208609    -10.122977    0.0183290720
  -23.208609     -3.374326    0.0175800955
  -23.208609      3.374326    0.0175800955
  -23.208609     10.122977    0.0183290720
  -23.208609     16.871628    0.0198335513
  -23.208609     23.620279    0.0221059947
  -23.208609     30.368930    0.0251636145
  -23.208609     37.117581    0.0290265997
  -23.208609     43.866232    0.0337157490
  -23.208609     50.614883    0.0392495127

  -18.051140    -50.614883    0.0326091951
  -18.051140    -43.866232    0.0269950326
  -18.051140    -37.117581    0.0222363358
  -18.051140    -30.368930    0.0183149472
  -18.051140    -23.620279    0.0152103120
  -18.051140    -16.871628    0.0129024364
  -18.051140    -10.122977    0.0113742543
  -18.051140     -3.374326    0.0106134020
  -18.051140      3.374326    0.0106134020
  -18.051140     10.122977    0.0113742543
  -18.051140     16.871628    0.0129024364
  -18.051140     23.620279    0.0152103120
  -18.051140     30.368930    0.0183149472
  -18.051140     37.117581    0.0222363358
  -18.051140     43.866232    0.0269950326
  -18.051140     50.614883    0.0326091951

  -12.893672    -50.614883    0.0276773681
  -12.893672    -43.866232    0.0220036045
  -12.893672    -37.117581    0.0171933993
  -12.893672    -30.368930    0.0132287664
  -12.893672    -23.620279    0.0100893134
  -12.893672    -16.871628    0.0077551889
  -12.893672    -10.122977    0.0062094408
  -12.893672     -3.374326    0.0054397851
  -12.893672      3.374326    0.0054397851
  -12.893672     10.122977    0.0062094408
  -12.893672     16.871628    0.0077551889
  -12.893672     23.620279    0.0100893134
  -12.893672     30.368930    0.0132287664
  -12.893672     37.117581    0.0171933993
  -12.893672     43.866232    0.0220036045
  -12.893672     50.614883    0.0276773681

   -7.736203    -50.614883    0.0244124237
   -7.736203    -43.866232    0.0186992498
   -7.736203    -37.117581    0.0138550168
   -7.736203    -30.368930    0.0098618225
   -7.736203    -23.620279    0.0066993696
   -7.736203    -16.871628    0.0043478995
   -7.736203    -10.122977    0.0027905393
   -7.736203     -3.374326    0.0020150625
   -7.736203      3.374326    0.0020150625
   -7.736203     10.122977    0.0027905393
   -7.736203     16.871628    0.0043478995
   -7.736203     23.620279    0.0066993696
   -7.736203     30.368930    0.0098618225
   -7.736203     37.117581    0.0138550168
   -7.736203     43.866232    0.0186992498
   -7.736203     50.614883    0.0244124237

   -2.578734    -50.614883    0.0227868111
   -2.578734    -43.866232    0.0170540274
   -2.578734    -37.117581    0.0121928740
   -2.578734    -30.368930    0.0081854799
   -2.578734    -23.620279    0.0050115908
   -2.578734    -16.871628    0.0026514937
   -2.578734    -10.122977    0.0010883566
   -2.578734     -3.374326    0.0003099834
   -2.578734      3.374326    0.0003099834
   -2.578734     10.122977    0.0010883566
   -2.578734     16.871628    0.0026514937
   -2.578734     23.620279    0.0050115908
   -2.578734     30.368930    0.0081854799
   -2.578734     37.117581    0.0121928740
   -2.578734     43.866232    0.0170540274
   -2.578734     50.614883    0.0227868111

    2.578734    -50.614883    0.0227868111
    2.578734    -43.866232    0.0170540274
    2.578734    -37.117581    0.0121928740
    2.578734    -30.368930    0.0081854799
    2.578734    -23.620279    0.0050115908
    2.578734    -16.871628    0.0026514937
    2.578734    -10.122977    0.0010883566
    2.578734     -3.374326    0.0003099834
    2.578734      3.374326    0.0003099834
    2.578734     10.122977    0.0010883566
    2.578734     16.871628    0.0026514937
    2.578734     23.620279    0.0050115908
    2.578734     30.368930    0.0081854799
    2.578734     37.117581    0.0121928740
    2.578734     43.866232    0.0170540274
    2.578734     50.614883    0.0227868111

    7.736203    -50.614883    0.0244124237
    7.736203    -43.866232    0.0186992498
    7.736203    -37.117581    0.0138550168
    7.736203    -30.368930    0.0098618225
    7.736203    -23.620279    0.0066993696
    7.736203    -16.871628    0.0043478995
    7.736203    -10.122977    0.0027905393
    7.736203     -3.374326    0.0020150625
    7.736203      3.374326    0.0020150625
    7.736203     10.122977    0.0027905393
    7.736203     16.871628    0.0043478995
    7.736203     23.620279    0.0066993696
    7.736203     30.368930    0.0098618225
    7.736203     37.117581    0.0138550168
    7.736203     43.866232    0.0186992498
    7.736203     50.614883    0.0244124237

   12.893672    -50.614883    0.0276773681
   12.893672    -43.866232    0.0220036045
   12.893672    -37.117581    0.0171933993
   12.893672    -30.368930    0.0132287664
   12.893672    -23.620279    0.0100893134
   12.893672    -16.871628    0.0077551889
   12.893672    -10.122977    0.0062094408
   12.893672     -3.374326    0.0054397851
   12.893672      3.374326    0.0054397851
   12.893672     10.122977    0.0062094408
   12.893672     16.871628    0.0077551889
   12.893672     23.620279    0.0100893134
   12.893672     30.368930    0.0132287664
   12.893672     37.117581    0.0171933993
   12.893672     43.866232    0.0220036045
   12.893672     50.614883    0.0276773681

   18.051140    -50.614883    0.0326091951
   18.051140    -43.866232    0.0269950326
   18.051140    -37.117581    0.0222363358
   18.051140    -30.368930    0.0183149472
   18.051140    -23.620279    0.0152103120
   18.051140    -16.871628    0.0129024364
   18.051140    -10.122977    0.0113742543
   18.051140     -3.374326    0.0106134020
   18.051140      3.374326    0.0106134020
   18.051140     10.122977    0.0113742543
   18.051140     16.871628    0.0129024364
   18.051140     23.620279    0.0152103120
   18.051140     30.368930    0.0183149472
   18.051140     37.117581    0.0222363358
   18.051140     43.866232    0.0269950326
   18.051140     50.614883    0.0326091951

   23.208609    -50.614883    0.0392495127
   23.208609    -43.866232    0.0337157490
   23.208609    -37.117581    0.0290265997
   23.208609    -30.368930    0.0251636145
   23.208609    -23.620279    0.0221059947
   23.208609    -16.871628    0.0198335513
   23.208609    -10.122977    0.0183290720
   23.208609     -3.374326    0.0175800955
   23.208609      3.374326    0.0175800955
   23.208609     10.122977    0.0183290720
   23.208609     16.871628    0.0198335513
   23.208609     23.620279    0.0221059947
   23.208609     30.368930    0.0251636145
   23.208609     37.117581    0.0290265997
   23.208609     43.866232    0.0337157490
   23.208609     50.614883    0.0392495127

   28.366078    -50.614883    0.0476543248
   28.366078    -43.866232    0.0422226066
   28.366078    -37.117581    0.0376217850
   28.366078    -30.368930    0.0338329873
   28.366078    -23.620279    0.0308350838
   28.366078    -16.871628    0.0286076349
   28.366078    -10.122977    0.0271332482
   28.366078     -3.374326    0.0263993465
   28.366078      3.374326    0.0263993465
   28.366078     10.122977    0.0271332482
   28.366078     16.871628    0.0286076349
   28.366078     23.620279    0.0308350838
   28.366078     30.368930    0.0338329873
   28.366078     37.117581    0.0376217850
   28.366078     43.866232    0.0422226066
   28.366078     50.614883    0.0476543248

   33.523546    -50.614883    0.0578944815
   33.523546    -43.866232    0.0525875814
   33.523546    -37.117581    0.0480947896
   33.523546    -30.368930    0.0443967281
   33.523546    -23.620279    0.0414718662
   33.523546    -16.871628    0.0392994565
   33.523546    -10.122977    0.0378618832
   33.523546     -3.374326    0.0371464239
   33.523546      3.374326    0.0371464239
   33.523546     10.122977    0.0378618832
   33.523546     16.871628    0.0392994565
   33.523546     23.620279    0.0414718662
   33.523546     30.368930    0.0443967281
   33.523546     37.117581    0.0480947896
   33.523546     43.866232    0.0525875814
   33.523546     50.614883    0.0578944815

   38.681015    -50.614883    0.0700562433
   38.681015    -43.866232    0.0648983794
   38.681015    -37.117581    0.0605344180
   38.681015    -30.368930    0.0569445349
   38.681015    -23.620279    0.0541067820
   38.681015    -16.871628    0.0520000482
   38.681015    -10.122977    0.0506064278
   38.681015     -3.374326    0.0499129966
   38.681015      3.374326    0.0499129966
   38.681015     10.122977    0.0506064278
   38.681015     16.871628    0.0520000482
   38.681015     23.620279    0.0541067820
   38.681015     30.368930    0.0569445349
   38.681015     37.117581    0.0605344180
   38.681015     43.866232    0.0648983794
   38.681015     50.614883    0.0700562433

