  -25.746645    -42.952389    0.0936044102
  -25.746645    -37.225404    0.0852295828
  -25.746645    -31.498419    0.0781247972
  -25.746645    -25.771434    0.0722558758
  -25.746645    -20.044448    0.0675944964
  -25.746645    -14.317463    0.0641181053
  -25.746645     -8.590478    0.0618098478
  -25.746645     -2.863493    0.0606585166
  -25.746645      2.863493    0.0606585166
  -25.746645      8.590478    0.0618098478
  -25.746645     14.317463    0.0641181053
  -25.746645     20.044448    0.0675944964
  -25.746645     25.771434    0.0722558758
  -25.746645     31.498419    0.0781247972
  -25.746645     37.225404    0.0852295828
  -25.746645     42.952389    0.0936044102

  -21.065436    -42.952389    0.0700605021
  -21.065436    -37.225404    0.0617249064
  -21.065436    -31.498419    0.0546529012
  -21.065436    -25.771434    0.0488107024
  -21.065436    -20.044448    0.0441703136
  -21.065436    -14.317463    0.0407094400
  -21.065436     -8.590478    0.0384114206
  -21.065436     -2.863493    0.0372651763
  -21.065436      2.863493    0.0372651763
  -21.065436      8.590478    0.0384114206
  -21.065436     14.317463    0.0407094400
  -21.065436     20.044448    0.0441703136
  -21.065436     25.771434    0.0488107024
  -21.065436     31.498419    0.0546529012
  -21.065436     37.225404    0.0617249064
  -21.065436     42.952389    0.0700605021

  -16.384228    -42.952389    0.0533842572
  -16.384228    -37.225404    0.0450894439
  -16.384228    -31.498419    0.0380515089
  -16.384228    -25.771434    0.0322370901
  -16.384228    -20.044448    0.0276185317
  -16.384228    -14.317463    0.0241738047
  -16.384228     -8.590478    0.0218864430
  -16.384228     -2.863493    0.0207454959
  -16.384228      2.863493    0.0207454959
  -16.384228      8.590478    0.0218864430
  -16.384228     14.317463    0.0241738047
  -16.384228     20.044448    0.0276185317
  -16.384228     25.771434    0.0322370901
  -16.384228     31.498419    0.0380515089
  -16.384228     37.225404    0.0450894439
  -16.384228     42.952389    0.0533842572

  -11.703020    -42.952389    0.0422716039
  -11.703020    -37.225404    0.0340191045
  -11.703020    -31.498419    0.0270165606
  -11.703020    -25.771434    0.0212310138
  -11.703020    -20.044448    0.0166351460
  -11.703020    -14.317463    0.0132071991
  -11.703020     -8.590478    0.0109309108
  -11.703020     -2.863493    0.0097954663
  -11.703020      2.863493    0.0097954663
  -11.703020      8.590478    0.0109309108
  -11.703020     14.317463    0.0132071991
  -11.703020     20.044448    0.0166351460
  -11.703020     25.771434    0.0212310138
  -11.703020     31.498419    0.0270165606
  -11.703020     37.225404    0.0340191045
  -11.703020     42.952389    0.0422716039

   -7.021812    -42.952389    0.0356423811
   -7.021812    -37.225404    0.0274337174
   -7.021812    -31.498419    0.0204678646
   -7.021812    -25.771434    0.0147122624
   -7.021812    -20.044448    0.0101399322
   -7.021812    -14.317463    0.0067293923
   -7.021812     -8.590478    0.0044645906
   -7.021812     -2.863493    0.0033348538
   -7.021812      2.863493    0.0033348538
   -7.021812      8.590478    0.0044645906
   -7.021812     14.317463    0.0067293923
   -7.021812     20.044448    0.0101399322
   -7.021812     25.771434    0.0147122624
   -7.021812     31.498419    0.0204678646
   -7.021812     37.225404    0.0274337174
   -7.021812     42.952389    0.0356423811

   -2.340604    -42.952389    0.0325992861
   -2.340604    -37.225404    0.0244359553
   -2.340604    -31.498419    0.0175080410
   -2.340604    -25.771434    0.0117834074
   -2.340604    -20.044448    0.0072354289
   -2.340604    -14.317463    0.0038429062
   -2.340604     -8.590478    0.0015899986
   -2.340604     -2.863493    0.0004661737
   -2.340604      2.863493    0.0004661737
   -2.340604      8.590478    0.0015899986
   -2.340604     14.317463    0.0038429062
   -2.340604     20.044448    0.0072354289
   -2.340604     25.771434    0.0117834074
   -2.340604     31.498419    0.0175080410
   -2.340604     37.225404    0.0244359553
   -2.340604     42.952389    0.0325992861

    2.340604    -42.952389    0.0323945246
    2.340604    -37.225404    0.0242779690
    2.340604    -31.498419    0.0173891729
    2.340604    -25.771434    0.0116964726
    2.340604    -20.044448    0.0071736178
    2.340604    -14.317463    0.0037996967
    2.340604     -8.590478    0.0015590774
    2.340604     -2.863493    0.0004413633
    2.340604      2.863493    0.0004413633
    2.340604      8.590478    0.0015590774
    2.340604     14.317463    0.0037996967
    2.340604     20.044448    0.0071736178
    2.340604     25.771434    0.0116964726
    2.340604     31.498419    0.0173891729
    2.340604     37.225404    0.0242779690
    2.340604     42.952389    0.0323945246

    7.021812    -42.952389    0.0344028530
    7.021812    -37.225404    0.0263344220
    7.021812    -31.498419    0.0194858505
    7.021812    -25.771434    0.0138259907
    7.021812    -20.044448    0.0093289863
    7.021812    -14.317463    0.0059742178
    7.021812     -8.590478    0.0037462588
    7.021812     -2.863493    0.0026348430
    7.021812      2.863493    0.0026348430
    7.021812      8.590478    0.0037462588
    7.021812     14.317463    0.0059742178
    7.021812     20.044448    0.0093289863
    7.021812     25.771434    0.0138259907
    7.021812     31.498419    0.0194858505
    7.021812     37.225404    0.0263344220
    7.021812     42.952389    0.0344028530

   11.703020    -42.952389    0.0380998604
   11.703020    -37.225404    0.0300807728
   11.703020    -31.498419    0.0232734597
   11.703020    -25.771434    0.0176472963
   11.703020    -20.044448    0.0131768248
   11.703020    -14.317463    0.0098417200
   11.703020     -8.590478    0.0076267617
   11.703020     -2.863493    0.0065218146
   11.703020      2.863493    0.0065218146
   11.703020      8.590478    0.0076267617
   11.703020     14.317463    0.0098417200
   11.703020     20.044448    0.0131768248
   11.703020     25.771434    0.0176472963
   11.703020     31.498419    0.0232734597
   11.703020     37.225404    0.0300807728
   11.703020     42.952389    0.0380998604

   16.384228    -42.952389    0.0430445034
   16.384228    -37.225404    0.0350758190
   16.384228    -31.498419    0.0283107257
   16.384228    -25.771434    0.0227190690
   16.384228    -20.044448    0.0182757690
   16.384228    -14.317463    0.0149607939
   16.384228     -8.590478    0.0127591384
   16.384228     -2.863493    0.0116608080
   16.384228      2.863493    0.0116608080
   16.384228      8.590478    0.0127591384
   16.384228     14.317463    0.0149607939
   16.384228     20.044448    0.0182757690
   16.384228     25.771434    0.0227190690
   16.384228     31.498419    0.0283107257
   16.384228     37.225404    0.0350758190
   16.384228     42.952389    0.0430445034

   21.065436    -42.952389    0.0488650686
   21.065436    -37.225404    0.0409476770
   21.065436    -31.498419    0.0342256883
   21.065436    -25.771434    0.0286692999
   21.065436    -20.044448    0.0242537631
   21.065436    -14.317463    0.0209593354
   21.065436     -8.590478    0.0187712432
   21.065436     -2.863493    0.0176796530
   21.065436      2.863493    0.0176796530
   21.065436      8.590478    0.0187712432
   21.065436     14.317463    0.0209593354
   21.065436     20.044448    0.0242537631
   21.065436     25.771434    0.0286692999
   21.065436     31.498419    0.0342256883
   21.065436     37.225404    0.0409476770
   21.065436     42.952389    0.0488650686

   25.746645    -42.952389    0.0552479016
   25.746645    -37.225404    0.0473825355
   25.746645    -31.498419    0.0407044449
   25.746645    -25.771434    0.0351840207
   25.746645    -20.044448    0.0307967815
   25.746645    -14.317463    0.0275232684
   25.746645     -8.590478    0.0253489607
   25.746645     -2.863493    0.0242642129
   25.746645      2.863493    0.0242642129
   25.746645      8.590478    0.0253489607
   25.746645     14.317463    0.0275232684
   25.746645     20.044448    0.0307967815
   25.746645     25.771434    0.0351840207
   25.746645     31.498419    0.0407044449
   25.746645     37.225404    0.0473825355
   25.746645     42.952389    0.0552479016

   30.427853    -42.952389    0.0619283999
   30.427853    -37.225404    0.0541156833
   30.427853    -31.498419    0.0474821630
   30.427853    -25.771434    0.0419982941
   30.427853    -20.044448    0.0376398094
   30.427853    -14.317463    0.0343875273
   30.427853     -8.590478    0.0322271965
   30.427853     -2.863493    0.0311493805
   30.427853      2.863493    0.0311493805
   30.427853      8.590478    0.0322271965
   30.427853     14.317463    0.0343875273
   30.427853     20.044448    0.0376398094
   30.427853     25.771434    0.0419982941
   30.427853     31.498419    0.0474821630
   30.427853     37.225404    0.0541156833
   30.427853     42.952389    0.0619283999

   35.109061    -42.952389    0.0686839367
   35.109061    -37.225404    0.0609244735
   35.109061    -31.498419    0.0543360248
   35.109061    -25.771434    0.0488891306
   35.109061    -20.044448    0.0445597449
   35.109061    -14.317463    0.0413289607
   35.109061     -8.590478    0.0391827901
   35.109061     -2.863493    0.0381119994
   35.109061      2.863493    0.0381119994
   35.109061      8.590478    0.0391827901
   35.109061     14.317463    0.0413289607
   35.109061     20.044448    0.0445597449
   35.109061     25.771434    0.0488891306
   35.109061     31.498419    0.0543360248
   35.109061     37.225404    0.0609244735
   35.109061     42.952389    0.0686839367

   39.790269    -42.952389    0.0753285378
   39.790269    -37.225404    0.0676230514
   39.790269    -31.498419    0.0610799282
   39.790269    -25.771434    0.0556701555
   39.790269    -20.044448    0.0513700487
   39.790269    -14.317463    0.0481609832
   39.790269     -8.590478    0.0460291783
   39.790269     -2.863493    0.0449655367
   39.790269      2.863493    0.0449655367
   39.790269      8.590478    0.0460291783
   39.790269     14.317463    0.0481609832
   39.790269     20.044448    0.0513700487
   39.790269     25.771434    0.0556701555
   39.790269     31.498419    0.0610799282
   39.790269     37.225404    0.0676230514
   39.790269     42.952389    0.0753285378

   44.471477    -42.952389    0.0817093025
   44.471477    -37.225404    0.0740588330
   44.471477    -31.498419    0.0675609358
   44.471477    -25.771434    0.0621880155
   44.471477    -20.044448    0.0579171303
   44.471477    -14.317463    0.0547299628
   44.471477     -8.590478    0.0526127959
   44.471477     -2.863493    0.0515564946
   44.471477      2.863493    0.0515564946
   44.471477      8.590478    0.0526127959
   44.471477     14.317463    0.0547299628
   44.471477     20.044448    0.0579171303
   44.471477     25.771434    0.0621880155
   44.471477     31.498419    0.0675609358
   44.471477     37.225404    0.0740588330
   44.471477     42.952389    0.0817093025

