  -50.619018   -136.038482    0.0019082540
  -50.619018   -117.900018    0.0014978165
  -50.619018    -99.761554    0.0011136835
  -50.619018    -81.623089    0.0007694289
  -50.619018    -63.484625    0.0004773977
  -50.619018    -45.346161    0.0002482559
  -50.619018    -27.207696    0.0000905175
  -50.619018     -9.069232    0.0000101218
  -50.619018      9.069232    0.0000101218
  -50.619018     27.207696    0.0000905175
  -50.619018     45.346161    0.0002482559
  -50.619018     63.484625    0.0004773977
  -50.619018     81.623089    0.0007694289
  -50.619018     99.761554    0.0011136835
  -50.619018    117.900018    0.0014978165
  -50.619018    136.038482    0.0019082540

  -43.869816   -136.038482    0.0014846659
  -43.869816   -117.900018    0.0011481117
  -43.869816    -99.761554    0.0008609436
  -43.869816    -81.623089    0.0005994981
  -43.869816    -63.484625    0.0003720110
  -43.869816    -45.346161    0.0001922476
  -43.869816    -27.207696    0.0000695276
  -43.869816     -9.069232    0.0000077324
  -43.869816      9.069232    0.0000077324
  -43.869816     27.207696    0.0000695276
  -43.869816     45.346161    0.0001922476
  -43.869816     63.484625    0.0003720110
  -43.869816     81.623089    0.0005994981
  -43.869816     99.761554    0.0008609436
  -43.869816    117.900018    0.0011481117
  -43.869816    136.038482    0.0014846659

  -37.120613   -136.038482    0.0010972303
  -37.120613   -117.900018    0.0008558649
  -37.120613    -99.761554    0.0006378968
  -37.120613    -81.623089    0.0004417501
  -37.120613    -63.484625    0.0002739993
  -37.120613    -45.346161    0.0001421249
  -37.120613    -27.207696    0.0000516597
  -37.120613     -9.069232    0.0000057649
  -37.120613      9.069232    0.0000057649
  -37.120613     27.207696    0.0000516597
  -37.120613     45.346161    0.0001421249
  -37.120613     63.484625    0.0002739993
  -37.120613     81.623089    0.0004417501
  -37.120613     99.761554    0.0006378968
  -37.120613    117.900018    0.0008558649
  -37.120613    136.038482    0.0010972303

  -30.371411   -136.038482    0.0007547101
  -30.371411   -117.900018    0.0005937135
  -30.371411    -99.761554    0.0004399340
  -30.371411    -81.623089    0.0003030397
  -30.371411    -63.484625    0.0001878905
  -30.371411    -45.346161    0.0000978218
  -30.371411    -27.207696    0.0000357325
  -30.371411     -9.069232    0.0000040008
  -30.371411      9.069232    0.0000040008
  -30.371411     27.207696    0.0000357325
  -30.371411     45.346161    0.0000978218
  -30.371411     63.484625    0.0001878905
  -30.371411     81.623089    0.0003030397
  -30.371411     99.761554    0.0004399340
  -30.371411    117.900018    0.0005937135
  -30.371411    136.038482    0.0007547101

  -23.622208   -136.038482    0.0004667006
  -23.622208   -117.900018    0.0003675300
  -23.622208    -99.761554    0.0002720465
  -23.622208    -81.623089    0.0001872197
  -23.622208    -63.484625    0.0001160651
  -23.622208    -45.346161    0.0000604594
  -23.622208    -27.207696    0.0000221010
  -23.622208     -9.069232    0.0000024758
  -23.622208      9.069232    0.0000024758
  -23.622208     27.207696    0.0000221010
  -23.622208     45.346161    0.0000604594
  -23.622208     63.484625    0.0001160651
  -23.622208     81.623089    0.0001872197
  -23.622208     99.761554    0.0002720465
  -23.622208    117.900018    0.0003675300
  -23.622208    136.038482    0.0004667006

  -16.873006   -136.038482    0.0002420911
  -16.873006   -117.900018    0.0001896358
  -16.873006    -99.761554    0.0001407949
  -16.873006    -81.623089    0.0000971711
  -16.873006    -63.484625    0.0000602458
  -16.873006    -45.346161    0.0000313132
  -16.873006    -27.207696    0.0000114136
  -16.873006     -9.069232    0.0000012761
  -16.873006      9.069232    0.0000012761
  -16.873006     27.207696    0.0000114136
  -16.873006     45.346161    0.0000313132
  -16.873006     63.484625    0.0000602458
  -16.873006     81.623089    0.0000971711
  -16.873006     99.761554    0.0001407949
  -16.873006    117.900018    0.0001896358
  -16.873006    136.038482    0.0002420911

  -10.123804   -136.038482    0.0000881221
  -10.123804   -117.900018    0.0000685176
  -10.123804    -99.761554    0.0000510978
  -10.123804    -81.623089    0.0000354118
  -10.123804    -63.484625    0.0000219591
  -10.123804    -45.346161    0.0000113779
  -10.123804    -27.207696    0.0000041303
  -10.123804     -9.069232    0.0000004605
  -10.123804      9.069232    0.0000004605
  -10.123804     27.207696    0.0000041303
  -10.123804     45.346161    0.0000113779
  -10.123804     63.484625    0.0000219591
  -10.123804     81.623089    0.0000354118
  -10.123804     99.761554    0.0000510978
  -10.123804    117.900018    0.0000685176
  -10.123804    136.038482    0.0000881221

   -3.374601   -136.038482    0.0000098456
   -3.374601   -117.900018    0.0000076166
   -3.374601    -99.761554    0.0000056977
   -3.374601    -81.623089    0.0000039598
   -3.374601    -63.484625    0.0000024558
   -3.374601    -45.346161    0.0000012698
   -3.374601    -27.207696    0.0000004596
   -3.374601     -9.069232    0.0000000512
   -3.374601      9.069232    0.0000000512
   -3.374601     27.207696    0.0000004596
   -3.374601     45.346161    0.0000012698
   -3.374601     63.484625    0.0000024558
   -3.374601     81.623089    0.0000039598
   -3.374601     99.761554    0.0000056977
   -3.374601    117.900018    0.0000076166
   -3.374601    136.038482    0.0000098456

    3.374601   -136.038482    0.0000098456
    3.374601   -117.900018    0.0000076166
    3.374601    -99.761554    0.0000056977
    3.374601    -81.623089    0.0000039598
    3.374601    -63.484625    0.0000024558
    3.374601    -45.346161    0.0000012698
    3.374601    -27.207696    0.0000004596
    3.374601     -9.069232    0.0000000512
    3.374601      9.069232    0.0000000512
    3.374601     27.207696    0.0000004596
    3.374601     45.346161    0.0000012698
    3.374601     63.484625    0.0000024558
    3.374601     81.623089    0.0000039598
    3.374601     99.761554    0.0000056977
    3.374601    117.900018    0.0000076166
    3.374601    136.038482    0.0000098456

   10.123804   -136.038482    0.0000881221
   10.123804   -117.900018    0.0000685176
   10.123804    -99.761554    0.0000510978
   10.123804    -81.623089    0.0000354118
   10.123804    -63.484625    0.0000219591
   10.123804    -45.346161    0.0000113779
   10.123804    -27.207696    0.0000041303
   10.123804     -9.069232    0.0000004605
   10.123804      9.069232    0.0000004605
   10.123804     27.207696    0.0000041303
   10.123804     45.346161    0.0000113779
   10.123804     63.484625    0.0000219591
   10.123804     81.623089    0.0000354118
   10.123804     99.761554    0.0000510978
   10.123804    117.900018    0.0000685176
   10.123804    136.038482    0.0000881221

   16.873006   -136.038482    0.0002420911
   16.873006   -117.900018    0.0001896358
   16.873006    -99.761554    0.0001407949
   16.873006    -81.623089    0.0000971711
   16.873006    -63.484625    0.0000602458
   16.873006    -45.346161    0.0000313132
   16.873006    -27.207696    0.0000114136
   16.873006     -9.069232    0.0000012761
   16.873006      9.069232    0.0000012761
   16.873006     27.207696    0.0000114136
   16.873006     45.346161    0.0000313132
   16.873006     63.484625    0.0000602458
   16.873006     81.623089    0.0000971711
   16.873006     99.761554    0.0001407949
   16.873006    117.900018    0.0001896358
   16.873006    136.038482    0.0002420911

   23.622208   -136.038482    0.0004667006
   23.622208   -117.900018    0.0003675300
   23.622208    -99.761554    0.0002720465
   23.622208    -81.623089    0.0001872197
   23.622208    -63.484625    0.0001160651
   23.622208    -45.346161    0.0000604594
   23.622208    -27.207696    0.0000221010
   23.622208     -9.069232    0.0000024758
   23.622208      9.069232    0.0000024758
   23.622208     27.207696    0.0000221010
   23.622208     45.346161    0.0000604594
   23.622208     63.484625    0.0001160651
   23.622208     81.623089    0.0001872197
   23.622208     99.761554    0.0002720465
   23.622208    117.900018    0.0003675300
   23.622208    136.038482    0.0004667006

   30.371411   -136.038482    0.0007547101
   30.371411   -117.900018    0.0005937135
   30.371411    -99.761554    0.0004399340
   30.371411    -81.623089    0.0003030397
   30.371411    -63.484625    0.0001878905
   30.371411    -45.346161    0.0000978218
   30.371411    -27.207696    0.0000357325
   30.371411     -9.069232    0.0000040008
   30.371411      9.069232    0.0000040008
   30.371411     27.207696    0.0000357325
   30.371411     45.346161    0.0000978218
   30.371411     63.484625    0.0001878905
   30.371411     81.623089    0.0003030397
   30.371411     99.761554    0.0004399340
   30.371411    117.900018    0.0005937135
   30.371411    136.038482    0.0007547101

   37.120613   -136.038482    0.0010972303
   37.120613   -117.900018    0.0008558649
   37.120613    -99.761554    0.0006378968
   37.120613    -81.623089    0.0004417501
   37.120613    -63.484625    0.0002739993
   37.120613    -45.346161    0.0001421249
   37.120613    -27.207696    0.0000516597
   37.120613     -9.069232    0.0000057649
   37.120613      9.069232    0.0000057649
   37.120613     27.207696    0.0000516597
   37.120613     45.346161    0.0001421249
   37.120613     63.484625    0.0002739993
   37.120613     81.623089    0.0004417501
   37.120613     99.761554    0.0006378968
   37.120613    117.900018    0.0008558649
   37.120613    136.038482    0.0010972303

   43.869816   -136.038482    0.0014846659
   43.869816   -117.900018    0.0011481117
   43.869816    -99.761554    0.0008609436
   43.869816    -81.623089    0.0005994981
   43.869816    -63.484625    0.0003720110
   43.869816    -45.346161    0.0001922476
   43.869816    -27.207696    0.0000695276
   43.869816     -9.069232    0.0000077324
   43.869816      9.069232    0.0000077324
   43.869816     27.207696    0.0000695276
   43.869816     45.346161    0.0001922476
   43.869816     63.484625    0.0003720110
   43.869816     81.623089    0.0005994981
   43.869816     99.761554    0.0008609436
   43.869816    117.900018    0.0011481117
   43.869816    136.038482    0.0014846659

   50.619018   -136.038482    0.0019082540
   50.619018   -117.900018    0.0014978165
   50.619018    -99.761554    0.0011136835
   50.619018    -81.623089    0.0007694289
   50.619018    -63.484625    0.0004773977
   50.619018    -45.346161    0.0002482559
   50.619018    -27.207696    0.0000905175
   50.619018     -9.069232    0.0000101218
   50.619018      9.069232    0.0000101218
   50.619018     27.207696    0.0000905175
   50.619018     45.346161    0.0002482559
   50.619018     63.484625    0.0004773977
   50.619018     81.623089    0.0007694289
   50.619018     99.761554    0.0011136835
   50.619018    117.900018    0.0014978165
   50.619018    136.038482    0.0019082540

