  -38.681015    -62.630025    0.0674150565
  -38.681015    -54.279355    0.0630422288
  -38.681015    -45.928685    0.0593574094
  -38.681015    -37.578015    0.0563216101
  -38.681015    -29.227345    0.0538993261
  -38.681015    -20.876675    0.0520586873
  -38.681015    -12.526005    0.0507715595
  -38.681015     -4.175335    0.0500135959
  -38.681015      4.175335    0.0497642373
  -38.681015     12.526005    0.0500066635
  -38.681015     20.876675    0.0507276933
  -38.681015     29.227345    0.0519176357
  -38.681015     37.578015    0.0535700893
  -38.681015     45.928685    0.0556816930
  -38.681015     54.279355    0.0582518258
  -38.681015     62.630025    0.0612822567

  -33.523546    -62.630025    0.0547418830
  -33.523546    -54.279355    0.0502963452
  -33.523546    -45.928685    0.0465566366
  -33.523546    -37.578015    0.0434842083
  -33.523546    -29.227345    0.0410438961
  -33.523546    -20.876675    0.0392040752
  -33.523546    -12.526005    0.0379367649
  -33.523546     -4.175335    0.0372176820
  -33.523546      4.175335    0.0370262444
  -33.523546     12.526005    0.0373455238
  -33.523546     20.876675    0.0381621479
  -33.523546     29.227345    0.0394661523
  -33.523546     37.578015    0.0412507818
  -33.523546     45.928685    0.0435122413
  -33.523546     54.279355    0.0462493958
  -33.523546     62.630025    0.0494634206

  -28.366078    -62.630025    0.0440478400
  -28.366078    -54.279355    0.0395446186
  -28.366078    -45.928685    0.0357622572
  -28.366078    -37.578015    0.0326625219
  -28.366078    -29.227345    0.0302105044
  -28.366078    -20.876675    0.0283747705
  -28.366078    -12.526005    0.0271274600
  -28.366078     -4.175335    0.0264443376
  -28.366078      4.175335    0.0263047944
  -28.366078     12.526005    0.0266918008
  -28.366078     20.876675    0.0275918105
  -28.366078     29.227345    0.0289946148
  -28.366078     37.578015    0.0308931487
  -28.366078     45.928685    0.0332832474
  -28.366078     54.279355    0.0361633542
  -28.366078     62.630025    0.0395341788

  -23.208609    -62.630025    0.0352540420
  -23.208609    -54.279355    0.0307059842
  -23.208609    -45.928685    0.0268911162
  -23.208609    -37.578015    0.0237714484
  -23.208609    -29.227345    0.0213122702
  -23.208609    -20.876675    0.0194822925
  -23.208609    -12.526005    0.0182537444
  -23.208609     -4.175335    0.0176024204
  -23.208609      4.175335    0.0175076812
  -23.208609     12.526005    0.0179524063
  -23.208609     20.876675    0.0189228992
  -23.208609     29.227345    0.0204087443
  -23.208609     37.578015    0.0224026172
  -23.208609     45.928685    0.0249000462
  -23.208609     54.279355    0.0278991272
  -23.208609     62.630025    0.0314001898

  -18.051140    -62.630025    0.0282956130
  -18.051140    -54.279355    0.0237137816
  -18.051140    -45.928685    0.0198748630
  -18.051140    -37.578015    0.0167410646
  -18.051140    -29.227345    0.0142778288
  -18.051140    -20.876675    0.0124539743
  -18.051140    -12.526005    0.0112417919
  -18.051140     -4.175335    0.0106170911
  -18.051140      4.175335    0.0105592011
  -18.051140     12.526005    0.0110509240
  -18.051140     20.876675    0.0120784407
  -18.051140     29.227345    0.0136311705
  -18.051140     37.578015    0.0157015821
  -18.051140     45.928685    0.0182849590
  -18.051140     54.279355    0.0213791166
  -18.051140     62.630025    0.0249840730

  -12.893672    -62.630025    0.0231212168
  -12.893672    -54.279355    0.0185152677
  -12.893672    -45.928685    0.0146594358
  -12.893672    -37.578015    0.0115160832
  -12.893672    -29.227345    0.0090507664
  -12.893672    -20.876675    0.0072323806
  -12.893672    -12.526005    0.0060332560
  -12.893672     -4.175335    0.0054292069
  -12.893672      4.175335    0.0053995339
  -12.893672     12.526005    0.0059269781
  -12.893672     20.876675    0.0069976281
  -12.893672     29.227345    0.0086007798
  -12.893672     37.578015    0.0107287484
  -12.893672     45.928685    0.0133766339
  -12.893672     54.279355    0.0165420379
  -12.893672     62.630025    0.0202247341

   -7.736203    -62.630025    0.0196926803
   -7.736203    -54.279355    0.0150712268
   -7.736203    -45.928685    0.0112046493
   -7.736203    -37.578015    0.0080554186
   -7.736203    -29.227345    0.0055891684
   -7.736203    -20.876675    0.0037748422
   -7.736203    -12.526005    0.0025847932
   -7.736203     -4.175335    0.0019948354
   -7.736203      4.175335    0.0019842477
   -7.736203     12.526005    0.0025357290
   -7.736203     20.876675    0.0036353060
   -7.736203     29.227345    0.0052721935
   -7.736203     37.578015    0.0074386053
   -7.736203     45.928685    0.0101295188
   -7.736203     54.279355    0.0133423908
   -7.736203     62.630025    0.0170768249

   -2.578734    -62.630025    0.0179847115
   -2.578734    -54.279355    0.0133556773
   -2.578734    -45.928685    0.0094838848
   -2.578734    -37.578015    0.0063318615
   -2.578734    -29.227345    0.0038652798
   -2.578734    -20.876675    0.0020531069
   -2.578734    -12.526005    0.0008677063
   -2.578734     -4.175335    0.0002848908
   -2.578734      4.175335    0.0002839274
   -2.578734     12.526005    0.0008474935
   -2.578734     20.876675    0.0019615852
   -2.578734     29.227345    0.0036153765
   -2.578734     37.578015    0.0058010312
   -2.578734     45.928685    0.0085134654
   -2.578734     54.279355    0.0117500623
   -2.578734     62.630025    0.0155103384

    2.578734    -62.630025    0.0179847115
    2.578734    -54.279355    0.0133556773
    2.578734    -45.928685    0.0094838848
    2.578734    -37.578015    0.0063318615
    2.578734    -29.227345    0.0038652798
    2.578734    -20.876675    0.0020531069
    2.578734    -12.526005    0.0008677063
    2.578734     -4.175335    0.0002848908
    2.578734      4.175335    0.0002839274
    2.578734     12.526005    0.0008474935
    2.578734     20.876675    0.0019615852
    2.578734     29.227345    0.0036153765
    2.578734     37.578015    0.0058010312
    2.578734     45.928685    0.0085134654
    2.578734     54.279355    0.0117500623
    2.578734     62.630025    0.0155103384

    7.736203    -62.630025    0.0196926803
    7.736203    -54.279355    0.0150712268
    7.736203    -45.928685    0.0112046493
    7.736203    -37.578015    0.0080554186
    7.736203    -29.227345    0.0055891684
    7.736203    -20.876675    0.0037748422
    7.736203    -12.526005    0.0025847932
    7.736203     -4.175335    0.0019948354
    7.736203      4.175335    0.0019842477
    7.736203     12.526005    0.0025357290
    7.736203     20.876675    0.0036353060
    7.736203     29.227345    0.0052721935
    7.736203     37.578015    0.0074386053
    7.736203     45.928685    0.0101295188
    7.736203     54.279355    0.0133423908
    7.736203     62.630025    0.0170768249

   12.893672    -62.630025    0.0231212168
   12.893672    -54.279355    0.0185152677
   12.893672    -45.928685    0.0146594358
   12.893672    -37.578015    0.0115160832
   12.893672    -29.227345    0.0090507664
   12.893672    -20.876675    0.0072323806
   12.893672    -12.526005    0.0060332560
   12.893672     -4.175335    0.0054292069
   12.893672      4.175335    0.0053995339
   12.893672     12.526005    0.0059269781
   12.893672     20.876675    0.0069976281
   12.893672     29.227345    0.0086007798
   12.893672     37.578015    0.0107287484
   12.893672     45.928685    0.0133766339
   12.893672     54.279355    0.0165420379
   12.893672     62.630025    0.0202247341

   18.051140    -62.630025    0.0282956130
   18.051140    -54.279355    0.0237137816
   18.051140    -45.928685    0.0198748630
   18.051140    -37.578015    0.0167410646
   18.051140    -29.227345    0.0142778288
   18.051140    -20.876675    0.0124539743
   18.051140    -12.526005    0.0112417919
   18.051140     -4.175335    0.0106170911
   18.051140      4.175335    0.0105592011
   18.051140     12.526005    0.0110509240
   18.051140     20.876675    0.0120784407
   18.051140     29.227345    0.0136311705
   18.051140     37.578015    0.0157015821
   18.051140     45.928685    0.0182849590
   18.051140     54.279355    0.0213791166
   18.051140     62.630025    0.0249840730

   23.208609    -62.630025    0.0352540420
   23.208609    -54.279355    0.0307059842
   23.208609    -45.928685    0.0268911162
   23.208609    -37.578015    0.0237714484
   23.208609    -29.227345    0.0213122702
   23.208609    -20.876675    0.0194822925
   23.208609    -12.526005    0.0182537444
   23.208609     -4.175335    0.0176024204
   23.208609      4.175335    0.0175076812
   23.208609     12.526005    0.0179524063
   23.208609     20.876675    0.0189228992
   23.208609     29.227345    0.0204087443
   23.208609     37.578015    0.0224026172
   23.208609     45.928685    0.0249000462
   23.208609     54.279355    0.0278991272
   23.208609     62.630025    0.0314001898

   28.366078    -62.630025    0.0440478400
   28.366078    -54.279355    0.0395446186
   28.366078    -45.928685    0.0357622572
   28.366078    -37.578015    0.0326625219
   28.366078    -29.227345    0.0302105044
   28.366078    -20.876675    0.0283747705
   28.366078    -12.526005    0.0271274600
   28.366078     -4.175335    0.0264443376
   28.366078      4.175335    0.0263047944
   28.366078     12.526005    0.0266918008
   28.366078     20.876675    0.0275918105
   28.366078     29.227345    0.0289946148
   28.366078     37.578015    0.0308931487
   28.366078     45.928685    0.0332832474
   28.366078     54.279355    0.0361633542
   28.366078     62.630025    0.0395341788

   33.523546    -62.630025    0.0547418830
   33.523546    -54.279355    0.0502963452
   33.523546    -45.928685    0.0465566366
   33.523546    -37.578015    0.0434842083
   33.523546    -29.227345    0.0410438961
   33.523546    -20.876675    0.0392040752
   33.523546    -12.526005    0.0379367649
   33.523546     -4.175335    0.0372176820
   33.523546      4.175335    0.0370262444
   33.523546     12.526005    0.0373455238
   33.523546     20.876675    0.0381621479
   33.523546     29.227345    0.0394661523
   33.523546     37.578015    0.0412507818
   33.523546     45.928685    0.0435122413
   33.523546     54.279355    0.0462493958
   33.523546     62.630025    0.0494634206

   38.681015    -62.630025    0.0674150565
   38.681015    -54.279355    0.0630422288
   38.681015    -45.928685    0.0593574094
   38.681015    -37.578015    0.0563216101
   38.681015    -29.227345    0.0538993261
   38.681015    -20.876675    0.0520586873
   38.681015    -12.526005    0.0507715595
   38.681015     -4.175335    0.0500135959
   38.681015      4.175335    0.0497642373
   38.681015     12.526005    0.0500066635
   38.681015     20.876675    0.0507276933
   38.681015     29.227345    0.0519176357
   38.681015     37.578015    0.0535700893
   38.681015     45.928685    0.0556816930
   38.681015     54.279355    0.0582518258
   38.681015     62.630025    0.0612822567

