  -42.952389    -91.194683   -0.0020938106
  -42.952389    -79.035392   -0.0016823920
  -42.952389    -66.876101   -0.0013082691
  -42.952389    -54.716810   -0.0009735938
  -42.952389    -42.557519   -0.0006802294
  -42.952389    -30.398228   -0.0004297821
  -42.952389    -18.238937   -0.0002236315
  -42.952389     -6.079646   -0.0000629594
  -42.952389      6.079646    0.0000512221
  -42.952389     18.238937    0.0001180451
  -42.952389     30.398228    0.0001367599
  -42.952389     42.557519    0.0001067123
  -42.952389     54.716810    0.0000273210
  -42.952389     66.876101   -0.0001019434
  -42.952389     79.035392   -0.0002815777
  -42.952389     91.194683   -0.0005120645

  -37.225404    -91.194683   -0.0014936196
  -37.225404    -79.035392   -0.0011945636
  -37.225404    -66.876101   -0.0009236510
  -37.225404    -54.716810   -0.0006826300
  -37.225404    -42.557519   -0.0004729114
  -37.225404    -30.398228   -0.0002956327
  -37.225404    -18.238937   -0.0001517148
  -37.225404     -6.079646   -0.0000419103
  -37.225404      6.079646    0.0000331554
  -37.225404     18.238937    0.0000729509
  -37.225404     30.398228    0.0000770134
  -37.225404     42.557519    0.0000449313
  -37.225404     54.716810   -0.0000236662
  -37.225404     66.876101   -0.0001291107
  -37.225404     79.035392   -0.0002716896
  -37.225404     91.194683   -0.0004516324

  -31.498419    -91.194683   -0.0010169754
  -31.498419    -79.035392   -0.0008093168
  -31.498419    -66.876101   -0.0006220370
  -31.498419    -54.716810   -0.0004563669
  -31.498419    -42.557519   -0.0003132827
  -31.498419    -30.398228   -0.0001935513
  -31.498419    -18.238937   -0.0000977708
  -31.498419     -6.079646   -0.0000264075
  -31.498419      6.079646    0.0000201719
  -31.498419     18.238937    0.0000416727
  -31.498419     30.398228    0.0000378484
  -31.498419     42.557519    0.0000084818
  -31.498419     54.716810   -0.0000466299
  -31.498419     66.876101   -0.0001276855
  -31.498419     79.035392   -0.0002348855
  -31.498419     91.194683   -0.0003684341

  -25.771434    -91.194683   -0.0006490572
  -25.771434    -79.035392   -0.0005138812
  -25.771434    -66.876101   -0.0003925388
  -25.771434    -54.716810   -0.0002858056
  -25.771434    -42.557519   -0.0001943027
  -25.771434    -30.398228   -0.0001185158
  -25.771434    -18.238937   -0.0000588149
  -25.771434     -6.079646   -0.0000154728
  -25.771434      6.079646    0.0000113145
  -25.771434     18.238937    0.0000214081
  -25.771434     30.398228    0.0000147063
  -25.771434     42.557519   -0.0000088761
  -25.771434     54.716810   -0.0000494281
  -25.771434     66.876101   -0.0001070637
  -25.771434     79.035392   -0.0001819426
  -25.771434     91.194683   -0.0002742920

  -20.044448    -91.194683   -0.0003763450
  -20.044448    -79.035392   -0.0002965115
  -20.044448    -66.876101   -0.0002251498
  -20.044448    -54.716810   -0.0001627052
  -20.044448    -42.557519   -0.0001095411
  -20.044448    -30.398228   -0.0000659412
  -20.044448    -18.238937   -0.0000321150
  -20.044448     -6.079646   -0.0000082062
  -20.044448      6.079646    0.0000056975
  -20.044448     18.238937    0.0000095500
  -20.044448     30.398228    0.0000033316
  -20.044448     42.557519   -0.0000129698
  -20.044448     54.716810   -0.0000393806
  -20.044448     66.876101   -0.0000759648
  -20.044448     79.035392   -0.0001228511
  -20.044448     91.194683   -0.0001802621

  -14.317463    -91.194683   -0.0001864221
  -14.317463    -79.035392   -0.0001463488
  -14.317463    -66.876101   -0.0001106145
  -14.317463    -54.716810   -0.0000794566
  -14.317463    -42.557519   -0.0000530683
  -14.317463    -30.398228   -0.0000315967
  -14.317463    -18.238937   -0.0000151441
  -14.317463     -6.079646   -0.0000037718
  -14.317463      6.079646    0.0000024942
  -14.317463     18.238937    0.0000036536
  -14.317463     30.398228   -0.0000002792
  -14.317463     42.557519   -0.0000092896
  -14.317463     54.716810   -0.0000233792
  -14.317463     66.876101   -0.0000425856
  -14.317463     79.035392   -0.0000670043
  -14.317463     91.194683   -0.0000968130

   -8.590478    -91.194683   -0.0000677794
   -8.590478    -79.035392   -0.0000532760
   -8.590478    -66.876101   -0.0000402972
   -8.590478    -54.716810   -0.0000289581
   -8.590478    -42.557519   -0.0000193471
   -8.590478    -30.398228   -0.0000115262
   -8.590478    -18.238937   -0.0000055329
   -8.590478     -6.079646   -0.0000013833
   -8.590478      6.079646    0.0000009239
   -8.590478     18.238937    0.0000014013
   -8.590478     30.398228    0.0000000663
   -8.590478     42.557519   -0.0000030672
   -8.590478     54.716810   -0.0000079985
   -8.590478     66.876101   -0.0000147511
   -8.590478     79.035392   -0.0000233840
   -8.590478     91.194683   -0.0000340062

   -2.863493    -91.194683   -0.0000096220
   -2.863493    -79.035392   -0.0000077688
   -2.863493    -66.876101   -0.0000060475
   -2.863493    -54.716810   -0.0000044933
   -2.863493    -42.557519   -0.0000031300
   -2.863493    -30.398228   -0.0000019719
   -2.863493    -18.238937   -0.0000010251
   -2.863493     -6.079646   -0.0000002897
   -2.863493      6.079646    0.0000002387
   -2.863493     18.238937    0.0000005663
   -2.863493     30.398228    0.0000006994
   -2.863493     42.557519    0.0000006414
   -2.863493     54.716810    0.0000003905
   -2.863493     66.876101   -0.0000000632
   -2.863493     79.035392   -0.0000007408
   -2.863493     91.194683   -0.0000016775

    2.863493    -91.194683   -0.0000016775
    2.863493    -79.035392   -0.0000007408
    2.863493    -66.876101   -0.0000000632
    2.863493    -54.716810    0.0000003905
    2.863493    -42.557519    0.0000006414
    2.863493    -30.398228    0.0000006994
    2.863493    -18.238937    0.0000005663
    2.863493     -6.079646    0.0000002387
    2.863493      6.079646   -0.0000002897
    2.863493     18.238937   -0.0000010251
    2.863493     30.398228   -0.0000019719
    2.863493     42.557519   -0.0000031300
    2.863493     54.716810   -0.0000044933
    2.863493     66.876101   -0.0000060475
    2.863493     79.035392   -0.0000077688
    2.863493     91.194683   -0.0000096220

    8.590478    -91.194683   -0.0000340062
    8.590478    -79.035392   -0.0000233840
    8.590478    -66.876101   -0.0000147511
    8.590478    -54.716810   -0.0000079985
    8.590478    -42.557519   -0.0000030672
    8.590478    -30.398228    0.0000000663
    8.590478    -18.238937    0.0000014013
    8.590478     -6.079646    0.0000009239
    8.590478      6.079646   -0.0000013833
    8.590478     18.238937   -0.0000055329
    8.590478     30.398228   -0.0000115262
    8.590478     42.557519   -0.0000193471
    8.590478     54.716810   -0.0000289581
    8.590478     66.876101   -0.0000402972
    8.590478     79.035392   -0.0000532760
    8.590478     91.194683   -0.0000677794

   14.317463    -91.194683   -0.0000968130
   14.317463    -79.035392   -0.0000670043
   14.317463    -66.876101   -0.0000425856
   14.317463    -54.716810   -0.0000233792
   14.317463    -42.557519   -0.0000092896
   14.317463    -30.398228   -0.0000002792
   14.317463    -18.238937    0.0000036536
   14.317463     -6.079646    0.0000024942
   14.317463      6.079646   -0.0000037718
   14.317463     18.238937   -0.0000151441
   14.317463     30.398228   -0.0000315967
   14.317463     42.557519   -0.0000530683
   14.317463     54.716810   -0.0000794566
   14.317463     66.876101   -0.0001106145
   14.317463     79.035392   -0.0001463488
   14.317463     91.194683   -0.0001864221

   20.044448    -91.194683   -0.0001802621
   20.044448    -79.035392   -0.0001228511
   20.044448    -66.876101   -0.0000759648
   20.044448    -54.716810   -0.0000393806
   20.044448    -42.557519   -0.0000129698
   20.044448    -30.398228    0.0000033316
   20.044448    -18.238937    0.0000095500
   20.044448     -6.079646    0.0000056975
   20.044448      6.079646   -0.0000082062
   20.044448     18.238937   -0.0000321150
   20.044448     30.398228   -0.0000659412
   20.044448     42.557519   -0.0001095411
   20.044448     54.716810   -0.0001627052
   20.044448     66.876101   -0.0002251498
   20.044448     79.035392   -0.0002965115
   20.044448     91.194683   -0.0003763450

   25.771434    -91.194683   -0.0002742920
   25.771434    -79.035392   -0.0001819426
   25.771434    -66.876101   -0.0001070637
   25.771434    -54.716810   -0.0000494281
   25.771434    -42.557519   -0.0000088761
   25.771434    -30.398228    0.0000147063
   25.771434    -18.238937    0.0000214081
   25.771434     -6.079646    0.0000113145
   25.771434      6.079646   -0.0000154728
   25.771434     18.238937   -0.0000588149
   25.771434     30.398228   -0.0001185158
   25.771434     42.557519   -0.0001943027
   25.771434     54.716810   -0.0002858056
   25.771434     66.876101   -0.0003925388
   25.771434     79.035392   -0.0005138812
   25.771434     91.194683   -0.0006490572

   31.498419    -91.194683   -0.0003684341
   31.498419    -79.035392   -0.0002348855
   31.498419    -66.876101   -0.0001276855
   31.498419    -54.716810   -0.0000466299
   31.498419    -42.557519    0.0000084818
   31.498419    -30.398228    0.0000378484
   31.498419    -18.238937    0.0000416727
   31.498419     -6.079646    0.0000201719
   31.498419      6.079646   -0.0000264075
   31.498419     18.238937   -0.0000977708
   31.498419     30.398228   -0.0001935513
   31.498419     42.557519   -0.0003132827
   31.498419     54.716810   -0.0004563669
   31.498419     66.876101   -0.0006220370
   31.498419     79.035392   -0.0008093168
   31.498419     91.194683   -0.0010169754

   37.225404    -91.194683   -0.0004516324
   37.225404    -79.035392   -0.0002716896
   37.225404    -66.876101   -0.0001291107
   37.225404    -54.716810   -0.0000236662
   37.225404    -42.557519    0.0000449313
   37.225404    -30.398228    0.0000770134
   37.225404    -18.238937    0.0000729509
   37.225404     -6.079646    0.0000331554
   37.225404      6.079646   -0.0000419103
   37.225404     18.238937   -0.0001517148
   37.225404     30.398228   -0.0002956327
   37.225404     42.557519   -0.0004729114
   37.225404     54.716810   -0.0006826300
   37.225404     66.876101   -0.0009236510
   37.225404     79.035392   -0.0011945636
   37.225404     91.194683   -0.0014936196

   42.952389    -91.194683   -0.0005120645
   42.952389    -79.035392   -0.0002815777
   42.952389    -66.876101   -0.0001019434
   42.952389    -54.716810    0.0000273210
   42.952389    -42.557519    0.0001067123
   42.952389    -30.398228    0.0001367599
   42.952389    -18.238937    0.0001180451
   42.952389     -6.079646    0.0000512221
   42.952389      6.079646   -0.0000629594
   42.952389     18.238937   -0.0002236315
   42.952389     30.398228   -0.0004297821
   42.952389     42.557519   -0.0006802294
   42.952389     54.716810   -0.0009735938
   42.952389     66.876101   -0.0013082691
   42.952389     79.035392   -0.0016823920
   42.952389     91.194683   -0.0020938106

