  -34.795266    -48.827424   -0.0118019094
  -34.795266    -42.317101   -0.0098509541
  -34.795266    -35.806778   -0.0079959501
  -34.795266    -29.296454   -0.0062484803
  -34.795266    -22.786131   -0.0046197200
  -34.795266    -16.275808   -0.0031202673
  -34.795266     -9.765485   -0.0017599937
  -34.795266     -3.255162   -0.0005479132
  -34.795266      3.255162    0.0005079289
  -34.795266      9.765485    0.0014005480
  -34.795266     16.275808    0.0021240927
  -34.795266     22.786131    0.0026738985
  -34.795266     29.296454    0.0030465218
  -34.795266     35.806778    0.0032397548
  -34.795266     42.317101    0.0032526212
  -34.795266     48.827424    0.0030853522

  -30.155897    -48.827424   -0.0083874442
  -30.155897    -42.317101   -0.0070024465
  -30.155897    -35.806778   -0.0056854391
  -30.155897    -29.296454   -0.0044444910
  -30.155897    -22.786131   -0.0032874005
  -30.155897    -16.275808   -0.0022215696
  -30.155897     -9.765485   -0.0012538930
  -30.155897     -3.255162   -0.0003906642
  -30.155897      3.255162    0.0003625044
  -30.155897      9.765485    0.0010007448
  -30.155897     16.275808    0.0015199819
  -30.155897     22.786131    0.0019169657
  -30.155897     29.296454    0.0021892890
  -30.155897     35.806778    0.0023353888
  -30.155897     42.317101    0.0023545320
  -30.155897     48.827424    0.0022467865

  -25.516528    -48.827424   -0.0057270002
  -25.516528    -42.317101   -0.0047822952
  -25.516528    -35.806778   -0.0038838226
  -25.516528    -29.296454   -0.0030370472
  -25.516528    -22.786131   -0.0022472298
  -25.516528    -16.275808   -0.0015193497
  -25.516528     -9.765485   -0.0008580376
  -25.516528     -3.255162   -0.0002675171
  -25.516528      3.255162    0.0002484445
  -25.516528      9.765485    0.0006865768
  -25.516528     16.275808    0.0010441368
  -25.516528     22.786131    0.0013189310
  -25.516528     29.296454    0.0015093286
  -25.516528     35.806778    0.0016142642
  -25.516528     42.317101    0.0016332335
  -25.516528     48.827424    0.0015662778

  -20.877160    -48.827424   -0.0036854600
  -20.877160    -42.317101   -0.0030780903
  -20.877160    -35.806778   -0.0025003311
  -20.877160    -29.296454   -0.0019557021
  -20.877160    -22.786131   -0.0014475647
  -20.877160    -16.275808   -0.0009790845
  -20.877160     -9.765485   -0.0005531969
  -20.877160     -3.255162   -0.0001725768
  -20.877160      3.255162    0.0001603882
  -20.877160      9.765485    0.0004436202
  -20.877160     16.275808    0.0006753704
  -20.877160     22.786131    0.0008542344
  -20.877160     29.296454    0.0009791636
  -20.877160     35.806778    0.0010494733
  -20.877160     42.317101    0.0010648463
  -20.877160     48.827424    0.0010253337

  -16.237791    -48.827424   -0.0021604232
  -16.237791    -42.317101   -0.0018046675
  -16.237791    -35.806778   -0.0014661871
  -16.237791    -29.296454   -0.0011470582
  -16.237791    -22.786131   -0.0008492447
  -16.237791    -16.275808   -0.0005745847
  -16.237791     -9.765485   -0.0003247767
  -16.237791     -3.255162   -0.0001013669
  -16.237791      3.255162    0.0000942626
  -16.237791      9.765485    0.0002609057
  -16.237791     16.275808    0.0003975427
  -16.237791     22.786131    0.0005033507
  -16.237791     29.296454    0.0005777133
  -16.237791     35.806778    0.0006202289
  -16.237791     42.317101    0.0006307194
  -16.237791     48.827424    0.0006092378

  -11.598422    -48.827424   -0.0010766448
  -11.598422    -42.317101   -0.0008994663
  -11.598422    -35.806778   -0.0007308613
  -11.598422    -29.296454   -0.0005718726
  -11.598422    -22.786131   -0.0004234781
  -11.598422    -16.275808   -0.0002865874
  -11.598422     -9.765485   -0.0001620382
  -11.598422     -3.255162   -0.0000505926
  -11.598422      3.255162    0.0000470675
  -11.598422      9.765485    0.0001303452
  -11.598422     16.275808    0.0001987336
  -11.598422     22.786131    0.0002518221
  -11.598422     29.296454    0.0002893017
  -11.598422     35.806778    0.0003109723
  -11.598422     42.317101    0.0003167495
  -11.598422     48.827424    0.0003066718

   -6.959053    -48.827424   -0.0003815843
   -6.959053    -42.317101   -0.0003188162
   -6.959053    -35.806778   -0.0002590772
   -6.959053    -29.296454   -0.0002027398
   -6.959053    -22.786131   -0.0001501505
   -6.959053    -16.275808   -0.0001016303
   -6.959053     -9.765485   -0.0000574739
   -6.959053     -3.255162   -0.0000179492
   -6.959053      3.255162    0.0000167035
   -6.959053      9.765485    0.0000462738
   -6.959053     16.275808    0.0000705822
   -6.959053     22.786131    0.0000894827
   -6.959053     29.296454    0.0001028654
   -6.959053     35.806778    0.0001106593
   -6.959053     42.317101    0.0001128358
   -6.959053     48.827424    0.0001094120

   -2.319684    -48.827424   -0.0000420691
   -2.319684    -42.317101   -0.0000351506
   -2.319684    -35.806778   -0.0000285654
   -2.319684    -29.296454   -0.0000223549
   -2.319684    -22.786131   -0.0000165573
   -2.319684    -16.275808   -0.0000112078
   -2.319684     -9.765485   -0.0000063389
   -2.319684     -3.255162   -0.0000019799
   -2.319684      3.255162    0.0000018428
   -2.319684      9.765485    0.0000051059
   -2.319684     16.275808    0.0000077897
   -2.319684     22.786131    0.0000098781
   -2.319684     29.296454    0.0000113590
   -2.319684     35.806778    0.0000122245
   -2.319684     42.317101    0.0000124715
   -2.319684     48.827424    0.0000121022

    2.319684    -48.827424   -0.0000420691
    2.319684    -42.317101   -0.0000351506
    2.319684    -35.806778   -0.0000285654
    2.319684    -29.296454   -0.0000223549
    2.319684    -22.786131   -0.0000165573
    2.319684    -16.275808   -0.0000112078
    2.319684     -9.765485   -0.0000063389
    2.319684     -3.255162   -0.0000019799
    2.319684      3.255162    0.0000018428
    2.319684      9.765485    0.0000051059
    2.319684     16.275808    0.0000077897
    2.319684     22.786131    0.0000098781
    2.319684     29.296454    0.0000113590
    2.319684     35.806778    0.0000122245
    2.319684     42.317101    0.0000124715
    2.319684     48.827424    0.0000121022

    6.959053    -48.827424   -0.0003815843
    6.959053    -42.317101   -0.0003188162
    6.959053    -35.806778   -0.0002590772
    6.959053    -29.296454   -0.0002027398
    6.959053    -22.786131   -0.0001501505
    6.959053    -16.275808   -0.0001016303
    6.959053     -9.765485   -0.0000574739
    6.959053     -3.255162   -0.0000179492
    6.959053      3.255162    0.0000167035
    6.959053      9.765485    0.0000462738
    6.959053     16.275808    0.0000705822
    6.959053     22.786131    0.0000894827
    6.959053     29.296454    0.0001028654
    6.959053     35.806778    0.0001106593
    6.959053     42.317101    0.0001128358
    6.959053     48.827424    0.0001094120

   11.598422    -48.827424   -0.0010766448
   11.598422    -42.317101   -0.0008994663
   11.598422    -35.806778   -0.0007308613
   11.598422    -29.296454   -0.0005718726
   11.598422    -22.786131   -0.0004234781
   11.598422    -16.275808   -0.0002865874
   11.598422     -9.765485   -0.0001620382
   11.598422     -3.255162   -0.0000505926
   11.598422      3.255162    0.0000470675
   11.598422      9.765485    0.0001303452
   11.598422     16.275808    0.0001987336
   11.598422     22.786131    0.0002518221
   11.598422     29.296454    0.0002893017
   11.598422     35.806778    0.0003109723
   11.598422     42.317101    0.0003167495
   11.598422     48.827424    0.0003066718

   16.237791    -48.827424   -0.0021604232
   16.237791    -42.317101   -0.0018046675
   16.237791    -35.806778   -0.0014661871
   16.237791    -29.296454   -0.0011470582
   16.237791    -22.786131   -0.0008492447
   16.237791    -16.275808   -0.0005745847
   16.237791     -9.765485   -0.0003247767
   16.237791     -3.255162   -0.0001013669
   16.237791      3.255162    0.0000942626
   16.237791      9.765485    0.0002609057
   16.237791     16.275808    0.0003975427
   16.237791     22.786131    0.0005033507
   16.237791     29.296454    0.0005777133
   16.237791     35.806778    0.0006202289
   16.237791     42.317101    0.0006307194
   16.237791     48.827424    0.0006092378

   20.877160    -48.827424   -0.0036854600
   20.877160    -42.317101   -0.0030780903
   20.877160    -35.806778   -0.0025003311
   20.877160    -29.296454   -0.0019557021
   20.877160    -22.786131   -0.0014475647
   20.877160    -16.275808   -0.0009790845
   20.877160     -9.765485   -0.0005531969
   20.877160     -3.255162   -0.0001725768
   20.877160      3.255162    0.0001603882
   20.877160      9.765485    0.0004436202
   20.877160     16.275808    0.0006753704
   20.877160     22.786131    0.0008542344
   20.877160     29.296454    0.0009791636
   20.877160     35.806778    0.0010494733
   20.877160     42.317101    0.0010648463
   20.877160     48.827424    0.0010253337

   25.516528    -48.827424   -0.0057270002
   25.516528    -42.317101   -0.0047822952
   25.516528    -35.806778   -0.0038838226
   25.516528    -29.296454   -0.0030370472
   25.516528    -22.786131   -0.0022472298
   25.516528    -16.275808   -0.0015193497
   25.516528     -9.765485   -0.0008580376
   25.516528     -3.255162   -0.0002675171
   25.516528      3.255162    0.0002484445
   25.516528      9.765485    0.0006865768
   25.516528     16.275808    0.0010441368
   25.516528     22.786131    0.0013189310
   25.516528     29.296454    0.0015093286
   25.516528     35.806778    0.0016142642
   25.516528     42.317101    0.0016332335
   25.516528     48.827424    0.0015662778

   30.155897    -48.827424   -0.0083874442
   30.155897    -42.317101   -0.0070024465
   30.155897    -35.806778   -0.0056854391
   30.155897    -29.296454   -0.0044444910
   30.155897    -22.786131   -0.0032874005
   30.155897    -16.275808   -0.0022215696
   30.155897     -9.765485   -0.0012538930
   30.155897     -3.255162   -0.0003906642
   30.155897      3.255162    0.0003625044
   30.155897      9.765485    0.0010007448
   30.155897     16.275808    0.0015199819
   30.155897     22.786131    0.0019169657
   30.155897     29.296454    0.0021892890
   30.155897     35.806778    0.0023353888
   30.155897     42.317101    0.0023545320
   30.155897     48.827424    0.0022467865

   34.795266    -48.827424   -0.0118019094
   34.795266    -42.317101   -0.0098509541
   34.795266    -35.806778   -0.0079959501
   34.795266    -29.296454   -0.0062484803
   34.795266    -22.786131   -0.0046197200
   34.795266    -16.275808   -0.0031202673
   34.795266     -9.765485   -0.0017599937
   34.795266     -3.255162   -0.0005479132
   34.795266      3.255162    0.0005079289
   34.795266      9.765485    0.0014005480
   34.795266     16.275808    0.0021240927
   34.795266     22.786131    0.0026738985
   34.795266     29.296454    0.0030465218
   34.795266     35.806778    0.0032397548
   34.795266     42.317101    0.0032526212
   34.795266     48.827424    0.0030853522

