  -50.614883    -92.332122    0.0349219893
  -50.614883    -80.021172    0.0316769871
  -50.614883    -67.710222    0.0289859391
  -50.614883    -55.399273    0.0268087809
  -50.614883    -43.088323    0.0251102871
  -50.614883    -30.777374    0.0238616630
  -50.614883    -18.466424    0.0230412296
  -50.614883     -6.155475    0.0226345927
  -50.614883      6.155475    0.0226345927
  -50.614883     18.466424    0.0230412296
  -50.614883     30.777374    0.0238616630
  -50.614883     43.088323    0.0251102871
  -50.614883     55.399273    0.0268087809
  -50.614883     67.710222    0.0289859391
  -50.614883     80.021172    0.0316769871
  -50.614883     92.332122    0.0349219893

  -43.866232    -92.332122    0.0281352638
  -43.866232    -80.021172    0.0251210305
  -43.866232    -67.710222    0.0226123034
  -43.866232    -55.399273    0.0206142015
  -43.866232    -43.088323    0.0190839972
  -43.866232    -30.777374    0.0179744649
  -43.866232    -18.466424    0.0172508433
  -43.866232     -6.155475    0.0168932244
  -43.866232      6.155475    0.0168932244
  -43.866232     18.466424    0.0172508433
  -43.866232     30.777374    0.0179744649
  -43.866232     43.088323    0.0190839972
  -43.866232     55.399273    0.0206142015
  -43.866232     67.710222    0.0226123034
  -43.866232     80.021172    0.0251210305
  -43.866232     92.332122    0.0281352638

  -37.117581    -92.332122    0.0222378411
  -37.117581    -80.021172    0.0194001906
  -37.117581    -67.710222    0.0171049965
  -37.117581    -55.399273    0.0153038530
  -37.117581    -43.088323    0.0139400984
  -37.117581    -30.777374    0.0129627327
  -37.117581    -18.466424    0.0123325379
  -37.117581     -6.155475    0.0120237434
  -37.117581      6.155475    0.0120237434
  -37.117581     18.466424    0.0123325379
  -37.117581     30.777374    0.0129627327
  -37.117581     43.088323    0.0139400984
  -37.117581     55.399273    0.0153038530
  -37.117581     67.710222    0.0171049965
  -37.117581     80.021172    0.0194001906
  -37.117581     92.332122    0.0222378411

  -30.368930    -92.332122    0.0172641771
  -30.368930    -80.021172    0.0145975468
  -30.368930    -67.710222    0.0124948424
  -30.368930    -55.399273    0.0108739108
  -30.368930    -43.088323    0.0096658883
  -30.368930    -30.777374    0.0088134949
  -30.368930    -18.466424    0.0082715952
  -30.368930     -6.155475    0.0080087427
  -30.368930      6.155475    0.0080087427
  -30.368930     18.466424    0.0082715952
  -30.368930     30.777374    0.0088134949
  -30.368930     43.088323    0.0096658883
  -30.368930     55.399273    0.0108739108
  -30.368930     67.710222    0.0124948424
  -30.368930     80.021172    0.0145975468
  -30.368930     92.332122    0.0172641771

  -23.620279    -92.332122    0.0132449109
  -23.620279    -80.021172    0.0107370564
  -23.620279    -67.710222    0.0087946261
  -23.620279    -55.399273    0.0073268678
  -23.620279    -43.088323    0.0062554317
  -23.620279    -30.777374    0.0055141667
  -23.620279    -18.466424    0.0050506470
  -23.620279     -6.155475    0.0048283013
  -23.620279      6.155475    0.0048283013
  -23.620279     18.466424    0.0050506470
  -23.620279     30.777374    0.0055141667
  -23.620279     43.088323    0.0062554317
  -23.620279     55.399273    0.0073268678
  -23.620279     67.710222    0.0087946261
  -23.620279     80.021172    0.0107370564
  -23.620279     92.332122    0.0132449109

  -16.871628    -92.332122    0.0102060922
  -16.871628    -80.021172    0.0078274194
  -16.871628    -67.710222    0.0060114908
  -16.871628    -55.399273    0.0046656103
  -16.871628    -43.088323    0.0037040569
  -16.871628    -30.777374    0.0030526780
  -16.871628    -18.466424    0.0026525930
  -16.871628     -6.155475    0.0024629884
  -16.871628      6.155475    0.0024629884
  -16.871628     18.466424    0.0026525930
  -16.871628     30.777374    0.0030526780
  -16.871628     43.088323    0.0037040569
  -16.871628     55.399273    0.0046656103
  -16.871628     67.710222    0.0060114908
  -16.871628     80.021172    0.0078274194
  -16.871628     92.332122    0.0102060922

  -10.122977    -92.332122    0.0081682856
  -10.122977    -80.021172    0.0058780012
  -10.122977    -67.710222    0.0041514956
  -10.122977    -55.399273    0.0028915050
  -10.122977    -43.088323    0.0020069210
  -10.122977    -30.777374    0.0014184155
  -10.122977    -18.466424    0.0010628005
  -10.122977     -6.155475    0.0008962159
  -10.122977      6.155475    0.0008962159
  -10.122977     18.466424    0.0010628005
  -10.122977     30.777374    0.0014184155
  -10.122977     43.088323    0.0020069210
  -10.122977     55.399273    0.0028915050
  -10.122977     67.710222    0.0041514956
  -10.122977     80.021172    0.0058780012
  -10.122977     92.332122    0.0081682856

   -3.374326    -92.332122    0.0071457361
   -3.374326    -80.021172    0.0048995927
   -3.374326    -67.710222    0.0032199078
   -3.374326    -55.399273    0.0020046121
   -3.374326    -43.088323    0.0011596626
   -3.374326    -30.777374    0.0006034204
   -3.374326    -18.466424    0.0002706761
   -3.374326     -6.155475    0.0001159739
   -3.374326      6.155475    0.0001159739
   -3.374326     18.466424    0.0002706761
   -3.374326     30.777374    0.0006034204
   -3.374326     43.088323    0.0011596626
   -3.374326     55.399273    0.0020046121
   -3.374326     67.710222    0.0032199078
   -3.374326     80.021172    0.0048995927
   -3.374326     92.332122    0.0071457361

    3.374326    -92.332122    0.0071457361
    3.374326    -80.021172    0.0048995927
    3.374326    -67.710222    0.0032199078
    3.374326    -55.399273    0.0020046121
    3.374326    -43.088323    0.0011596626
    3.374326    -30.777374    0.0006034204
    3.374326    -18.466424    0.0002706761
    3.374326     -6.155475    0.0001159739
    3.374326      6.155475    0.0001159739
    3.374326     18.466424    0.0002706761
    3.374326     30.777374    0.0006034204
    3.374326     43.088323    0.0011596626
    3.374326     55.399273    0.0020046121
    3.374326     67.710222    0.0032199078
    3.374326     80.021172    0.0048995927
    3.374326     92.332122    0.0071457361

   10.122977    -92.332122    0.0081682856
   10.122977    -80.021172    0.0058780012
   10.122977    -67.710222    0.0041514956
   10.122977    -55.399273    0.0028915050
   10.122977    -43.088323    0.0020069210
   10.122977    -30.777374    0.0014184155
   10.122977    -18.466424    0.0010628005
   10.122977     -6.155475    0.0008962159
   10.122977      6.155475    0.0008962159
   10.122977     18.466424    0.0010628005
   10.122977     30.777374    0.0014184155
   10.122977     43.088323    0.0020069210
   10.122977     55.399273    0.0028915050
   10.122977     67.710222    0.0041514956
   10.122977     80.021172    0.0058780012
   10.122977     92.332122    0.0081682856

   16.871628    -92.332122    0.0102060922
   16.871628    -80.021172    0.0078274194
   16.871628    -67.710222    0.0060114908
   16.871628    -55.399273    0.0046656103
   16.871628    -43.088323    0.0037040569
   16.871628    -30.777374    0.0030526780
   16.871628    -18.466424    0.0026525930
   16.871628     -6.155475    0.0024629884
   16.871628      6.155475    0.0024629884
   16.871628     18.466424    0.0026525930
   16.871628     30.777374    0.0030526780
   16.871628     43.088323    0.0037040569
   16.871628     55.399273    0.0046656103
   16.871628     67.710222    0.0060114908
   16.871628     80.021172    0.0078274194
   16.871628     92.332122    0.0102060922

   23.620279    -92.332122    0.0132449109
   23.620279    -80.021172    0.0107370564
   23.620279    -67.710222    0.0087946261
   23.620279    -55.399273    0.0073268678
   23.620279    -43.088323    0.0062554317
   23.620279    -30.777374    0.0055141667
   23.620279    -18.466424    0.0050506470
   23.620279     -6.155475    0.0048283013
   23.620279      6.155475    0.0048283013
   23.620279     18.466424    0.0050506470
   23.620279     30.777374    0.0055141667
   23.620279     43.088323    0.0062554317
   23.620279     55.399273    0.0073268678
   23.620279     67.710222    0.0087946261
   23.620279     80.021172    0.0107370564
   23.620279     92.332122    0.0132449109

   30.368930    -92.332122    0.0172641771
   30.368930    -80.021172    0.0145975468
   30.368930    -67.710222    0.0124948424
   30.368930    -55.399273    0.0108739108
   30.368930    -43.088323    0.0096658883
   30.368930    -30.777374    0.0088134949
   30.368930    -18.466424    0.0082715952
   30.368930     -6.155475    0.0080087427
   30.368930      6.155475    0.0080087427
   30.368930     18.466424    0.0082715952
   30.368930     30.777374    0.0088134949
   30.368930     43.088323    0.0096658883
   30.368930     55.399273    0.0108739108
   30.368930     67.710222    0.0124948424
   30.368930     80.021172    0.0145975468
   30.368930     92.332122    0.0172641771

   37.117581    -92.332122    0.0222378411
   37.117581    -80.021172    0.0194001906
   37.117581    -67.710222    0.0171049965
   37.117581    -55.399273    0.0153038530
   37.117581    -43.088323    0.0139400984
   37.117581    -30.777374    0.0129627327
   37.117581    -18.466424    0.0123325379
   37.117581     -6.155475    0.0120237434
   37.117581      6.155475    0.0120237434
   37.117581     18.466424    0.0123325379
   37.117581     30.777374    0.0129627327
   37.117581     43.088323    0.0139400984
   37.117581     55.399273    0.0153038530
   37.117581     67.710222    0.0171049965
   37.117581     80.021172    0.0194001906
   37.117581     92.332122    0.0222378411

   43.866232    -92.332122    0.0281352638
   43.866232    -80.021172    0.0251210305
   43.866232    -67.710222    0.0226123034
   43.866232    -55.399273    0.0206142015
   43.866232    -43.088323    0.0190839972
   43.866232    -30.777374    0.0179744649
   43.866232    -18.466424    0.0172508433
   43.866232     -6.155475    0.0168932244
   43.866232      6.155475    0.0168932244
   43.866232     18.466424    0.0172508433
   43.866232     30.777374    0.0179744649
   43.866232     43.088323    0.0190839972
   43.866232     55.399273    0.0206142015
   43.866232     67.710222    0.0226123034
   43.866232     80.021172    0.0251210305
   43.866232     92.332122    0.0281352638

   50.614883    -92.332122    0.0349219893
   50.614883    -80.021172    0.0316769871
   50.614883    -67.710222    0.0289859391
   50.614883    -55.399273    0.0268087809
   50.614883    -43.088323    0.0251102871
   50.614883    -30.777374    0.0238616630
   50.614883    -18.466424    0.0230412296
   50.614883     -6.155475    0.0226345927
   50.614883      6.155475    0.0226345927
   50.614883     18.466424    0.0230412296
   50.614883     30.777374    0.0238616630
   50.614883     43.088323    0.0251102871
   50.614883     55.399273    0.0268087809
   50.614883     67.710222    0.0289859391
   50.614883     80.021172    0.0316769871
   50.614883     92.332122    0.0349219893

