  -48.827424   -100.911229    0.0330446334
  -48.827424    -87.456398    0.0304403553
  -48.827424    -74.001568    0.0285201267
  -48.827424    -60.546737    0.0271539149
  -48.827424    -47.091907    0.0262224654
  -48.827424    -33.637076    0.0256222905
  -48.827424    -20.182246    0.0252706135
  -48.827424     -6.727415    0.0251096336
  -48.827424      6.727415    0.0251096336
  -48.827424     20.182246    0.0252706135
  -48.827424     33.637076    0.0256222905
  -48.827424     47.091907    0.0262224654
  -48.827424     60.546737    0.0271539149
  -48.827424     74.001568    0.0285201267
  -48.827424     87.456398    0.0304403553
  -48.827424    100.911229    0.0330446334

  -42.317101   -100.911229    0.0266192123
  -42.317101    -87.456398    0.0240418658
  -42.317101    -74.001568    0.0221528008
  -42.317101    -60.546737    0.0208189000
  -42.317101    -47.091907    0.0199178015
  -42.317101    -33.637076    0.0193431801
  -42.317101    -20.182246    0.0190099261
  -42.317101     -6.727415    0.0188585856
  -42.317101      6.727415    0.0188585856
  -42.317101     20.182246    0.0190099261
  -42.317101     33.637076    0.0193431801
  -42.317101     47.091907    0.0199178015
  -42.317101     60.546737    0.0208189000
  -42.317101     74.001568    0.0221528008
  -42.317101     87.456398    0.0240418658
  -42.317101    100.911229    0.0266192123

  -35.806778   -100.911229    0.0210671701
  -35.806778    -87.456398    0.0185234580
  -35.806778    -74.001568    0.0166710448
  -35.806778    -60.546737    0.0153737646
  -35.806778    -47.091907    0.0145062471
  -35.806778    -33.637076    0.0139594536
  -35.806778    -20.182246    0.0136460608
  -35.806778     -6.727415    0.0135050538
  -35.806778      6.727415    0.0135050538
  -35.806778     20.182246    0.0136460608
  -35.806778     33.637076    0.0139594536
  -35.806778     47.091907    0.0145062471
  -35.806778     60.546737    0.0153737646
  -35.806778     74.001568    0.0166710448
  -35.806778     87.456398    0.0185234580
  -35.806778    100.911229    0.0210671701

  -29.296454   -100.911229    0.0163941072
  -29.296454    -87.456398    0.0138892141
  -29.296454    -74.001568    0.0120773978
  -29.296454    -60.546737    0.0108196224
  -29.296454    -47.091907    0.0099877007
  -29.296454    -33.637076    0.0094700626
  -29.296454    -20.182246    0.0091773238
  -29.296454     -6.727415    0.0090470182
  -29.296454      6.727415    0.0090470182
  -29.296454     20.182246    0.0091773238
  -29.296454     33.637076    0.0094700626
  -29.296454     47.091907    0.0099877007
  -29.296454     60.546737    0.0108196224
  -29.296454     74.001568    0.0120773978
  -29.296454     87.456398    0.0138892141
  -29.296454    100.911229    0.0163941072

  -22.786131   -100.911229    0.0126039570
  -22.786131    -87.456398    0.0101416483
  -22.786131    -74.001568    0.0083729786
  -22.786131    -60.546737    0.0071563059
  -22.786131    -47.091907    0.0063608868
  -22.786131    -33.637076    0.0058728550
  -22.786131    -20.182246    0.0056009572
  -22.786131     -6.727415    0.0054814116
  -22.786131      6.727415    0.0054814116
  -22.786131     20.182246    0.0056009572
  -22.786131     33.637076    0.0058728550
  -22.786131     47.091907    0.0063608868
  -22.786131     60.546737    0.0071563059
  -22.786131     74.001568    0.0083729786
  -22.786131     87.456398    0.0101416483
  -22.786131    100.911229    0.0126039570

  -16.275808   -100.911229    0.0096999499
  -16.275808    -87.456398    0.0072828032
  -16.275808    -74.001568    0.0055586868
  -16.275808    -60.546737    0.0043836619
  -16.275808    -47.091907    0.0036247379
  -16.275808    -33.637076    0.0031660323
  -16.275808    -20.182246    0.0029146527
  -16.275808     -6.727415    0.0028056636
  -16.275808      6.727415    0.0028056636
  -16.275808     20.182246    0.0029146527
  -16.275808     33.637076    0.0031660323
  -16.275808     47.091907    0.0036247379
  -16.275808     60.546737    0.0043836619
  -16.275808     74.001568    0.0055586868
  -16.275808     87.456398    0.0072828032
  -16.275808    100.911229    0.0096999499

   -9.765485   -100.911229    0.0076853445
   -9.765485    -87.456398    0.0053150815
   -9.765485    -74.001568    0.0036361144
   -9.765485    -60.546737    0.0025025357
   -9.765485    -47.091907    0.0017794456
   -9.765485    -33.637076    0.0013492590
   -9.765485    -20.182246    0.0011177038
   -9.765485     -6.727415    0.0010188764
   -9.765485      6.727415    0.0010188764
   -9.765485     20.182246    0.0011177038
   -9.765485     33.637076    0.0013492590
   -9.765485     47.091907    0.0017794456
   -9.765485     60.546737    0.0025025357
   -9.765485     74.001568    0.0036361144
   -9.765485     87.456398    0.0053150815
   -9.765485    100.911229    0.0076853445

   -3.255162   -100.911229    0.0065639252
   -3.255162    -87.456398    0.0042418147
   -3.255162    -74.001568    0.0026081704
   -3.255162    -60.546737    0.0015154446
   -3.255162    -47.091907    0.0008271805
   -3.255162    -33.637076    0.0004244221
   -3.255162    -20.182246    0.0002117964
   -3.255162     -6.727415    0.0001226311
   -3.255162      6.727415    0.0001226311
   -3.255162     20.182246    0.0002117964
   -3.255162     33.637076    0.0004244221
   -3.255162     47.091907    0.0008271805
   -3.255162     60.546737    0.0015154446
   -3.255162     74.001568    0.0026081704
   -3.255162     87.456398    0.0042418147
   -3.255162    100.911229    0.0065639252

    3.255162   -100.911229    0.0063402672
    3.255162    -87.456398    0.0040675687
    3.255162    -74.001568    0.0024794156
    3.255162    -60.546737    0.0014269410
    3.255162    -47.091907    0.0007724807
    3.255162    -33.637076    0.0003960431
    3.255162    -20.182246    0.0002014373
    3.255162     -6.727415    0.0001214260
    3.255162      6.727415    0.0001214260
    3.255162     20.182246    0.0002014373
    3.255162     33.637076    0.0003960431
    3.255162     47.091907    0.0007724807
    3.255162     60.546737    0.0014269410
    3.255162     74.001568    0.0024794156
    3.255162     87.456398    0.0040675687
    3.255162    100.911229    0.0063402672

    9.765485   -100.911229    0.0070197677
    9.765485    -87.456398    0.0047981848
    9.765485    -74.001568    0.0032561103
    9.765485    -60.546737    0.0022436633
    9.765485    -47.091907    0.0016223087
    9.765485    -33.637076    0.0012713404
    9.765485    -20.182246    0.0010940218
    9.765485     -6.727415    0.0010227470
    9.765485      6.727415    0.0010227470
    9.765485     20.182246    0.0010940218
    9.765485     33.637076    0.0012713404
    9.765485     47.091907    0.0016223087
    9.765485     60.546737    0.0022436633
    9.765485     74.001568    0.0032561103
    9.765485     87.456398    0.0047981848
    9.765485    100.911229    0.0070197677

   16.275808   -100.911229    0.0086084442
   16.275808    -87.456398    0.0064405586
   16.275808    -74.001568    0.0049459727
   16.275808    -60.546737    0.0039740781
   16.275808    -47.091907    0.0033857772
   16.275808    -33.637076    0.0030599427
   16.275808    -20.182246    0.0028995387
   16.275808     -6.727415    0.0028367679
   16.275808      6.727415    0.0028367679
   16.275808     20.182246    0.0028995387
   16.275808     33.637076    0.0030599427
   16.275808     47.091907    0.0033857772
   16.275808     60.546737    0.0039740781
   16.275808     74.001568    0.0049459727
   16.275808     87.456398    0.0064405586
   16.275808    100.911229    0.0086084442

   22.786131   -100.911229    0.0111125008
   22.786131    -87.456398    0.0090021539
   22.786131    -74.001568    0.0075576491
   22.786131    -60.546737    0.0066279093
   22.786131    -47.091907    0.0060735438
   22.786131    -33.637076    0.0057732544
   22.786131    -20.182246    0.0056299146
   22.786131     -6.727415    0.0055756839
   22.786131      6.727415    0.0055756839
   22.786131     20.182246    0.0056299146
   22.786131     33.637076    0.0057732544
   22.786131     47.091907    0.0060735438
   22.786131     60.546737    0.0066279093
   22.786131     74.001568    0.0075576491
   22.786131     87.456398    0.0090021539
   22.786131    100.911229    0.0111125008

   29.296454   -100.911229    0.0145376591
   29.296454    -87.456398    0.0124902545
   29.296454    -74.001568    0.0110998963
   29.296454    -60.546737    0.0102152583
   29.296454    -47.091907    0.0096968741
   29.296454    -33.637076    0.0094234721
   29.296454    -20.182246    0.0092979956
   29.296454     -6.727415    0.0092526753
   29.296454      6.727415    0.0092526753
   29.296454     20.182246    0.0092979956
   29.296454     33.637076    0.0094234721
   29.296454     47.091907    0.0096968741
   29.296454     60.546737    0.0102152583
   29.296454     74.001568    0.0110998963
   29.296454     87.456398    0.0124902545
   29.296454    100.911229    0.0145376591

   35.806778   -100.911229    0.0188882584
   35.806778    -87.456398    0.0169109512
   35.806778    -74.001568    0.0155804748
   35.806778    -60.546737    0.0147454118
   35.806778    -47.091907    0.0142663737
   35.806778    -33.637076    0.0140222511
   35.806778    -20.182246    0.0139161680
   35.806778     -6.727415    0.0138805031
   35.806778      6.727415    0.0138805031
   35.806778     20.182246    0.0139161680
   35.806778     33.637076    0.0140222511
   35.806778     47.091907    0.0142663737
   35.806778     60.546737    0.0147454118
   35.806778     74.001568    0.0155804748
   35.806778     87.456398    0.0169109512
   35.806778    100.911229    0.0188882584

   42.317101   -100.911229    0.0241661210
   42.317101    -87.456398    0.0222678663
   42.317101    -74.001568    0.0210047540
   42.317101    -60.546737    0.0202253403
   42.317101    -47.091907    0.0197903887
   42.317101    -33.637076    0.0195790253
   42.317101    -20.182246    0.0194946172
   42.317101     -6.727415    0.0194697367
   42.317101      6.727415    0.0194697367
   42.317101     20.182246    0.0194946172
   42.317101     33.637076    0.0195790253
   42.317101     47.091907    0.0197903887
   42.317101     60.546737    0.0202253403
   42.317101     74.001568    0.0210047540
   42.317101     87.456398    0.0222678663
   42.317101    100.911229    0.0241661210

   48.827424   -100.911229    0.0303691855
   48.827424    -87.456398    0.0285606142
   48.827424    -74.001568    0.0273740290
   48.827424    -60.546737    0.0266578839
   48.827424    -47.091907    0.0262730747
   48.827424    -33.637076    0.0260989761
   48.827424    -20.182246    0.0260392244
   48.827424     -6.727415    0.0260266114
   48.827424      6.727415    0.0260266114
   48.827424     20.182246    0.0260392244
   48.827424     33.637076    0.0260989761
   48.827424     47.091907    0.0262730747
   48.827424     60.546737    0.0266578839
   48.827424     74.001568    0.0273740290
   48.827424     87.456398    0.0285606142
   48.827424    100.911229    0.0303691855

