  -47.456659    -50.619018   -0.0002095060
  -47.456659    -43.869816   -0.0001444853
  -47.456659    -37.120613   -0.0000955456
  -47.456659    -30.371411   -0.0000595518
  -47.456659    -23.622208   -0.0000338917
  -47.456659    -16.873006   -0.0000164753
  -47.456659    -10.123804   -0.0000057352
  -47.456659     -3.374601   -0.0000006264
  -47.456659      3.374601   -0.0000006264
  -47.456659     10.123804   -0.0000057352
  -47.456659     16.873006   -0.0000164753
  -47.456659     23.622208   -0.0000338917
  -47.456659     30.371411   -0.0000595518
  -47.456659     37.120613   -0.0000955456
  -47.456659     43.869816   -0.0001444853
  -47.456659     50.619018   -0.0002095060

  -41.129105    -50.619018   -0.0001571536
  -41.129105    -43.869816   -0.0001082701
  -41.129105    -37.120613   -0.0000715232
  -41.129105    -30.371411   -0.0000445345
  -41.129105    -23.622208   -0.0000253220
  -41.129105    -16.873006   -0.0000123000
  -41.129105    -10.123804   -0.0000042794
  -41.129105     -3.374601   -0.0000004672
  -41.129105      3.374601   -0.0000004672
  -41.129105     10.123804   -0.0000042794
  -41.129105     16.873006   -0.0000123000
  -41.129105     23.622208   -0.0000253220
  -41.129105     30.371411   -0.0000445345
  -41.129105     37.120613   -0.0000715232
  -41.129105     43.869816   -0.0001082701
  -41.129105     50.619018   -0.0001571536

  -34.801550    -50.619018   -0.0001123901
  -34.801550    -43.869816   -0.0000773627
  -34.801550    -37.120613   -0.0000510604
  -34.801550    -30.371411   -0.0000317657
  -34.801550    -23.622208   -0.0000180475
  -34.801550    -16.873006   -0.0000087606
  -34.801550    -10.123804   -0.0000030465
  -34.801550     -3.374601   -0.0000003325
  -34.801550      3.374601   -0.0000003325
  -34.801550     10.123804   -0.0000030465
  -34.801550     16.873006   -0.0000087606
  -34.801550     23.622208   -0.0000180475
  -34.801550     30.371411   -0.0000317657
  -34.801550     37.120613   -0.0000510604
  -34.801550     43.869816   -0.0000773627
  -34.801550     50.619018   -0.0001123901

  -28.473996    -50.619018   -0.0000751649
  -28.473996    -43.869816   -0.0000517012
  -28.473996    -37.120613   -0.0000340980
  -28.473996    -30.371411   -0.0000211977
  -28.473996    -23.622208   -0.0000120353
  -28.473996    -16.873006   -0.0000058390
  -28.473996    -10.123804   -0.0000020297
  -28.473996     -3.374601   -0.0000002215
  -28.473996      3.374601   -0.0000002215
  -28.473996     10.123804   -0.0000020297
  -28.473996     16.873006   -0.0000058390
  -28.473996     23.622208   -0.0000120353
  -28.473996     30.371411   -0.0000211977
  -28.473996     37.120613   -0.0000340980
  -28.473996     43.869816   -0.0000517012
  -28.473996     50.619018   -0.0000751649

  -22.146441    -50.619018   -0.0000454356
  -22.146441    -43.869816   -0.0000312339
  -22.146441    -37.120613   -0.0000205871
  -22.146441    -30.371411   -0.0000127909
  -22.146441    -23.622208   -0.0000072584
  -22.146441    -16.873006   -0.0000035198
  -22.146441    -10.123804   -0.0000012231
  -22.146441     -3.374601   -0.0000001335
  -22.146441      3.374601   -0.0000001335
  -22.146441     10.123804   -0.0000012231
  -22.146441     16.873006   -0.0000035198
  -22.146441     23.622208   -0.0000072584
  -22.146441     30.371411   -0.0000127909
  -22.146441     37.120613   -0.0000205871
  -22.146441     43.869816   -0.0000312339
  -22.146441     50.619018   -0.0000454356

  -15.818886    -50.619018   -0.0000231682
  -15.818886    -43.869816   -0.0000159195
  -15.818886    -37.120613   -0.0000104883
  -15.818886    -30.371411   -0.0000065136
  -15.818886    -23.622208   -0.0000036947
  -15.818886    -16.873006   -0.0000017911
  -15.818886    -10.123804   -0.0000006222
  -15.818886     -3.374601   -0.0000000679
  -15.818886      3.374601   -0.0000000679
  -15.818886     10.123804   -0.0000006222
  -15.818886     16.873006   -0.0000017911
  -15.818886     23.622208   -0.0000036947
  -15.818886     30.371411   -0.0000065136
  -15.818886     37.120613   -0.0000104883
  -15.818886     43.869816   -0.0000159195
  -15.818886     50.619018   -0.0000231682

   -9.491332    -50.619018   -0.0000083374
   -9.491332    -43.869816   -0.0000057272
   -9.491332    -37.120613   -0.0000037721
   -9.491332    -30.371411   -0.0000023419
   -9.491332    -23.622208   -0.0000013281
   -9.491332    -16.873006   -0.0000006437
   -9.491332    -10.123804   -0.0000002236
   -9.491332     -3.374601   -0.0000000244
   -9.491332      3.374601   -0.0000000244
   -9.491332     10.123804   -0.0000002236
   -9.491332     16.873006   -0.0000006437
   -9.491332     23.622208   -0.0000013281
   -9.491332     30.371411   -0.0000023419
   -9.491332     37.120613   -0.0000037721
   -9.491332     43.869816   -0.0000057272
   -9.491332     50.619018   -0.0000083374

   -3.163777    -50.619018   -0.0000009262
   -3.163777    -43.869816   -0.0000006361
   -3.163777    -37.120613   -0.0000004189
   -3.163777    -30.371411   -0.0000002600
   -3.163777    -23.622208   -0.0000001474
   -3.163777    -16.873006   -0.0000000715
   -3.163777    -10.123804   -0.0000000248
   -3.163777     -3.374601   -0.0000000027
   -3.163777      3.374601   -0.0000000027
   -3.163777     10.123804   -0.0000000248
   -3.163777     16.873006   -0.0000000715
   -3.163777     23.622208   -0.0000001474
   -3.163777     30.371411   -0.0000002600
   -3.163777     37.120613   -0.0000004189
   -3.163777     43.869816   -0.0000006361
   -3.163777     50.619018   -0.0000009262

    3.163777    -50.619018   -0.0000009262
    3.163777    -43.869816   -0.0000006361
    3.163777    -37.120613   -0.0000004189
    3.163777    -30.371411   -0.0000002600
    3.163777    -23.622208   -0.0000001474
    3.163777    -16.873006   -0.0000000715
    3.163777    -10.123804   -0.0000000248
    3.163777     -3.374601   -0.0000000027
    3.163777      3.374601   -0.0000000027
    3.163777     10.123804   -0.0000000248
    3.163777     16.873006   -0.0000000715
    3.163777     23.622208   -0.0000001474
    3.163777     30.371411   -0.0000002600
    3.163777     37.120613   -0.0000004189
    3.163777     43.869816   -0.0000006361
    3.163777     50.619018   -0.0000009262

    9.491332    -50.619018   -0.0000083374
    9.491332    -43.869816   -0.0000057272
    9.491332    -37.120613   -0.0000037721
    9.491332    -30.371411   -0.0000023419
    9.491332    -23.622208   -0.0000013281
    9.491332    -16.873006   -0.0000006437
    9.491332    -10.123804   -0.0000002236
    9.491332     -3.374601   -0.0000000244
    9.491332      3.374601   -0.0000000244
    9.491332     10.123804   -0.0000002236
    9.491332     16.873006   -0.0000006437
    9.491332     23.622208   -0.0000013281
    9.491332     30.371411   -0.0000023419
    9.491332     37.120613   -0.0000037721
    9.491332     43.869816   -0.0000057272
    9.491332     50.619018   -0.0000083374

   15.818886    -50.619018   -0.0000231682
   15.818886    -43.869816   -0.0000159195
   15.818886    -37.120613   -0.0000104883
   15.818886    -30.371411   -0.0000065136
   15.818886    -23.622208   -0.0000036947
   15.818886    -16.873006   -0.0000017911
   15.818886    -10.123804   -0.0000006222
   15.818886     -3.374601   -0.0000000679
   15.818886      3.374601   -0.0000000679
   15.818886     10.123804   -0.0000006222
   15.818886     16.873006   -0.0000017911
   15.818886     23.622208   -0.0000036947
   15.818886     30.371411   -0.0000065136
   15.818886     37.120613   -0.0000104883
   15.818886     43.869816   -0.0000159195
   15.818886     50.619018   -0.0000231682

   22.146441    -50.619018   -0.0000454356
   22.146441    -43.869816   -0.0000312339
   22.146441    -37.120613   -0.0000205871
   22.146441    -30.371411   -0.0000127909
   22.146441    -23.622208   -0.0000072584
   22.146441    -16.873006   -0.0000035198
   22.146441    -10.123804   -0.0000012231
   22.146441     -3.374601   -0.0000001335
   22.146441      3.374601   -0.0000001335
   22.146441     10.123804   -0.0000012231
   22.146441     16.873006   -0.0000035198
   22.146441     23.622208   -0.0000072584
   22.146441     30.371411   -0.0000127909
   22.146441     37.120613   -0.0000205871
   22.146441     43.869816   -0.0000312339
   22.146441     50.619018   -0.0000454356

   28.473996    -50.619018   -0.0000751649
   28.473996    -43.869816   -0.0000517012
   28.473996    -37.120613   -0.0000340980
   28.473996    -30.371411   -0.0000211977
   28.473996    -23.622208   -0.0000120353
   28.473996    -16.873006   -0.0000058390
   28.473996    -10.123804   -0.0000020297
   28.473996     -3.374601   -0.0000002215
   28.473996      3.374601   -0.0000002215
   28.473996     10.123804   -0.0000020297
   28.473996     16.873006   -0.0000058390
   28.473996     23.622208   -0.0000120353
   28.473996     30.371411   -0.0000211977
   28.473996     37.120613   -0.0000340980
   28.473996     43.869816   -0.0000517012
   28.473996     50.619018   -0.0000751649

   34.801550    -50.619018   -0.0001123901
   34.801550    -43.869816   -0.0000773627
   34.801550    -37.120613   -0.0000510604
   34.801550    -30.371411   -0.0000317657
   34.801550    -23.622208   -0.0000180475
   34.801550    -16.873006   -0.0000087606
   34.801550    -10.123804   -0.0000030465
   34.801550     -3.374601   -0.0000003325
   34.801550      3.374601   -0.0000003325
   34.801550     10.123804   -0.0000030465
   34.801550     16.873006   -0.0000087606
   34.801550     23.622208   -0.0000180475
   34.801550     30.371411   -0.0000317657
   34.801550     37.120613   -0.0000510604
   34.801550     43.869816   -0.0000773627
   34.801550     50.619018   -0.0001123901

   41.129105    -50.619018   -0.0001571536
   41.129105    -43.869816   -0.0001082701
   41.129105    -37.120613   -0.0000715232
   41.129105    -30.371411   -0.0000445345
   41.129105    -23.622208   -0.0000253220
   41.129105    -16.873006   -0.0000123000
   41.129105    -10.123804   -0.0000042794
   41.129105     -3.374601   -0.0000004672
   41.129105      3.374601   -0.0000004672
   41.129105     10.123804   -0.0000042794
   41.129105     16.873006   -0.0000123000
   41.129105     23.622208   -0.0000253220
   41.129105     30.371411   -0.0000445345
   41.129105     37.120613   -0.0000715232
   41.129105     43.869816   -0.0001082701
   41.129105     50.619018   -0.0001571536

   47.456659    -50.619018   -0.0002095060
   47.456659    -43.869816   -0.0001444853
   47.456659    -37.120613   -0.0000955456
   47.456659    -30.371411   -0.0000595518
   47.456659    -23.622208   -0.0000338917
   47.456659    -16.873006   -0.0000164753
   47.456659    -10.123804   -0.0000057352
   47.456659     -3.374601   -0.0000006264
   47.456659      3.374601   -0.0000006264
   47.456659     10.123804   -0.0000057352
   47.456659     16.873006   -0.0000164753
   47.456659     23.622208   -0.0000338917
   47.456659     30.371411   -0.0000595518
   47.456659     37.120613   -0.0000955456
   47.456659     43.869816   -0.0001444853
   47.456659     50.619018   -0.0002095060

