  -34.795266    -44.510090    0.1050913154
  -34.795266    -39.273609    0.0991503666
  -34.795266    -34.037128    0.0941005873
  -34.795266    -28.800647    0.0900137486
  -34.795266    -23.564166    0.0869704730
  -34.795266    -18.327684    0.0850608208
  -34.795266    -13.091203    0.0843850211
  -34.795266     -7.854722    0.0850543453
  -34.795266     -2.618241    0.0871921244
  -34.795266      2.618241    0.0909349103
  -34.795266      7.854722    0.0964337803
  -34.795266     13.091203    0.1038557849
  -34.795266     18.327684    0.1133855397
  -34.795266     23.564166    0.1252269607
  -34.795266     28.800647    0.1396051426
  -34.795266     34.037128    0.1567683814

  -30.155897    -44.510090    0.0878224350
  -30.155897    -39.273609    0.0810257551
  -30.155897    -34.037128    0.0750987109
  -30.155897    -28.800647    0.0701133286
  -30.155897    -23.564166    0.0661503457
  -30.155897    -18.327684    0.0632998298
  -30.155897    -13.091203    0.0616619357
  -30.155897     -7.854722    0.0613478015
  -30.155897     -2.618241    0.0624805839
  -30.155897      2.618241    0.0651966315
  -30.155897      7.854722    0.0696467983
  -30.155897     13.091203    0.0759978944
  -30.155897     18.327684    0.0844342769
  -30.155897     23.564166    0.0951595792
  -30.155897     28.800647    0.1083985788
  -30.155897     34.037128    0.1243992041

  -25.516528    -44.510090    0.0743335075
  -25.516528    -39.273609    0.0668428399
  -25.516528    -34.037128    0.0602052035
  -25.516528    -28.800647    0.0544926698
  -25.516528    -23.564166    0.0497860015
  -25.516528    -18.327684    0.0461752619
  -25.516528    -13.091203    0.0437605666
  -25.516528     -7.854722    0.0426529753
  -25.516528     -2.618241    0.0429755261
  -25.516528      2.618241    0.0448644105
  -25.516528      7.854722    0.0484702896
  -25.516528     13.091203    0.0539597518
  -25.516528     18.327684    0.0615169120
  -25.516528     23.564166    0.0713451516
  -25.516528     28.800647    0.0836690002
  -25.516528     34.037128    0.0987361584

  -20.877160    -44.510090    0.0639791252
  -20.877160    -39.273609    0.0559366571
  -20.877160    -34.037128    0.0487344944
  -20.877160    -28.800647    0.0424447395
  -20.877160    -23.564166    0.0371481766
  -20.877160    -18.327684    0.0329348712
  -20.877160    -13.091203    0.0299049138
  -20.877160     -7.854722    0.0281693066
  -20.877160     -2.618241    0.0278509951
  -20.877160      2.618241    0.0290860436
  -20.877160      7.854722    0.0320249539
  -20.877160     13.091203    0.0368341289
  -20.877160     18.327684    0.0436974795
  -20.877160     23.564166    0.0528181757
  -20.877160     28.800647    0.0644205420
  -20.877160     34.037128    0.0787520960

  -16.237791    -44.510090    0.0562542996
  -16.237791    -39.273609    0.0477870272
  -16.237791    -34.037128    0.0401505009
  -16.237791    -28.800647    0.0334169053
  -16.237791    -23.564166    0.0276670713
  -16.237791    -18.327684    0.0229910769
  -16.237791    -13.091203    0.0194889923
  -16.237791     -7.854722    0.0172717691
  -16.237791     -2.618241    0.0164622745
  -16.237791      2.618241    0.0171964690
  -16.237791      7.854722    0.0196247292
  -16.237791     13.091203    0.0239133144
  -16.237791     18.327684    0.0302459780
  -16.237791     23.564166    0.0388257232
  -16.237791     28.800647    0.0498767024
  -16.237791     34.037128    0.0636462619

  -11.598422    -44.510090    0.0507765426
  -11.598422    -39.273609    0.0420000337
  -11.598422    -34.037128    0.0340474139
  -11.598422    -28.800647    0.0269909925
  -11.598422    -23.564166    0.0209116663
  -11.598422    -18.327684    0.0158995318
  -11.598422    -13.091203    0.0120546418
  -11.598422     -7.854722    0.0094879028
  -11.598422     -2.618241    0.0083221164
  -11.598422      2.618241    0.0086931624
  -11.598422      7.854722    0.0107513251
  -11.598422     13.091203    0.0146627618
  -11.598422     18.327684    0.0206111144
  -11.598422     23.564166    0.0287992632
  -11.598422     28.800647    0.0394512232
  -11.598422     34.037128    0.0528141839

   -6.959053    -44.510090    0.0472715315
   -6.959053    -39.273609    0.0382932044
   -6.959053    -34.037128    0.0301343264
   -6.959053    -28.800647    0.0228673302
   -6.959053    -23.564166    0.0165731757
   -6.959053    -18.327684    0.0113419777
   -6.959053    -13.091203    0.0072737753
   -6.959053     -7.854722    0.0044794398
   -6.959053     -2.618241    0.0030817246
   -6.959053      2.618241    0.0032164535
   -6.959053      7.854722    0.0050338502
   -6.959053     13.091203    0.0087000079
   -6.959053     18.327684    0.0143984980
   -6.959053     23.564166    0.0223321208
   -6.959053     28.800647    0.0327247944
   -6.959053     34.037128    0.0458235850

   -2.319684    -44.510090    0.0455623571
   -2.319684    -39.273609    0.0364843989
   -2.319684    -34.037128    0.0282237052
   -2.319684    -28.800647    0.0208527852
   -2.319684    -23.564166    0.0144526369
   -2.319684    -18.327684    0.0091133862
   -2.319684    -13.091203    0.0049350645
   -2.319684     -7.854722    0.0020285239
   -2.319684     -2.618241    0.0005164919
   -2.319684      2.618241    0.0005347635
   -2.319684      7.854722    0.0022335326
   -2.319684     13.091203    0.0057788612
   -2.319684     18.327684    0.0113542874
   -2.319684     23.564166    0.0191625719
   -2.319684     28.800647    0.0294275825
   -2.319684     34.037128    0.0423963170

    2.319684    -44.510090    0.0455623571
    2.319684    -39.273609    0.0364843989
    2.319684    -34.037128    0.0282237052
    2.319684    -28.800647    0.0208527852
    2.319684    -23.564166    0.0144526369
    2.319684    -18.327684    0.0091133862
    2.319684    -13.091203    0.0049350645
    2.319684     -7.854722    0.0020285239
    2.319684     -2.618241    0.0005164919
    2.319684      2.618241    0.0005347635
    2.319684      7.854722    0.0022335326
    2.319684     13.091203    0.0057788612
    2.319684     18.327684    0.0113542874
    2.319684     23.564166    0.0191625719
    2.319684     28.800647    0.0294275825
    2.319684     34.037128    0.0423963170

    6.959053    -44.510090    0.0472715315
    6.959053    -39.273609    0.0382932044
    6.959053    -34.037128    0.0301343264
    6.959053    -28.800647    0.0228673302
    6.959053    -23.564166    0.0165731757
    6.959053    -18.327684    0.0113419777
    6.959053    -13.091203    0.0072737753
    6.959053     -7.854722    0.0044794398
    6.959053     -2.618241    0.0030817246
    6.959053      2.618241    0.0032164535
    6.959053      7.854722    0.0050338502
    6.959053     13.091203    0.0087000079
    6.959053     18.327684    0.0143984980
    6.959053     23.564166    0.0223321208
    6.959053     28.800647    0.0327247944
    6.959053     34.037128    0.0458235850

   11.598422    -44.510090    0.0507765426
   11.598422    -39.273609    0.0420000337
   11.598422    -34.037128    0.0340474139
   11.598422    -28.800647    0.0269909925
   11.598422    -23.564166    0.0209116663
   11.598422    -18.327684    0.0158995318
   11.598422    -13.091203    0.0120546418
   11.598422     -7.854722    0.0094879028
   11.598422     -2.618241    0.0083221164
   11.598422      2.618241    0.0086931624
   11.598422      7.854722    0.0107513251
   11.598422     13.091203    0.0146627618
   11.598422     18.327684    0.0206111144
   11.598422     23.564166    0.0287992632
   11.598422     28.800647    0.0394512232
   11.598422     34.037128    0.0528141839

   16.237791    -44.510090    0.0562542996
   16.237791    -39.273609    0.0477870272
   16.237791    -34.037128    0.0401505009
   16.237791    -28.800647    0.0334169053
   16.237791    -23.564166    0.0276670713
   16.237791    -18.327684    0.0229910769
   16.237791    -13.091203    0.0194889923
   16.237791     -7.854722    0.0172717691
   16.237791     -2.618241    0.0164622745
   16.237791      2.618241    0.0171964690
   16.237791      7.854722    0.0196247292
   16.237791     13.091203    0.0239133144
   16.237791     18.327684    0.0302459780
   16.237791     23.564166    0.0388257232
   16.237791     28.800647    0.0498767024
   16.237791     34.037128    0.0636462619

   20.877160    -44.510090    0.0639791252
   20.877160    -39.273609    0.0559366571
   20.877160    -34.037128    0.0487344944
   20.877160    -28.800647    0.0424447395
   20.877160    -23.564166    0.0371481766
   20.877160    -18.327684    0.0329348712
   20.877160    -13.091203    0.0299049138
   20.877160     -7.854722    0.0281693066
   20.877160     -2.618241    0.0278509951
   20.877160      2.618241    0.0290860436
   20.877160      7.854722    0.0320249539
   20.877160     13.091203    0.0368341289
   20.877160     18.327684    0.0436974795
   20.877160     23.564166    0.0528181757
   20.877160     28.800647    0.0644205420
   20.877160     34.037128    0.0787520960

   25.516528    -44.510090    0.0743335075
   25.516528    -39.273609    0.0668428399
   25.516528    -34.037128    0.0602052035
   25.516528    -28.800647    0.0544926698
   25.516528    -23.564166    0.0497860015
   25.516528    -18.327684    0.0461752619
   25.516528    -13.091203    0.0437605666
   25.516528     -7.854722    0.0426529753
   25.516528     -2.618241    0.0429755261
   25.516528      2.618241    0.0448644105
   25.516528      7.854722    0.0484702896
   25.516528     13.091203    0.0539597518
   25.516528     18.327684    0.0615169120
   25.516528     23.564166    0.0713451516
   25.516528     28.800647    0.0836690002
   25.516528     34.037128    0.0987361584

   30.155897    -44.510090    0.0878224350
   30.155897    -39.273609    0.0810257551
   30.155897    -34.037128    0.0750987109
   30.155897    -28.800647    0.0701133286
   30.155897    -23.564166    0.0661503457
   30.155897    -18.327684    0.0632998298
   30.155897    -13.091203    0.0616619357
   30.155897     -7.854722    0.0613478015
   30.155897     -2.618241    0.0624805839
   30.155897      2.618241    0.0651966315
   30.155897      7.854722    0.0696467983
   30.155897     13.091203    0.0759978944
   30.155897     18.327684    0.0844342769
   30.155897     23.564166    0.0951595792
   30.155897     28.800647    0.1083985788
   30.155897     34.037128    0.1243992041

   34.795266    -44.510090    0.1050913154
   34.795266    -39.273609    0.0991503666
   34.795266    -34.037128    0.0941005873
   34.795266    -28.800647    0.0900137486
   34.795266    -23.564166    0.0869704730
   34.795266    -18.327684    0.0850608208
   34.795266    -13.091203    0.0843850211
   34.795266     -7.854722    0.0850543453
   34.795266     -2.618241    0.0871921244
   34.795266      2.618241    0.0909349103
   34.795266      7.854722    0.0964337803
   34.795266     13.091203    0.1038557849
   34.795266     18.327684    0.1133855397
   34.795266     23.564166    0.1252269607
   34.795266     28.800647    0.1396051426
   34.795266     34.037128    0.1567683814

