  -38.681015    -44.510090   -0.0217080938
  -38.681015    -39.273609   -0.0201723074
  -38.681015    -34.037128   -0.0184148004
  -38.681015    -28.800647   -0.0164160812
  -38.681015    -23.564166   -0.0141542752
  -38.681015    -18.327684   -0.0116049859
  -38.681015    -13.091203   -0.0087411110
  -38.681015     -7.854722   -0.0055326120
  -38.681015     -2.618241   -0.0019462379
  -38.681015      2.618241    0.0020547970
  -38.681015      7.854722    0.0065111815
  -38.681015     13.091203    0.0114679215
  -38.681015     18.327684    0.0169748000
  -38.681015     23.564166    0.0230868836
  -38.681015     28.800647    0.0298650743
  -38.681015     34.037128    0.0373767078

  -33.523546    -44.510090   -0.0161107883
  -33.523546    -39.273609   -0.0149726354
  -33.523546    -34.037128   -0.0136695520
  -33.523546    -28.800647   -0.0121870327
  -33.523546    -23.564166   -0.0105088196
  -33.523546    -18.327684   -0.0086167906
  -33.523546    -13.091203   -0.0064908163
  -33.523546     -7.854722   -0.0041085839
  -33.523546     -2.618241   -0.0014453897
  -33.523546      2.618241    0.0015261005
  -33.523546      7.854722    0.0048361238
  -33.523546     13.091203    0.0085181235
  -33.523546     18.327684    0.0126090855
  -33.523546     23.564166    0.0171499063
  -33.523546     28.800647    0.0221857930
  -33.523546     34.037128    0.0277666958

  -28.366078    -44.510090   -0.0114165378
  -28.366078    -39.273609   -0.0106111343
  -28.366078    -34.037128   -0.0096884725
  -28.366078    -28.800647   -0.0086383697
  -28.366078    -23.564166   -0.0074493450
  -28.366078    -18.327684   -0.0061085585
  -28.366078    -13.091203   -0.0046017248
  -28.366078     -7.854722   -0.0029130007
  -28.366078     -2.618241   -0.0010248473
  -28.366078      2.618241    0.0010821345
  -28.366078      7.854722    0.0034293927
  -28.366078     13.091203    0.0060406404
  -28.366078     18.327684    0.0089420967
  -28.366078     23.564166    0.0121627536
  -28.366078     28.800647    0.0157346687
  -28.366078     34.037128    0.0196932840

  -23.208609    -44.510090   -0.0075768471
  -23.208609    -39.273609   -0.0070430041
  -23.208609    -34.037128   -0.0064310532
  -23.208609    -28.800647   -0.0057343479
  -23.208609    -23.564166   -0.0049453167
  -23.208609    -18.327684   -0.0040554448
  -23.208609    -13.091203   -0.0030552341
  -23.208609     -7.854722   -0.0019341427
  -23.208609     -2.618241   -0.0006805035
  -23.208609      2.618241    0.0007185782
  -23.208609      7.854722    0.0022773477
  -23.208609     13.091203    0.0040115450
  -23.208609     18.327684    0.0059385696
  -23.208609     23.564166    0.0080776665
  -23.208609     28.800647    0.0104501326
  -23.208609     34.037128    0.0130795444

  -18.051140    -44.510090   -0.0045519316
  -18.051140    -39.273609   -0.0042315676
  -18.051140    -34.037128   -0.0038641110
  -18.051140    -28.800647   -0.0034456459
  -18.051140    -23.564166   -0.0029716573
  -18.051140    -18.327684   -0.0024370351
  -18.051140    -13.091203   -0.0018360626
  -18.051140     -7.854722   -0.0011623897
  -18.051140     -2.618241   -0.0004089907
  -18.051140      2.618241    0.0004318924
  -18.051140      7.854722    0.0013688224
  -18.051140     13.091203    0.0024112543
  -18.051140     18.327684    0.0035696378
  -18.051140     23.564166    0.0048555355
  -18.051140     28.800647    0.0062817554
  -18.051140     34.037128    0.0078624994

  -12.893672    -44.510090   -0.0023103748
  -12.893672    -39.273609   -0.0021479125
  -12.893672    -34.037128   -0.0019614751
  -12.893672    -28.800647   -0.0017491112
  -12.893672    -23.564166   -0.0015085454
  -12.893672    -18.327684   -0.0012371868
  -12.893672    -13.091203   -0.0009321290
  -12.893672     -7.854722   -0.0005901414
  -12.893672     -2.618241   -0.0002076507
  -12.893672      2.618241    0.0002192855
  -12.893672      7.854722    0.0006950150
  -12.893672     13.091203    0.0012243356
  -12.893672     18.327684    0.0018125491
  -12.893672     23.564166    0.0024655242
  -12.893672     28.800647    0.0031897678
  -12.893672     34.037128    0.0039925063

   -7.736203    -44.510090   -0.0008288541
   -7.736203    -39.273609   -0.0007706053
   -7.736203    -34.037128   -0.0007037364
   -7.736203    -28.800647   -0.0006275573
   -7.736203    -23.564166   -0.0005412559
   -7.736203    -18.327684   -0.0004439036
   -7.736203    -13.091203   -0.0003344564
   -7.736203     -7.854722   -0.0002117534
   -7.736203     -2.618241   -0.0000745107
   -7.736203      2.618241    0.0000786874
   -7.736203      7.854722    0.0002494008
   -7.736203     13.091203    0.0004393506
   -7.736203     18.327684    0.0006504381
   -7.736203     23.564166    0.0008847685
   -7.736203     28.800647    0.0011446781
   -7.736203     34.037128    0.0014327641

   -2.578734    -44.510090   -0.0000919351
   -2.578734    -39.273609   -0.0000854763
   -2.578734    -34.037128   -0.0000780602
   -2.578734    -28.800647   -0.0000696109
   -2.578734    -23.564166   -0.0000600386
   -2.578734    -18.327684   -0.0000492403
   -2.578734    -13.091203   -0.0000371003
   -2.578734     -7.854722   -0.0000234895
   -2.578734     -2.618241   -0.0000082655
   -2.578734      2.618241    0.0000087289
   -2.578734      7.854722    0.0000276666
   -2.578734     13.091203    0.0000487385
   -2.578734     18.327684    0.0000721556
   -2.578734     23.564166    0.0000981513
   -2.578734     28.800647    0.0001269847
   -2.578734     34.037128    0.0001589444

    2.578734    -44.510090   -0.0000919351
    2.578734    -39.273609   -0.0000854763
    2.578734    -34.037128   -0.0000780602
    2.578734    -28.800647   -0.0000696109
    2.578734    -23.564166   -0.0000600386
    2.578734    -18.327684   -0.0000492403
    2.578734    -13.091203   -0.0000371003
    2.578734     -7.854722   -0.0000234895
    2.578734     -2.618241   -0.0000082655
    2.578734      2.618241    0.0000087289
    2.578734      7.854722    0.0000276666
    2.578734     13.091203    0.0000487385
    2.578734     18.327684    0.0000721556
    2.578734     23.564166    0.0000981513
    2.578734     28.800647    0.0001269847
    2.578734     34.037128    0.0001589444

    7.736203    -44.510090   -0.0008288541
    7.736203    -39.273609   -0.0007706053
    7.736203    -34.037128   -0.0007037364
    7.736203    -28.800647   -0.0006275573
    7.736203    -23.564166   -0.0005412559
    7.736203    -18.327684   -0.0004439036
    7.736203    -13.091203   -0.0003344564
    7.736203     -7.854722   -0.0002117534
    7.736203     -2.618241   -0.0000745107
    7.736203      2.618241    0.0000786874
    7.736203      7.854722    0.0002494008
    7.736203     13.091203    0.0004393506
    7.736203     18.327684    0.0006504381
    7.736203     23.564166    0.0008847685
    7.736203     28.800647    0.0011446781
    7.736203     34.037128    0.0014327641

   12.893672    -44.510090   -0.0023103748
   12.893672    -39.273609   -0.0021479125
   12.893672    -34.037128   -0.0019614751
   12.893672    -28.800647   -0.0017491112
   12.893672    -23.564166   -0.0015085454
   12.893672    -18.327684   -0.0012371868
   12.893672    -13.091203   -0.0009321290
   12.893672     -7.854722   -0.0005901414
   12.893672     -2.618241   -0.0002076507
   12.893672      2.618241    0.0002192855
   12.893672      7.854722    0.0006950150
   12.893672     13.091203    0.0012243356
   12.893672     18.327684    0.0018125491
   12.893672     23.564166    0.0024655242
   12.893672     28.800647    0.0031897678
   12.893672     34.037128    0.0039925063

   18.051140    -44.510090   -0.0045519316
   18.051140    -39.273609   -0.0042315676
   18.051140    -34.037128   -0.0038641110
   18.051140    -28.800647   -0.0034456459
   18.051140    -23.564166   -0.0029716573
   18.051140    -18.327684   -0.0024370351
   18.051140    -13.091203   -0.0018360626
   18.051140     -7.854722   -0.0011623897
   18.051140     -2.618241   -0.0004089907
   18.051140      2.618241    0.0004318924
   18.051140      7.854722    0.0013688224
   18.051140     13.091203    0.0024112543
   18.051140     18.327684    0.0035696378
   18.051140     23.564166    0.0048555355
   18.051140     28.800647    0.0062817554
   18.051140     34.037128    0.0078624994

   23.208609    -44.510090   -0.0075768471
   23.208609    -39.273609   -0.0070430041
   23.208609    -34.037128   -0.0064310532
   23.208609    -28.800647   -0.0057343479
   23.208609    -23.564166   -0.0049453167
   23.208609    -18.327684   -0.0040554448
   23.208609    -13.091203   -0.0030552341
   23.208609     -7.854722   -0.0019341427
   23.208609     -2.618241   -0.0006805035
   23.208609      2.618241    0.0007185782
   23.208609      7.854722    0.0022773477
   23.208609     13.091203    0.0040115450
   23.208609     18.327684    0.0059385696
   23.208609     23.564166    0.0080776665
   23.208609     28.800647    0.0104501326
   23.208609     34.037128    0.0130795444

   28.366078    -44.510090   -0.0114165378
   28.366078    -39.273609   -0.0106111343
   28.366078    -34.037128   -0.0096884725
   28.366078    -28.800647   -0.0086383697
   28.366078    -23.564166   -0.0074493450
   28.366078    -18.327684   -0.0061085585
   28.366078    -13.091203   -0.0046017248
   28.366078     -7.854722   -0.0029130007
   28.366078     -2.618241   -0.0010248473
   28.366078      2.618241    0.0010821345
   28.366078      7.854722    0.0034293927
   28.366078     13.091203    0.0060406404
   28.366078     18.327684    0.0089420967
   28.366078     23.564166    0.0121627536
   28.366078     28.800647    0.0157346687
   28.366078     34.037128    0.0196932840

   33.523546    -44.510090   -0.0161107883
   33.523546    -39.273609   -0.0149726354
   33.523546    -34.037128   -0.0136695520
   33.523546    -28.800647   -0.0121870327
   33.523546    -23.564166   -0.0105088196
   33.523546    -18.327684   -0.0086167906
   33.523546    -13.091203   -0.0064908163
   33.523546     -7.854722   -0.0041085839
   33.523546     -2.618241   -0.0014453897
   33.523546      2.618241    0.0015261005
   33.523546      7.854722    0.0048361238
   33.523546     13.091203    0.0085181235
   33.523546     18.327684    0.0126090855
   33.523546     23.564166    0.0171499063
   33.523546     28.800647    0.0221857930
   33.523546     34.037128    0.0277666958

   38.681015    -44.510090   -0.0217080938
   38.681015    -39.273609   -0.0201723074
   38.681015    -34.037128   -0.0184148004
   38.681015    -28.800647   -0.0164160812
   38.681015    -23.564166   -0.0141542752
   38.681015    -18.327684   -0.0116049859
   38.681015    -13.091203   -0.0087411110
   38.681015     -7.854722   -0.0055326120
   38.681015     -2.618241   -0.0019462379
   38.681015      2.618241    0.0020547970
   38.681015      7.854722    0.0065111815
   38.681015     13.091203    0.0114679215
   38.681015     18.327684    0.0169748000
   38.681015     23.564166    0.0230868836
   38.681015     28.800647    0.0298650743
   38.681015     34.037128    0.0373767078

