  -35.358766   -100.911229    0.0611481629
  -35.358766    -87.456398    0.0637030963
  -35.358766    -74.001568    0.0666870047
  -35.358766    -60.546737    0.0697849215
  -35.358766    -47.091907    0.0726953693
  -35.358766    -33.637076    0.0751466794
  -35.358766    -20.182246    0.0769150038
  -35.358766     -6.727415    0.0778407149
  -35.358766      6.727415    0.0778407149
  -35.358766     20.182246    0.0769150038
  -35.358766     33.637076    0.0751466794
  -35.358766     47.091907    0.0726953693
  -35.358766     60.546737    0.0697849215
  -35.358766     74.001568    0.0666870047
  -35.358766     87.456398    0.0637030963
  -35.358766    100.911229    0.0611481629

  -30.644264   -100.911229    0.0464769150
  -30.644264    -87.456398    0.0476198907
  -30.644264    -74.001568    0.0493440740
  -30.644264    -60.546737    0.0512793082
  -30.644264    -47.091907    0.0531685594
  -30.644264    -33.637076    0.0548025624
  -30.644264    -20.182246    0.0560048384
  -30.644264     -6.727415    0.0566422179
  -30.644264      6.727415    0.0566422179
  -30.644264     20.182246    0.0560048384
  -30.644264     33.637076    0.0548025624
  -30.644264     47.091907    0.0531685594
  -30.644264     60.546737    0.0512793082
  -30.644264     74.001568    0.0493440740
  -30.644264     87.456398    0.0476198907
  -30.644264    100.911229    0.0464769150

  -25.929762   -100.911229    0.0344546211
  -25.929762    -87.456398    0.0345516790
  -25.929762    -74.001568    0.0352219841
  -25.929762    -60.546737    0.0362089064
  -25.929762    -47.091907    0.0372959117
  -25.929762    -33.637076    0.0382962126
  -25.929762    -20.182246    0.0390562973
  -25.929762     -6.727415    0.0394654655
  -25.929762      6.727415    0.0394654655
  -25.929762     20.182246    0.0390562973
  -25.929762     33.637076    0.0382962126
  -25.929762     47.091907    0.0372959117
  -25.929762     60.546737    0.0362089064
  -25.929762     74.001568    0.0352219841
  -25.929762     87.456398    0.0345516790
  -25.929762    100.911229    0.0344546211

  -21.215260   -100.911229    0.0248177837
  -21.215260    -87.456398    0.0240894680
  -21.215260    -74.001568    0.0239456111
  -21.215260    -60.546737    0.0241997446
  -21.215260    -47.091907    0.0246653116
  -21.215260    -33.637076    0.0251749353
  -21.215260    -20.182246    0.0255935650
  -21.215260     -6.727415    0.0258270122
  -21.215260      6.727415    0.0258270122
  -21.215260     20.182246    0.0255935650
  -21.215260     33.637076    0.0251749353
  -21.215260     47.091907    0.0246653116
  -21.215260     60.546737    0.0241997446
  -21.215260     74.001568    0.0239456111
  -21.215260     87.456398    0.0240894680
  -21.215260    100.911229    0.0248177837

  -16.500757   -100.911229    0.0173537365
  -16.500757    -87.456398    0.0159836328
  -16.500757    -74.001568    0.0152362438
  -16.500757    -60.546737    0.0149441819
  -16.500757    -47.091907    0.0149416559
  -16.500757    -33.637076    0.0150808102
  -16.500757    -20.182246    0.0152428037
  -16.500757     -6.727415    0.0153449555
  -16.500757      6.727415    0.0153449555
  -16.500757     20.182246    0.0152428037
  -16.500757     33.637076    0.0150808102
  -16.500757     47.091907    0.0149416559
  -16.500757     60.546737    0.0149441819
  -16.500757     74.001568    0.0152362438
  -16.500757     87.456398    0.0159836328
  -16.500757    100.911229    0.0173537365

  -11.786255   -100.911229    0.0118968095
  -11.786255    -87.456398    0.0100607028
  -11.786255    -74.001568    0.0088839774
  -11.786255    -60.546737    0.0082027950
  -11.786255    -47.091907    0.0078655671
  -11.786255    -33.637076    0.0077397237
  -11.786255    -20.182246    0.0077185717
  -11.786255     -6.727415    0.0077272822
  -11.786255      6.727415    0.0077272822
  -11.786255     20.182246    0.0077185717
  -11.786255     33.637076    0.0077397237
  -11.786255     47.091907    0.0078655671
  -11.786255     60.546737    0.0082027950
  -11.786255     74.001568    0.0088839774
  -11.786255     87.456398    0.0100607028
  -11.786255    100.911229    0.0118968095

   -7.071753   -100.911229    0.0083253239
   -7.071753    -87.456398    0.0061902576
   -7.071753    -74.001568    0.0047347484
   -7.071753    -60.546737    0.0038018174
   -7.071753    -47.091907    0.0032491092
   -7.071753    -33.637076    0.0029530209
   -7.071753    -20.182246    0.0028141705
   -7.071753     -6.727415    0.0027627618
   -7.071753      6.727415    0.0027627618
   -7.071753     20.182246    0.0028141705
   -7.071753     33.637076    0.0029530209
   -7.071753     47.091907    0.0032491092
   -7.071753     60.546737    0.0038018174
   -7.071753     74.001568    0.0047347484
   -7.071753     87.456398    0.0061902576
   -7.071753    100.911229    0.0083253239

   -2.357251   -100.911229    0.0065593760
   -2.357251    -87.456398    0.0042796210
   -2.357251    -74.001568    0.0026859302
   -2.357251    -60.546737    0.0016288456
   -2.357251    -47.091907    0.0009706751
   -2.357251    -33.637076    0.0005914941
   -2.357251    -20.182246    0.0003951145
   -2.357251     -6.727415    0.0003142429
   -2.357251      6.727415    0.0003142429
   -2.357251     20.182246    0.0003951145
   -2.357251     33.637076    0.0005914941
   -2.357251     47.091907    0.0009706751
   -2.357251     60.546737    0.0016288456
   -2.357251     74.001568    0.0026859302
   -2.357251     87.456398    0.0042796210
   -2.357251    100.911229    0.0065593760

    2.357251   -100.911229    0.0065593760
    2.357251    -87.456398    0.0042796210
    2.357251    -74.001568    0.0026859302
    2.357251    -60.546737    0.0016288456
    2.357251    -47.091907    0.0009706751
    2.357251    -33.637076    0.0005914941
    2.357251    -20.182246    0.0003951145
    2.357251     -6.727415    0.0003142429
    2.357251      6.727415    0.0003142429
    2.357251     20.182246    0.0003951145
    2.357251     33.637076    0.0005914941
    2.357251     47.091907    0.0009706751
    2.357251     60.546737    0.0016288456
    2.357251     74.001568    0.0026859302
    2.357251     87.456398    0.0042796210
    2.357251    100.911229    0.0065593760

    7.071753   -100.911229    0.0083253239
    7.071753    -87.456398    0.0061902576
    7.071753    -74.001568    0.0047347484
    7.071753    -60.546737    0.0038018174
    7.071753    -47.091907    0.0032491092
    7.071753    -33.637076    0.0029530209
    7.071753    -20.182246    0.0028141705
    7.071753     -6.727415    0.0027627618
    7.071753      6.727415    0.0027627618
    7.071753     20.182246    0.0028141705
    7.071753     33.637076    0.0029530209
    7.071753     47.091907    0.0032491092
    7.071753     60.546737    0.0038018174
    7.071753     74.001568    0.0047347484
    7.071753     87.456398    0.0061902576
    7.071753    100.911229    0.0083253239

   11.786255   -100.911229    0.0118968095
   11.786255    -87.456398    0.0100607028
   11.786255    -74.001568    0.0088839774
   11.786255    -60.546737    0.0082027950
   11.786255    -47.091907    0.0078655671
   11.786255    -33.637076    0.0077397237
   11.786255    -20.182246    0.0077185717
   11.786255     -6.727415    0.0077272822
   11.786255      6.727415    0.0077272822
   11.786255     20.182246    0.0077185717
   11.786255     33.637076    0.0077397237
   11.786255     47.091907    0.0078655671
   11.786255     60.546737    0.0082027950
   11.786255     74.001568    0.0088839774
   11.786255     87.456398    0.0100607028
   11.786255    100.911229    0.0118968095

   16.500757   -100.911229    0.0173537365
   16.500757    -87.456398    0.0159836328
   16.500757    -74.001568    0.0152362438
   16.500757    -60.546737    0.0149441819
   16.500757    -47.091907    0.0149416559
   16.500757    -33.637076    0.0150808102
   16.500757    -20.182246    0.0152428037
   16.500757     -6.727415    0.0153449555
   16.500757      6.727415    0.0153449555
   16.500757     20.182246    0.0152428037
   16.500757     33.637076    0.0150808102
   16.500757     47.091907    0.0149416559
   16.500757     60.546737    0.0149441819
   16.500757     74.001568    0.0152362438
   16.500757     87.456398    0.0159836328
   16.500757    100.911229    0.0173537365

   21.215260   -100.911229    0.0248177837
   21.215260    -87.456398    0.0240894680
   21.215260    -74.001568    0.0239456111
   21.215260    -60.546737    0.0241997446
   21.215260    -47.091907    0.0246653116
   21.215260    -33.637076    0.0251749353
   21.215260    -20.182246    0.0255935650
   21.215260     -6.727415    0.0258270122
   21.215260      6.727415    0.0258270122
   21.215260     20.182246    0.0255935650
   21.215260     33.637076    0.0251749353
   21.215260     47.091907    0.0246653116
   21.215260     60.546737    0.0241997446
   21.215260     74.001568    0.0239456111
   21.215260     87.456398    0.0240894680
   21.215260    100.911229    0.0248177837

   25.929762   -100.911229    0.0344546211
   25.929762    -87.456398    0.0345516790
   25.929762    -74.001568    0.0352219841
   25.929762    -60.546737    0.0362089064
   25.929762    -47.091907    0.0372959117
   25.929762    -33.637076    0.0382962126
   25.929762    -20.182246    0.0390562973
   25.929762     -6.727415    0.0394654655
   25.929762      6.727415    0.0394654655
   25.929762     20.182246    0.0390562973
   25.929762     33.637076    0.0382962126
   25.929762     47.091907    0.0372959117
   25.929762     60.546737    0.0362089064
   25.929762     74.001568    0.0352219841
   25.929762     87.456398    0.0345516790
   25.929762    100.911229    0.0344546211

   30.644264   -100.911229    0.0464769150
   30.644264    -87.456398    0.0476198907
   30.644264    -74.001568    0.0493440740
   30.644264    -60.546737    0.0512793082
   30.644264    -47.091907    0.0531685594
   30.644264    -33.637076    0.0548025624
   30.644264    -20.182246    0.0560048384
   30.644264     -6.727415    0.0566422179
   30.644264      6.727415    0.0566422179
   30.644264     20.182246    0.0560048384
   30.644264     33.637076    0.0548025624
   30.644264     47.091907    0.0531685594
   30.644264     60.546737    0.0512793082
   30.644264     74.001568    0.0493440740
   30.644264     87.456398    0.0476198907
   30.644264    100.911229    0.0464769150

   35.358766   -100.911229    0.0611481629
   35.358766    -87.456398    0.0637030963
   35.358766    -74.001568    0.0666870046
   35.358766    -60.546737    0.0697849215
   35.358766    -47.091907    0.0726953693
   35.358766    -33.637076    0.0751466794
   35.358766    -20.182246    0.0769150038
   35.358766     -6.727415    0.0778407149
   35.358766      6.727415    0.0778407149
   35.358766     20.182246    0.0769150038
   35.358766     33.637076    0.0751466794
   35.358766     47.091907    0.0726953693
   35.358766     60.546737    0.0697849215
   35.358766     74.001568    0.0666870046
   35.358766     87.456398    0.0637030963
   35.358766    100.911229    0.0611481629

