  -44.766107    -47.456659   -0.0013633644
  -44.766107    -41.129105   -0.0010625752
  -44.766107    -34.801550   -0.0007854066
  -44.766107    -28.473996   -0.0005400983
  -44.766107    -22.146441   -0.0003339384
  -44.766107    -15.818886   -0.0001732292
  -44.766107     -9.491332   -0.0000630643
  -44.766107     -3.163777   -0.0000070467
  -44.766107      3.163777   -0.0000070467
  -44.766107      9.491332   -0.0000630643
  -44.766107     15.818886   -0.0001732292
  -44.766107     22.146441   -0.0003339384
  -44.766107     28.473996   -0.0005400983
  -44.766107     34.801550   -0.0007854066
  -44.766107     41.129105   -0.0010625752
  -44.766107     47.456659   -0.0013633644

  -40.053885    -47.456659   -0.0010691091
  -40.053885    -41.129105   -0.0008315579
  -40.053885    -34.801550   -0.0006190583
  -40.053885    -28.473996   -0.0004285530
  -40.053885    -22.146441   -0.0002658072
  -40.053885    -15.818886   -0.0001378853
  -40.053885     -9.491332   -0.0000501221
  -40.053885     -3.163777   -0.0000055935
  -40.053885      3.163777   -0.0000055935
  -40.053885      9.491332   -0.0000501221
  -40.053885     15.818886   -0.0001378853
  -40.053885     22.146441   -0.0002658072
  -40.053885     28.473996   -0.0004285530
  -40.053885     34.801550   -0.0006190583
  -40.053885     41.129105   -0.0008315579
  -40.053885     47.456659   -0.0010691091

  -35.341663    -47.456659   -0.0007922699
  -35.341663    -41.129105   -0.0006223227
  -35.341663    -34.801550   -0.0004644207
  -35.341663    -28.473996   -0.0003219702
  -35.341663    -22.146441   -0.0002002069
  -35.341663    -15.818886   -0.0001042129
  -35.341663     -9.491332   -0.0000380058
  -35.341663     -3.163777   -0.0000042497
  -35.341663      3.163777   -0.0000042497
  -35.341663      9.491332   -0.0000380058
  -35.341663     15.818886   -0.0001042129
  -35.341663     22.146441   -0.0002002069
  -35.341663     28.473996   -0.0003219702
  -35.341663     34.801550   -0.0004644207
  -35.341663     41.129105   -0.0006223227
  -35.341663     47.456659   -0.0007922699

  -30.629441    -47.456659   -0.0005382424
  -30.629441    -41.129105   -0.0004287794
  -30.629441    -34.801550   -0.0003218772
  -30.629441    -28.473996   -0.0002240975
  -30.629441    -22.146441   -0.0001399993
  -30.629441    -15.818886   -0.0000732334
  -30.629441     -9.491332   -0.0000268199
  -30.629441     -3.163777   -0.0000030062
  -30.629441      3.163777   -0.0000030062
  -30.629441      9.491332   -0.0000268199
  -30.629441     15.818886   -0.0000732334
  -30.629441     22.146441   -0.0001399993
  -30.629441     28.473996   -0.0002240975
  -30.629441     34.801550   -0.0003218772
  -30.629441     41.129105   -0.0004287794
  -30.629441     47.456659   -0.0005382424

  -25.917220    -47.456659   -0.0003129466
  -25.917220    -41.129105   -0.0002549236
  -25.917220    -34.801550   -0.0001945336
  -25.917220    -28.473996   -0.0001371926
  -25.917220    -22.146441   -0.0000865853
  -25.917220    -15.818886   -0.0000456437
  -25.917220     -9.491332   -0.0000168034
  -25.917220     -3.163777   -0.0000018884
  -25.917220      3.163777   -0.0000018884
  -25.917220      9.491332   -0.0000168034
  -25.917220     15.818886   -0.0000456437
  -25.917220     22.146441   -0.0000865853
  -25.917220     28.473996   -0.0001371926
  -25.917220     34.801550   -0.0001945336
  -25.917220     41.129105   -0.0002549236
  -25.917220     47.456659   -0.0003129466

  -21.204998    -47.456659   -0.0001234519
  -21.204998    -41.129105   -0.0001077420
  -21.204998    -34.801550   -0.0000866507
  -21.204998    -28.473996   -0.0000635572
  -21.204998    -22.146441   -0.0000412676
  -21.204998    -15.818886   -0.0000221817
  -21.204998     -9.491332   -0.0000082651
  -21.204998     -3.163777   -0.0000009342
  -21.204998      3.163777   -0.0000009342
  -21.204998      9.491332   -0.0000082651
  -21.204998     15.818886   -0.0000221817
  -21.204998     22.146441   -0.0000412676
  -21.204998     28.473996   -0.0000635572
  -21.204998     34.801550   -0.0000866507
  -21.204998     41.129105   -0.0001077420
  -21.204998     47.456659   -0.0001234519

  -16.492776    -47.456659    0.0000215528
  -16.492776    -41.129105    0.0000053098
  -16.492776    -34.801550   -0.0000031798
  -16.492776    -28.473996   -0.0000062155
  -16.492776    -22.146441   -0.0000058298
  -16.492776    -15.818886   -0.0000037976
  -16.492776     -9.491332   -0.0000015705
  -16.492776     -3.163777   -0.0000001860
  -16.492776      3.163777   -0.0000001860
  -16.492776      9.491332   -0.0000015705
  -16.492776     15.818886   -0.0000037976
  -16.492776     22.146441   -0.0000058298
  -16.492776     28.473996   -0.0000062155
  -16.492776     34.801550   -0.0000031798
  -16.492776     41.129105    0.0000053098
  -16.492776     47.456659    0.0000215528

  -11.780554    -47.456659    0.0001113472
  -11.780554    -41.129105    0.0000762708
  -11.780554    -34.801550    0.0000500753
  -11.780554    -28.473996    0.0000308770
  -11.780554    -22.146441    0.0000173169
  -11.780554    -15.818886    0.0000082811
  -11.780554     -9.491332    0.0000028415
  -11.780554     -3.163777    0.0000003077
  -11.780554      3.163777    0.0000003077
  -11.780554      9.491332    0.0000028415
  -11.780554     15.818886    0.0000082811
  -11.780554     22.146441    0.0000173169
  -11.780554     28.473996    0.0000308770
  -11.780554     34.801550    0.0000500753
  -11.780554     41.129105    0.0000762708
  -11.780554     47.456659    0.0001113472

   -7.068333    -47.456659    0.0001327315
   -7.068333    -41.129105    0.0000955896
   -7.068333    -34.801550    0.0000660213
   -7.068333    -28.473996    0.0000427907
   -7.068333    -22.146441    0.0000251489
   -7.068333    -15.818886    0.0000125241
   -7.068333     -9.491332    0.0000044297
   -7.068333     -3.163777    0.0000004876
   -7.068333      3.163777    0.0000004876
   -7.068333      9.491332    0.0000044297
   -7.068333     15.818886    0.0000125241
   -7.068333     22.146441    0.0000251489
   -7.068333     28.473996    0.0000427907
   -7.068333     34.801550    0.0000660213
   -7.068333     41.129105    0.0000955896
   -7.068333     47.456659    0.0001327315

   -2.356111    -47.456659    0.0000694644
   -2.356111    -41.129105    0.0000510030
   -2.356111    -34.801550    0.0000357923
   -2.356111    -28.473996    0.0000235360
   -2.356111    -22.146441    0.0000140190
   -2.356111    -15.818886    0.0000070634
   -2.356111     -9.491332    0.0000025203
   -2.356111     -3.163777    0.0000002787
   -2.356111      3.163777    0.0000002787
   -2.356111      9.491332    0.0000025203
   -2.356111     15.818886    0.0000070634
   -2.356111     22.146441    0.0000140190
   -2.356111     28.473996    0.0000235360
   -2.356111     34.801550    0.0000357923
   -2.356111     41.129105    0.0000510030
   -2.356111     47.456659    0.0000694644

    2.356111    -47.456659   -0.0000984863
    2.356111    -41.129105   -0.0000731146
    2.356111    -34.801550   -0.0000516796
    2.356111    -28.473996   -0.0000341937
    2.356111    -22.146441   -0.0000204918
    2.356111    -15.818886   -0.0000103844
    2.356111     -9.491332   -0.0000037224
    2.356111     -3.163777   -0.0000004127
    2.356111      3.163777   -0.0000004127
    2.356111      9.491332   -0.0000037224
    2.356111     15.818886   -0.0000103844
    2.356111     22.146441   -0.0000204918
    2.356111     28.473996   -0.0000341937
    2.356111     34.801550   -0.0000516796
    2.356111     41.129105   -0.0000731146
    2.356111     47.456659   -0.0000984863

    7.068333    -47.456659   -0.0003959427
    7.068333    -41.129105   -0.0002959222
    7.068333    -34.801550   -0.0002100605
    7.068333    -28.473996   -0.0001394861
    7.068333    -22.146441   -0.0000838853
    7.068333    -15.818886   -0.0000426490
    7.068333     -9.491332   -0.0000153277
    7.068333     -3.163777   -0.0000017020
    7.068333      3.163777   -0.0000017020
    7.068333      9.491332   -0.0000153277
    7.068333     15.818886   -0.0000426490
    7.068333     22.146441   -0.0000838853
    7.068333     28.473996   -0.0001394861
    7.068333     34.801550   -0.0002100605
    7.068333     41.129105   -0.0002959222
    7.068333     47.456659   -0.0003959427

   11.780554    -47.456659   -0.0008538171
   11.780554    -41.129105   -0.0006402972
   11.780554    -34.801550   -0.0004561272
   11.780554    -28.473996   -0.0003038312
   11.780554    -22.146441   -0.0001831705
   11.780554    -15.818886   -0.0000932894
   11.780554     -9.491332   -0.0000335634
   11.780554     -3.163777   -0.0000037289
   11.780554      3.163777   -0.0000037289
   11.780554      9.491332   -0.0000335634
   11.780554     15.818886   -0.0000932894
   11.780554     22.146441   -0.0001831705
   11.780554     28.473996   -0.0003038312
   11.780554     34.801550   -0.0004561272
   11.780554     41.129105   -0.0006402972
   11.780554     47.456659   -0.0008538171

   16.492776    -47.456659   -0.0015107579
   16.492776    -41.129105   -0.0011340298
   16.492776    -34.801550   -0.0008106678
   16.492776    -28.473996   -0.0005417610
   16.492776    -22.146441   -0.0003272660
   16.492776    -15.818886   -0.0001668020
   16.492776     -9.491332   -0.0000600110
   16.492776     -3.163777   -0.0000066659
   16.492776      3.163777   -0.0000066659
   16.492776      9.491332   -0.0000600110
   16.492776     15.818886   -0.0001668020
   16.492776     22.146441   -0.0003272660
   16.492776     28.473996   -0.0005417610
   16.492776     34.801550   -0.0008106678
   16.492776     41.129105   -0.0011340298
   16.492776     47.456659   -0.0015107579

   21.204998    -47.456659   -0.0024151736
   21.204998    -41.129105   -0.0018135218
   21.204998    -34.801550   -0.0013001680
   21.204998    -28.473996   -0.0008712839
   21.204998    -22.146441   -0.0005271689
   21.204998    -15.818886   -0.0002688162
   21.204998     -9.491332   -0.0000966966
   21.204998     -3.163777   -0.0000107382
   21.204998      3.163777   -0.0000107382
   21.204998      9.491332   -0.0000966966
   21.204998     15.818886   -0.0002688162
   21.204998     22.146441   -0.0005271689
   21.204998     28.473996   -0.0008712839
   21.204998     34.801550   -0.0013001680
   21.204998     41.129105   -0.0018135218
   21.204998     47.456659   -0.0024151736

   25.917220    -47.456659   -0.0036276608
   25.917220    -41.129105   -0.0027319885
   25.917220    -34.801550   -0.0019598070
   25.917220    -28.473996   -0.0013137977
   25.917220    -22.146441   -0.0007955945
   25.917220    -15.818886   -0.0004062163
   25.917220     -9.491332   -0.0001463080
   25.917220     -3.163777   -0.0000162603
   25.917220      3.163777   -0.0000162603
   25.917220      9.491332   -0.0001463080
   25.917220     15.818886   -0.0004062163
   25.917220     22.146441   -0.0007955945
   25.917220     28.473996   -0.0013137977
   25.917220     34.801550   -0.0019598070
   25.917220     41.129105   -0.0027319885
   25.917220     47.456659   -0.0036276608

