  -45.038700    -47.136383    0.0816396116
  -45.038700    -40.851532    0.0724752108
  -45.038700    -34.566681    0.0645291131
  -45.038700    -28.281830    0.0577931429
  -45.038700    -21.996979    0.0522602930
  -45.038700    -15.712128    0.0479257116
  -45.038700     -9.427277    0.0447873008
  -45.038700     -3.142426    0.0428459297
  -45.038700      3.142426    0.0421052603
  -45.038700      9.427277    0.0425711867
  -45.038700     15.712128    0.0442508882
  -45.038700     21.996979    0.0471514951
  -45.038700     28.281830    0.0512783680
  -45.038700     34.566681    0.0566329909
  -45.038700     40.851532    0.0632104769
  -45.038700     47.136383    0.0709966880

  -39.033540    -47.136383    0.0679168478
  -39.033540    -40.851532    0.0591574963
  -39.033540    -34.566681    0.0515874643
  -39.033540    -28.281830    0.0451988864
  -39.033540    -21.996979    0.0399851274
  -39.033540    -15.712128    0.0359418309
  -39.033540     -9.427277    0.0330675701
  -39.033540     -3.142426    0.0313641043
  -39.033540      3.142426    0.0308362391
  -39.033540      9.427277    0.0314912914
  -39.033540     15.712128    0.0333381580
  -39.033540     21.996979    0.0363859895
  -39.033540     28.281830    0.0406424672
  -39.033540     34.566681    0.0461116859
  -39.033540     40.851532    0.0527916396
  -39.033540     47.136383    0.0606713124

  -33.028380    -47.136383    0.0565450304
  -33.028380    -40.851532    0.0481409289
  -33.028380    -34.566681    0.0408983118
  -33.028380    -28.281830    0.0348095793
  -33.028380    -21.996979    0.0298684162
  -33.028380    -15.712128    0.0260709028
  -33.028380     -9.427277    0.0234162206
  -33.028380     -3.142426    0.0219069535
  -33.028380      3.142426    0.0215489835
  -33.028380      9.427277    0.0223509815
  -33.028380     15.712128    0.0243234933
  -33.028380     21.996979    0.0274776199
  -33.028380     28.281830    0.0318232936
  -33.028380     34.566681    0.0373671485
  -33.028380     40.851532    0.0441099859
  -33.028380     47.136383    0.0520438353

  -27.023220    -47.136383    0.0473440815
  -27.023220    -40.851532    0.0392509090
  -27.023220    -34.566681    0.0322924246
  -27.023220    -28.281830    0.0264612499
  -27.023220    -21.996979    0.0217513390
  -27.023220    -15.712128    0.0181591530
  -27.023220     -9.427277    0.0156844213
  -27.023220     -3.142426    0.0143304875
  -27.023220      3.142426    0.0141042420
  -27.023220      9.427277    0.0150156397
  -27.023220     15.712128    0.0170768037
  -27.023220     21.996979    0.0203007144
  -27.023220     28.281830    0.0246994849
  -27.023220     34.566681    0.0302822213
  -27.023220     40.851532    0.0370524696
  -27.023220     47.136383    0.0450052479

  -21.018060    -47.136383    0.0401471241
  -21.018060    -40.851532    0.0323255307
  -21.018060    -34.566681    0.0256127699
  -21.018060    -28.281830    0.0200016439
  -21.018060    -21.996979    0.0154863281
  -21.018060    -15.712128    0.0120636103
  -21.018060     -9.427277    0.0097337075
  -21.018060     -3.142426    0.0085006582
  -21.018060      3.142426    0.0083722927
  -21.018060      9.427277    0.0093597788
  -21.018060     15.712128    0.0114767446
  -21.018060     21.996979    0.0147379784
  -21.018060     28.281830    0.0191577042
  -21.018060     34.566681    0.0247474348
  -21.018060     40.851532    0.0315134009
  -21.018060     47.136383    0.0394535571

  -15.012900    -47.136383    0.0347996279
  -15.012900    -40.851532    0.0272147693
  -15.012900    -34.566681    0.0207137418
  -15.012900    -28.281830    0.0152894933
  -15.012900    -21.996979    0.0109363753
  -15.012900    -15.712128    0.0076514487
  -15.012900     -9.427277    0.0054353575
  -15.012900     -3.142426    0.0042927697
  -15.012900      3.142426    0.0042323861
  -15.012900      9.427277    0.0052665159
  -15.012900     15.712128    0.0074102206
  -15.012900     21.996979    0.0106800245
  -15.012900     28.281830    0.0150921937
  -15.012900     34.566681    0.0206605815
  -15.012900     40.851532    0.0273940421
  -15.012900     47.136383    0.0352934116

   -9.007740    -47.136383    0.0311585958
   -9.007740    -40.851532    0.0237797051
   -9.007740    -34.566681    0.0174604244
   -9.007740    -28.281830    0.0121938173
   -9.007740    -21.996979    0.0079743679
   -9.007740    -15.712128    0.0047993568
   -9.007740     -9.427277    0.0026697941
   -9.007740     -3.142426    0.0015909109
   -9.007740      3.142426    0.0015722083
   -9.007740      9.427277    0.0026270657
   -9.007740     15.712128    0.0047719058
   -9.007740     21.996979    0.0080249182
   -9.007740     28.281830    0.0124043417
   -9.007740     34.566681    0.0179263034
   -9.007740     40.851532    0.0246022171
   -9.007740     47.136383    0.0324357390

   -3.002580    -47.136383    0.0290917895
   -3.002580    -40.851532    0.0218917853
   -3.002580    -34.566681    0.0157278895
   -3.002580    -28.281830    0.0105932537
   -3.002580    -21.996979    0.0064824530
   -3.002580    -15.712128    0.0033929341
   -3.002580     -9.427277    0.0013260113
   -3.002580     -3.142426    0.0002874112
   -3.002580      3.142426    0.0002873654
   -3.002580      9.427277    0.0013402512
   -3.002580     15.712128    0.0034637806
   -3.002580     21.996979    0.0066777379
   -3.002580     28.281830    0.0110022649
   -3.002580     34.566681    0.0164556950
   -3.002580     40.851532    0.0230519343
   -3.002580     47.136383    0.0307973927

    3.002580    -47.136383    0.0284769940
    3.002580    -40.851532    0.0214321229
    3.002580    -34.566681    0.0154005284
    3.002580    -28.281830    0.0103754237
    3.002580    -21.996979    0.0063514328
    3.002580    -15.712128    0.0033261144
    3.002580     -9.427277    0.0013010251
    3.002580     -3.142426    0.0002823193
    3.002580      3.142426    0.0002808879
    3.002580      9.427277    0.0013120336
    3.002580     15.712128    0.0033946857
    3.002580     21.996979    0.0065501514
    3.002580     28.281830    0.0108004056
    3.002580     34.566681    0.0161659188
    3.002580     40.851532    0.0226630220
    3.002580     47.136383    0.0303008102

    9.007740    -47.136383    0.0292013227
    9.007740    -40.851532    0.0222908327
    9.007740    -34.566681    0.0163714186
    9.007740    -28.281830    0.0114363269
    9.007740    -21.996979    0.0074801868
    9.007740    -15.712128    0.0045006157
    9.007740     -9.427277    0.0024993499
    9.007740     -3.142426    0.0014829038
    9.007740      3.142426    0.0014627558
    9.007740      9.427277    0.0024550611
    9.007740     15.712128    0.0044798925
    9.007740     21.996979    0.0075600074
    9.007740     28.281830    0.0117191428
    9.007740     34.566681    0.0169798367
    9.007740     40.851532    0.0233607778
    9.007740     47.136383    0.0308736809

   15.012900    -47.136383    0.0311605611
   15.012900    -40.851532    0.0243664046
   15.012900    -34.566681    0.0185417248
   15.012900    -28.281830    0.0136797682
   15.012900    -21.996979    0.0097751255
   15.012900    -15.712128    0.0068254179
   15.012900     -9.427277    0.0048324997
   15.012900     -3.142426    0.0038031773
   15.012900      3.142426    0.0037494449
   15.012900      9.427277    0.0046882356
   15.012900     15.712128    0.0066406905
   15.012900     21.996979    0.0096309427
   15.012900     28.281830    0.0136844183
   15.012900     34.566681    0.0188256542
   15.012900     40.851532    0.0250756314
   15.012900     47.136383    0.0324486255

   21.018060    -47.136383    0.0342585508
   21.018060    -40.851532    0.0275651147
   21.018060    -34.566681    0.0218201339
   21.018060    -28.281830    0.0170168175
   21.018060    -21.996979    0.0131496713
   21.018060    -15.712128    0.0102162663
   21.018060     -9.427277    0.0082185133
   21.018060     -3.142426    0.0071634430
   21.018060      3.142426    0.0070634927
   21.018060      9.427277    0.0079362982
   21.018060     15.712128    0.0098039914
   21.018060     21.996979    0.0126920042
   21.018060     28.281830    0.0166273780
   21.018060     34.566681    0.0216365791
   21.018060     40.851532    0.0277428198
   21.018060     47.136383    0.0349628853

   27.023220    -47.136383    0.0384066124
   27.023220    -40.851532    0.0318004730
   27.023220    -34.566681    0.0261223249
   27.023220    -28.281830    0.0213652994
   27.023220    -21.996979    0.0175237701
   27.023220    -15.712128    0.0145952034
   27.023220     -9.427277    0.0125815054
   27.023220     -3.142426    0.0114898638
   27.023220      3.142426    0.0113330861
   27.023220      9.427277    0.0121294335
   27.023220     15.712128    0.0139019499
   27.023220     21.996979    0.0166772873
   27.023220     28.281830    0.0204840269
   27.023220     34.566681    0.0253504952
   27.023220     40.851532    0.0313020768
   27.023220     47.136383    0.0383580223

   33.028380    -47.136383    0.0435230082
   33.028380    -40.851532    0.0369927087
   33.028380    -34.566681    0.0313704734
   33.028380    -28.281830    0.0266493159
   33.028380    -21.996979    0.0228234309
   33.028380    -15.712128    0.0198901263
   33.028380     -9.427277    0.0178512419
   33.028380     -3.142426    0.0167140546
   33.028380      3.142426    0.0164916684
   33.028380      9.427277    0.0172028920
   33.028380     15.712128    0.0188716014
   33.028380     21.996979    0.0215255891
   33.028380     28.281830    0.0251948993
   33.028380     34.566681    0.0299096490
   33.028380     40.851532    0.0356973354
   33.028380     47.136383    0.0425796296

   39.033540    -47.136383    0.0495324445
   39.033540    -40.851532    0.0430682928
   39.033540    -34.566681    0.0374927897
   39.033540    -28.281830    0.0327988000
   39.033540    -21.996979    0.0289802957
   39.033540    -15.712128    0.0260343721
   39.033540     -9.427277    0.0239627405
   39.033540     -3.142426    0.0227726971
   39.033540      3.142426    0.0224775680
   39.033540      9.427277    0.0230966316
   39.033540     15.712128    0.0246545167
   39.033540     21.996979    0.0271800772
   39.033540     28.281830    0.0307047437
   39.033540     34.566681    0.0352603512
   39.033540     40.851532    0.0408764433
   39.033540     47.136383    0.0475770529

   45.038700    -47.136383    0.0563656134
   45.038700    -40.851532    0.0499594977
   45.038700    -34.566681    0.0444230924
   45.038700    -28.281830    0.0397491013
   45.038700    -21.996979    0.0359312375
   45.038700    -15.712128    0.0329663298
   45.038700     -9.427277    0.0308558953
   45.038700     -3.142426    0.0296071769
   45.038700      3.142426    0.0292336471
   45.038700      9.427277    0.0297549772
   45.038700     15.712128    0.0311964728
   45.038700     21.996979    0.0335879739
   45.038700     28.281830    0.0369622221
   45.038700     34.566681    0.0413526925
   45.038700     40.851532    0.0467908917
   45.038700     47.136383    0.0533031218

