  -35.358766    -50.619018   -0.0186842277
  -35.358766    -43.869816   -0.0146336897
  -35.358766    -37.120613   -0.0108692158
  -35.358766    -30.371411   -0.0075069573
  -35.358766    -23.622208   -0.0046581892
  -35.358766    -16.873006   -0.0024230108
  -35.358766    -10.123804   -0.0008837070
  -35.358766     -3.374601   -0.0000988342
  -35.358766      3.374601   -0.0000988342
  -35.358766     10.123804   -0.0008837070
  -35.358766     16.873006   -0.0024230108
  -35.358766     23.622208   -0.0046581892
  -35.358766     30.371411   -0.0075069573
  -35.358766     37.120613   -0.0108692158
  -35.358766     43.869816   -0.0146336897
  -35.358766     50.619018   -0.0186842277

  -30.644264    -50.619018   -0.0133618698
  -30.644264    -43.869816   -0.0104717226
  -30.644264    -37.120613   -0.0077637531
  -30.644264    -30.371411   -0.0053533648
  -30.644264    -23.622208   -0.0033197039
  -30.644264    -16.873006   -0.0017271435
  -30.644264    -10.123804   -0.0006302724
  -30.644264     -3.374601   -0.0000705204
  -30.644264      3.374601   -0.0000705204
  -30.644264     10.123804   -0.0006302724
  -30.644264     16.873006   -0.0017271435
  -30.644264     23.622208   -0.0033197039
  -30.644264     30.371411   -0.0053533648
  -30.644264     37.120613   -0.0077637531
  -30.644264     43.869816   -0.0104717226
  -30.644264     50.619018   -0.0133618698

  -25.929762    -50.619018   -0.0091712332
  -25.929762    -43.869816   -0.0071759848
  -25.929762    -37.120613   -0.0053191662
  -25.929762    -30.371411   -0.0036670812
  -25.929762    -23.622208   -0.0022727820
  -25.929762    -16.873006   -0.0011815139
  -25.929762    -10.123804   -0.0004308264
  -25.929762     -3.374601   -0.0000481820
  -25.929762      3.374601   -0.0000481820
  -25.929762     10.123804   -0.0004308264
  -25.929762     16.873006   -0.0011815139
  -25.929762     23.622208   -0.0022727820
  -25.929762     30.371411   -0.0036670812
  -25.929762     37.120613   -0.0053191662
  -25.929762     43.869816   -0.0071759848
  -25.929762     50.619018   -0.0091712332

  -21.215260    -50.619018   -0.0059267831
  -21.215260    -43.869816   -0.0046305871
  -21.215260    -37.120613   -0.0034321162
  -21.215260    -30.371411   -0.0023659584
  -21.215260    -23.622208   -0.0014656980
  -21.215260    -16.873006   -0.0007613807
  -21.215260    -10.123804   -0.0002774238
  -21.215260     -3.374601   -0.0000310120
  -21.215260      3.374601   -0.0000310120
  -21.215260     10.123804   -0.0002774238
  -21.215260     16.873006   -0.0007613807
  -21.215260     23.622208   -0.0014656980
  -21.215260     30.371411   -0.0023659584
  -21.215260     37.120613   -0.0034321162
  -21.215260     43.869816   -0.0046305871
  -21.215260     50.619018   -0.0059267831

  -16.500757    -50.619018   -0.0034856232
  -16.500757    -43.869816   -0.0027222986
  -16.500757    -37.120613   -0.0020166029
  -16.500757    -30.371411   -0.0013894502
  -16.500757    -23.622208   -0.0008604249
  -16.500757    -16.873006   -0.0004468496
  -16.500757    -10.123804   -0.0001627952
  -16.500757     -3.374601   -0.0000181970
  -16.500757      3.374601   -0.0000181970
  -16.500757     10.123804   -0.0001627952
  -16.500757     16.873006   -0.0004468496
  -16.500757     23.622208   -0.0008604249
  -16.500757     30.371411   -0.0013894502
  -16.500757     37.120613   -0.0020166029
  -16.500757     43.869816   -0.0027222986
  -16.500757     50.619018   -0.0034856232

  -11.786255    -50.619018   -0.0017411765
  -11.786255    -43.869816   -0.0013607623
  -11.786255    -37.120613   -0.0010070160
  -11.786255    -30.371411   -0.0006932045
  -11.786255    -23.622208   -0.0004291397
  -11.786255    -16.873006   -0.0002229174
  -11.786255    -10.123804   -0.0000812477
  -11.786255     -3.374601   -0.0000090846
  -11.786255      3.374601   -0.0000090846
  -11.786255     10.123804   -0.0000812477
  -11.786255     16.873006   -0.0002229174
  -11.786255     23.622208   -0.0004291397
  -11.786255     30.371411   -0.0006932045
  -11.786255     37.120613   -0.0010070160
  -11.786255     43.869816   -0.0013607623
  -11.786255     50.619018   -0.0017411765

   -7.071753    -50.619018   -0.0006180589
   -7.071753    -43.869816   -0.0004835379
   -7.071753    -37.120613   -0.0003574622
   -7.071753    -30.371411   -0.0002458299
   -7.071753    -23.622208   -0.0001521525
   -7.071753    -16.873006   -0.0000790697
   -7.071753    -10.123804   -0.0000288376
   -7.071753     -3.374601   -0.0000032259
   -7.071753      3.374601   -0.0000032259
   -7.071753     10.123804   -0.0000288376
   -7.071753     16.873006   -0.0000790697
   -7.071753     23.622208   -0.0001521525
   -7.071753     30.371411   -0.0002458299
   -7.071753     37.120613   -0.0003574622
   -7.071753     43.869816   -0.0004835379
   -7.071753     50.619018   -0.0006180589

   -2.357251    -50.619018   -0.0000681918
   -2.357251    -43.869816   -0.0000533902
   -2.357251    -37.120613   -0.0000394433
   -2.357251    -30.371411   -0.0000271089
   -2.357251    -23.622208   -0.0000167768
   -2.357251    -16.873006   -0.0000087212
   -2.357251    -10.123804   -0.0000031822
   -2.357251     -3.374601   -0.0000003561
   -2.357251      3.374601   -0.0000003561
   -2.357251     10.123804   -0.0000031822
   -2.357251     16.873006   -0.0000087212
   -2.357251     23.622208   -0.0000167768
   -2.357251     30.371411   -0.0000271089
   -2.357251     37.120613   -0.0000394433
   -2.357251     43.869816   -0.0000533902
   -2.357251     50.619018   -0.0000681918

    2.357251    -50.619018   -0.0000681918
    2.357251    -43.869816   -0.0000533902
    2.357251    -37.120613   -0.0000394433
    2.357251    -30.371411   -0.0000271089
    2.357251    -23.622208   -0.0000167768
    2.357251    -16.873006   -0.0000087212
    2.357251    -10.123804   -0.0000031822
    2.357251     -3.374601   -0.0000003561
    2.357251      3.374601   -0.0000003561
    2.357251     10.123804   -0.0000031822
    2.357251     16.873006   -0.0000087212
    2.357251     23.622208   -0.0000167768
    2.357251     30.371411   -0.0000271089
    2.357251     37.120613   -0.0000394433
    2.357251     43.869816   -0.0000533902
    2.357251     50.619018   -0.0000681918

    7.071753    -50.619018   -0.0006180589
    7.071753    -43.869816   -0.0004835379
    7.071753    -37.120613   -0.0003574622
    7.071753    -30.371411   -0.0002458299
    7.071753    -23.622208   -0.0001521525
    7.071753    -16.873006   -0.0000790697
    7.071753    -10.123804   -0.0000288376
    7.071753     -3.374601   -0.0000032259
    7.071753      3.374601   -0.0000032259
    7.071753     10.123804   -0.0000288376
    7.071753     16.873006   -0.0000790697
    7.071753     23.622208   -0.0001521525
    7.071753     30.371411   -0.0002458299
    7.071753     37.120613   -0.0003574622
    7.071753     43.869816   -0.0004835379
    7.071753     50.619018   -0.0006180589

   11.786255    -50.619018   -0.0017411765
   11.786255    -43.869816   -0.0013607623
   11.786255    -37.120613   -0.0010070160
   11.786255    -30.371411   -0.0006932045
   11.786255    -23.622208   -0.0004291397
   11.786255    -16.873006   -0.0002229174
   11.786255    -10.123804   -0.0000812477
   11.786255     -3.374601   -0.0000090846
   11.786255      3.374601   -0.0000090846
   11.786255     10.123804   -0.0000812477
   11.786255     16.873006   -0.0002229174
   11.786255     23.622208   -0.0004291397
   11.786255     30.371411   -0.0006932045
   11.786255     37.120613   -0.0010070160
   11.786255     43.869816   -0.0013607623
   11.786255     50.619018   -0.0017411765

   16.500757    -50.619018   -0.0034856232
   16.500757    -43.869816   -0.0027222986
   16.500757    -37.120613   -0.0020166029
   16.500757    -30.371411   -0.0013894502
   16.500757    -23.622208   -0.0008604249
   16.500757    -16.873006   -0.0004468496
   16.500757    -10.123804   -0.0001627952
   16.500757     -3.374601   -0.0000181970
   16.500757      3.374601   -0.0000181970
   16.500757     10.123804   -0.0001627952
   16.500757     16.873006   -0.0004468496
   16.500757     23.622208   -0.0008604249
   16.500757     30.371411   -0.0013894502
   16.500757     37.120613   -0.0020166029
   16.500757     43.869816   -0.0027222986
   16.500757     50.619018   -0.0034856232

   21.215260    -50.619018   -0.0059267831
   21.215260    -43.869816   -0.0046305871
   21.215260    -37.120613   -0.0034321162
   21.215260    -30.371411   -0.0023659584
   21.215260    -23.622208   -0.0014656980
   21.215260    -16.873006   -0.0007613807
   21.215260    -10.123804   -0.0002774238
   21.215260     -3.374601   -0.0000310120
   21.215260      3.374601   -0.0000310120
   21.215260     10.123804   -0.0002774238
   21.215260     16.873006   -0.0007613807
   21.215260     23.622208   -0.0014656980
   21.215260     30.371411   -0.0023659584
   21.215260     37.120613   -0.0034321162
   21.215260     43.869816   -0.0046305871
   21.215260     50.619018   -0.0059267831

   25.929762    -50.619018   -0.0091712332
   25.929762    -43.869816   -0.0071759848
   25.929762    -37.120613   -0.0053191662
   25.929762    -30.371411   -0.0036670812
   25.929762    -23.622208   -0.0022727820
   25.929762    -16.873006   -0.0011815139
   25.929762    -10.123804   -0.0004308264
   25.929762     -3.374601   -0.0000481820
   25.929762      3.374601   -0.0000481820
   25.929762     10.123804   -0.0004308264
   25.929762     16.873006   -0.0011815139
   25.929762     23.622208   -0.0022727820
   25.929762     30.371411   -0.0036670812
   25.929762     37.120613   -0.0053191662
   25.929762     43.869816   -0.0071759848
   25.929762     50.619018   -0.0091712332

   30.644264    -50.619018   -0.0133618698
   30.644264    -43.869816   -0.0104717226
   30.644264    -37.120613   -0.0077637531
   30.644264    -30.371411   -0.0053533648
   30.644264    -23.622208   -0.0033197039
   30.644264    -16.873006   -0.0017271435
   30.644264    -10.123804   -0.0006302724
   30.644264     -3.374601   -0.0000705204
   30.644264      3.374601   -0.0000705204
   30.644264     10.123804   -0.0006302724
   30.644264     16.873006   -0.0017271435
   30.644264     23.622208   -0.0033197039
   30.644264     30.371411   -0.0053533648
   30.644264     37.120613   -0.0077637531
   30.644264     43.869816   -0.0104717226
   30.644264     50.619018   -0.0133618698

   35.358766    -50.619018   -0.0186842277
   35.358766    -43.869816   -0.0146336897
   35.358766    -37.120613   -0.0108692158
   35.358766    -30.371411   -0.0075069573
   35.358766    -23.622208   -0.0046581892
   35.358766    -16.873006   -0.0024230108
   35.358766    -10.123804   -0.0008837070
   35.358766     -3.374601   -0.0000988342
   35.358766      3.374601   -0.0000988342
   35.358766     10.123804   -0.0008837070
   35.358766     16.873006   -0.0024230108
   35.358766     23.622208   -0.0046581892
   35.358766     30.371411   -0.0075069573
   35.358766     37.120613   -0.0108692158
   35.358766     43.869816   -0.0146336897
   35.358766     50.619018   -0.0186842277

