  -35.358766    -42.952389    0.0019053938
  -35.358766    -37.225404    0.0018277212
  -35.358766    -31.498419    0.0016932634
  -35.358766    -25.771434    0.0015032785
  -35.358766    -20.044448    0.0012591099
  -35.358766    -14.317463    0.0009622273
  -35.358766     -8.590478    0.0006142186
  -35.358766     -2.863493    0.0002167508
  -35.358766      2.863493   -0.0002284804
  -35.358766      8.590478   -0.0007198038
  -35.358766     14.317463   -0.0012556230
  -35.358766     20.044448   -0.0018344631
  -35.358766     25.771434   -0.0024550201
  -35.358766     31.498419   -0.0031162243
  -35.358766     37.225404   -0.0038173339
  -35.358766     42.952389   -0.0045580809

  -30.644264    -42.952389    0.0010659889
  -30.644264    -37.225404    0.0010294352
  -30.644264    -31.498419    0.0009886400
  -30.644264    -25.771434    0.0009012925
  -30.644264    -20.044448    0.0007661021
  -30.644264    -14.317463    0.0005909077
  -30.644264     -8.590478    0.0003805482
  -30.644264     -2.863493    0.0001356396
  -30.644264      2.863493   -0.0001444155
  -30.644264      8.590478   -0.0004586772
  -30.644264     14.317463   -0.0008044827
  -30.644264     20.044448   -0.0011799522
  -30.644264     25.771434   -0.0015871281
  -30.644264     31.498419   -0.0020315074
  -30.644264     37.225404   -0.0025115432
  -30.644264     42.952389   -0.0029895115

  -25.929762    -42.952389    0.0005083619
  -25.929762    -37.225404    0.0005222029
  -25.929762    -31.498419    0.0005182036
  -25.929762    -25.771434    0.0004848793
  -25.929762    -20.044448    0.0004221508
  -25.929762    -14.317463    0.0003325488
  -25.929762     -8.590478    0.0002178435
  -25.929762     -2.863493    0.0000786737
  -25.929762      2.863493   -0.0000846509
  -25.929762      8.590478   -0.0002714101
  -25.929762     14.317463   -0.0004804308
  -25.929762     20.044448   -0.0007107873
  -25.929762     25.771434   -0.0009626875
  -25.929762     31.498419   -0.0012373991
  -25.929762     37.225404   -0.0015344696
  -25.929762     42.952389   -0.0018439000

  -21.215260    -42.952389    0.0001701954
  -21.215260    -37.225404    0.0002075909
  -21.215260    -31.498419    0.0002214945
  -21.215260    -25.771434    0.0002184944
  -21.215260    -20.044448    0.0001992538
  -21.215260    -14.317463    0.0001631586
  -21.215260     -8.590478    0.0001100953
  -21.215260     -2.863493    0.0000406303
  -21.215260      2.863493   -0.0000444439
  -21.215260      8.590478   -0.0001445457
  -21.215260     14.317463   -0.0002593847
  -21.215260     20.044448   -0.0003886556
  -21.215260     25.771434   -0.0005316312
  -21.215260     31.498419   -0.0006872458
  -21.215260     37.225404   -0.0008555776
  -21.215260     42.952389   -0.0010419462

  -16.500757    -42.952389   -0.0000030407
  -16.500757    -37.225404    0.0000343686
  -16.500757    -31.498419    0.0000556570
  -16.500757    -25.771434    0.0000672728
  -16.500757    -20.044448    0.0000697645
  -16.500757    -14.317463    0.0000623570
  -16.500757     -8.590478    0.0000447335
  -16.500757     -2.863493    0.0000172487
  -16.500757      2.863493   -0.0000194969
  -16.500757      8.590478   -0.0000650875
  -16.500757     14.317463   -0.0001193893
  -16.500757     20.044448   -0.0001822734
  -16.500757     25.771434   -0.0002532188
  -16.500757     31.498419   -0.0003313459
  -16.500757     37.225404   -0.0004167272
  -16.500757     42.952389   -0.0005141191

  -11.786255    -42.952389   -0.0000608389
  -11.786255    -37.225404   -0.0000347801
  -11.786255    -31.498419   -0.0000153474
  -11.786255    -25.771434   -0.0000011446
  -11.786255    -20.044448    0.0000080150
  -11.786255    -14.317463    0.0000120334
  -11.786255     -8.590478    0.0000109133
  -11.786255     -2.863493    0.0000048257
  -11.786255      2.863493   -0.0000059691
  -11.786255      8.590478   -0.0000212245
  -11.786255     14.317463   -0.0000407636
  -11.786255     20.044448   -0.0000644650
  -11.786255     25.771434   -0.0000922068
  -11.786255     31.498419   -0.0001238466
  -11.786255     37.225404   -0.0001593638
  -11.786255     42.952389   -0.0001993431

   -7.071753    -42.952389   -0.0000495123
   -7.071753    -37.225404   -0.0000368136
   -7.071753    -31.498419   -0.0000255487
   -7.071753    -25.771434   -0.0000164249
   -7.071753    -20.044448   -0.0000094493
   -7.071753    -14.317463   -0.0000044649
   -7.071753     -8.590478   -0.0000013467
   -7.071753     -2.863493   -0.0000000172
   -7.071753      2.863493   -0.0000003980
   -7.071753      8.590478   -0.0000023740
   -7.071753     14.317463   -0.0000058084
   -7.071753     20.044448   -0.0000106041
   -7.071753     25.771434   -0.0000167700
   -7.071753     31.498419   -0.0000244079
   -7.071753     37.225404   -0.0000334977
   -7.071753     42.952389   -0.0000433165

   -2.357251    -42.952389   -0.0000135436
   -2.357251    -37.225404   -0.0000109418
   -2.357251    -31.498419   -0.0000084397
   -2.357251    -25.771434   -0.0000062562
   -2.357251    -20.044448   -0.0000044068
   -2.357251    -14.317463   -0.0000028496
   -2.357251     -8.590478   -0.0000015444
   -2.357251     -2.863493   -0.0000004637
   -2.357251      2.863493    0.0000004172
   -2.357251      8.590478    0.0000011295
   -2.357251     14.317463    0.0000017113
   -2.357251     20.044448    0.0000021952
   -2.357251     25.771434    0.0000025927
   -2.357251     31.498419    0.0000028897
   -2.357251     37.225404    0.0000030808
   -2.357251     42.952389    0.0000032741

    2.357251    -42.952389    0.0000032741
    2.357251    -37.225404    0.0000030808
    2.357251    -31.498419    0.0000028897
    2.357251    -25.771434    0.0000025927
    2.357251    -20.044448    0.0000021952
    2.357251    -14.317463    0.0000017113
    2.357251     -8.590478    0.0000011295
    2.357251     -2.863493    0.0000004172
    2.357251      2.863493   -0.0000004637
    2.357251      8.590478   -0.0000015444
    2.357251     14.317463   -0.0000028496
    2.357251     20.044448   -0.0000044068
    2.357251     25.771434   -0.0000062562
    2.357251     31.498419   -0.0000084397
    2.357251     37.225404   -0.0000109418
    2.357251     42.952389   -0.0000135436

    7.071753    -42.952389   -0.0000433165
    7.071753    -37.225404   -0.0000334977
    7.071753    -31.498419   -0.0000244079
    7.071753    -25.771434   -0.0000167700
    7.071753    -20.044448   -0.0000106041
    7.071753    -14.317463   -0.0000058084
    7.071753     -8.590478   -0.0000023740
    7.071753     -2.863493   -0.0000003980
    7.071753      2.863493   -0.0000000172
    7.071753      8.590478   -0.0000013467
    7.071753     14.317463   -0.0000044649
    7.071753     20.044448   -0.0000094493
    7.071753     25.771434   -0.0000164249
    7.071753     31.498419   -0.0000255487
    7.071753     37.225404   -0.0000368136
    7.071753     42.952389   -0.0000495123

   11.786255    -42.952389   -0.0001993431
   11.786255    -37.225404   -0.0001593638
   11.786255    -31.498419   -0.0001238466
   11.786255    -25.771434   -0.0000922068
   11.786255    -20.044448   -0.0000644650
   11.786255    -14.317463   -0.0000407636
   11.786255     -8.590478   -0.0000212245
   11.786255     -2.863493   -0.0000059691
   11.786255      2.863493    0.0000048257
   11.786255      8.590478    0.0000109133
   11.786255     14.317463    0.0000120334
   11.786255     20.044448    0.0000080150
   11.786255     25.771434   -0.0000011446
   11.786255     31.498419   -0.0000153474
   11.786255     37.225404   -0.0000347801
   11.786255     42.952389   -0.0000608389

   16.500757    -42.952389   -0.0005141191
   16.500757    -37.225404   -0.0004167272
   16.500757    -31.498419   -0.0003313459
   16.500757    -25.771434   -0.0002532188
   16.500757    -20.044448   -0.0001822734
   16.500757    -14.317463   -0.0001193893
   16.500757     -8.590478   -0.0000650875
   16.500757     -2.863493   -0.0000194969
   16.500757      2.863493    0.0000172487
   16.500757      8.590478    0.0000447335
   16.500757     14.317463    0.0000623570
   16.500757     20.044448    0.0000697645
   16.500757     25.771434    0.0000672728
   16.500757     31.498419    0.0000556570
   16.500757     37.225404    0.0000343686
   16.500757     42.952389   -0.0000030407

   21.215260    -42.952389   -0.0010419462
   21.215260    -37.225404   -0.0008555776
   21.215260    -31.498419   -0.0006872458
   21.215260    -25.771434   -0.0005316312
   21.215260    -20.044448   -0.0003886556
   21.215260    -14.317463   -0.0002593847
   21.215260     -8.590478   -0.0001445457
   21.215260     -2.863493   -0.0000444439
   21.215260      2.863493    0.0000406303
   21.215260      8.590478    0.0001100953
   21.215260     14.317463    0.0001631586
   21.215260     20.044448    0.0001992538
   21.215260     25.771434    0.0002184944
   21.215260     31.498419    0.0002214945
   21.215260     37.225404    0.0002075909
   21.215260     42.952389    0.0001701954

   25.929762    -42.952389   -0.0018439000
   25.929762    -37.225404   -0.0015344696
   25.929762    -31.498419   -0.0012373991
   25.929762    -25.771434   -0.0009626875
   25.929762    -20.044448   -0.0007107873
   25.929762    -14.317463   -0.0004804308
   25.929762     -8.590478   -0.0002714101
   25.929762     -2.863493   -0.0000846509
   25.929762      2.863493    0.0000786737
   25.929762      8.590478    0.0002178435
   25.929762     14.317463    0.0003325488
   25.929762     20.044448    0.0004221508
   25.929762     25.771434    0.0004848793
   25.929762     31.498419    0.0005182036
   25.929762     37.225404    0.0005222029
   25.929762     42.952389    0.0005083619

   30.644264    -42.952389   -0.0029895115
   30.644264    -37.225404   -0.0025115432
   30.644264    -31.498419   -0.0020315074
   30.644264    -25.771434   -0.0015871281
   30.644264    -20.044448   -0.0011799522
   30.644264    -14.317463   -0.0008044827
   30.644264     -8.590478   -0.0004586772
   30.644264     -2.863493   -0.0001444155
   30.644264      2.863493    0.0001356396
   30.644264      8.590478    0.0003805482
   30.644264     14.317463    0.0005909077
   30.644264     20.044448    0.0007661021
   30.644264     25.771434    0.0009012925
   30.644264     31.498419    0.0009886400
   30.644264     37.225404    0.0010294352
   30.644264     42.952389    0.0010659889

   35.358766    -42.952389   -0.0045580809
   35.358766    -37.225404   -0.0038173339
   35.358766    -31.498419   -0.0031162243
   35.358766    -25.771434   -0.0024550201
   35.358766    -20.044448   -0.0018344631
   35.358766    -14.317463   -0.0012556230
   35.358766     -8.590478   -0.0007198038
   35.358766     -2.863493   -0.0002284804
   35.358766      2.863493    0.0002167508
   35.358766      8.590478    0.0006142186
   35.358766     14.317463    0.0009622273
   35.358766     20.044448    0.0012591099
   35.358766     25.771434    0.0015032785
   35.358766     31.498419    0.0016932634
   35.358766     37.225404    0.0018277212
   35.358766     42.952389    0.0019053938

