  -44.766107    -92.332122    0.0045601187
  -44.766107    -80.021172    0.0037056719
  -44.766107    -67.710222    0.0028338989
  -44.766107    -55.399273    0.0020025893
  -44.766107    -43.088323    0.0012645829
  -44.766107    -30.777374    0.0006661983
  -44.766107    -18.466424    0.0002449933
  -44.766107     -6.155475    0.0000275124
  -44.766107      6.155475    0.0000275124
  -44.766107     18.466424    0.0002449933
  -44.766107     30.777374    0.0006661983
  -44.766107     43.088323    0.0012645829
  -44.766107     55.399273    0.0020025893
  -44.766107     67.710222    0.0028338989
  -44.766107     80.021172    0.0037056719
  -44.766107     92.332122    0.0045601187

  -40.053885    -92.332122    0.0049170830
  -40.053885    -80.021172    0.0039509684
  -40.053885    -67.710222    0.0030118402
  -40.053885    -55.399273    0.0021240467
  -40.053885    -43.088323    0.0013374083
  -40.053885    -30.777374    0.0007020528
  -40.053885    -18.466424    0.0002573409
  -40.053885     -6.155475    0.0000288435
  -40.053885      6.155475    0.0000288435
  -40.053885     18.466424    0.0002573409
  -40.053885     30.777374    0.0007020528
  -40.053885     43.088323    0.0013374083
  -40.053885     55.399273    0.0021240467
  -40.053885     67.710222    0.0030118402
  -40.053885     80.021172    0.0039509684
  -40.053885     92.332122    0.0049170830

  -35.341663    -92.332122    0.0051679086
  -35.341663    -80.021172    0.0041410841
  -35.341663    -67.710222    0.0031367710
  -35.341663    -55.399273    0.0022004172
  -35.341663    -43.088323    0.0013812604
  -35.341663    -30.777374    0.0007242491
  -35.341663    -18.466424    0.0002654607
  -35.341663     -6.155475    0.0000297597
  -35.341663      6.155475    0.0000297597
  -35.341663     18.466424    0.0002654607
  -35.341663     30.777374    0.0007242491
  -35.341663     43.088323    0.0013812604
  -35.341663     55.399273    0.0022004172
  -35.341663     67.710222    0.0031367710
  -35.341663     80.021172    0.0041410841
  -35.341663     92.332122    0.0051679086

  -30.629441    -92.332122    0.0052875790
  -30.629441    -80.021172    0.0042249001
  -30.629441    -67.710222    0.0031854589
  -30.629441    -55.399273    0.0022259493
  -30.629441    -43.088323    0.0013939316
  -30.629441    -30.777374    0.0007300671
  -30.629441    -18.466424    0.0002674997
  -30.629441     -6.155475    0.0000299871
  -30.629441      6.155475    0.0000299871
  -30.629441     18.466424    0.0002674997
  -30.629441     30.777374    0.0007300671
  -30.629441     43.088323    0.0013939316
  -30.629441     55.399273    0.0022259493
  -30.629441     67.710222    0.0031854589
  -30.629441     80.021172    0.0042249001
  -30.629441     92.332122    0.0052875790

  -25.917220    -92.332122    0.0052458547
  -25.917220    -80.021172    0.0041763880
  -25.917220    -67.710222    0.0031397837
  -25.917220    -55.399273    0.0021889913
  -25.917220    -43.088323    0.0013683465
  -25.917220    -30.777374    0.0007157301
  -25.917220    -18.466424    0.0002620212
  -25.917220     -6.155475    0.0000293605
  -25.917220      6.155475    0.0000293605
  -25.917220     18.466424    0.0002620212
  -25.917220     30.777374    0.0007157301
  -25.917220     43.088323    0.0013683465
  -25.917220     55.399273    0.0021889913
  -25.917220     67.710222    0.0031397837
  -25.917220     80.021172    0.0041763880
  -25.917220     92.332122    0.0052458547

  -21.204998    -92.332122    0.0050058655
  -21.204998    -80.021172    0.0039717205
  -21.204998    -67.710222    0.0029798320
  -21.204998    -55.399273    0.0020742399
  -21.204998    -43.088323    0.0012948302
  -21.204998    -30.777374    0.0006764659
  -21.204998    -18.466424    0.0002474231
  -21.204998     -6.155475    0.0000277111
  -21.204998      6.155475    0.0000277111
  -21.204998     18.466424    0.0002474231
  -21.204998     30.777374    0.0006764659
  -21.204998     43.088323    0.0012948302
  -21.204998     55.399273    0.0020742399
  -21.204998     67.710222    0.0029798320
  -21.204998     80.021172    0.0039717205
  -21.204998     92.332122    0.0050058655

  -16.492776    -92.332122    0.0045225277
  -16.492776    -80.021172    0.0035789861
  -16.492776    -67.710222    0.0026804280
  -16.492776    -55.399273    0.0018632598
  -16.492776    -43.088323    0.0011618082
  -16.492776    -30.777374    0.0006064183
  -16.492776    -18.466424    0.0002216591
  -16.492776     -6.155475    0.0000248172
  -16.492776      6.155475    0.0000248172
  -16.492776     18.466424    0.0002216591
  -16.492776     30.777374    0.0006064183
  -16.492776     43.088323    0.0011618082
  -16.492776     55.399273    0.0018632598
  -16.492776     67.710222    0.0026804280
  -16.492776     80.021172    0.0035789861
  -16.492776     92.332122    0.0045225277

  -11.780554    -92.332122    0.0037407005
  -11.780554    -80.021172    0.0029551232
  -11.780554    -67.710222    0.0022095761
  -11.780554    -55.399273    0.0015339278
  -11.780554    -43.088323    0.0009555407
  -11.780554    -30.777374    0.0004984376
  -11.780554    -18.466424    0.0001821214
  -11.780554     -6.155475    0.0000203870
  -11.780554      6.155475    0.0000203870
  -11.780554     18.466424    0.0001821214
  -11.780554     30.777374    0.0004984376
  -11.780554     43.088323    0.0009555407
  -11.780554     55.399273    0.0015339278
  -11.780554     67.710222    0.0022095761
  -11.780554     80.021172    0.0029551232
  -11.780554     92.332122    0.0037407005

   -7.068333    -92.332122    0.0025929663
   -7.068333    -80.021172    0.0020458659
   -7.068333    -67.710222    0.0015275981
   -7.068333    -55.399273    0.0010592799
   -7.068333    -43.088323    0.0006593445
   -7.068333    -30.777374    0.0003437698
   -7.068333    -18.466424    0.0001255772
   -7.068333     -6.155475    0.0000140560
   -7.068333      6.155475    0.0000140560
   -7.068333     18.466424    0.0001255772
   -7.068333     30.777374    0.0003437698
   -7.068333     43.088323    0.0006593445
   -7.068333     55.399273    0.0010592799
   -7.068333     67.710222    0.0015275981
   -7.068333     80.021172    0.0020458659
   -7.068333     92.332122    0.0025929663

   -2.356111    -92.332122    0.0009968810
   -2.356111    -80.021172    0.0007856775
   -2.356111    -67.710222    0.0005860648
   -2.356111    -55.399273    0.0004060673
   -2.356111    -43.088323    0.0002526026
   -2.356111    -30.777374    0.0001316472
   -2.356111    -18.466424    0.0000480776
   -2.356111     -6.155475    0.0000053807
   -2.356111      6.155475    0.0000053807
   -2.356111     18.466424    0.0000480776
   -2.356111     30.777374    0.0001316472
   -2.356111     43.088323    0.0002526026
   -2.356111     55.399273    0.0004060673
   -2.356111     67.710222    0.0005860648
   -2.356111     80.021172    0.0007856775
   -2.356111     92.332122    0.0009968810

    2.356111    -92.332122   -0.0011484890
    2.356111    -80.021172   -0.0009041774
    2.356111    -67.710222   -0.0006740724
    2.356111    -55.399273   -0.0004668438
    2.356111    -43.088323   -0.0002902896
    2.356111    -30.777374   -0.0001512291
    2.356111    -18.466424   -0.0000552116
    2.356111     -6.155475   -0.0000061780
    2.356111      6.155475   -0.0000061780
    2.356111     18.466424   -0.0000552116
    2.356111     30.777374   -0.0001512291
    2.356111     43.088323   -0.0002902896
    2.356111     55.399273   -0.0004668438
    2.356111     67.710222   -0.0006740724
    2.356111     80.021172   -0.0009041774
    2.356111     92.332122   -0.0011484890

    7.068333    -92.332122   -0.0039669646
    7.068333    -80.021172   -0.0031200866
    7.068333    -67.710222   -0.0023254294
    7.068333    -55.399273   -0.0016102680
    7.068333    -43.088323   -0.0010010409
    7.068333    -30.777374   -0.0005213375
    7.068333    -18.466424   -0.0001902773
    7.068333     -6.155475   -0.0000212878
    7.068333      6.155475   -0.0000212878
    7.068333     18.466424   -0.0001902773
    7.068333     30.777374   -0.0005213375
    7.068333     43.088323   -0.0010010409
    7.068333     55.399273   -0.0016102680
    7.068333     67.710222   -0.0023254294
    7.068333     80.021172   -0.0031200866
    7.068333     92.332122   -0.0039669646

   11.780554    -92.332122   -0.0076108387
   11.780554    -80.021172   -0.0059825582
   11.780554    -67.710222   -0.0044581849
   11.780554    -55.399273   -0.0030869035
   11.780554    -43.088323   -0.0019187992
   11.780554    -30.777374   -0.0009991522
   11.780554    -18.466424   -0.0003646170
   11.780554     -6.155475   -0.0000407890
   11.780554      6.155475   -0.0000407890
   11.780554     18.466424   -0.0003646170
   11.780554     30.777374   -0.0009991522
   11.780554     43.088323   -0.0019187992
   11.780554     55.399273   -0.0030869035
   11.780554     67.710222   -0.0044581849
   11.780554     80.021172   -0.0059825582
   11.780554     92.332122   -0.0076108387

   16.492776    -92.332122   -0.0122679365
   16.492776    -80.021172   -0.0096430100
   16.492776    -67.710222   -0.0071847832
   16.492776    -55.399273   -0.0049743270
   16.492776    -43.088323   -0.0030920079
   16.492776    -30.777374   -0.0016101776
   16.492776    -18.466424   -0.0005876490
   16.492776     -6.155475   -0.0000657431
   16.492776      6.155475   -0.0000657431
   16.492776     18.466424   -0.0005876490
   16.492776     30.777374   -0.0016101776
   16.492776     43.088323   -0.0030920079
   16.492776     55.399273   -0.0049743270
   16.492776     67.710222   -0.0071847832
   16.492776     80.021172   -0.0096430100
   16.492776     92.332122   -0.0122679365

   21.204998    -92.332122   -0.0181704724
   21.204998    -80.021172   -0.0142880074
   21.204998    -67.710222   -0.0106446897
   21.204998    -55.399273   -0.0073693352
   21.204998    -43.088323   -0.0045812391
   21.204998    -30.777374   -0.0023862642
   21.204998    -18.466424   -0.0008711056
   21.204998     -6.155475   -0.0000974699
   21.204998      6.155475   -0.0000974699
   21.204998     18.466424   -0.0008711056
   21.204998     30.777374   -0.0023862642
   21.204998     43.088323   -0.0045812391
   21.204998     55.399273   -0.0073693352
   21.204998     67.710222   -0.0106446897
   21.204998     80.021172   -0.0142880074
   21.204998     92.332122   -0.0181704724

   25.917220    -92.332122   -0.0256060599
   25.917220    -80.021172   -0.0201368989
   25.917220    -67.710222   -0.0150082341
   25.917220    -55.399273   -0.0103943655
   25.917220    -43.088323   -0.0064636112
   25.917220    -30.777374   -0.0033672838
   25.917220    -18.466424   -0.0012293134
   25.917220     -6.155475   -0.0001375536
   25.917220      6.155475   -0.0001375536
   25.917220     18.466424   -0.0012293134
   25.917220     30.777374   -0.0033672838
   25.917220     43.088323   -0.0064636112
   25.917220     55.399273   -0.0103943655
   25.917220     67.710222   -0.0150082341
   25.917220     80.021172   -0.0201368989
   25.917220     92.332122   -0.0256060599

