  -50.614883    -96.008735    0.0288584902
  -50.614883    -81.238160    0.0268687679
  -50.614883    -66.467585    0.0253388464
  -50.614883    -51.697011    0.0242030546
  -50.614883    -36.926436    0.0234048972
  -50.614883    -22.155862    0.0228957452
  -50.614883     -7.385287    0.0226337302
  -50.614883      7.385287    0.0225828084
  -50.614883     22.155862    0.0227119642
  -50.614883     36.926436    0.0229945285
  -50.614883     51.697011    0.0234075923
  -50.614883     66.467585    0.0239315013
  -50.614883     81.238160    0.0245494222
  -50.614883     96.008735    0.0252469764
  -50.614883    110.779309    0.0260119431
  -50.614883    125.549884    0.0268340368

  -43.866232    -96.008735    0.0230238891
  -43.866232    -81.238160    0.0210517205
  -43.866232    -66.467585    0.0195386234
  -43.866232    -51.697011    0.0184188563
  -43.866232    -36.926436    0.0176358620
  -43.866232    -22.155862    0.0171409576
  -43.866232     -7.385287    0.0168922290
  -43.866232      7.385287    0.0168535951
  -43.866232     22.155862    0.0169940109
  -43.866232     36.926436    0.0172867864
  -43.866232     51.697011    0.0177089997
  -43.866232     66.467585    0.0182409919
  -43.866232     81.238160    0.0188659333
  -43.866232     96.008735    0.0195694572
  -43.866232    110.779309    0.0203393626
  -43.866232    125.549884    0.0211653922

  -37.117581    -96.008735    0.0180736577
  -37.117581    -81.238160    0.0161169453
  -37.117581    -66.467585    0.0146186471
  -37.117581    -51.697011    0.0135129485
  -37.117581    -36.926436    0.0127432282
  -37.117581    -22.155862    0.0122607482
  -37.117581     -7.385287    0.0120235483
  -37.117581      7.385287    0.0119955105
  -37.117581     22.155862    0.0121455620
  -37.117581     36.926436    0.0124469938
  -37.117581     51.697011    0.0128768744
  -37.117581     66.467585    0.0134155441
  -37.117581     81.238160    0.0140461816
  -37.117581     96.008735    0.0147544376
  -37.117581    110.779309    0.0155281378
  -37.117581    125.549884    0.0163570602

  -30.368930    -96.008735    0.0139907559
  -30.368930    -81.238160    0.0120472126
  -30.368930    -66.467585    0.0105615134
  -30.368930    -51.697011    0.0094677735
  -30.368930    -36.926436    0.0087093102
  -30.368930    -22.155862    0.0082373334
  -30.368930     -7.385287    0.0080098398
  -30.368930      7.385287    0.0079906770
  -30.368930     22.155862    0.0081487470
  -30.368930     36.926436    0.0084573247
  -30.368930     51.697011    0.0088934712
  -30.368930     66.467585    0.0094375285
  -30.368930     81.238160    0.0100726861
  -30.368930     96.008735    0.0107846143
  -30.368930    110.779309    0.0115611675
  -30.368930    125.549884    0.0123921616

  -23.620279    -96.008735    0.0107556237
  -23.620279    -81.238160    0.0088228051
  -23.620279    -66.467585    0.0073473596
  -23.620279    -51.697011    0.0062633403
  -23.620279    -36.926436    0.0055140105
  -23.620279    -22.155862    0.0050505342
  -23.620279     -7.385287    0.0048308704
  -23.620279      7.385287    0.0048188370
  -23.620279     22.155862    0.0049833146
  -23.620279     36.926436    0.0052975646
  -23.620279     51.697011    0.0057386429
  -23.620279     66.467585    0.0062868945
  -23.620279     81.238160    0.0069255197
  -23.620279     96.008735    0.0076402082
  -23.620279    110.779309    0.0084188415
  -23.620279    125.549884    0.0092512708

  -16.871628    -96.008735    0.0083491055
  -16.871628    -81.238160    0.0064244407
  -16.871628    -66.467585    0.0049567873
  -16.871628    -51.697011    0.0038801481
  -16.871628    -36.926436    0.0031377430
  -16.871628    -22.155862    0.0026806992
  -16.871628     -7.385287    0.0024669455
  -16.871628      7.385287    0.0024602763
  -16.871628     22.155862    0.0026295553
  -16.871628     36.926436    0.0029480337
  -16.871628     51.697011    0.0033927637
  -16.871628     66.467585    0.0039440934
  -16.871628     81.238160    0.0045852328
  -16.871628     96.008735    0.0053018880
  -16.871628    110.779309    0.0060819633
  -16.871628    125.549884    0.0069153397

  -10.122977    -96.008735    0.0067547879
  -10.122977    -81.238160    0.0048356117
  -10.122977    -66.467585    0.0033732014
  -10.122977    -51.697011    0.0023015249
  -10.122977    -36.926436    0.0015637719
  -10.122977    -22.155862    0.0011110437
  -10.122977     -7.385287    0.0009012480
  -10.122977      7.385287    0.0008981631
  -10.122977     22.155862    0.0010706410
  -10.122977     36.926436    0.0013919260
  -10.122977     51.697011    0.0018390680
  -10.122977     66.467585    0.0023924176
  -10.122977     81.238160    0.0030351920
  -10.122977     96.008735    0.0037531089
  -10.122977    110.779309    0.0045340893
  -10.122977    125.549884    0.0053680354

   -3.374326    -96.008735    0.0059607544
   -3.374326    -81.238160    0.0040443382
   -3.374326    -66.467585    0.0025845641
   -3.374326    -51.697011    0.0015153818
   -3.374326    -36.926436    0.0007799654
   -3.374326    -22.155862    0.0003294031
   -3.374326     -7.385287    0.0001215919
   -3.374326      7.385287    0.0001203016
   -3.374326     22.155862    0.0002943784
   -3.374326     36.926436    0.0006170629
   -3.374326     51.697011    0.0010654042
   -3.374326     66.467585    0.0016197541
   -3.374326     81.238160    0.0022633336
   -3.374326     96.008735    0.0029818666
   -3.374326    110.779309    0.0037632827
   -3.374326    125.549884    0.0045974952

    3.374326    -96.008735    0.0059607544
    3.374326    -81.238160    0.0040443382
    3.374326    -66.467585    0.0025845641
    3.374326    -51.697011    0.0015153818
    3.374326    -36.926436    0.0007799654
    3.374326    -22.155862    0.0003294031
    3.374326     -7.385287    0.0001215919
    3.374326      7.385287    0.0001203016
    3.374326     22.155862    0.0002943784
    3.374326     36.926436    0.0006170629
    3.374326     51.697011    0.0010654042
    3.374326     66.467585    0.0016197541
    3.374326     81.238160    0.0022633336
    3.374326     96.008735    0.0029818666
    3.374326    110.779309    0.0037632827
    3.374326    125.549884    0.0045974952

   10.122977    -96.008735    0.0067547879
   10.122977    -81.238160    0.0048356117
   10.122977    -66.467585    0.0033732014
   10.122977    -51.697011    0.0023015249
   10.122977    -36.926436    0.0015637719
   10.122977    -22.155862    0.0011110437
   10.122977     -7.385287    0.0009012480
   10.122977      7.385287    0.0008981631
   10.122977     22.155862    0.0010706410
   10.122977     36.926436    0.0013919260
   10.122977     51.697011    0.0018390680
   10.122977     66.467585    0.0023924176
   10.122977     81.238160    0.0030351920
   10.122977     96.008735    0.0037531089
   10.122977    110.779309    0.0045340893
   10.122977    125.549884    0.0053680354

   16.871628    -96.008735    0.0083491055
   16.871628    -81.238160    0.0064244407
   16.871628    -66.467585    0.0049567873
   16.871628    -51.697011    0.0038801481
   16.871628    -36.926436    0.0031377430
   16.871628    -22.155862    0.0026806992
   16.871628     -7.385287    0.0024669455
   16.871628      7.385287    0.0024602763
   16.871628     22.155862    0.0026295553
   16.871628     36.926436    0.0029480337
   16.871628     51.697011    0.0033927637
   16.871628     66.467585    0.0039440934
   16.871628     81.238160    0.0045852328
   16.871628     96.008735    0.0053018880
   16.871628    110.779309    0.0060819633
   16.871628    125.549884    0.0069153397

   23.620279    -96.008735    0.0107556237
   23.620279    -81.238160    0.0088228051
   23.620279    -66.467585    0.0073473596
   23.620279    -51.697011    0.0062633403
   23.620279    -36.926436    0.0055140105
   23.620279    -22.155862    0.0050505342
   23.620279     -7.385287    0.0048308704
   23.620279      7.385287    0.0048188370
   23.620279     22.155862    0.0049833146
   23.620279     36.926436    0.0052975646
   23.620279     51.697011    0.0057386429
   23.620279     66.467585    0.0062868945
   23.620279     81.238160    0.0069255197
   23.620279     96.008735    0.0076402082
   23.620279    110.779309    0.0084188415
   23.620279    125.549884    0.0092512708

   30.368930    -96.008735    0.0139907559
   30.368930    -81.238160    0.0120472126
   30.368930    -66.467585    0.0105615134
   30.368930    -51.697011    0.0094677735
   30.368930    -36.926436    0.0087093102
   30.368930    -22.155862    0.0082373334
   30.368930     -7.385287    0.0080098398
   30.368930      7.385287    0.0079906770
   30.368930     22.155862    0.0081487470
   30.368930     36.926436    0.0084573247
   30.368930     51.697011    0.0088934712
   30.368930     66.467585    0.0094375285
   30.368930     81.238160    0.0100726861
   30.368930     96.008735    0.0107846143
   30.368930    110.779309    0.0115611675
   30.368930    125.549884    0.0123921616

   37.117581    -96.008735    0.0180736577
   37.117581    -81.238160    0.0161169453
   37.117581    -66.467585    0.0146186471
   37.117581    -51.697011    0.0135129485
   37.117581    -36.926436    0.0127432282
   37.117581    -22.155862    0.0122607482
   37.117581     -7.385287    0.0120235483
   37.117581      7.385287    0.0119955105
   37.117581     22.155862    0.0121455620
   37.117581     36.926436    0.0124469938
   37.117581     51.697011    0.0128768744
   37.117581     66.467585    0.0134155441
   37.117581     81.238160    0.0140461816
   37.117581     96.008735    0.0147544376
   37.117581    110.779309    0.0155281378
   37.117581    125.549884    0.0163570602

   43.866232    -96.008735    0.0230238891
   43.866232    -81.238160    0.0210517205
   43.866232    -66.467585    0.0195386234
   43.866232    -51.697011    0.0184188563
   43.866232    -36.926436    0.0176358620
   43.866232    -22.155862    0.0171409576
   43.866232     -7.385287    0.0168922290
   43.866232      7.385287    0.0168535951
   43.866232     22.155862    0.0169940109
   43.866232     36.926436    0.0172867864
   43.866232     51.697011    0.0177089997
   43.866232     66.467585    0.0182409919
   43.866232     81.238160    0.0188659333
   43.866232     96.008735    0.0195694572
   43.866232    110.779309    0.0203393626
   43.866232    125.549884    0.0211653922

   50.614883    -96.008735    0.0288584902
   50.614883    -81.238160    0.0268687679
   50.614883    -66.467585    0.0253388464
   50.614883    -51.697011    0.0242030546
   50.614883    -36.926436    0.0234048972
   50.614883    -22.155862    0.0228957452
   50.614883     -7.385287    0.0226337302
   50.614883      7.385287    0.0225828084
   50.614883     22.155862    0.0227119642
   50.614883     36.926436    0.0229945285
   50.614883     51.697011    0.0234075923
   50.614883     66.467585    0.0239315013
   50.614883     81.238160    0.0245494222
   50.614883     96.008735    0.0252469764
   50.614883    110.779309    0.0260119431
   50.614883    125.549884    0.0268340368

