  -35.358766    -47.136383   -0.0034792636
  -35.358766    -40.851532   -0.0027294320
  -35.358766    -34.566681   -0.0020608898
  -35.358766    -28.281830   -0.0014778188
  -35.358766    -21.996979   -0.0009840211
  -35.358766    -15.712128   -0.0005827713
  -35.358766     -9.427277   -0.0002767007
  -35.358766     -3.142426   -0.0000677102
  -35.358766      3.142426    0.0000430852
  -35.358766      9.427277    0.0000553816
  -35.358766     15.712128   -0.0000303186
  -35.358766     21.996979   -0.0002127424
  -35.358766     28.281830   -0.0004899125
  -35.358766     34.566681   -0.0008592433
  -35.358766     40.851532   -0.0013176683
  -35.358766     47.136383   -0.0018617975

  -30.644264    -47.136383   -0.0024866438
  -30.644264    -40.851532   -0.0019498973
  -30.644264    -34.566681   -0.0014714809
  -30.644264    -28.281830   -0.0010544056
  -30.644264    -21.996979   -0.0007014038
  -30.644264    -15.712128   -0.0004148239
  -30.644264     -9.427277   -0.0001965465
  -30.644264     -3.142426   -0.0000479236
  -30.644264      3.142426    0.0000302622
  -30.644264      9.427277    0.0000378147
  -30.644264     15.712128   -0.0000248789
  -30.644264     21.996979   -0.0001568746
  -30.644264     28.281830   -0.0003567184
  -30.644264     34.566681   -0.0006225162
  -30.644264     40.851532   -0.0009520250
  -30.644264     47.136383   -0.0013427657

  -25.929762    -47.136383   -0.0017060386
  -25.929762    -40.851532   -0.0013372440
  -25.929762    -34.566681   -0.0010086409
  -25.929762    -28.281830   -0.0007222847
  -25.929762    -21.996979   -0.0004800503
  -25.929762    -15.712128   -0.0002835535
  -25.929762     -9.427277   -0.0001340890
  -25.929762     -3.142426   -0.0000325849
  -25.929762      3.142426    0.0000204275
  -25.929762      9.427277    0.0000248267
  -25.929762     15.712128   -0.0000191019
  -25.929762     21.996979   -0.0001106853
  -25.929762     28.281830   -0.0002488982
  -25.929762     34.566681   -0.0004324146
  -25.929762     40.851532   -0.0006596762
  -25.929762     47.136383   -0.0009289762

  -21.215260    -47.136383   -0.0011021919
  -21.215260    -40.851532   -0.0008636142
  -21.215260    -34.566681   -0.0006511133
  -21.215260    -28.281830   -0.0004659992
  -21.215260    -21.996979   -0.0003094788
  -21.215260    -15.712128   -0.0001825986
  -21.215260     -9.427277   -0.0000861997
  -21.215260     -3.142426   -0.0000208842
  -21.215260      3.142426    0.0000130063
  -21.215260      9.427277    0.0000154006
  -21.215260     15.712128   -0.0000135048
  -21.215260     21.996979   -0.0000732586
  -21.215260     28.281830   -0.0001631816
  -21.215260     34.566681   -0.0002824035
  -21.215260     40.851532   -0.0004299126
  -21.215260     47.136383   -0.0006046170

  -16.500757    -47.136383   -0.0006480994
  -16.500757    -40.851532   -0.0005076545
  -16.500757    -34.566681   -0.0003826028
  -16.500757    -28.281830   -0.0002737010
  -16.500757    -21.996979   -0.0001816547
  -16.500757    -15.712128   -0.0001070806
  -16.500757     -9.427277   -0.0000504762
  -16.500757     -3.142426   -0.0000121979
  -16.500757      3.142426    0.0000075538
  -16.500757      9.427277    0.0000087403
  -16.500757     15.712128   -0.0000085161
  -16.500757     21.996979   -0.0000439416
  -16.500757     28.281830   -0.0000971279
  -16.500757     34.566681   -0.0001675570
  -16.500757     40.851532   -0.0002546341
  -16.500757     47.136383   -0.0003577285

  -11.786255    -47.136383   -0.0003237121
  -11.786255    -40.851532   -0.0002535003
  -11.786255    -34.566681   -0.0001910018
  -11.786255    -28.281830   -0.0001365879
  -11.786255    -21.996979   -0.0000906088
  -11.786255    -15.712128   -0.0000533731
  -11.786255     -9.427277   -0.0000251307
  -11.786255     -3.142426   -0.0000060608
  -11.786255      3.142426    0.0000037364
  -11.786255      9.427277    0.0000042430
  -11.786255     15.712128   -0.0000044774
  -11.786255     21.996979   -0.0000222844
  -11.786255     28.281830   -0.0000489704
  -11.786255     34.566681   -0.0000842746
  -11.786255     40.851532   -0.0001279007
  -11.786255     47.136383   -0.0001795396

   -7.071753    -47.136383   -0.0001149005
   -7.071753    -40.851532   -0.0000899638
   -7.071753    -34.566681   -0.0000677711
   -7.071753    -28.281830   -0.0000484524
   -7.071753    -21.996979   -0.0000321314
   -7.071753    -15.712128   -0.0000189177
   -7.071753     -9.427277   -0.0000089005
   -7.071753     -3.142426   -0.0000021435
   -7.071753      3.142426    0.0000013174
   -7.071753      9.427277    0.0000014763
   -7.071753     15.712128   -0.0000016436
   -7.071753     21.996979   -0.0000079915
   -7.071753     28.281830   -0.0000174929
   -7.071753     34.566681   -0.0000300547
   -7.071753     40.851532   -0.0000455720
   -7.071753     47.136383   -0.0000639369

   -2.357251    -47.136383   -0.0000126769
   -2.357251    -40.851532   -0.0000099248
   -2.357251    -34.566681   -0.0000074758
   -2.357251    -28.281830   -0.0000053441
   -2.357251    -21.996979   -0.0000035434
   -2.357251    -15.712128   -0.0000020857
   -2.357251     -9.427277   -0.0000009809
   -2.357251     -3.142426   -0.0000002361
   -2.357251      3.142426    0.0000001449
   -2.357251      9.427277    0.0000001612
   -2.357251     15.712128   -0.0000001844
   -2.357251     21.996979   -0.0000008863
   -2.357251     28.281830   -0.0000019362
   -2.357251     34.566681   -0.0000033239
   -2.357251     40.851532   -0.0000050377
   -2.357251     47.136383   -0.0000070659

    2.357251    -47.136383   -0.0000126769
    2.357251    -40.851532   -0.0000099248
    2.357251    -34.566681   -0.0000074758
    2.357251    -28.281830   -0.0000053441
    2.357251    -21.996979   -0.0000035434
    2.357251    -15.712128   -0.0000020857
    2.357251     -9.427277   -0.0000009809
    2.357251     -3.142426   -0.0000002361
    2.357251      3.142426    0.0000001449
    2.357251      9.427277    0.0000001612
    2.357251     15.712128   -0.0000001844
    2.357251     21.996979   -0.0000008863
    2.357251     28.281830   -0.0000019362
    2.357251     34.566681   -0.0000033239
    2.357251     40.851532   -0.0000050377
    2.357251     47.136383   -0.0000070659

    7.071753    -47.136383   -0.0001149005
    7.071753    -40.851532   -0.0000899638
    7.071753    -34.566681   -0.0000677711
    7.071753    -28.281830   -0.0000484524
    7.071753    -21.996979   -0.0000321314
    7.071753    -15.712128   -0.0000189177
    7.071753     -9.427277   -0.0000089005
    7.071753     -3.142426   -0.0000021435
    7.071753      3.142426    0.0000013174
    7.071753      9.427277    0.0000014763
    7.071753     15.712128   -0.0000016436
    7.071753     21.996979   -0.0000079915
    7.071753     28.281830   -0.0000174929
    7.071753     34.566681   -0.0000300547
    7.071753     40.851532   -0.0000455720
    7.071753     47.136383   -0.0000639369

   11.786255    -47.136383   -0.0003237121
   11.786255    -40.851532   -0.0002535003
   11.786255    -34.566681   -0.0001910018
   11.786255    -28.281830   -0.0001365879
   11.786255    -21.996979   -0.0000906088
   11.786255    -15.712128   -0.0000533731
   11.786255     -9.427277   -0.0000251307
   11.786255     -3.142426   -0.0000060608
   11.786255      3.142426    0.0000037364
   11.786255      9.427277    0.0000042430
   11.786255     15.712128   -0.0000044774
   11.786255     21.996979   -0.0000222844
   11.786255     28.281830   -0.0000489704
   11.786255     34.566681   -0.0000842746
   11.786255     40.851532   -0.0001279007
   11.786255     47.136383   -0.0001795396

   16.500757    -47.136383   -0.0006480994
   16.500757    -40.851532   -0.0005076545
   16.500757    -34.566681   -0.0003826028
   16.500757    -28.281830   -0.0002737010
   16.500757    -21.996979   -0.0001816547
   16.500757    -15.712128   -0.0001070806
   16.500757     -9.427277   -0.0000504762
   16.500757     -3.142426   -0.0000121979
   16.500757      3.142426    0.0000075538
   16.500757      9.427277    0.0000087403
   16.500757     15.712128   -0.0000085161
   16.500757     21.996979   -0.0000439416
   16.500757     28.281830   -0.0000971279
   16.500757     34.566681   -0.0001675570
   16.500757     40.851532   -0.0002546341
   16.500757     47.136383   -0.0003577285

   21.215260    -47.136383   -0.0011021919
   21.215260    -40.851532   -0.0008636142
   21.215260    -34.566681   -0.0006511133
   21.215260    -28.281830   -0.0004659992
   21.215260    -21.996979   -0.0003094788
   21.215260    -15.712128   -0.0001825986
   21.215260     -9.427277   -0.0000861997
   21.215260     -3.142426   -0.0000208842
   21.215260      3.142426    0.0000130063
   21.215260      9.427277    0.0000154006
   21.215260     15.712128   -0.0000135048
   21.215260     21.996979   -0.0000732586
   21.215260     28.281830   -0.0001631816
   21.215260     34.566681   -0.0002824035
   21.215260     40.851532   -0.0004299126
   21.215260     47.136383   -0.0006046170

   25.929762    -47.136383   -0.0017060386
   25.929762    -40.851532   -0.0013372440
   25.929762    -34.566681   -0.0010086409
   25.929762    -28.281830   -0.0007222847
   25.929762    -21.996979   -0.0004800503
   25.929762    -15.712128   -0.0002835535
   25.929762     -9.427277   -0.0001340890
   25.929762     -3.142426   -0.0000325849
   25.929762      3.142426    0.0000204275
   25.929762      9.427277    0.0000248267
   25.929762     15.712128   -0.0000191019
   25.929762     21.996979   -0.0001106853
   25.929762     28.281830   -0.0002488982
   25.929762     34.566681   -0.0004324146
   25.929762     40.851532   -0.0006596762
   25.929762     47.136383   -0.0009289762

   30.644264    -47.136383   -0.0024866438
   30.644264    -40.851532   -0.0019498973
   30.644264    -34.566681   -0.0014714809
   30.644264    -28.281830   -0.0010544056
   30.644264    -21.996979   -0.0007014038
   30.644264    -15.712128   -0.0004148239
   30.644264     -9.427277   -0.0001965465
   30.644264     -3.142426   -0.0000479236
   30.644264      3.142426    0.0000302622
   30.644264      9.427277    0.0000378147
   30.644264     15.712128   -0.0000248789
   30.644264     21.996979   -0.0001568746
   30.644264     28.281830   -0.0003567184
   30.644264     34.566681   -0.0006225162
   30.644264     40.851532   -0.0009520250
   30.644264     47.136383   -0.0013427657

   35.358766    -47.136383   -0.0034792636
   35.358766    -40.851532   -0.0027294320
   35.358766    -34.566681   -0.0020608898
   35.358766    -28.281830   -0.0014778188
   35.358766    -21.996979   -0.0009840211
   35.358766    -15.712128   -0.0005827713
   35.358766     -9.427277   -0.0002767007
   35.358766     -3.142426   -0.0000677102
   35.358766      3.142426    0.0000430852
   35.358766      9.427277    0.0000553816
   35.358766     15.712128   -0.0000303186
   35.358766     21.996979   -0.0002127424
   35.358766     28.281830   -0.0004899125
   35.358766     34.566681   -0.0008592433
   35.358766     40.851532   -0.0013176683
   35.358766     47.136383   -0.0018617975

