  -25.746645   -119.276109    0.0715980499
  -25.746645   -103.372628    0.0695586172
  -25.746645    -87.469147    0.0677089047
  -25.746645    -71.565666    0.0660368506
  -25.746645    -55.662184    0.0645328216
  -25.746645    -39.758703    0.0631897763
  -25.746645    -23.855222    0.0620033681
  -25.746645     -7.951741    0.0609720055
  -25.746645      7.951741    0.0600968873
  -25.746645     23.855222    0.0593820236
  -25.746645     39.758703    0.0588342533
  -25.746645     55.662184    0.0584632608
  -25.746645     71.565666    0.0582815953
  -25.746645     87.469147    0.0583046883
  -25.746645    103.372628    0.0585508647
  -25.746645    119.276109    0.0590413367

  -21.065436   -119.276109    0.0458625559
  -21.065436   -103.372628    0.0441374492
  -21.065436    -87.469147    0.0426026569
  -21.065436    -71.565666    0.0412447414
  -21.065436    -55.662184    0.0400537282
  -21.065436    -39.758703    0.0390225437
  -21.065436    -23.855222    0.0381468315
  -21.065436     -7.951741    0.0374249799
  -21.065436      7.951741    0.0368582310
  -21.065436     23.855222    0.0364507851
  -21.065436     39.758703    0.0362098511
  -21.065436     55.662184    0.0361456330
  -21.065436     71.565666    0.0362712838
  -21.065436     87.469147    0.0366028976
  -21.065436    103.372628    0.0371596481
  -21.065436    119.276109    0.0379642243

  -16.384228   -119.276109    0.0275332399
  -16.384228   -103.372628    0.0260571094
  -16.384228    -87.469147    0.0247684084
  -16.384228    -71.565666    0.0236546537
  -16.384228    -55.662184    0.0227057739
  -16.384228    -39.758703    0.0219144080
  -16.384228    -23.855222    0.0212760724
  -16.384228     -7.951741    0.0207892501
  -16.384228      7.951741    0.0204554386
  -16.384228     23.855222    0.0202791884
  -16.384228     39.758703    0.0202681433
  -16.384228     55.662184    0.0204330894
  -16.384228     71.565666    0.0207880008
  -16.384228     87.469147    0.0213500623
  -16.384228    103.372628    0.0221396354
  -16.384228    119.276109    0.0231801211

  -11.703020   -119.276109    0.0152386134
  -11.703020   -103.372628    0.0139532111
  -11.703020    -87.469147    0.0128517139
  -11.703020    -71.565666    0.0119217973
  -11.703020    -55.662184    0.0111532608
  -11.703020    -39.758703    0.0105386184
  -11.703020    -23.855222    0.0100733956
  -11.703020     -7.951741    0.0097562532
  -11.703020      7.951741    0.0095890306
  -11.703020     23.855222    0.0095767705
  -11.703020     39.758703    0.0097277623
  -11.703020     55.662184    0.0100536105
  -11.703020     71.565666    0.0105693084
  -11.703020     87.469147    0.0112932679
  -11.703020    103.372628    0.0122472301
  -11.703020    119.276109    0.0134559506

   -7.021812   -119.276109    0.0078472163
   -7.021812   -103.372628    0.0067012490
   -7.021812    -87.469147    0.0057348658
   -7.021812    -71.565666    0.0049352490
   -7.021812    -55.662184    0.0042920573
   -7.021812    -39.758703    0.0037978391
   -7.021812    -23.855222    0.0034482744
   -7.021812     -7.951741    0.0032423098
   -7.021812      7.951741    0.0031822374
   -7.021812     23.855222    0.0032737521
   -7.021812     39.758703    0.0035260066
   -7.021812     55.662184    0.0039516701
   -7.021812     71.565666    0.0045669794
   -7.021812     87.469147    0.0053917562
   -7.021812    103.372628    0.0064493524
   -7.021812    119.276109    0.0077664650

   -2.340604   -119.276109    0.0044232251
   -2.340604   -103.372628    0.0033709684
   -2.340604    -87.469147    0.0024925468
   -2.340604    -71.565666    0.0017746597
   -2.340604    -55.662184    0.0012068759
   -2.340604    -39.758703    0.0007818632
   -2.340604    -23.855222    0.0004955696
   -2.340604     -7.951741    0.0003473673
   -2.340604      7.951741    0.0003401656
   -2.340604     23.855222    0.0004805005
   -2.340604     39.758703    0.0007786024
   -2.340604     55.662184    0.0012484441
   -2.340604     71.565666    0.0019077672
   -2.340604     87.469147    0.0027780839
   -2.340604    103.372628    0.0038846496
   -2.340604    119.276109    0.0052563958

    2.340604   -119.276109    0.0041905731
    2.340604   -103.372628    0.0031902609
    2.340604    -87.469147    0.0023563429
    2.340604    -71.565666    0.0016752983
    2.340604    -55.662184    0.0011366855
    2.340604    -39.758703    0.0007333548
    2.340604    -23.855222    0.0004616344
    2.340604     -7.951741    0.0003214879
    2.340604      7.951741    0.0003166460
    2.340604     23.855222    0.0004547089
    2.340604     39.758703    0.0007472222
    2.340604     55.662184    0.0012097221
    2.340604     71.565666    0.0018617523
    2.340604     87.469147    0.0027268493
    2.340604    103.372628    0.0038324965
    2.340604    119.276109    0.0052100448

    7.021812   -119.276109    0.0065040126
    7.021812   -103.372628    0.0055165060
    7.021812    -87.469147    0.0046863301
    7.021812    -71.565666    0.0039998811
    7.021812    -55.662184    0.0034467893
    7.021812    -39.758703    0.0030201872
    7.021812    -23.855222    0.0027169269
    7.021812     -7.951741    0.0025377552
    7.021812      7.951741    0.0024874539
    7.021812     23.855222    0.0025749469
    7.021812     39.758703    0.0028133769
    7.021812     55.662184    0.0032201492
    7.021812     71.565666    0.0038169381
    7.021812     87.469147    0.0046296491
    7.021812    103.372628    0.0056883281
    7.021812    119.276109    0.0070270037

   11.703020   -119.276109    0.0108257595
   11.703020   -103.372628    0.0098136274
   11.703020    -87.469147    0.0089482230
   11.703020    -71.565666    0.0082158452
   11.703020    -55.662184    0.0076062924
   11.703020    -39.758703    0.0071131322
   11.703020    -23.855222    0.0067339298
   11.703020     -7.951741    0.0064704382
   11.703020      7.951741    0.0063287496
   11.703020     23.855222    0.0063194091
   11.703020     39.758703    0.0064574879
   11.703020     55.662184    0.0067626125
   11.703020     71.565666    0.0072589458
   11.703020     87.469147    0.0079751131
   11.703020    103.372628    0.0089440648
   11.703020    119.276109    0.0102028680

   16.384228   -119.276109    0.0167065728
   16.384228   -103.372628    0.0156334766
   16.384228    -87.469147    0.0146948485
   16.384228    -71.565666    0.0138769474
   16.384228    -55.662184    0.0131698817
   16.384228    -39.758703    0.0125678463
   16.384228    -23.855222    0.0120693497
   16.384228     -7.951741    0.0116774169
   16.384228      7.951741    0.0113997546
   16.384228     23.855222    0.0112488694
   16.384228     39.758703    0.0112421308
   16.384228     55.662184    0.0114017730
   16.384228     71.565666    0.0117548349
   16.384228     87.469147    0.0123330366
   16.384228    103.372628    0.0131725948
   16.384228    119.276109    0.0143139837

   21.065436   -119.276109    0.0237703325
   21.065436   -103.372628    0.0226005059
   21.065436    -87.469147    0.0215509806
   21.065436    -71.565666    0.0206082805
   21.065436    -55.662184    0.0197630348
   21.065436    -39.758703    0.0190102836
   21.065436    -23.855222    0.0183497453
   21.065436     -7.951741    0.0177860373
   21.065436      7.951741    0.0173288427
   21.065436     23.855222    0.0169930175
   21.065436     39.758703    0.0167986300
   21.065436     55.662184    0.0167709314
   21.065436     71.565666    0.0169402509
   21.065436     87.469147    0.0173418155
   21.065436    103.372628    0.0180154904
   21.065436    119.276109    0.0190054416

   25.746645   -119.276109    0.0317013914
   25.746645   -103.372628    0.0303990415
   25.746645    -87.469147    0.0292008498
   25.746645    -71.565666    0.0280940226
   25.746645    -55.662184    0.0270699751
   25.746645    -39.758703    0.0261248556
   25.746645    -23.855222    0.0252599106
   25.746645     -7.951741    0.0244817288
   25.746645      7.951741    0.0238023899
   25.746645     23.855222    0.0232395354
   25.746645     39.758703    0.0228163716
   25.746645     55.662184    0.0225616019
   25.746645     71.565666    0.0225092802
   25.746645     87.469147    0.0226985652
   25.746645    103.372628    0.0231733471
   25.746645    119.276109    0.0239817100

   30.427853   -119.276109    0.0402341870
   30.427853   -103.372628    0.0387628102
   30.427853    -87.469147    0.0373779137
   30.427853    -71.565666    0.0360674463
   30.427853    -55.662184    0.0348238822
   30.427853    -39.758703    0.0336448434
   30.427853    -23.855222    0.0325335120
   30.427853     -7.951741    0.0314988818
   30.427853      7.951741    0.0305558886
   30.427853     23.855222    0.0297254443
   30.427853     39.758703    0.0290343876
   30.427853     55.662184    0.0285153562
   30.427853     71.565666    0.0282065666
   30.427853     87.469147    0.0281514834
   30.427853    103.372628    0.0283983402
   30.427853    119.276109    0.0289994695

   35.109061   -119.276109    0.0491448127
   35.109061   -103.372628    0.0474667257
   35.109061    -87.469147    0.0458567492
   35.109061    -71.565666    0.0443029333
   35.109061    -55.662184    0.0427990650
   35.109061    -39.758703    0.0413447586
   35.109061    -23.855222    0.0399456571
   35.109061     -7.951741    0.0386136453
   35.109061      7.951741    0.0373669999
   35.109061     23.855222    0.0362304263
   35.109061     39.758703    0.0352349539
   35.109061     55.662184    0.0344176859
   35.109061     71.565666    0.0338214219
   35.109061     87.469147    0.0334941980
   35.109061    103.372628    0.0334888069
   35.109061    119.276109    0.0338623911

   39.790269   -119.276109    0.0582444569
   39.790269   -103.372628    0.0563212836
   39.790269    -87.469147    0.0544472033
   39.790269    -71.565666    0.0526099590
   39.790269    -55.662184    0.0508050042
   39.790269    -39.758703    0.0490345328
   39.790269    -23.855222    0.0473072456
   39.790269     -7.951741    0.0456384747
   39.790269      7.951741    0.0440503779
   39.790269     23.855222    0.0425720052
   39.790269     39.758703    0.0412391288
   39.790269     55.662184    0.0400938188
   39.790269     71.565666    0.0391838381
   39.790269     87.469147    0.0385620186
   39.790269    103.372628    0.0382858709
   39.790269    119.276109    0.0384177730

   44.471477   -119.276109    0.0673748309
   44.471477   -103.372628    0.0651702642
   44.471477    -87.469147    0.0629912141
   44.471477    -71.565666    0.0608292235
   44.471477    -55.662184    0.0586823607
   44.471477    -39.758703    0.0565556077
   44.471477    -23.855222    0.0544611306
   44.471477     -7.951741    0.0524184167
   44.471477      7.951741    0.0504542673
   44.471477     23.855222    0.0486026407
   44.471477     39.758703    0.0469043485
   44.471477     55.662184    0.0454066112
   44.471477     71.565666    0.0441624864
   44.471477     87.469147    0.0432301905
   44.471477    103.372628    0.0426723375
   44.471477    119.276109    0.0425551267

