  -34.795266    -96.008735    0.0834150084
  -34.795266    -81.238160    0.0831794806
  -34.795266    -66.467585    0.0834483825
  -34.795266    -51.697011    0.0841333501
  -34.795266    -36.926436    0.0851609010
  -34.795266    -22.155862    0.0864700664
  -34.795266     -7.385287    0.0880103491
  -34.795266      7.385287    0.0897399721
  -34.795266     22.155862    0.0916243895
  -34.795266     36.926436    0.0936350324
  -34.795266     51.697011    0.0957482731
  -34.795266     66.467585    0.0979445912
  -34.795266     81.238160    0.1002079327
  -34.795266     96.008735    0.1025252598
  -34.795266    110.779309    0.1048862893
  -34.795266    125.549884    0.1072834288

  -30.155897    -96.008735    0.0611642965
  -30.155897    -81.238160    0.0604980195
  -30.155897    -66.467585    0.0603184357
  -30.155897    -51.697011    0.0605438918
  -30.155897    -36.926436    0.0611060038
  -30.155897    -22.155862    0.0619475817
  -30.155897     -7.385287    0.0630208479
  -30.155897      7.385287    0.0642859132
  -30.155897     22.155862    0.0657094811
  -30.155897     36.926436    0.0672637560
  -30.155897     51.697011    0.0689255344
  -30.155897     66.467585    0.0706754664
  -30.155897     81.238160    0.0724974777
  -30.155897     96.008735    0.0743783470
  -30.155897    110.779309    0.0763074416
  -30.155897    125.549884    0.0782766166

  -25.516528    -96.008735    0.0437073131
  -25.516528    -81.238160    0.0426787528
  -25.516528    -66.467585    0.0421248820
  -25.516528    -51.697011    0.0419691444
  -25.516528    -36.926436    0.0421470011
  -25.516528    -22.155862    0.0426040824
  -25.516528     -7.385287    0.0432946068
  -25.516528      7.385287    0.0441800334
  -25.516528     22.155862    0.0452279181
  -25.516528     36.926436    0.0464109482
  -25.516528     51.697011    0.0477061355
  -25.516528     66.467585    0.0490941556
  -25.516528     81.238160    0.0505588214
  -25.516528     96.008735    0.0520866887
  -25.516528    110.779309    0.0536667941
  -25.516528    125.549884    0.0552905323

  -20.877160    -96.008735    0.0302484829
  -20.877160    -81.238160    0.0289226153
  -20.877160    -66.467585    0.0280635901
  -20.877160    -51.697011    0.0275986732
  -20.877160    -36.926436    0.0274661790
  -20.877160    -22.155862    0.0276137993
  -20.877160     -7.385287    0.0279971819
  -20.877160      7.385287    0.0285787210
  -20.877160     22.155862    0.0293265326
  -20.877160     36.926436    0.0302135874
  -20.877160     51.697011    0.0312169837
  -20.877160     66.467585    0.0323173446
  -20.877160     81.238160    0.0334983312
  -20.877160     96.008735    0.0347462670
  -20.877160    110.779309    0.0360498754
  -20.877160    125.549884    0.0374001354

  -16.237791    -96.008735    0.0201666307
  -16.237791    -81.238160    0.0186057665
  -16.237791    -66.467585    0.0175068231
  -16.237791    -51.697011    0.0167998674
  -16.237791    -36.926436    0.0164252757
  -16.237791    -22.155862    0.0163322044
  -16.237791     -7.385287    0.0164772920
  -16.237791      7.385287    0.0168235587
  -16.237791     22.155862    0.0173394723
  -16.237791     36.926436    0.0179981571
  -16.237791     51.697011    0.0187767251
  -16.237791     66.467585    0.0196557162
  -16.237791     81.238160    0.0206186369
  -16.237791     96.008735    0.0216515948
  -16.237791    110.779309    0.0227430287
  -16.237791    125.549884    0.0238835422

  -11.598422    -96.008735    0.0129921792
  -11.598422    -81.238160    0.0112566555
  -11.598422    -66.467585    0.0099801272
  -11.598422    -51.697011    0.0090946211
  -11.598422    -36.926436    0.0085419364
  -11.598422    -22.155862    0.0082722215
  -11.598422     -7.385287    0.0082427701
  -11.598422      7.385287    0.0084170004
  -11.598422     22.155862    0.0087635893
  -11.598422     36.926436    0.0092557355
  -11.598422     51.697011    0.0098705320
  -11.598422     66.467585    0.0105884350
  -11.598422     81.238160    0.0113928181
  -11.598422     96.008735    0.0122696091
  -11.598422    110.779309    0.0132070103
  -11.598422    125.549884    0.0141953075

   -6.959053    -96.008735    0.0083889071
   -6.959053    -81.238160    0.0065376733
   -6.959053    -66.467585    0.0051438403
   -6.959053    -51.697011    0.0041406778
   -6.959053    -36.926436    0.0034708763
   -6.959053    -22.155862    0.0030851958
   -6.959053     -7.385287    0.0029413246
   -6.959053      7.385287    0.0030029128
   -6.959053     22.155862    0.0032387509
   -6.959053     36.926436    0.0036220683
   -6.959053     51.697011    0.0041299325
   -6.959053     66.467585    0.0047427350
   -6.959053     81.238160    0.0054437533
   -6.959053     96.008735    0.0062187873
   -6.959053    110.779309    0.0070558685
   -6.959053    125.549884    0.0079450505

   -2.319684    -96.008735    0.0061402676
   -2.319684    -81.238160    0.0042313924
   -2.319684    -66.467585    0.0027792255
   -2.319684    -51.697011    0.0017176397
   -2.319684    -36.926436    0.0009897544
   -2.319684    -22.155862    0.0005466203
   -2.319684     -7.385287    0.0003461107
   -2.319684      7.385287    0.0003519815
   -2.319684     22.155862    0.0005330723
   -2.319684     36.926436    0.0008626225
   -2.319684     51.697011    0.0013176831
   -2.319684     66.467585    0.0018786106
   -2.319684     81.238160    0.0025286327
   -2.319684     96.008735    0.0032534827
   -2.319684    110.779309    0.0040411028
   -2.319684    125.549884    0.0048814230

    2.319684    -96.008735    0.0061402676
    2.319684    -81.238160    0.0042313924
    2.319684    -66.467585    0.0027792255
    2.319684    -51.697011    0.0017176397
    2.319684    -36.926436    0.0009897544
    2.319684    -22.155862    0.0005466203
    2.319684     -7.385287    0.0003461107
    2.319684      7.385287    0.0003519815
    2.319684     22.155862    0.0005330723
    2.319684     36.926436    0.0008626225
    2.319684     51.697011    0.0013176831
    2.319684     66.467585    0.0018786106
    2.319684     81.238160    0.0025286327
    2.319684     96.008735    0.0032534827
    2.319684    110.779309    0.0040411028
    2.319684    125.549884    0.0048814230

    6.959053    -96.008735    0.0083889071
    6.959053    -81.238160    0.0065376733
    6.959053    -66.467585    0.0051438403
    6.959053    -51.697011    0.0041406778
    6.959053    -36.926436    0.0034708763
    6.959053    -22.155862    0.0030851958
    6.959053     -7.385287    0.0029413246
    6.959053      7.385287    0.0030029128
    6.959053     22.155862    0.0032387509
    6.959053     36.926436    0.0036220683
    6.959053     51.697011    0.0041299325
    6.959053     66.467585    0.0047427350
    6.959053     81.238160    0.0054437533
    6.959053     96.008735    0.0062187873
    6.959053    110.779309    0.0070558685
    6.959053    125.549884    0.0079450505

   11.598422    -96.008735    0.0129921792
   11.598422    -81.238160    0.0112566555
   11.598422    -66.467585    0.0099801272
   11.598422    -51.697011    0.0090946211
   11.598422    -36.926436    0.0085419364
   11.598422    -22.155862    0.0082722215
   11.598422     -7.385287    0.0082427701
   11.598422      7.385287    0.0084170004
   11.598422     22.155862    0.0087635893
   11.598422     36.926436    0.0092557355
   11.598422     51.697011    0.0098705320
   11.598422     66.467585    0.0105884350
   11.598422     81.238160    0.0113928181
   11.598422     96.008735    0.0122696091
   11.598422    110.779309    0.0132070103
   11.598422    125.549884    0.0141953075

   16.237791    -96.008735    0.0201666307
   16.237791    -81.238160    0.0186057665
   16.237791    -66.467585    0.0175068231
   16.237791    -51.697011    0.0167998674
   16.237791    -36.926436    0.0164252757
   16.237791    -22.155862    0.0163322044
   16.237791     -7.385287    0.0164772920
   16.237791      7.385287    0.0168235587
   16.237791     22.155862    0.0173394723
   16.237791     36.926436    0.0179981571
   16.237791     51.697011    0.0187767251
   16.237791     66.467585    0.0196557162
   16.237791     81.238160    0.0206186369
   16.237791     96.008735    0.0216515948
   16.237791    110.779309    0.0227430287
   16.237791    125.549884    0.0238835422

   20.877160    -96.008735    0.0302484829
   20.877160    -81.238160    0.0289226153
   20.877160    -66.467585    0.0280635901
   20.877160    -51.697011    0.0275986732
   20.877160    -36.926436    0.0274661790
   20.877160    -22.155862    0.0276137993
   20.877160     -7.385287    0.0279971819
   20.877160      7.385287    0.0285787210
   20.877160     22.155862    0.0293265326
   20.877160     36.926436    0.0302135874
   20.877160     51.697011    0.0312169837
   20.877160     66.467585    0.0323173446
   20.877160     81.238160    0.0334983312
   20.877160     96.008735    0.0347462670
   20.877160    110.779309    0.0360498754
   20.877160    125.549884    0.0374001354

   25.516528    -96.008735    0.0437073131
   25.516528    -81.238160    0.0426787528
   25.516528    -66.467585    0.0421248820
   25.516528    -51.697011    0.0419691444
   25.516528    -36.926436    0.0421470011
   25.516528    -22.155862    0.0426040824
   25.516528     -7.385287    0.0432946068
   25.516528      7.385287    0.0441800334
   25.516528     22.155862    0.0452279181
   25.516528     36.926436    0.0464109482
   25.516528     51.697011    0.0477061355
   25.516528     66.467585    0.0490941556
   25.516528     81.238160    0.0505588214
   25.516528     96.008735    0.0520866887
   25.516528    110.779309    0.0536667941
   25.516528    125.549884    0.0552905323

   30.155897    -96.008735    0.0611642965
   30.155897    -81.238160    0.0604980195
   30.155897    -66.467585    0.0603184357
   30.155897    -51.697011    0.0605438918
   30.155897    -36.926436    0.0611060038
   30.155897    -22.155862    0.0619475817
   30.155897     -7.385287    0.0630208479
   30.155897      7.385287    0.0642859132
   30.155897     22.155862    0.0657094811
   30.155897     36.926436    0.0672637560
   30.155897     51.697011    0.0689255344
   30.155897     66.467585    0.0706754664
   30.155897     81.238160    0.0724974777
   30.155897     96.008735    0.0743783470
   30.155897    110.779309    0.0763074416
   30.155897    125.549884    0.0782766166

   34.795266    -96.008735    0.0834150084
   34.795266    -81.238160    0.0831794806
   34.795266    -66.467585    0.0834483825
   34.795266    -51.697011    0.0841333501
   34.795266    -36.926436    0.0851609010
   34.795266    -22.155862    0.0864700664
   34.795266     -7.385287    0.0880103491
   34.795266      7.385287    0.0897399721
   34.795266     22.155862    0.0916243895
   34.795266     36.926436    0.0936350324
   34.795266     51.697011    0.0957482731
   34.795266     66.467585    0.0979445912
   34.795266     81.238160    0.1002079327
   34.795266     96.008735    0.1025252598
   34.795266    110.779309    0.1048862893
   34.795266    125.549884    0.1072834288

