  -47.456659    -62.630025    0.0485236028
  -47.456659    -54.279355    0.0435515205
  -47.456659    -45.928685    0.0393228638
  -47.456659    -37.578015    0.0358175154
  -47.456659    -29.227345    0.0330168286
  -47.456659    -20.876675    0.0309035456
  -47.456659    -12.526005    0.0294616952
  -47.456659     -4.175335    0.0286764782
  -47.456659      4.175335    0.0285341481
  -47.456659     12.526005    0.0290218929
  -47.456659     20.876675    0.0301277236
  -47.456659     29.227345    0.0318403709
  -47.456659     37.578015    0.0341491943
  -47.456659     45.928685    0.0370441023
  -47.456659     54.279355    0.0405154844
  -47.456659     62.630025    0.0445541523

  -41.129105    -62.630025    0.0410074285
  -41.129105    -54.279355    0.0360802286
  -41.129105    -45.928685    0.0319219754
  -41.129105    -37.578015    0.0284836452
  -41.129105    -29.227345    0.0257417889
  -41.129105    -20.876675    0.0236803407
  -41.129105    -12.526005    0.0222834038
  -41.129105     -4.175335    0.0215342052
  -41.129105      4.175335    0.0214165710
  -41.129105     12.526005    0.0219164338
  -41.129105     20.876675    0.0230220410
  -41.129105     29.227345    0.0247226948
  -41.129105     37.578015    0.0270070126
  -41.129105     45.928685    0.0298628556
  -41.129105     54.279355    0.0332822338
  -41.129105     62.630025    0.0372756539

  -34.801550    -62.630025    0.0344937182
  -34.801550    -54.279355    0.0296386470
  -34.801550    -45.928685    0.0255400455
  -34.801550    -37.578015    0.0221638682
  -34.801550    -29.227345    0.0194847022
  -34.801550    -20.876675    0.0174808557
  -34.801550    -12.526005    0.0161323853
  -34.801550     -4.175335    0.0154207698
  -34.801550      4.175335    0.0153292475
  -34.801550     12.526005    0.0158431477
  -34.801550     20.876675    0.0169498613
  -34.801550     29.227345    0.0186384034
  -34.801550     37.578015    0.0208988396
  -34.801550     45.928685    0.0237221538
  -34.801550     54.279355    0.0271014525
  -34.801550     62.630025    0.0310357114

  -28.473996    -62.630025    0.0290142873
  -28.473996    -54.279355    0.0242271835
  -28.473996    -45.928685    0.0201903758
  -28.473996    -37.578015    0.0168768316
  -28.473996    -29.227345    0.0142589285
  -28.473996    -20.876675    0.0123108777
  -28.473996    -12.526005    0.0110096570
  -28.473996     -4.175335    0.0103350953
  -28.473996      4.175335    0.0102695940
  -28.473996     12.526005    0.0107978191
  -28.473996     20.876675    0.0119065429
  -28.473996     29.227345    0.0135846599
  -28.473996     37.578015    0.0158232491
  -28.473996     45.928685    0.0186153984
  -28.473996     54.279355    0.0219553566
  -28.473996     62.630025    0.0258364208

  -22.146441    -62.630025    0.0245964905
  -22.146441    -54.279355    0.0198667081
  -22.146441    -45.928685    0.0158894685
  -22.146441    -37.578015    0.0126345626
  -22.146441    -29.227345    0.0100718944
  -22.146441    -20.876675    0.0081735957
  -22.146441    -12.526005    0.0069148573
  -22.146441     -4.175335    0.0062740257
  -22.146441      4.175335    0.0062323775
  -22.146441     12.526005    0.0067738577
  -22.146441     20.876675    0.0078849335
  -22.146441     29.227345    0.0095545843
  -22.146441     37.578015    0.0117743184
  -22.146441     45.928685    0.0145379761
  -22.146441     54.279355    0.0178409440
  -22.146441     62.630025    0.0216782789

  -15.818886    -62.630025    0.0212628374
  -15.818886    -54.279355    0.0165792064
  -15.818886    -45.928685    0.0126518223
  -15.818886    -37.578015    0.0094455255
  -15.818886    -29.227345    0.0069281084
  -15.818886    -20.876675    0.0050704304
  -15.818886    -12.526005    0.0038464832
  -15.818886     -4.175335    0.0032334074
  -15.818886      4.175335    0.0032114684
  -15.818886     12.526005    0.0037639906
  -15.818886     20.876675    0.0048772550
  -15.818886     29.227345    0.0065403596
  -15.818886     37.578015    0.0087450438
  -15.818886     45.928685    0.0114854748
  -15.818886     54.279355    0.0147579962
  -15.818886     62.630025    0.0185608347

   -9.491332    -62.630025    0.0190306105
   -9.491332    -54.279355    0.0143804519
   -9.491332    -45.928685    0.0104880182
   -9.491332    -37.578015    0.0073159262
   -9.491332    -29.227345    0.0048305793
   -9.491332    -20.876675    0.0030017597
   -9.491332    -12.526005    0.0018025022
   -9.491332     -4.175335    0.0012091049
   -9.491332      4.175335    0.0012011703
   -9.491332     12.526005    0.0017616019
   -9.491332     20.876675    0.0028765174
   -9.491332     29.227345    0.0045350749
   -9.491332     37.578015    0.0067292396
   -9.491332     45.928685    0.0094535572
   -9.491332     54.279355    0.0127050316
   -9.491332     62.630025    0.0164832407

   -3.163777    -62.630025    0.0179115342
   -3.163777    -54.279355    0.0132792612
   -3.163777    -45.928685    0.0094045959
   -3.163777    -37.578015    0.0062500243
   -3.163777    -29.227345    0.0037813014
   -3.163777    -20.876675    0.0019674975
   -3.163777    -12.526005    0.0007810580
   -3.163777     -4.175335    0.0001978499
   -3.163777      4.175335    0.0001971741
   -3.163777     12.526005    0.0007617302
   -3.163777     20.876675    0.0018775260
   -3.163777     29.227345    0.0035337305
   -3.163777     37.578015    0.0057224767
   -3.163777     45.928685    0.0084386255
   -3.163777     54.279355    0.0116795098
   -3.163777     62.630025    0.0154446845

    3.163777    -62.630025    0.0179115342
    3.163777    -54.279355    0.0132792612
    3.163777    -45.928685    0.0094045959
    3.163777    -37.578015    0.0062500243
    3.163777    -29.227345    0.0037813014
    3.163777    -20.876675    0.0019674975
    3.163777    -12.526005    0.0007810580
    3.163777     -4.175335    0.0001978499
    3.163777      4.175335    0.0001971741
    3.163777     12.526005    0.0007617302
    3.163777     20.876675    0.0018775260
    3.163777     29.227345    0.0035337305
    3.163777     37.578015    0.0057224767
    3.163777     45.928685    0.0084386255
    3.163777     54.279355    0.0116795098
    3.163777     62.630025    0.0154446845

    9.491332    -62.630025    0.0190306105
    9.491332    -54.279355    0.0143804519
    9.491332    -45.928685    0.0104880182
    9.491332    -37.578015    0.0073159262
    9.491332    -29.227345    0.0048305793
    9.491332    -20.876675    0.0030017597
    9.491332    -12.526005    0.0018025022
    9.491332     -4.175335    0.0012091049
    9.491332      4.175335    0.0012011703
    9.491332     12.526005    0.0017616019
    9.491332     20.876675    0.0028765174
    9.491332     29.227345    0.0045350749
    9.491332     37.578015    0.0067292396
    9.491332     45.928685    0.0094535572
    9.491332     54.279355    0.0127050316
    9.491332     62.630025    0.0164832407

   15.818886    -62.630025    0.0212628374
   15.818886    -54.279355    0.0165792064
   15.818886    -45.928685    0.0126518223
   15.818886    -37.578015    0.0094455255
   15.818886    -29.227345    0.0069281084
   15.818886    -20.876675    0.0050704304
   15.818886    -12.526005    0.0038464832
   15.818886     -4.175335    0.0032334074
   15.818886      4.175335    0.0032114684
   15.818886     12.526005    0.0037639906
   15.818886     20.876675    0.0048772550
   15.818886     29.227345    0.0065403596
   15.818886     37.578015    0.0087450438
   15.818886     45.928685    0.0114854748
   15.818886     54.279355    0.0147579962
   15.818886     62.630025    0.0185608347

   22.146441    -62.630025    0.0245964905
   22.146441    -54.279355    0.0198667081
   22.146441    -45.928685    0.0158894685
   22.146441    -37.578015    0.0126345626
   22.146441    -29.227345    0.0100718944
   22.146441    -20.876675    0.0081735957
   22.146441    -12.526005    0.0069148573
   22.146441     -4.175335    0.0062740257
   22.146441      4.175335    0.0062323775
   22.146441     12.526005    0.0067738577
   22.146441     20.876675    0.0078849335
   22.146441     29.227345    0.0095545843
   22.146441     37.578015    0.0117743184
   22.146441     45.928685    0.0145379761
   22.146441     54.279355    0.0178409440
   22.146441     62.630025    0.0216782789

   28.473996    -62.630025    0.0290142873
   28.473996    -54.279355    0.0242271835
   28.473996    -45.928685    0.0201903758
   28.473996    -37.578015    0.0168768316
   28.473996    -29.227345    0.0142589285
   28.473996    -20.876675    0.0123108777
   28.473996    -12.526005    0.0110096570
   28.473996     -4.175335    0.0103350953
   28.473996      4.175335    0.0102695940
   28.473996     12.526005    0.0107978191
   28.473996     20.876675    0.0119065429
   28.473996     29.227345    0.0135846599
   28.473996     37.578015    0.0158232491
   28.473996     45.928685    0.0186153984
   28.473996     54.279355    0.0219553566
   28.473996     62.630025    0.0258364208

   34.801550    -62.630025    0.0344937182
   34.801550    -54.279355    0.0296386470
   34.801550    -45.928685    0.0255400455
   34.801550    -37.578015    0.0221638682
   34.801550    -29.227345    0.0194847022
   34.801550    -20.876675    0.0174808557
   34.801550    -12.526005    0.0161323853
   34.801550     -4.175335    0.0154207698
   34.801550      4.175335    0.0153292475
   34.801550     12.526005    0.0158431477
   34.801550     20.876675    0.0169498613
   34.801550     29.227345    0.0186384034
   34.801550     37.578015    0.0208988396
   34.801550     45.928685    0.0237221538
   34.801550     54.279355    0.0271014525
   34.801550     62.630025    0.0310357114

   41.129105    -62.630025    0.0410074285
   41.129105    -54.279355    0.0360802286
   41.129105    -45.928685    0.0319219754
   41.129105    -37.578015    0.0284836452
   41.129105    -29.227345    0.0257417889
   41.129105    -20.876675    0.0236803407
   41.129105    -12.526005    0.0222834038
   41.129105     -4.175335    0.0215342052
   41.129105      4.175335    0.0214165710
   41.129105     12.526005    0.0219164338
   41.129105     20.876675    0.0230220410
   41.129105     29.227345    0.0247226948
   41.129105     37.578015    0.0270070126
   41.129105     45.928685    0.0298628556
   41.129105     54.279355    0.0332822338
   41.129105     62.630025    0.0372756539

   47.456659    -62.630025    0.0485236028
   47.456659    -54.279355    0.0435515205
   47.456659    -45.928685    0.0393228638
   47.456659    -37.578015    0.0358175154
   47.456659    -29.227345    0.0330168286
   47.456659    -20.876675    0.0309035456
   47.456659    -12.526005    0.0294616952
   47.456659     -4.175335    0.0286764782
   47.456659      4.175335    0.0285341481
   47.456659     12.526005    0.0290218929
   47.456659     20.876675    0.0301277236
   47.456659     29.227345    0.0318403709
   47.456659     37.578015    0.0341491943
   47.456659     45.928685    0.0370441023
   47.456659     54.279355    0.0405154844
   47.456659     62.630025    0.0445541523

