  -44.766107    -54.177403    0.0823526810
  -44.766107    -46.953749    0.0777136445
  -44.766107    -39.730095    0.0740583917
  -44.766107    -32.506442    0.0712751494
  -44.766107    -25.282788    0.0692430966
  -44.766107    -18.059134    0.0678440685
  -44.766107    -10.835481    0.0669753126
  -44.766107     -3.611827    0.0665610339
  -44.766107      3.611827    0.0665610339
  -44.766107     10.835481    0.0669753126
  -44.766107     18.059134    0.0678440685
  -44.766107     25.282788    0.0692430966
  -44.766107     32.506442    0.0712751494
  -44.766107     39.730095    0.0740583917
  -44.766107     46.953749    0.0777136445
  -44.766107     54.177403    0.0823526810

  -40.053885    -54.177403    0.0722917861
  -40.053885    -46.953749    0.0675381924
  -40.053885    -39.730095    0.0637765712
  -40.053885    -32.506442    0.0608969540
  -40.053885    -25.282788    0.0587816643
  -40.053885    -18.059134    0.0573161275
  -40.053885    -10.835481    0.0564009101
  -40.053885     -3.611827    0.0559627281
  -40.053885      3.611827    0.0559627281
  -40.053885     10.835481    0.0564009101
  -40.053885     18.059134    0.0573161275
  -40.053885     25.282788    0.0587816643
  -40.053885     32.506442    0.0608969540
  -40.053885     39.730095    0.0637765712
  -40.053885     46.953749    0.0675381924
  -40.053885     54.177403    0.0722917861

  -35.341663    -54.177403    0.0626527122
  -35.341663    -46.953749    0.0577902779
  -35.341663    -39.730095    0.0539257648
  -35.341663    -32.506442    0.0509525605
  -35.341663    -25.282788    0.0487566811
  -35.341663    -18.059134    0.0472270915
  -35.341663    -10.835481    0.0462673554
  -35.341663     -3.611827    0.0458063495
  -35.341663      3.611827    0.0458063495
  -35.341663     10.835481    0.0462673554
  -35.341663     18.059134    0.0472270915
  -35.341663     25.282788    0.0487566811
  -35.341663     32.506442    0.0509525605
  -35.341663     39.730095    0.0539257648
  -35.341663     46.953749    0.0577902779
  -35.341663     54.177403    0.0626527122

  -30.629441    -54.177403    0.0535552464
  -30.629441    -46.953749    0.0485890845
  -30.629441    -39.730095    0.0446256709
  -30.629441    -32.506442    0.0415622893
  -30.629441    -25.282788    0.0392887982
  -30.629441    -18.059134    0.0376976272
  -30.629441    -10.835481    0.0366951656
  -30.629441     -3.611827    0.0362122826
  -30.629441      3.611827    0.0362122826
  -30.629441     10.835481    0.0366951656
  -30.629441     18.059134    0.0376976272
  -30.629441     25.282788    0.0392887982
  -30.629441     32.506442    0.0415622893
  -30.629441     39.730095    0.0446256709
  -30.629441     46.953749    0.0485890845
  -30.629441     54.177403    0.0535552464

  -25.917220    -54.177403    0.0451400471
  -25.917220    -46.953749    0.0400751483
  -25.917220    -39.730095    0.0360172933
  -25.917220    -32.506442    0.0328676392
  -25.917220    -25.282788    0.0305198176
  -25.917220    -18.059134    0.0288696332
  -25.917220    -10.835481    0.0278262150
  -25.917220     -3.611827    0.0273223575
  -25.917220      3.611827    0.0273223575
  -25.917220     10.835481    0.0278262150
  -25.917220     18.059134    0.0288696332
  -25.917220     25.282788    0.0305198176
  -25.917220     32.506442    0.0328676392
  -25.917220     39.730095    0.0360172933
  -25.917220     46.953749    0.0400751483
  -25.917220     54.177403    0.0451400471

  -21.204998    -54.177403    0.0375719708
  -21.204998    -46.953749    0.0324135533
  -21.204998    -39.730095    0.0282661625
  -21.204998    -32.506442    0.0250345583
  -21.204998    -25.282788    0.0226159787
  -21.204998    -18.059134    0.0209095092
  -21.204998    -10.835481    0.0198269699
  -21.204998     -3.611827    0.0193030593
  -21.204998      3.611827    0.0193030593
  -21.204998     10.835481    0.0198269699
  -21.204998     18.059134    0.0209095092
  -21.204998     25.282788    0.0226159787
  -21.204998     32.506442    0.0250345583
  -21.204998     39.730095    0.0282661625
  -21.204998     46.953749    0.0324135533
  -21.204998     54.177403    0.0375719708

  -16.492776    -54.177403    0.0310441045
  -16.492776    -46.953749    0.0257978638
  -16.492776    -39.730095    0.0215663002
  -16.492776    -32.506442    0.0182574559
  -16.492776    -25.282788    0.0157719904
  -16.492776    -18.059134    0.0140121754
  -16.492776    -10.835481    0.0128924828
  -16.492776     -3.611827    0.0123495038
  -16.492776      3.611827    0.0123495038
  -16.492776     10.835481    0.0128924828
  -16.492776     18.059134    0.0140121754
  -16.492776     25.282788    0.0157719904
  -16.492776     32.506442    0.0182574559
  -16.492776     39.730095    0.0215663002
  -16.492776     46.953749    0.0257978638
  -16.492776     54.177403    0.0310441045

  -11.780554    -54.177403    0.0257825231
  -11.780554    -46.953749    0.0204548132
  -11.780554    -39.730095    0.0161449431
  -11.780554    -32.506442    0.0127639740
  -11.780554    -25.282788    0.0102158252
  -11.780554    -18.059134    0.0084058635
  -11.780554    -10.835481    0.0072511662
  -11.780554     -3.611827    0.0066901964
  -11.780554      3.611827    0.0066901964
  -11.780554     10.835481    0.0072511662
  -11.780554     18.059134    0.0084058635
  -11.780554     25.282788    0.0102158252
  -11.780554     32.506442    0.0127639740
  -11.780554     39.730095    0.0161449431
  -11.780554     46.953749    0.0204548132
  -11.780554     54.177403    0.0257825231

   -7.068333    -54.177403    0.0220518639
   -7.068333    -46.953749    0.0166498398
   -7.068333    -39.730095    0.0122681183
   -7.068333    -32.506442    0.0088206092
   -7.068333    -25.282788    0.0062143678
   -7.068333    -18.059134    0.0043577685
   -7.068333    -10.835481    0.0031704351
   -7.068333     -3.611827    0.0025926675
   -7.068333      3.611827    0.0025926675
   -7.068333     10.835481    0.0031704351
   -7.068333     18.059134    0.0043577685
   -7.068333     25.282788    0.0062143678
   -7.068333     32.506442    0.0088206092
   -7.068333     39.730095    0.0122681183
   -7.068333     46.953749    0.0166498398
   -7.068333     54.177403    0.0220518639

   -2.356111    -54.177403    0.0201618815
   -2.356111    -46.953749    0.0146936344
   -2.356111    -39.730095    0.0102472355
   -2.356111    -32.506442    0.0067393517
   -2.356111    -25.282788    0.0040800827
   -2.356111    -18.059134    0.0021807269
   -2.356111    -10.835481    0.0009633859
   -2.356111     -3.611827    0.0003701472
   -2.356111      3.611827    0.0003701472
   -2.356111     10.835481    0.0009633859
   -2.356111     18.059134    0.0021807269
   -2.356111     25.282788    0.0040800827
   -2.356111     32.506442    0.0067393517
   -2.356111     39.730095    0.0102472355
   -2.356111     46.953749    0.0146936344
   -2.356111     54.177403    0.0201618815

    2.356111    -54.177403    0.0204752225
    2.356111    -46.953749    0.0149499390
    2.356111    -39.730095    0.0104469328
    2.356111    -32.506442    0.0068855765
    2.356111    -25.282788    0.0041789386
    2.356111    -18.059134    0.0022411598
    2.356111    -10.835481    0.0009967464
    2.356111     -3.611827    0.0003895188
    2.356111      3.611827    0.0003895188
    2.356111     10.835481    0.0009967464
    2.356111     18.059134    0.0022411598
    2.356111     25.282788    0.0041789386
    2.356111     32.506442    0.0068855765
    2.356111     39.730095    0.0104469328
    2.356111     46.953749    0.0149499390
    2.356111     54.177403    0.0204752225

    7.068333    -54.177403    0.0234167306
    7.068333    -46.953749    0.0178449054
    7.068333    -39.730095    0.0132944891
    7.068333    -32.506442    0.0096875012
    7.068333    -25.282788    0.0069399011
    7.068333    -18.059134    0.0049685913
    7.068333    -10.835481    0.0037004115
    7.068333     -3.611827    0.0030808619
    7.068333      3.611827    0.0030808619
    7.068333     10.835481    0.0037004115
    7.068333     18.059134    0.0049685913
    7.068333     25.282788    0.0069399011
    7.068333     32.506442    0.0096875012
    7.068333     39.730095    0.0132944891
    7.068333     46.953749    0.0178449054
    7.068333     54.177403    0.0234167306

   11.780554    -54.177403    0.0294846663
   11.780554    -46.953749    0.0238784011
   11.780554    -39.730095    0.0192911861
   11.780554    -32.506442    0.0156475922
   11.780554    -25.282788    0.0128663784
   11.780554    -18.059134    0.0108671276
   11.780554    -10.835481    0.0095789466
   11.780554     -3.611827    0.0089489696
   11.780554      3.611827    0.0089489696
   11.780554     10.835481    0.0095789466
   11.780554     18.059134    0.0108671276
   11.780554     25.282788    0.0128663784
   11.780554     32.506442    0.0156475922
   11.780554     39.730095    0.0192911861
   11.780554     46.953749    0.0238784011
   11.780554     54.177403    0.0294846663

   16.492776    -54.177403    0.0392642999
   16.492776    -46.953749    0.0336377183
   16.492776    -39.730095    0.0290260781
   16.492776    -32.506442    0.0253563794
   16.492776    -25.282788    0.0225500778
   16.492776    -18.059134    0.0205293535
   16.492776    -10.835481    0.0192255179
   16.492776     -3.611827    0.0185872973
   16.492776      3.611827    0.0185872973
   16.492776     10.835481    0.0192255179
   16.492776     18.059134    0.0205293535
   16.492776     25.282788    0.0225500778
   16.492776     32.506442    0.0253563794
   16.492776     39.730095    0.0290260781
   16.492776     46.953749    0.0336377183
   16.492776     54.177403    0.0392642999

   21.204998    -54.177403    0.0534444089
   21.204998    -46.953749    0.0478142178
   21.204998    -39.730095    0.0431927016
   21.204998    -32.506442    0.0395092086
   21.204998    -25.282788    0.0366878031
   21.204998    -18.059134    0.0346531784
   21.204998    -10.835481    0.0333387799
   21.204998     -3.611827    0.0326948748
   21.204998      3.611827    0.0326948748
   21.204998     10.835481    0.0333387799
   21.204998     18.059134    0.0346531784
   21.204998     25.282788    0.0366878031
   21.204998     32.506442    0.0395092086
   21.204998     39.730095    0.0431927016
   21.204998     46.953749    0.0478142178
   21.204998     54.177403    0.0534444089

   25.917220    -54.177403    0.0728372824
   25.917220    -46.953749    0.0672235119
   25.917220    -39.730095    0.0626093278
   25.917220    -32.506442    0.0589265377
   25.917220    -25.282788    0.0561017992
   25.917220    -18.059134    0.0540622364
   25.917220    -10.835481    0.0527433254
   25.917220     -3.611827    0.0520967860
   25.917220      3.611827    0.0520967860
   25.917220     10.835481    0.0527433254
   25.917220     18.059134    0.0540622364
   25.917220     25.282788    0.0561017992
   25.917220     32.506442    0.0589265377
   25.917220     39.730095    0.0626093278
   25.917220     46.953749    0.0672235119
   25.917220     54.177403    0.0728372824

