  -45.038700   -100.911229   -0.0179840389
  -45.038700    -87.456398   -0.0138452684
  -45.038700    -74.001568   -0.0101282437
  -45.038700    -60.546737   -0.0069041611
  -45.038700    -47.091907   -0.0042382157
  -45.038700    -33.637076   -0.0021864022
  -45.038700    -20.182246   -0.0007929561
  -45.038700     -6.727415   -0.0000884340
  -45.038700      6.727415   -0.0000884340
  -45.038700     20.182246   -0.0007929561
  -45.038700     33.637076   -0.0021864022
  -45.038700     47.091907   -0.0042382157
  -45.038700     60.546737   -0.0069041611
  -45.038700     74.001568   -0.0101282437
  -45.038700     87.456398   -0.0138452684
  -45.038700    100.911229   -0.0179840389

  -39.033540   -100.911229   -0.0149104109
  -39.033540    -87.456398   -0.0114810511
  -39.033540    -74.001568   -0.0084000714
  -39.033540    -60.546737   -0.0057268784
  -39.033540    -47.091907   -0.0035159060
  -39.033540    -33.637076   -0.0018139276
  -39.033540    -20.182246   -0.0006579046
  -39.033540     -6.727415   -0.0000733745
  -39.033540      6.727415   -0.0000733745
  -39.033540     20.182246   -0.0006579046
  -39.033540     33.637076   -0.0018139276
  -39.033540     47.091907   -0.0035159060
  -39.033540     60.546737   -0.0057268784
  -39.033540     74.001568   -0.0084000714
  -39.033540     87.456398   -0.0114810511
  -39.033540    100.911229   -0.0149104109

  -33.028380   -100.911229   -0.0120777021
  -33.028380    -87.456398   -0.0093016556
  -33.028380    -74.001568   -0.0068066450
  -33.028380    -60.546737   -0.0046411680
  -33.028380    -47.091907   -0.0028496640
  -33.028380    -33.637076   -0.0014703185
  -33.028380    -20.182246   -0.0005333075
  -33.028380     -6.727415   -0.0000594800
  -33.028380      6.727415   -0.0000594800
  -33.028380     20.182246   -0.0005333075
  -33.028380     33.637076   -0.0014703185
  -33.028380     47.091907   -0.0028496640
  -33.028380     60.546737   -0.0046411680
  -33.028380     74.001568   -0.0068066450
  -33.028380     87.456398   -0.0093016556
  -33.028380    100.911229   -0.0120777021

  -27.023220   -100.911229   -0.0094660944
  -27.023220    -87.456398   -0.0072918225
  -27.023220    -74.001568   -0.0053368443
  -27.023220    -60.546737   -0.0036394936
  -27.023220    -47.091907   -0.0022348922
  -27.023220    -33.637076   -0.0011532168
  -27.023220    -20.182246   -0.0004183131
  -27.023220     -6.727415   -0.0000466560
  -27.023220      6.727415   -0.0000466560
  -27.023220     20.182246   -0.0004183131
  -27.023220     33.637076   -0.0011532168
  -27.023220     47.091907   -0.0022348922
  -27.023220     60.546737   -0.0036394936
  -27.023220     74.001568   -0.0053368443
  -27.023220     87.456398   -0.0072918225
  -27.023220    100.911229   -0.0094660944

  -21.018060   -100.911229   -0.0070574796
  -21.018060    -87.456398   -0.0054376239
  -21.018060    -74.001568   -0.0039805038
  -21.018060    -60.546737   -0.0027149455
  -21.018060    -47.091907   -0.0016673613
  -21.018060    -33.637076   -0.0008604460
  -21.018060    -20.182246   -0.0003121335
  -21.018060     -6.727415   -0.0000348144
  -21.018060      6.727415   -0.0000348144
  -21.018060     20.182246   -0.0003121335
  -21.018060     33.637076   -0.0008604460
  -21.018060     47.091907   -0.0016673613
  -21.018060     60.546737   -0.0027149455
  -21.018060     74.001568   -0.0039805038
  -21.018060     87.456398   -0.0054376239
  -21.018060    100.911229   -0.0070574796

  -15.012900   -100.911229   -0.0048353264
  -15.012900    -87.456398   -0.0037263554
  -15.012900    -74.001568   -0.0027283419
  -15.012900    -60.546737   -0.0018612025
  -15.012900    -47.091907   -0.0011431937
  -15.012900    -33.637076   -0.0005900067
  -15.012900    -20.182246   -0.0002140438
  -15.012900     -6.727415   -0.0000238746
  -15.012900      6.727415   -0.0000238746
  -15.012900     20.182246   -0.0002140438
  -15.012900     33.637076   -0.0005900067
  -15.012900     47.091907   -0.0011431937
  -15.012900     60.546737   -0.0018612025
  -15.012900     74.001568   -0.0027283419
  -15.012900     87.456398   -0.0037263554
  -15.012900    100.911229   -0.0048353264

   -9.007740   -100.911229   -0.0027845545
   -9.007740    -87.456398   -0.0021464346
   -9.007740    -74.001568   -0.0015718933
   -9.007740    -60.546737   -0.0010724941
   -9.007740    -47.091907   -0.0006588452
   -9.007740    -33.637076   -0.0003400694
   -9.007740    -20.182246   -0.0001233800
   -9.007740     -6.727415   -0.0000137624
   -9.007740      6.727415   -0.0000137624
   -9.007740     20.182246   -0.0001233800
   -9.007740     33.637076   -0.0003400694
   -9.007740     47.091907   -0.0006588452
   -9.007740     60.546737   -0.0010724941
   -9.007740     74.001568   -0.0015718933
   -9.007740     87.456398   -0.0021464346
   -9.007740    100.911229   -0.0027845545

   -3.002580   -100.911229   -0.0008914161
   -3.002580    -87.456398   -0.0006873064
   -3.002580    -74.001568   -0.0005034445
   -3.002580    -60.546737   -0.0003435621
   -3.002580    -47.091907   -0.0002110864
   -3.002580    -33.637076   -0.0001089670
   -3.002580    -20.182246   -0.0000395372
   -3.002580     -6.727415   -0.0000044103
   -3.002580      6.727415   -0.0000044103
   -3.002580     20.182246   -0.0000395372
   -3.002580     33.637076   -0.0001089670
   -3.002580     47.091907   -0.0002110864
   -3.002580     60.546737   -0.0003435621
   -3.002580     74.001568   -0.0005034445
   -3.002580     87.456398   -0.0006873064
   -3.002580    100.911229   -0.0008914161

    3.002580   -100.911229    0.0008566157
    3.002580    -87.456398    0.0006606455
    3.002580    -74.001568    0.0004840274
    3.002580    -60.546737    0.0003303767
    3.002580    -47.091907    0.0002030179
    3.002580    -33.637076    0.0001048147
    3.002580    -20.182246    0.0000380337
    3.002580     -6.727415    0.0000042428
    3.002580      6.727415    0.0000042428
    3.002580     20.182246    0.0000380337
    3.002580     33.637076    0.0001048147
    3.002580     47.091907    0.0002030179
    3.002580     60.546737    0.0003303767
    3.002580     74.001568    0.0004840274
    3.002580     87.456398    0.0006606455
    3.002580    100.911229    0.0008566157

    9.007740   -100.911229    0.0024709511
    9.007740    -87.456398    0.0019061797
    9.007740    -74.001568    0.0013969126
    9.007740    -60.546737    0.0009536686
    9.007740    -47.091907    0.0005861310
    9.007740    -33.637076    0.0003026476
    9.007740    -20.182246    0.0001098300
    9.007740     -6.727415    0.0000122525
    9.007740      6.727415    0.0000122525
    9.007740     20.182246    0.0001098300
    9.007740     33.637076    0.0003026476
    9.007740     47.091907    0.0005861310
    9.007740     60.546737    0.0009536686
    9.007740     74.001568    0.0013969126
    9.007740     87.456398    0.0019061797
    9.007740    100.911229    0.0024709511

   15.012900   -100.911229    0.0039619804
   15.012900    -87.456398    0.0030572720
   15.012900    -74.001568    0.0022410243
   15.012900    -60.546737    0.0015302606
   15.012900    -47.091907    0.0009406668
   15.012900    -33.637076    0.0004857734
   15.012900    -20.182246    0.0001763008
   15.012900     -6.727415    0.0000196687
   15.012900      6.727415    0.0000196687
   15.012900     20.182246    0.0001763008
   15.012900     33.637076    0.0004857734
   15.012900     47.091907    0.0009406668
   15.012900     60.546737    0.0015302606
   15.012900     74.001568    0.0022410243
   15.012900     87.456398    0.0030572720
   15.012900    100.911229    0.0039619804

   21.018060   -100.911229    0.0053391644
   21.018060    -87.456398    0.0041211839
   21.018060    -74.001568    0.0030216495
   21.018060    -60.546737    0.0020637380
   21.018060    -47.091907    0.0012688152
   21.018060    -33.637076    0.0006553168
   21.018060    -20.182246    0.0002378529
   21.018060     -6.727415    0.0000265368
   21.018060      6.727415    0.0000265368
   21.018060     20.182246    0.0002378529
   21.018060     33.637076    0.0006553168
   21.018060     47.091907    0.0012688152
   21.018060     60.546737    0.0020637380
   21.018060     74.001568    0.0030216495
   21.018060     87.456398    0.0041211839
   21.018060    100.911229    0.0053391644

   27.023220   -100.911229    0.0066111162
   27.023220    -87.456398    0.0051045237
   27.023220    -74.001568    0.0037435986
   27.023220    -60.546737    0.0025573619
   27.023220    -47.091907    0.0015725676
   27.023220    -33.637076    0.0008123007
   27.023220    -20.182246    0.0002948562
   27.023220     -6.727415    0.0000328978
   27.023220      6.727415    0.0000328978
   27.023220     20.182246    0.0002948562
   27.023220     33.637076    0.0008123007
   27.023220     47.091907    0.0015725676
   27.023220     60.546737    0.0025573619
   27.023220     74.001568    0.0037435986
   27.023220     87.456398    0.0051045237
   27.023220    100.911229    0.0066111162

   33.028380   -100.911229    0.0077856777
   33.028380    -87.456398    0.0060133016
   33.028380    -74.001568    0.0044112502
   33.028380    -60.546737    0.0030141065
   33.028380    -47.091907    0.0018537443
   33.028380    -33.637076    0.0009576620
   33.028380    -20.182246    0.0003476498
   33.028380     -6.727415    0.0000387898
   33.028380      6.727415    0.0000387898
   33.028380     20.182246    0.0003476498
   33.028380     33.637076    0.0009576620
   33.028380     47.091907    0.0018537443
   33.028380     60.546737    0.0030141065
   33.028380     74.001568    0.0044112502
   33.028380     87.456398    0.0060133016
   33.028380    100.911229    0.0077856777

   39.033540   -100.911229    0.0088699871
   39.033540    -87.456398    0.0068529778
   39.033540    -74.001568    0.0050285940
   39.033540    -60.546737    0.0034366966
   39.033540    -47.091907    0.0021140234
   39.033540    -33.637076    0.0010922694
   39.033540    -20.182246    0.0003965496
   39.033540     -6.727415    0.0000442478
   39.033540      6.727415    0.0000442478
   39.033540     20.182246    0.0003965496
   39.033540     33.637076    0.0010922694
   39.033540     47.091907    0.0021140234
   39.033540     60.546737    0.0034366966
   39.033540     74.001568    0.0050285940
   39.033540     87.456398    0.0068529778
   39.033540    100.911229    0.0088699871

   45.038700   -100.911229    0.0098705402
   45.038700    -87.456398    0.0076285043
   45.038700    -74.001568    0.0055992697
   45.038700    -60.546737    0.0038276444
   45.038700    -47.091907    0.0023549708
   45.038700    -33.637076    0.0012169421
   45.038700    -20.182246    0.0004418560
   45.038700     -6.727415    0.0000493057
   45.038700      6.727415    0.0000493057
   45.038700     20.182246    0.0004418560
   45.038700     33.637076    0.0012169421
   45.038700     47.091907    0.0023549708
   45.038700     60.546737    0.0038276444
   45.038700     74.001568    0.0055992697
   45.038700     87.456398    0.0076285043
   45.038700    100.911229    0.0098705402

