  -45.038700    -47.456659    0.0737052087
  -45.038700    -41.129105    0.0659032436
  -45.038700    -34.801550    0.0592083314
  -45.038700    -28.473996    0.0536266265
  -45.038700    -22.146441    0.0491610187
  -45.038700    -15.818886    0.0458123544
  -45.038700     -9.491332    0.0435804137
  -45.038700     -3.163777    0.0424646428
  -45.038700      3.163777    0.0424646428
  -45.038700      9.491332    0.0435804137
  -45.038700     15.818886    0.0458123544
  -45.038700     22.146441    0.0491610187
  -45.038700     28.473996    0.0536266265
  -45.038700     34.801550    0.0592083314
  -45.038700     41.129105    0.0659032436
  -45.038700     47.456659    0.0737052087

  -39.033540    -47.456659    0.0619732295
  -39.033540    -41.129105    0.0542557417
  -39.033540    -34.801550    0.0476357662
  -39.033540    -28.473996    0.0421183944
  -39.033540    -22.146441    0.0377055440
  -39.033540    -15.818886    0.0343972272
  -39.033540     -9.491332    0.0321925654
  -39.033540     -3.163777    0.0310905500
  -39.033540      3.163777    0.0310905500
  -39.033540      9.491332    0.0321925654
  -39.033540     15.818886    0.0343972272
  -39.033540     22.146441    0.0377055440
  -39.033540     28.473996    0.0421183944
  -39.033540     34.801550    0.0476357662
  -39.033540     41.129105    0.0542557417
  -39.033540     47.456659    0.0619732295

  -33.028380    -47.456659    0.0522377732
  -33.028380    -41.129105    0.0446064295
  -33.028380    -34.801550    0.0380628496
  -33.028380    -28.473996    0.0326110122
  -33.028380    -22.146441    0.0282518511
  -33.028380    -15.818886    0.0249845547
  -33.028380     -9.491332    0.0228076046
  -33.028380     -3.163777    0.0217195559
  -33.028380      3.163777    0.0217195559
  -33.028380      9.491332    0.0228076046
  -33.028380     15.818886    0.0249845547
  -33.028380     22.146441    0.0282518511
  -33.028380     28.473996    0.0326110122
  -33.028380     34.801550    0.0380628496
  -33.028380     41.129105    0.0446064295
  -33.028380     47.456659    0.0522377732

  -27.023220    -47.456659    0.0443572226
  -27.023220    -41.129105    0.0368137077
  -27.023220    -34.801550    0.0303479457
  -27.023220    -28.473996    0.0249628134
  -27.023220    -22.146441    0.0206582694
  -27.023220    -15.818886    0.0174326840
  -27.023220     -9.491332    0.0152839039
  -27.023220     -3.163777    0.0142100501
  -27.023220      3.163777    0.0142100501
  -27.023220      9.491332    0.0152839039
  -27.023220     15.818886    0.0174326840
  -27.023220     22.146441    0.0206582694
  -27.023220     28.473996    0.0249628134
  -27.023220     34.801550    0.0303479457
  -27.023220     41.129105    0.0368137077
  -27.023220     47.456659    0.0443572226

  -21.018060    -47.456659    0.0381997886
  -21.018060    -41.129105    0.0307457704
  -21.018060    -34.801550    0.0243592171
  -21.018060    -28.473996    0.0190419350
  -21.018060    -22.146441    0.0147929220
  -21.018060    -15.818886    0.0116097355
  -21.018060     -9.491332    0.0094895862
  -21.018060     -3.163777    0.0084301588
  -21.018060      3.163777    0.0084301588
  -21.018060      9.491332    0.0094895862
  -21.018060     15.818886    0.0116097355
  -21.018060     22.146441    0.0147929220
  -21.018060     28.473996    0.0190419350
  -21.018060     34.801550    0.0243592171
  -21.018060     41.129105    0.0307457704
  -21.018060     47.456659    0.0381997886

  -15.012900    -47.456659    0.0336429203
  -15.012900    -41.129105    0.0262800251
  -15.012900    -34.801550    0.0199740383
  -15.012900    -28.473996    0.0147257238
  -15.012900    -22.146441    0.0105331333
  -15.012900    -15.818886    0.0073930158
  -15.012900     -9.491332    0.0053019458
  -15.012900     -3.163777    0.0042571698
  -15.012900      3.163777    0.0042571698
  -15.012900      9.491332    0.0053019458
  -15.012900     15.818886    0.0073930158
  -15.012900     22.146441    0.0105331333
  -15.012900     28.473996    0.0147257238
  -15.012900     34.801550    0.0199740383
  -15.012900     41.129105    0.0262800251
  -15.012900     47.456659    0.0336429203

   -9.007740    -47.456659    0.0305727390
   -9.007740    -41.129105    0.0233025336
   -9.007740    -34.801550    0.0170784310
   -9.007740    -28.473996    0.0119001689
   -9.007740    -22.146441    0.0077648617
   -9.007740    -15.818886    0.0046684556
   -9.007740     -9.491332    0.0026068922
   -9.007740     -3.163777    0.0015769808
   -9.007740      3.163777    0.0015769808
   -9.007740      9.491332    0.0026068922
   -9.007740     15.818886    0.0046684556
   -9.007740     22.146441    0.0077648617
   -9.007740     28.473996    0.0119001689
   -9.007740     34.801550    0.0170784310
   -9.007740     41.129105    0.0233025336
   -9.007740     47.456659    0.0305727390

   -3.002580    -47.456659    0.0288834956
   -3.002580    -41.129105    0.0217074749
   -3.002580    -34.801550    0.0155665250
   -3.002580    -28.473996    0.0104593581
   -3.002580    -22.146441    0.0063821568
   -3.002580    -15.818886    0.0033300711
   -3.002580     -9.491332    0.0012984160
   -3.002580     -3.163777    0.0002835688
   -3.002580      3.163777    0.0002835688
   -3.002580      9.491332    0.0012984160
   -3.002580     15.818886    0.0033300711
   -3.002580     22.146441    0.0063821568
   -3.002580     28.473996    0.0104593581
   -3.002580     34.801550    0.0155665250
   -3.002580     41.129105    0.0217074749
   -3.002580     47.456659    0.0288834956

    3.002580    -47.456659    0.0284770511
    3.002580    -41.129105    0.0213966315
    3.002580    -34.801550    0.0153400410
    3.002580    -28.473996    0.0103049602
    3.002580    -22.146441    0.0062866428
    3.002580    -15.818886    0.0032794501
    3.002580     -9.491332    0.0012780787
    3.002580     -3.163777    0.0002784815
    3.002580      3.163777    0.0002784815
    3.002580      9.491332    0.0012780787
    3.002580     15.818886    0.0032794501
    3.002580     22.146441    0.0062866428
    3.002580     28.473996    0.0103049602
    3.002580     34.801550    0.0153400410
    3.002580     41.129105    0.0213966315
    3.002580     47.456659    0.0284770511

    9.007740    -47.456659    0.0292623814
    9.007740    -41.129105    0.0222788958
    9.007740    -34.801550    0.0163077980
    9.007740    -28.473996    0.0113457322
    9.007740    -22.146441    0.0073870266
    9.007740    -15.818886    0.0044252615
    9.007740     -9.491332    0.0024545242
    9.007740     -3.163777    0.0014703501
    9.007740      3.163777    0.0014703501
    9.007740      9.491332    0.0024545242
    9.007740     15.818886    0.0044252615
    9.007740     22.146441    0.0073870266
    9.007740     28.473996    0.0113457322
    9.007740     34.801550    0.0163077980
    9.007740     41.129105    0.0222788958
    9.007740     47.456659    0.0292623814

   15.012900    -47.456659    0.0311551051
   15.012900    -41.129105    0.0242698001
   15.012900    -34.801550    0.0183852446
   15.012900    -28.473996    0.0134970517
   15.012900    -22.146441    0.0095986312
   15.012900    -15.818886    0.0066827903
   15.012900     -9.491332    0.0047430137
   15.012900     -3.163777    0.0037744247
   15.012900      3.163777    0.0037744247
   15.012900      9.491332    0.0047430137
   15.012900     15.818886    0.0066827903
   15.012900     22.146441    0.0095986312
   15.012900     28.473996    0.0134970517
   15.012900     34.801550    0.0183852446
   15.012900     41.129105    0.0242698001
   15.012900     47.456659    0.0311551051

   21.018060    -47.456659    0.0340770348
   21.018060    -41.129105    0.0272910678
   21.018060    -34.801550    0.0214940132
   21.018060    -28.473996    0.0166804738
   21.018060    -22.146441    0.0128429539
   21.018060    -15.818886    0.0099734949
   21.018060     -9.491332    0.0080649831
   21.018060     -3.163777    0.0071121308
   21.018060      3.163777    0.0071121308
   21.018060      9.491332    0.0080649831
   21.018060     15.818886    0.0099734949
   21.018060     22.146441    0.0128429539
   21.018060     28.473996    0.0166804738
   21.018060     34.801550    0.0214940132
   21.018060     41.129105    0.0272910678
   21.018060     47.456659    0.0340770348

   27.023220    -47.456659    0.0379557522
   27.023220    -41.129105    0.0312701872
   27.023220    -34.801550    0.0255614986
   27.023220    -28.473996    0.0208233141
   27.023220    -22.146441    0.0170472506
   27.023220    -15.818886    0.0142245906
   27.023220     -9.491332    0.0123476228
   27.023220     -3.163777    0.0114106476
   27.023220      3.163777    0.0114106476
   27.023220      9.491332    0.0123476228
   27.023220     15.818886    0.0142245906
   27.023220     22.146441    0.0170472506
   27.023220     28.473996    0.0208233141
   27.023220     34.801550    0.0255614986
   27.023220     41.129105    0.0312701872
   27.023220     47.456659    0.0379557522

   33.028380    -47.456659    0.0427242065
   33.028380    -41.129105    0.0361400062
   33.028380    -34.801550    0.0305204594
   33.028380    -28.473996    0.0258582559
   33.028380    -22.146441    0.0221441443
   33.028380    -15.818886    0.0193686555
   33.028380     -9.491332    0.0175234814
   33.028380     -3.163777    0.0166025088
   33.028380      3.163777    0.0166025088
   33.028380      9.491332    0.0175234814
   33.028380     15.818886    0.0193686555
   33.028380     22.146441    0.0221441443
   33.028380     28.473996    0.0258582559
   33.028380     34.801550    0.0305204594
   33.028380     41.129105    0.0361400062
   33.028380     47.456659    0.0427242065

   39.033540    -47.456659    0.0483203366
   39.033540    -41.129105    0.0418383507
   39.033540    -34.801550    0.0363086442
   39.033540    -28.473996    0.0317229831
   39.033540    -22.146441    0.0280712594
   39.033540    -15.818886    0.0253432614
   39.033540     -9.491332    0.0235300905
   39.033540     -3.163777    0.0226252243
   39.033540      3.163777    0.0226252243
   39.033540      9.491332    0.0235300905
   39.033540     15.818886    0.0253432614
   39.033540     22.146441    0.0280712594
   39.033540     28.473996    0.0317229831
   39.033540     34.801550    0.0363086442
   39.033540     41.129105    0.0418383507
   39.033540     47.456659    0.0483203366

   45.038700    -47.456659    0.0546867164
   45.038700    -41.129105    0.0483076639
   45.038700    -34.801550    0.0428684403
   45.038700    -28.473996    0.0383598379
   45.038700    -22.146441    0.0347708813
   45.038700    -15.818886    0.0320906290
   45.038700     -9.491332    0.0303096140
   45.038700     -3.163777    0.0294209245
   45.038700      3.163777    0.0294209245
   45.038700      9.491332    0.0303096140
   45.038700     15.818886    0.0320906290
   45.038700     22.146441    0.0347708813
   45.038700     28.473996    0.0383598379
   45.038700     34.801550    0.0428684403
   45.038700     41.129105    0.0483076639
   45.038700     47.456659    0.0546867164

