  -48.902142    -91.194683    0.0010189955
  -48.902142    -79.035392    0.0008286549
  -48.902142    -66.876101    0.0006492920
  -48.902142    -54.716810    0.0004847266
  -48.902142    -42.557519    0.0003381874
  -48.902142    -30.398228    0.0002123117
  -48.902142    -18.238937    0.0001091459
  -48.902142     -6.079646    0.0000301453
  -48.902142      6.079646   -0.0000238262
  -48.902142     18.238937   -0.0000524956
  -48.902142     30.398228   -0.0000561811
  -48.902142     42.557519   -0.0000357922
  -48.902142     54.716810    0.0000071708
  -48.902142     66.876101    0.0000706161
  -48.902142     79.035392    0.0001518609
  -48.902142     91.194683    0.0002476314

  -42.381856    -91.194683    0.0007796047
  -42.381856    -79.035392    0.0006270141
  -42.381856    -66.876101    0.0004852350
  -42.381856    -54.716810    0.0003570627
  -42.381856    -42.557519    0.0002448228
  -42.381856    -30.398228    0.0001503707
  -42.381856    -18.238937    0.0000750922
  -42.381856     -6.079646    0.0000199032
  -42.381856      6.079646   -0.0000147503
  -42.381856     18.238937   -0.0000288923
  -42.381856     30.398228   -0.0000230164
  -42.381856     42.557519    0.0000019137
  -42.381856     54.716810    0.0000444645
  -42.381856     66.876101    0.0001027327
  -42.381856     79.035392    0.0001743451
  -42.381856     91.194683    0.0002564586

  -35.861571    -91.194683    0.0005654986
  -35.861571    -79.035392    0.0004497480
  -35.861571    -66.876101    0.0003436479
  -35.861571    -54.716810    0.0002491027
  -35.861571    -42.557519    0.0001676649
  -35.861571    -30.398228    0.0001005345
  -35.861571    -18.238937    0.0000485593
  -35.861571     -6.079646    0.0000122347
  -35.861571      6.079646   -0.0000082959
  -35.861571     18.238937   -0.0000132417
  -35.861571     30.398228   -0.0000031641
  -35.861571     42.557519    0.0000210234
  -35.861571     54.716810    0.0000580548
  -35.861571     66.876101    0.0001063120
  -35.861571     79.035392    0.0001638244
  -35.861571     91.194683    0.0002282694

  -29.341285    -91.194683    0.0003821932
  -29.341285    -79.035392    0.0003003407
  -29.341285    -66.876101    0.0002263568
  -29.341285    -54.716810    0.0001614097
  -29.341285    -42.557519    0.0001064229
  -29.341285    -30.398228    0.0000620753
  -29.341285    -18.238937    0.0000288010
  -29.341285     -6.079646    0.0000067897
  -29.341285      6.079646   -0.0000040138
  -29.341285     18.238937   -0.0000039094
  -29.341285     30.398228    0.0000065584
  -29.341285     42.557519    0.0000266006
  -29.341285     54.716810    0.0000551831
  -29.341285     66.876101    0.0000910275
  -29.341285     79.035392    0.0001326105
  -29.341285     91.194683    0.0001781644

  -22.821000    -91.194683    0.0002334863
  -22.821000    -79.035392    0.0001809599
  -22.821000    -66.876101    0.0001342299
  -22.821000    -54.716810    0.0000938966
  -22.821000    -42.557519    0.0000604082
  -22.821000    -30.398228    0.0000340606
  -22.821000    -18.238937    0.0000149974
  -22.821000     -6.079646    0.0000032098
  -22.821000      6.079646   -0.0000014632
  -22.821000     18.238937    0.0000006651
  -22.821000     30.398228    0.0000091291
  -22.821000     42.557519    0.0000233108
  -22.821000     54.716810    0.0000424400
  -22.821000     66.876101    0.0000655942
  -22.821000     79.035392    0.0000916987
  -22.821000     91.194683    0.0001195262

  -16.300714    -91.194683    0.0001214577
  -16.300714    -79.035392    0.0000924570
  -16.300714    -66.876101    0.0000671765
  -16.300714    -54.716810    0.0000458257
  -16.300714    -42.557519    0.0000285345
  -16.300714    -30.398228    0.0000153536
  -16.300714    -18.238937    0.0000062542
  -16.300714     -6.079646    0.0000011283
  -16.300714      6.079646   -0.0000002114
  -16.300714     18.238937    0.0000019682
  -16.300714     30.398228    0.0000073212
  -16.300714     42.557519    0.0000154221
  -16.300714     54.716810    0.0000257661
  -16.300714     66.876101    0.0000377693
  -16.300714     79.035392    0.0000507680
  -16.300714     91.194683    0.0000640197

   -9.780428    -91.194683    0.0000464692
   -9.780428    -79.035392    0.0000343670
   -9.780428    -66.876101    0.0000241482
   -9.780428    -54.716810    0.0000158093
   -9.780428    -42.557519    0.0000093179
   -9.780428    -30.398228    0.0000046127
   -9.780428    -18.238937    0.0000016033
   -9.780428     -6.079646    0.0000001704
   -9.780428      6.079646    0.0000001658
   -9.780428     18.238937    0.0000014123
   -9.780428     30.398228    0.0000037036
   -9.780428     42.557519    0.0000068047
   -9.780428     54.716810    0.0000104516
   -9.780428     66.876101    0.0000143511
   -9.780428     79.035392    0.0000181813
   -9.780428     91.194683    0.0000215912

   -3.260143    -91.194683    0.0000071645
   -3.260143    -79.035392    0.0000049088
   -3.260143    -66.876101    0.0000031377
   -3.260143    -54.716810    0.0000018089
   -3.260143    -42.557519    0.0000008767
   -3.260143    -30.398228    0.0000002919
   -3.260143    -18.238937    0.0000000025
   -3.260143     -6.079646   -0.0000000470
   -3.260143      6.079646    0.0000000847
   -3.260143     18.238937    0.0000003356
   -3.260143     30.398228    0.0000006406
   -3.260143     42.557519    0.0000009313
   -3.260143     54.716810    0.0000011360
   -3.260143     66.876101    0.0000011799
   -3.260143     79.035392    0.0000009848
   -3.260143     91.194683    0.0000004693

    3.260143    -91.194683    0.0000004693
    3.260143    -79.035392    0.0000009848
    3.260143    -66.876101    0.0000011799
    3.260143    -54.716810    0.0000011360
    3.260143    -42.557519    0.0000009313
    3.260143    -30.398228    0.0000006406
    3.260143    -18.238937    0.0000003356
    3.260143     -6.079646    0.0000000847
    3.260143      6.079646   -0.0000000470
    3.260143     18.238937    0.0000000025
    3.260143     30.398228    0.0000002919
    3.260143     42.557519    0.0000008767
    3.260143     54.716810    0.0000018089
    3.260143     66.876101    0.0000031377
    3.260143     79.035392    0.0000049088
    3.260143     91.194683    0.0000071645

    9.780428    -91.194683    0.0000215912
    9.780428    -79.035392    0.0000181813
    9.780428    -66.876101    0.0000143511
    9.780428    -54.716810    0.0000104516
    9.780428    -42.557519    0.0000068047
    9.780428    -30.398228    0.0000037036
    9.780428    -18.238937    0.0000014123
    9.780428     -6.079646    0.0000001658
    9.780428      6.079646    0.0000001704
    9.780428     18.238937    0.0000016033
    9.780428     30.398228    0.0000046127
    9.780428     42.557519    0.0000093179
    9.780428     54.716810    0.0000158093
    9.780428     66.876101    0.0000241482
    9.780428     79.035392    0.0000343670
    9.780428     91.194683    0.0000464692

   16.300714    -91.194683    0.0000640197
   16.300714    -79.035392    0.0000507680
   16.300714    -66.876101    0.0000377693
   16.300714    -54.716810    0.0000257661
   16.300714    -42.557519    0.0000154221
   16.300714    -30.398228    0.0000073212
   16.300714    -18.238937    0.0000019682
   16.300714     -6.079646   -0.0000002114
   16.300714      6.079646    0.0000011283
   16.300714     18.238937    0.0000062542
   16.300714     30.398228    0.0000153536
   16.300714     42.557519    0.0000285345
   16.300714     54.716810    0.0000458257
   16.300714     66.876101    0.0000671765
   16.300714     79.035392    0.0000924570
   16.300714     91.194683    0.0001214577

   22.821000    -91.194683    0.0001195262
   22.821000    -79.035392    0.0000916987
   22.821000    -66.876101    0.0000655942
   22.821000    -54.716810    0.0000424400
   22.821000    -42.557519    0.0000233108
   22.821000    -30.398228    0.0000091291
   22.821000    -18.238937    0.0000006651
   22.821000     -6.079646   -0.0000014632
   22.821000      6.079646    0.0000032098
   22.821000     18.238937    0.0000149974
   22.821000     30.398228    0.0000340606
   22.821000     42.557519    0.0000604082
   22.821000     54.716810    0.0000938966
   22.821000     66.876101    0.0001342299
   22.821000     79.035392    0.0001809599
   22.821000     91.194683    0.0002334863

   29.341285    -91.194683    0.0001781644
   29.341285    -79.035392    0.0001326105
   29.341285    -66.876101    0.0000910275
   29.341285    -54.716810    0.0000551831
   29.341285    -42.557519    0.0000266006
   29.341285    -30.398228    0.0000065584
   29.341285    -18.238937   -0.0000039094
   29.341285     -6.079646   -0.0000040138
   29.341285      6.079646    0.0000067897
   29.341285     18.238937    0.0000288010
   29.341285     30.398228    0.0000620753
   29.341285     42.557519    0.0001064229
   29.341285     54.716810    0.0001614097
   29.341285     66.876101    0.0002263568
   29.341285     79.035392    0.0003003407
   29.341285     91.194683    0.0003821932

   35.861571    -91.194683    0.0002282694
   35.861571    -79.035392    0.0001638244
   35.861571    -66.876101    0.0001063120
   35.861571    -54.716810    0.0000580548
   35.861571    -42.557519    0.0000210234
   35.861571    -30.398228   -0.0000031641
   35.861571    -18.238937   -0.0000132417
   35.861571     -6.079646   -0.0000082959
   35.861571      6.079646    0.0000122347
   35.861571     18.238937    0.0000485593
   35.861571     30.398228    0.0001005345
   35.861571     42.557519    0.0001676649
   35.861571     54.716810    0.0002491027
   35.861571     66.876101    0.0003436479
   35.861571     79.035392    0.0004497480
   35.861571     91.194683    0.0005654986

   42.381856    -91.194683    0.0002564586
   42.381856    -79.035392    0.0001743451
   42.381856    -66.876101    0.0001027327
   42.381856    -54.716810    0.0000444645
   42.381856    -42.557519    0.0000019137
   42.381856    -30.398228   -0.0000230164
   42.381856    -18.238937   -0.0000288923
   42.381856     -6.079646   -0.0000147503
   42.381856      6.079646    0.0000199032
   42.381856     18.238937    0.0000750922
   42.381856     30.398228    0.0001503707
   42.381856     42.557519    0.0002448228
   42.381856     54.716810    0.0003570627
   42.381856     66.876101    0.0004852350
   42.381856     79.035392    0.0006270141
   42.381856     91.194683    0.0007796047

   48.902142    -91.194683    0.0002476314
   48.902142    -79.035392    0.0001518609
   48.902142    -66.876101    0.0000706161
   48.902142    -54.716810    0.0000071708
   48.902142    -42.557519   -0.0000357922
   48.902142    -30.398228   -0.0000561811
   48.902142    -18.238937   -0.0000524956
   48.902142     -6.079646   -0.0000238262
   48.902142      6.079646    0.0000301453
   48.902142     18.238937    0.0001091459
   48.902142     30.398228    0.0002123117
   48.902142     42.557519    0.0003381874
   48.902142     54.716810    0.0004847266
   48.902142     66.876101    0.0006492920
   48.902142     79.035392    0.0008286549
   48.902142     91.194683    0.0010189955

