  -44.510090    -47.136383    0.0081818813
  -44.510090    -40.851532    0.0071835192
  -44.510090    -34.566681    0.0061294746
  -44.510090    -28.281830    0.0050371008
  -44.510090    -21.996979    0.0039218460
  -44.510090    -15.712128    0.0027967123
  -44.510090     -9.427277    0.0016718809
  -44.510090     -3.142426    0.0005545023
  -44.510090      3.142426   -0.0005513456
  -44.510090      9.427277   -0.0016445346
  -44.510090     15.712128   -0.0027265967
  -44.510090     21.996979   -0.0038012679
  -44.510090     28.281830   -0.0048738667
  -44.510090     34.566681   -0.0059505057
  -44.510090     40.851532   -0.0070371376
  -44.510090     47.136383   -0.0081384346

  -39.273609    -47.136383    0.0066483588
  -39.273609    -40.851532    0.0058328057
  -39.273609    -34.566681    0.0049710568
  -39.273609    -28.281830    0.0040787007
  -39.273609    -21.996979    0.0031696012
  -39.273609    -15.712128    0.0022553894
  -39.273609     -9.427277    0.0013451113
  -39.273609     -3.142426    0.0004450315
  -39.273609      3.142426   -0.0004414071
  -39.273609      9.427277   -0.0013134680
  -39.273609     15.712128   -0.0021728503
  -39.273609     21.996979   -0.0030232613
  -39.273609     28.281830   -0.0038698337
  -39.273609     34.566681   -0.0047183872
  -39.273609     40.851532   -0.0055745336
  -39.273609     47.136383   -0.0064426270

  -34.037128    -47.136383    0.0052304848
  -34.037128    -40.851532    0.0045851467
  -34.037128    -34.566681    0.0039022548
  -34.037128    -28.281830    0.0031956539
  -34.037128    -21.996979    0.0024775923
  -34.037128    -15.712128    0.0017582809
  -34.037128     -9.427277    0.0010455892
  -34.037128     -3.142426    0.0003448803
  -34.037128      3.142426   -0.0003410180
  -34.037128      9.427277   -0.0010117026
  -34.037128     15.712128   -0.0016689483
  -34.037128     21.996979   -0.0023163223
  -34.037128     28.281830   -0.0029586617
  -34.037128     34.566681   -0.0036014122
  -34.037128     40.851532   -0.0042498306
  -34.037128     47.136383   -0.0049080479

  -28.800647    -47.136383    0.0039435137
  -28.800647    -40.851532    0.0034537686
  -28.800647    -34.566681    0.0029343396
  -28.800647    -28.281830    0.0023972593
  -28.800647    -21.996979    0.0018530990
  -28.800647    -15.712128    0.0013106042
  -28.800647     -9.427277    0.0007764462
  -28.800647     -3.142426    0.0002550905
  -28.800647      3.142426   -0.0002512171
  -28.800647      9.427277   -0.0007423475
  -28.800647     15.712128   -0.0012200686
  -28.800647     21.996979   -0.0016877082
  -28.800647     28.281830   -0.0021496997
  -28.800647     34.566681   -0.0026110114
  -28.800647     40.851532   -0.0030764580
  -28.800647     47.136383   -0.0035498953

  -23.564166    -47.136383    0.0028038465
  -23.564166    -40.851532    0.0024529072
  -23.564166    -34.566681    0.0020794104
  -23.564166    -28.281830    0.0016934642
  -23.564166    -21.996979    0.0013038875
  -23.564166    -15.712128    0.0009179185
  -23.564166     -9.427277    0.0005410186
  -23.564166     -3.142426    0.0001767729
  -23.564166      3.142426   -0.0001731127
  -23.564166      9.427277   -0.0005087187
  -23.564166     15.712128   -0.0008317230
  -23.564166     21.996979   -0.0011451147
  -23.564166     28.281830   -0.0014528135
  -23.564166     34.566681   -0.0017591906
  -23.564166     40.851532   -0.0020684956
  -23.564166     47.136383   -0.0023841851

  -18.327684    -47.136383    0.0018290663
  -18.327684    -40.851532    0.0015978334
  -18.327684    -34.566681    0.0013504246
  -18.327684    -28.281830    0.0010948991
  -18.327684    -21.996979    0.0008382437
  -18.327684    -15.712128    0.0005861492
  -18.327684     -9.427277    0.0003428621
  -18.327684     -3.142426    0.0001111116
  -18.327684      3.142426   -0.0001078864
  -18.327684      9.427277   -0.0003143504
  -18.327684     15.712128   -0.0005097779
  -18.327684     21.996979   -0.0006967148
  -18.327684     28.281830   -0.0008784483
  -18.327684     34.566681   -0.0010586244
  -18.327684     40.851532   -0.0012407893
  -18.327684     47.136383   -0.0014278549

  -13.091203    -47.136383    0.0010380004
  -13.091203    -40.851532    0.0009049021
  -13.091203    -34.566681    0.0007612476
  -13.091203    -28.281830    0.0006129257
  -13.091203    -21.996979    0.0004650142
  -13.091203    -15.712128    0.0003216191
  -13.091203     -9.427277    0.0001857699
  -13.091203     -3.142426    0.0000593696
  -13.091203      3.142426   -0.0000567987
  -13.091203      9.427277   -0.0001630106
  -13.091203     15.712128   -0.0002604836
  -13.091203     21.996979   -0.0003512041
  -13.091203     28.281830   -0.0004376994
  -13.091203     34.566681   -0.0005227544
  -13.091203     40.851532   -0.0006090726
  -13.091203     47.136383   -0.0006988810

   -7.854722    -47.136383    0.0004508101
   -7.854722    -40.851532    0.0003916267
   -7.854722    -34.566681    0.0003267200
   -7.854722    -28.281830    0.0002596983
   -7.854722    -21.996979    0.0001936579
   -7.854722    -15.712128    0.0001310855
   -7.854722     -9.427277    0.0000737945
   -7.854722     -3.142426    0.0000228961
   -7.854722      3.142426   -0.0000211952
   -7.854722      9.427277   -0.0000587219
   -7.854722     15.712128   -0.0000905087
   -7.854722     21.996979   -0.0001178545
   -7.854722     28.281830   -0.0001423887
   -7.854722     34.566681   -0.0001658938
   -7.854722     40.851532   -0.0001900935
   -7.854722     47.136383   -0.0002164058

   -2.618241    -47.136383    0.0000891077
   -2.618241    -40.851532    0.0000767768
   -2.618241    -34.566681    0.0000627448
   -2.618241    -28.281830    0.0000482388
   -2.618241    -21.996979    0.0000343067
   -2.618241    -15.712128    0.0000217843
   -2.618241     -9.427277    0.0000112739
   -2.618241     -3.142426    0.0000031345
   -2.618241      3.142426   -0.0000025156
   -2.618241      9.427277   -0.0000057847
   -2.618241     15.712128   -0.0000069811
   -2.618241     21.996979   -0.0000065754
   -2.618241     28.281830   -0.0000051500
   -2.618241     34.566681   -0.0000033376
   -2.618241     40.851532   -0.0000017467
   -2.618241     47.136383   -0.0000008764

    2.618241    -47.136383   -0.0000238993
    2.618241    -40.851532   -0.0000194993
    2.618241    -34.566681   -0.0000136076
    2.618241    -28.281830   -0.0000074751
    2.618241    -21.996979   -0.0000021653
    2.618241    -15.712128    0.0000014796
    2.618241     -9.427277    0.0000028610
    2.618241     -3.142426    0.0000016325
    2.618241      3.142426   -0.0000023025
    2.618241      9.427277   -0.0000088067
    2.618241     15.712128   -0.0000175366
    2.618241     21.996979   -0.0000279822
    2.618241     28.281830   -0.0000395201
    2.618241     34.566681   -0.0000514780
    2.618241     40.851532   -0.0000632120
    2.618241     47.136383   -0.0000741962

    7.854722    -47.136383    0.0001367633
    7.854722    -40.851532    0.0001244725
    7.854722    -34.566681    0.0001160249
    7.854722    -28.281830    0.0001075923
    7.854722    -21.996979    0.0000959380
    7.854722    -15.712128    0.0000785203
    7.854722     -9.427277    0.0000535571
    7.854722     -3.142426    0.0000200530
    7.854722      3.142426   -0.0000222126
    7.854722      9.427277   -0.0000727349
    7.854722     15.712128   -0.0001303722
    7.854722     21.996979   -0.0001934725
    7.854722     28.281830   -0.0002600377
    7.854722     34.566681   -0.0003279269
    7.854722     40.851532   -0.0003950978
    7.854722     47.136383   -0.0004598863

   13.091203    -47.136383    0.0005980354
   13.091203    -40.851532    0.0005320629
   13.091203    -34.566681    0.0004714386
   13.091203    -28.281830    0.0004096493
   13.091203    -21.996979    0.0003412234
   13.091203    -15.712128    0.0002619030
   13.091203     -9.427277    0.0001687499
   13.091203     -3.142426    0.0000601864
   13.091203      3.142426   -0.0000640293
   13.091203      9.427277   -0.0002028925
   13.091203     15.712128   -0.0003543081
   13.091203     21.996979   -0.0005153104
   13.091203     28.281830   -0.0006823494
   13.091203     34.566681   -0.0008516423
   13.091203     40.851532   -0.0010195901
   13.091203     47.136383   -0.0011832594

   18.327684    -47.136383    0.0013890483
   18.327684    -40.851532    0.0012285343
   18.327684    -34.566681    0.0010740261
   18.327684    -28.281830    0.0009162061
   18.327684    -21.996979    0.0007473057
   18.327684    -15.712128    0.0005613409
   18.327684     -9.427277    0.0003542542
   18.327684     -3.142426    0.0001239647
   18.327684      3.142426   -0.0001296762
   18.327684      9.427277   -0.0004050206
   18.327684     15.712128   -0.0006988540
   18.327684     21.996979   -0.0010067173
   18.327684     28.281830   -0.0013233228
   18.327684     34.566681   -0.0016430620
   18.327684     40.851532   -0.0019606072
   18.327684     47.136383   -0.0022716054

   23.564166    -47.136383    0.0025413786
   23.564166    -40.851532    0.0022412611
   23.564166    -34.566681    0.0019469561
   23.564166    -28.281830    0.0016462166
   23.564166    -21.996979    0.0013289158
   23.564166    -15.712128    0.0009873393
   23.564166     -9.427277    0.0006163576
   23.564166     -3.142426    0.0002134764
   23.564166      3.142426   -0.0002212327
   23.564166      9.427277   -0.0006853228
   23.564166     15.712128   -0.0011742834
   23.564166     21.996979   -0.0016819719
   23.564166     28.281830   -0.0022011670
   23.564166     34.566681   -0.0027242421
   23.564166     40.851532   -0.0032439599
   23.564166     47.136383   -0.0037543874

   28.800647    -47.136383    0.0040893285
   28.800647    -40.851532    0.0035999730
   28.800647    -34.566681    0.0031153728
   28.800647    -28.281830    0.0026202342
   28.800647    -21.996979    0.0021020166
   28.800647    -15.712128    0.0015512776
   28.800647     -9.427277    0.0009618690
   28.800647     -3.142426    0.0003309831
   28.800647      3.142426   -0.0003409500
   28.800647      9.427277   -0.0010505152
   28.800647     15.712128   -0.0017917141
   28.800647     21.996979   -0.0025565161
   28.800647     28.281830   -0.0033355596
   28.800647     34.566681   -0.0041190015
   28.800647     40.851532   -0.0048975174
   28.800647     47.136383   -0.0056634504

   34.037128    -47.136383    0.0060702338
   34.037128    -40.851532    0.0053370238
   34.037128    -34.566681    0.0046066135
   34.037128    -28.281830    0.0038605805
   34.037128    -21.996979    0.0030839298
   34.037128    -15.712128    0.0022654973
   34.037128     -9.427277    0.0013981721
   34.037128     -3.142426    0.0004789375
   34.037128      3.142426   -0.0004912697
   34.037128      9.427277   -0.0015078800
   34.037128     15.712128   -0.0025631948
   34.037128     21.996979   -0.0036470700
   34.037128     28.281830   -0.0047477817
   34.037128     34.566681   -0.0058530723
   34.037128     40.851532   -0.0069513786
   34.037128     47.136383   -0.0080332411

