  -54.177403   -136.038482    0.0192856651
  -54.177403   -117.900018    0.0183615466
  -54.177403    -99.761554    0.0178660735
  -54.177403    -81.623089    0.0177260693
  -54.177403    -63.484625    0.0178764781
  -54.177403    -45.346161    0.0182626516
  -54.177403    -27.207696    0.0188424262
  -54.177403     -9.069232    0.0195878529
  -54.177403      9.069232    0.0204864714
  -54.177403     27.207696    0.0215420550
  -54.177403     45.346161    0.0227747775
  -54.177403     63.484625    0.0242207892
  -54.177403     81.623089    0.0259312173
  -54.177403     99.761554    0.0279706358
  -54.177403    117.900018    0.0304150833
  -54.177403    136.038482    0.0333497354

  -46.953749   -136.038482    0.0152126708
  -46.953749   -117.900018    0.0141657204
  -46.953749    -99.761554    0.0135345782
  -46.953749    -81.623089    0.0132346738
  -46.953749    -63.484625    0.0131998485
  -46.953749    -45.346161    0.0133772597
  -46.953749    -27.207696    0.0137266667
  -46.953749     -9.069232    0.0142218345
  -46.953749      9.069232    0.0148523726
  -46.953749     27.207696    0.0156249000
  -46.953749     45.346161    0.0165630066
  -46.953749     63.484625    0.0177060604
  -46.953749     81.623089    0.0191074842
  -46.953749     99.761554    0.0208337044
  -46.953749    117.900018    0.0229655539
  -46.953749    136.038482    0.0256044847

  -39.730095   -136.038482    0.0117833411
  -39.730095   -117.900018    0.0106680410
  -39.730095    -99.761554    0.0099439118
  -39.730095    -81.623089    0.0095316477
  -39.730095    -63.484625    0.0093641487
  -39.730095    -45.346161    0.0093867602
  -39.730095    -27.207696    0.0095585493
  -39.730095     -9.069232    0.0098538853
  -39.730095      9.069232    0.0102637727
  -39.730095     27.207696    0.0107965787
  -39.730095     45.346161    0.0114779801
  -39.730095     63.484625    0.0123501419
  -39.730095     81.623089    0.0134703290
  -39.730095     99.761554    0.0149093376
  -39.730095    117.900018    0.0167503209
  -39.730095    136.038482    0.0190887694

  -32.506442   -136.038482    0.0089458748
  -32.506442   -117.900018    0.0077954710
  -32.506442    -99.761554    0.0070196859
  -32.506442    -81.623089    0.0065404764
  -32.506442    -63.484625    0.0062885594
  -32.506442    -45.346161    0.0062068329
  -32.506442    -27.207696    0.0062528341
  -32.506442     -9.069232    0.0064004181
  -32.506442      9.069232    0.0066407909
  -32.506442     27.207696    0.0069829820
  -32.506442     45.346161    0.0074537906
  -32.506442     63.484625    0.0080971879
  -32.506442     81.623089    0.0089731108
  -32.506442     99.761554    0.0101555306
  -32.506442    117.900018    0.0117296299
  -32.506442    136.038482    0.0137878703

  -25.282788   -136.038482    0.0066697348
  -25.282788   -117.900018    0.0055035830
  -25.282788    -99.761554    0.0047058848
  -25.282788    -81.623089    0.0041949880
  -25.282788    -63.484625    0.0038983678
  -25.282788    -45.346161    0.0037561762
  -25.282788    -27.207696    0.0037237628
  -25.282788     -9.069232    0.0037733761
  -25.282788      9.069232    0.0038951977
  -25.282788     27.207696    0.0040978042
  -25.282788     45.346161    0.0044080943
  -25.282788     63.484625    0.0048706633
  -25.282788     81.623089    0.0055465464
  -25.282788     99.761554    0.0065111994
  -25.282788    117.900018    0.0078515249
  -25.282788    136.038482    0.0096616962

  -18.059134   -136.038482    0.0049529620
  -18.059134   -117.900018    0.0037768010
  -18.059134    -99.761554    0.0029711832
  -18.059134    -81.623089    0.0024494802
  -18.059134    -63.484625    0.0021354393
  -18.059134    -45.346161    0.0019660188
  -18.059134    -27.207696    0.0018936894
  -18.059134     -9.069232    0.0018881717
  -18.059134      9.069232    0.0019375841
  -18.059134     27.207696    0.0020489806
  -18.059134     45.346161    0.0022482639
  -18.059134     63.484625    0.0025794664
  -18.059134     81.623089    0.0031033957
  -18.059134     99.761554    0.0038956468
  -18.059134    117.900018    0.0050439898
  -18.059134    136.038482    0.0066451480

  -10.835481   -136.038482    0.0038243979
  -10.835481   -117.900018    0.0026292078
  -10.835481    -99.761554    0.0018131787
  -10.835481    -81.623089    0.0012854815
  -10.835481    -63.484625    0.0009661559
  -10.835481    -45.346161    0.0007886526
  -10.835481    -27.207696    0.0007020862
  -10.835481     -9.069232    0.0006730442
  -10.835481      9.069232    0.0006868343
  -10.835481     27.207696    0.0007480902
  -10.835481     45.346161    0.0008806991
  -10.835481     63.484625    0.0011270502
  -10.835481     81.623089    0.0015466436
  -10.835481     99.761554    0.0022141399
  -10.835481    117.900018    0.0032169681
  -10.835481    136.038482    0.0046526491

   -3.611827   -136.038482    0.0033416402
   -3.611827   -117.900018    0.0021039796
   -3.611827    -99.761554    0.0012597222
   -3.611827    -81.623089    0.0007148762
   -3.611827    -63.484625    0.0003861731
   -3.611827    -45.346161    0.0002036736
   -3.611827    -27.207696    0.0001130939
   -3.611827     -9.069232    0.0000776873
   -3.611827      9.069232    0.0000795567
   -3.611827     27.207696    0.0001203167
   -3.611827     45.346161    0.0002210656
   -3.611827     63.484625    0.0004216666
   -3.611827     81.623089    0.0007793846
   -3.611827     99.761554    0.0013669606
   -3.611827    117.900018    0.0022702525
   -3.611827    136.038482    0.0035856090

    3.611827   -136.038482    0.0035856090
    3.611827   -117.900018    0.0022702525
    3.611827    -99.761554    0.0013669606
    3.611827    -81.623089    0.0007793846
    3.611827    -63.484625    0.0004216666
    3.611827    -45.346161    0.0002210656
    3.611827    -27.207696    0.0001203167
    3.611827     -9.069232    0.0000795567
    3.611827      9.069232    0.0000776873
    3.611827     27.207696    0.0001130939
    3.611827     45.346161    0.0002036736
    3.611827     63.484625    0.0003861731
    3.611827     81.623089    0.0007148762
    3.611827     99.761554    0.0012597222
    3.611827    117.900018    0.0021039796
    3.611827    136.038482    0.0033416402

   10.835481   -136.038482    0.0046526491
   10.835481   -117.900018    0.0032169681
   10.835481    -99.761554    0.0022141399
   10.835481    -81.623089    0.0015466436
   10.835481    -63.484625    0.0011270502
   10.835481    -45.346161    0.0008806991
   10.835481    -27.207696    0.0007480902
   10.835481     -9.069232    0.0006868343
   10.835481      9.069232    0.0006730442
   10.835481     27.207696    0.0007020862
   10.835481     45.346161    0.0007886526
   10.835481     63.484625    0.0009661559
   10.835481     81.623089    0.0012854815
   10.835481     99.761554    0.0018131787
   10.835481    117.900018    0.0026292078
   10.835481    136.038482    0.0038243979

   18.059134   -136.038482    0.0066451480
   18.059134   -117.900018    0.0050439898
   18.059134    -99.761554    0.0038956468
   18.059134    -81.623089    0.0031033957
   18.059134    -63.484625    0.0025794664
   18.059134    -45.346161    0.0022482639
   18.059134    -27.207696    0.0020489806
   18.059134     -9.069232    0.0019375841
   18.059134      9.069232    0.0018881717
   18.059134     27.207696    0.0018936894
   18.059134     45.346161    0.0019660188
   18.059134     63.484625    0.0021354393
   18.059134     81.623089    0.0024494802
   18.059134     99.761554    0.0029711832
   18.059134    117.900018    0.0037768010
   18.059134    136.038482    0.0049529620

   25.282788   -136.038482    0.0096616962
   25.282788   -117.900018    0.0078515249
   25.282788    -99.761554    0.0065111994
   25.282788    -81.623089    0.0055465464
   25.282788    -63.484625    0.0048706633
   25.282788    -45.346161    0.0044080943
   25.282788    -27.207696    0.0040978042
   25.282788     -9.069232    0.0038951977
   25.282788      9.069232    0.0037733761
   25.282788     27.207696    0.0037237628
   25.282788     45.346161    0.0037561762
   25.282788     63.484625    0.0038983678
   25.282788     81.623089    0.0041949880
   25.282788     99.761554    0.0047058848
   25.282788    117.900018    0.0055035830
   25.282788    136.038482    0.0066697348

   32.506442   -136.038482    0.0137878703
   32.506442   -117.900018    0.0117296299
   32.506442    -99.761554    0.0101555306
   32.506442    -81.623089    0.0089731108
   32.506442    -63.484625    0.0080971879
   32.506442    -45.346161    0.0074537906
   32.506442    -27.207696    0.0069829820
   32.506442     -9.069232    0.0066407909
   32.506442      9.069232    0.0064004181
   32.506442     27.207696    0.0062528341
   32.506442     45.346161    0.0062068329
   32.506442     63.484625    0.0062885594
   32.506442     81.623089    0.0065404764
   32.506442     99.761554    0.0070196859
   32.506442    117.900018    0.0077954710
   32.506442    136.038482    0.0089458748

   39.730095   -136.038482    0.0190887694
   39.730095   -117.900018    0.0167503209
   39.730095    -99.761554    0.0149093376
   39.730095    -81.623089    0.0134703290
   39.730095    -63.484625    0.0123501419
   39.730095    -45.346161    0.0114779801
   39.730095    -27.207696    0.0107965787
   39.730095     -9.069232    0.0102637727
   39.730095      9.069232    0.0098538853
   39.730095     27.207696    0.0095585493
   39.730095     45.346161    0.0093867602
   39.730095     63.484625    0.0093641487
   39.730095     81.623089    0.0095316477
   39.730095     99.761554    0.0099439118
   39.730095    117.900018    0.0106680410
   39.730095    136.038482    0.0117833411

   46.953749   -136.038482    0.0256044847
   46.953749   -117.900018    0.0229655539
   46.953749    -99.761554    0.0208337044
   46.953749    -81.623089    0.0191074842
   46.953749    -63.484625    0.0177060604
   46.953749    -45.346161    0.0165630066
   46.953749    -27.207696    0.0156249000
   46.953749     -9.069232    0.0148523726
   46.953749      9.069232    0.0142218345
   46.953749     27.207696    0.0137266667
   46.953749     45.346161    0.0133772597
   46.953749     63.484625    0.0131998485
   46.953749     81.623089    0.0132346738
   46.953749     99.761554    0.0135345782
   46.953749    117.900018    0.0141657204
   46.953749    136.038482    0.0152126708

   54.177403   -136.038482    0.0333497354
   54.177403   -117.900018    0.0304150833
   54.177403    -99.761554    0.0279706358
   54.177403    -81.623089    0.0259312173
   54.177403    -63.484625    0.0242207892
   54.177403    -45.346161    0.0227747775
   54.177403    -27.207696    0.0215420550
   54.177403     -9.069232    0.0204864714
   54.177403      9.069232    0.0195878529
   54.177403     27.207696    0.0188424262
   54.177403     45.346161    0.0182626516
   54.177403     63.484625    0.0178764781
   54.177403     81.623089    0.0177260693
   54.177403     99.761554    0.0178660735
   54.177403    117.900018    0.0183615466
   54.177403    136.038482    0.0192856651

