  -50.619018    -91.194683    0.0298169487
  -50.619018    -79.035392    0.0278442727
  -50.619018    -66.876101    0.0262407521
  -50.619018    -54.716810    0.0249658754
  -50.619018    -42.557519    0.0239860485
  -50.619018    -30.398228    0.0232745045
  -50.619018    -18.238937    0.0228112315
  -50.619018     -6.079646    0.0225829183
  -50.619018      6.079646    0.0225829183
  -50.619018     18.238937    0.0228112315
  -50.619018     30.398228    0.0232745045
  -50.619018     42.557519    0.0239860485
  -50.619018     54.716810    0.0249658754
  -50.619018     66.876101    0.0262407521
  -50.619018     79.035392    0.0278442727
  -50.619018     91.194683    0.0298169487

  -43.869816    -91.194683    0.0239887426
  -43.869816    -79.035392    0.0220395283
  -43.869816    -66.876101    0.0204566518
  -43.869816    -54.716810    0.0191993550
  -43.869816    -42.557519    0.0182338385
  -43.869816    -30.398228    0.0175331711
  -43.869816    -18.238937    0.0170772176
  -43.869816     -6.079646    0.0168525846
  -43.869816      6.079646    0.0168525846
  -43.869816     18.238937    0.0170772176
  -43.869816     30.398228    0.0175331711
  -43.869816     42.557519    0.0182338385
  -43.869816     54.716810    0.0191993550
  -43.869816     66.876101    0.0204566518
  -43.869816     79.035392    0.0220395283
  -43.869816     91.194683    0.0239887426

  -37.120613    -91.194683    0.0190394747
  -37.120613    -79.035392    0.0171120342
  -37.120613    -66.876101    0.0155483306
  -37.120613    -54.716810    0.0143073706
  -37.120613    -42.557519    0.0133551587
  -37.120613    -30.398228    0.0126646069
  -37.120613    -18.238937    0.0122154626
  -37.120613     -6.079646    0.0119942538
  -37.120613      6.079646    0.0119942538
  -37.120613     18.238937    0.0122154626
  -37.120613     30.398228    0.0126646069
  -37.120613     42.557519    0.0133551587
  -37.120613     54.716810    0.0143073706
  -37.120613     66.876101    0.0155483306
  -37.120613     79.035392    0.0171120342
  -37.120613     91.194683    0.0190394747

  -30.371411    -91.194683    0.0149544109
  -30.371411    -79.035392    0.0130462884
  -30.371411    -66.876101    0.0114996044
  -30.371411    -54.716810    0.0102731526
  -30.371411    -42.557519    0.0093327602
  -30.371411    -30.398228    0.0086511973
  -30.371411    -18.238937    0.0082081045
  -30.371411     -6.079646    0.0079899393
  -30.371411      6.079646    0.0079899393
  -30.371411     18.238937    0.0082081045
  -30.371411     30.398228    0.0086511973
  -30.371411     42.557519    0.0093327602
  -30.371411     54.716810    0.0102731526
  -30.371411     66.876101    0.0114996044
  -30.371411     79.035392    0.0130462884
  -30.371411     91.194683    0.0149544109

  -23.622208    -91.194683    0.0117157290
  -23.622208    -79.035392    0.0098238289
  -23.622208    -66.876101    0.0082914427
  -23.622208    -54.716810    0.0070771828
  -23.622208    -42.557519    0.0061467254
  -23.622208    -30.398228    0.0054727194
  -23.622208    -18.238937    0.0050347151
  -23.622208     -6.079646    0.0048191092
  -23.622208      6.079646    0.0048191092
  -23.622208     18.238937    0.0050347151
  -23.622208     30.398228    0.0054727194
  -23.622208     42.557519    0.0061467254
  -23.622208     54.716810    0.0070771828
  -23.622208     66.876101    0.0082914427
  -23.622208     79.035392    0.0098238289
  -23.622208     91.194683    0.0117157290

  -16.873006    -91.194683    0.0093055430
  -16.873006    -79.035392    0.0074262575
  -16.873006    -66.876101    0.0059049926
  -16.873006    -54.716810    0.0047002182
  -16.873006    -42.557519    0.0037774916
  -16.873006    -30.398228    0.0031093668
  -16.873006    -18.238937    0.0026753229
  -16.873006     -6.079646    0.0024617091
  -16.873006      6.079646    0.0024617091
  -16.873006     18.238937    0.0026753229
  -16.873006     30.398228    0.0031093668
  -16.873006     42.557519    0.0037774916
  -16.873006     54.716810    0.0047002182
  -16.873006     66.876101    0.0059049926
  -16.873006     79.035392    0.0074262575
  -16.873006     91.194683    0.0093055430

  -10.123804    -91.194683    0.0077083215
  -10.123804    -79.035392    0.0058376592
  -10.123804    -66.876101    0.0043239979
  -10.123804    -54.716810    0.0031257097
  -10.123804    -42.557519    0.0022082701
  -10.123804    -30.398228    0.0015441678
  -10.123804    -18.238937    0.0011128328
  -10.123804     -6.079646    0.0009005816
  -10.123804      6.079646    0.0009005816
  -10.123804     18.238937    0.0011128328
  -10.123804     30.398228    0.0015441678
  -10.123804     42.557519    0.0022082701
  -10.123804     54.716810    0.0031257097
  -10.123804     66.876101    0.0043239979
  -10.123804     79.035392    0.0058376592
  -10.123804     91.194683    0.0077083215

   -3.374601    -91.194683    0.0069127025
   -3.374601    -79.035392    0.0050464157
   -3.374601    -66.876101    0.0035366132
   -3.374601    -54.716810    0.0023416168
   -3.374601    -42.557519    0.0014268607
   -3.374601    -30.398228    0.0007648001
   -3.374601    -18.238937    0.0003348401
   -3.374601     -6.079646    0.0001232805
   -3.374601      6.079646    0.0001232805
   -3.374601     18.238937    0.0003348401
   -3.374601     30.398228    0.0007648001
   -3.374601     42.557519    0.0014268607
   -3.374601     54.716810    0.0023416168
   -3.374601     66.876101    0.0035366132
   -3.374601     79.035392    0.0050464157
   -3.374601     91.194683    0.0069127025

    3.374601    -91.194683    0.0069127025
    3.374601    -79.035392    0.0050464157
    3.374601    -66.876101    0.0035366132
    3.374601    -54.716810    0.0023416168
    3.374601    -42.557519    0.0014268607
    3.374601    -30.398228    0.0007648001
    3.374601    -18.238937    0.0003348401
    3.374601     -6.079646    0.0001232805
    3.374601      6.079646    0.0001232805
    3.374601     18.238937    0.0003348401
    3.374601     30.398228    0.0007648001
    3.374601     42.557519    0.0014268607
    3.374601     54.716810    0.0023416168
    3.374601     66.876101    0.0035366132
    3.374601     79.035392    0.0050464157
    3.374601     91.194683    0.0069127025

   10.123804    -91.194683    0.0077083215
   10.123804    -79.035392    0.0058376592
   10.123804    -66.876101    0.0043239979
   10.123804    -54.716810    0.0031257097
   10.123804    -42.557519    0.0022082701
   10.123804    -30.398228    0.0015441678
   10.123804    -18.238937    0.0011128328
   10.123804     -6.079646    0.0009005816
   10.123804      6.079646    0.0009005816
   10.123804     18.238937    0.0011128328
   10.123804     30.398228    0.0015441678
   10.123804     42.557519    0.0022082701
   10.123804     54.716810    0.0031257097
   10.123804     66.876101    0.0043239979
   10.123804     79.035392    0.0058376592
   10.123804     91.194683    0.0077083215

   16.873006    -91.194683    0.0093055430
   16.873006    -79.035392    0.0074262575
   16.873006    -66.876101    0.0059049926
   16.873006    -54.716810    0.0047002182
   16.873006    -42.557519    0.0037774916
   16.873006    -30.398228    0.0031093668
   16.873006    -18.238937    0.0026753229
   16.873006     -6.079646    0.0024617091
   16.873006      6.079646    0.0024617091
   16.873006     18.238937    0.0026753229
   16.873006     30.398228    0.0031093668
   16.873006     42.557519    0.0037774916
   16.873006     54.716810    0.0047002182
   16.873006     66.876101    0.0059049926
   16.873006     79.035392    0.0074262575
   16.873006     91.194683    0.0093055430

   23.622208    -91.194683    0.0117157290
   23.622208    -79.035392    0.0098238289
   23.622208    -66.876101    0.0082914427
   23.622208    -54.716810    0.0070771828
   23.622208    -42.557519    0.0061467254
   23.622208    -30.398228    0.0054727194
   23.622208    -18.238937    0.0050347151
   23.622208     -6.079646    0.0048191092
   23.622208      6.079646    0.0048191092
   23.622208     18.238937    0.0050347151
   23.622208     30.398228    0.0054727194
   23.622208     42.557519    0.0061467254
   23.622208     54.716810    0.0070771828
   23.622208     66.876101    0.0082914427
   23.622208     79.035392    0.0098238289
   23.622208     91.194683    0.0117157290

   30.371411    -91.194683    0.0149544109
   30.371411    -79.035392    0.0130462884
   30.371411    -66.876101    0.0114996044
   30.371411    -54.716810    0.0102731526
   30.371411    -42.557519    0.0093327602
   30.371411    -30.398228    0.0086511973
   30.371411    -18.238937    0.0082081045
   30.371411     -6.079646    0.0079899393
   30.371411      6.079646    0.0079899393
   30.371411     18.238937    0.0082081045
   30.371411     30.398228    0.0086511973
   30.371411     42.557519    0.0093327602
   30.371411     54.716810    0.0102731526
   30.371411     66.876101    0.0114996044
   30.371411     79.035392    0.0130462884
   30.371411     91.194683    0.0149544109

   37.120613    -91.194683    0.0190394747
   37.120613    -79.035392    0.0171120342
   37.120613    -66.876101    0.0155483306
   37.120613    -54.716810    0.0143073706
   37.120613    -42.557519    0.0133551587
   37.120613    -30.398228    0.0126646069
   37.120613    -18.238937    0.0122154626
   37.120613     -6.079646    0.0119942538
   37.120613      6.079646    0.0119942538
   37.120613     18.238937    0.0122154626
   37.120613     30.398228    0.0126646069
   37.120613     42.557519    0.0133551587
   37.120613     54.716810    0.0143073706
   37.120613     66.876101    0.0155483306
   37.120613     79.035392    0.0171120342
   37.120613     91.194683    0.0190394747

   43.869816    -91.194683    0.0239887426
   43.869816    -79.035392    0.0220395283
   43.869816    -66.876101    0.0204566518
   43.869816    -54.716810    0.0191993550
   43.869816    -42.557519    0.0182338385
   43.869816    -30.398228    0.0175331711
   43.869816    -18.238937    0.0170772176
   43.869816     -6.079646    0.0168525846
   43.869816      6.079646    0.0168525846
   43.869816     18.238937    0.0170772176
   43.869816     30.398228    0.0175331711
   43.869816     42.557519    0.0182338385
   43.869816     54.716810    0.0191993550
   43.869816     66.876101    0.0204566518
   43.869816     79.035392    0.0220395283
   43.869816     91.194683    0.0239887426

   50.619018    -91.194683    0.0298169487
   50.619018    -79.035392    0.0278442727
   50.619018    -66.876101    0.0262407521
   50.619018    -54.716810    0.0249658754
   50.619018    -42.557519    0.0239860485
   50.619018    -30.398228    0.0232745045
   50.619018    -18.238937    0.0228112315
   50.619018     -6.079646    0.0225829183
   50.619018      6.079646    0.0225829183
   50.619018     18.238937    0.0228112315
   50.619018     30.398228    0.0232745045
   50.619018     42.557519    0.0239860485
   50.619018     54.716810    0.0249658754
   50.619018     66.876101    0.0262407521
   50.619018     79.035392    0.0278442727
   50.619018     91.194683    0.0298169487

