  -38.681015    -61.469935   -0.0018515547
  -38.681015    -53.273944   -0.0014323643
  -38.681015    -45.077952   -0.0010548602
  -38.681015    -36.881961   -0.0007255637
  -38.681015    -28.685970   -0.0004507076
  -38.681015    -20.489978   -0.0002362171
  -38.681015    -12.293987   -0.0000876922
  -38.681015     -4.097996   -0.0000103927
  -38.681015      4.097996   -0.0000092256
  -38.681015     12.293987   -0.0000887342
  -38.681015     20.489978   -0.0002530903
  -38.681015     28.685970   -0.0005060879
  -38.681015     36.881961   -0.0008511393
  -38.681015     45.077952   -0.0012912739
  -38.681015     53.273944   -0.0018291389
  -38.681015     61.469935   -0.0024670018

  -33.523546    -61.469935   -0.0013277695
  -33.523546    -53.273944   -0.0010314017
  -33.523546    -45.077952   -0.0007624001
  -33.523546    -36.881961   -0.0005260927
  -33.523546    -28.685970   -0.0003276210
  -33.523546    -20.489978   -0.0001719164
  -33.523546    -12.293987   -0.0000636800
  -33.523546     -4.097996   -0.0000073656
  -33.523546      4.097996   -0.0000071664
  -33.523546     12.293987   -0.0000670044
  -33.523546     20.489978   -0.0001905235
  -33.523546     28.685970   -0.0003810856
  -33.523546     36.881961   -0.0006417704
  -33.523546     45.077952   -0.0009753777
  -33.523546     53.273944   -0.0013844343
  -33.523546     61.469935   -0.0018712027

  -28.366078    -61.469935   -0.0008996883
  -28.366078    -53.273944   -0.0007033195
  -28.366078    -45.077952   -0.0005228743
  -28.366078    -36.881961   -0.0003626613
  -28.366078    -28.685970   -0.0002268445
  -28.366078    -20.489978   -0.0001194339
  -28.366078    -12.293987   -0.0000442756
  -28.366078     -4.097996   -0.0000050440
  -28.366078      4.097996   -0.0000052337
  -28.366078     12.293987   -0.0000481531
  -28.366078     20.489978   -0.0001369184
  -28.366078     28.685970   -0.0002744486
  -28.366078     36.881961   -0.0004634614
  -28.366078     45.077952   -0.0007064698
  -28.366078     53.273944   -0.0010057797
  -28.366078     61.469935   -0.0013634881

  -23.208609    -61.469935   -0.0005598434
  -23.208609    -53.273944   -0.0004421965
  -23.208609    -45.077952   -0.0003318141
  -23.208609    -36.881961   -0.0002320787
  -23.208609    -28.685970   -0.0001462576
  -23.208609    -20.489978   -0.0000775057
  -23.208609    -12.293987   -0.0000288664
  -23.208609     -4.097996   -0.0000032711
  -23.208609      4.097996   -0.0000035374
  -23.208609     12.293987   -0.0000323657
  -23.208609     20.489978   -0.0000923348
  -23.208609     28.685970   -0.0001858950
  -23.208609     36.881961   -0.0003153615
  -23.208609     45.077952   -0.0004829044
  -23.208609     53.273944   -0.0006905386
  -23.208609     61.469935   -0.0009401119

  -18.051140    -61.469935   -0.0003024252
  -18.051140    -53.273944   -0.0002434641
  -18.051140    -45.077952   -0.0001857821
  -18.051140    -36.881961   -0.0001318964
  -18.051140    -28.685970   -0.0000842422
  -18.051140    -20.489978   -0.0000451804
  -18.051140    -12.293987   -0.0000170033
  -18.051140     -4.097996   -0.0000019377
  -18.051140      4.097996   -0.0000021461
  -18.051140     12.293987   -0.0000197252
  -18.051140     20.489978   -0.0000567024
  -18.051140     28.685970   -0.0001150296
  -18.051140     36.881961   -0.0001965751
  -18.051140     45.077952   -0.0003031130
  -18.051140     53.273944   -0.0004363102
  -18.051140     61.469935   -0.0005977113

  -12.893672    -61.469935   -0.0001231191
  -12.893672    -53.273944   -0.0001037603
  -12.893672    -45.077952   -0.0000822613
  -12.893672    -36.881961   -0.0000603305
  -12.893672    -28.685970   -0.0000396303
  -12.893672    -20.489978   -0.0000217837
  -12.893672    -12.293987   -0.0000083793
  -12.893672     -4.097996   -0.0000009744
  -12.893672      4.097996   -0.0000010957
  -12.893672     12.293987   -0.0000102391
  -12.893672     20.489978   -0.0000298668
  -12.893672     28.685970   -0.0000614030
  -12.893672     36.881961   -0.0001062273
  -12.893672     45.077952   -0.0001656671
  -12.893672     53.273944   -0.0002409867
  -12.893672     61.469935   -0.0003333760

   -7.736203    -61.469935   -0.0000189526
   -7.736203    -53.273944   -0.0000207934
   -7.736203    -45.077952   -0.0000195488
   -7.736203    -36.881961   -0.0000161842
   -7.736203    -28.685970   -0.0000116494
   -7.736203    -20.489978   -0.0000068818
   -7.736203    -12.293987   -0.0000028078
   -7.736203     -4.097996   -0.0000003441
   -7.736203      4.097996   -0.0000003978
   -7.736203     12.293987   -0.0000038657
   -7.736203     20.489978   -0.0000116327
   -7.736203     28.685970   -0.0000245697
   -7.736203     36.881961   -0.0000435299
   -7.736203     45.077952   -0.0000693447
   -7.736203     53.273944   -0.0001028193
   -7.736203     61.469935   -0.0001447261

   -2.578734    -61.469935    0.0000118498
   -2.578734    -53.273944    0.0000067865
   -2.578734    -45.077952    0.0000033458
   -2.578734    -36.881961    0.0000012274
   -2.578734    -28.685970    0.0000001307
   -2.578734    -20.489978   -0.0000002448
   -2.578734    -12.293987   -0.0000001997
   -2.578734     -4.097996   -0.0000000342
   -2.578734      4.097996   -0.0000000481
   -2.578734     12.293987   -0.0000005402
   -2.578734     20.489978   -0.0000018079
   -2.578734     28.685970   -0.0000041466
   -2.578734     36.881961   -0.0000078486
   -2.578734     45.077952   -0.0000132029
   -2.578734     53.273944   -0.0000204937
   -2.578734     61.469935   -0.0000299997

    2.578734    -61.469935   -0.0000299997
    2.578734    -53.273944   -0.0000204937
    2.578734    -45.077952   -0.0000132029
    2.578734    -36.881961   -0.0000078486
    2.578734    -28.685970   -0.0000041466
    2.578734    -20.489978   -0.0000018079
    2.578734    -12.293987   -0.0000005402
    2.578734     -4.097996   -0.0000000481
    2.578734      4.097996   -0.0000000342
    2.578734     12.293987   -0.0000001997
    2.578734     20.489978   -0.0000002448
    2.578734     28.685970    0.0000001307
    2.578734     36.881961    0.0000012274
    2.578734     45.077952    0.0000033458
    2.578734     53.273944    0.0000067865
    2.578734     61.469935    0.0000118498

    7.736203    -61.469935   -0.0001447261
    7.736203    -53.273944   -0.0001028193
    7.736203    -45.077952   -0.0000693447
    7.736203    -36.881961   -0.0000435299
    7.736203    -28.685970   -0.0000245697
    7.736203    -20.489978   -0.0000116327
    7.736203    -12.293987   -0.0000038657
    7.736203     -4.097996   -0.0000003978
    7.736203      4.097996   -0.0000003441
    7.736203     12.293987   -0.0000028078
    7.736203     20.489978   -0.0000068818
    7.736203     28.685970   -0.0000116494
    7.736203     36.881961   -0.0000161842
    7.736203     45.077952   -0.0000195488
    7.736203     53.273944   -0.0000207934
    7.736203     61.469935   -0.0000189526

   12.893672    -61.469935   -0.0003333760
   12.893672    -53.273944   -0.0002409867
   12.893672    -45.077952   -0.0001656671
   12.893672    -36.881961   -0.0001062273
   12.893672    -28.685970   -0.0000614030
   12.893672    -20.489978   -0.0000298668
   12.893672    -12.293987   -0.0000102391
   12.893672     -4.097996   -0.0000010957
   12.893672      4.097996   -0.0000009744
   12.893672     12.293987   -0.0000083793
   12.893672     20.489978   -0.0000217837
   12.893672     28.685970   -0.0000396303
   12.893672     36.881961   -0.0000603305
   12.893672     45.077952   -0.0000822613
   12.893672     53.273944   -0.0001037603
   12.893672     61.469935   -0.0001231191

   18.051140    -61.469935   -0.0005977113
   18.051140    -53.273944   -0.0004363102
   18.051140    -45.077952   -0.0003031130
   18.051140    -36.881961   -0.0001965751
   18.051140    -28.685970   -0.0001150296
   18.051140    -20.489978   -0.0000567024
   18.051140    -12.293987   -0.0000197252
   18.051140     -4.097996   -0.0000021461
   18.051140      4.097996   -0.0000019377
   18.051140     12.293987   -0.0000170033
   18.051140     20.489978   -0.0000451804
   18.051140     28.685970   -0.0000842422
   18.051140     36.881961   -0.0001318964
   18.051140     45.077952   -0.0001857821
   18.051140     53.273944   -0.0002434641
   18.051140     61.469935   -0.0003024252

   23.208609    -61.469935   -0.0009401119
   23.208609    -53.273944   -0.0006905386
   23.208609    -45.077952   -0.0004829044
   23.208609    -36.881961   -0.0003153615
   23.208609    -28.685970   -0.0001858950
   23.208609    -20.489978   -0.0000923348
   23.208609    -12.293987   -0.0000323657
   23.208609     -4.097996   -0.0000035374
   23.208609      4.097996   -0.0000032711
   23.208609     12.293987   -0.0000288664
   23.208609     20.489978   -0.0000775057
   23.208609     28.685970   -0.0001462576
   23.208609     36.881961   -0.0002320787
   23.208609     45.077952   -0.0003318141
   23.208609     53.273944   -0.0004421965
   23.208609     61.469935   -0.0005598434

   28.366078    -61.469935   -0.0013634881
   28.366078    -53.273944   -0.0010057797
   28.366078    -45.077952   -0.0007064698
   28.366078    -36.881961   -0.0004634614
   28.366078    -28.685970   -0.0002744486
   28.366078    -20.489978   -0.0001369184
   28.366078    -12.293987   -0.0000481531
   28.366078     -4.097996   -0.0000052337
   28.366078      4.097996   -0.0000050440
   28.366078     12.293987   -0.0000442756
   28.366078     20.489978   -0.0001194339
   28.366078     28.685970   -0.0002268445
   28.366078     36.881961   -0.0003626613
   28.366078     45.077952   -0.0005228743
   28.366078     53.273944   -0.0007033195
   28.366078     61.469935   -0.0008996883

   33.523546    -61.469935   -0.0018712027
   33.523546    -53.273944   -0.0013844343
   33.523546    -45.077952   -0.0009753777
   33.523546    -36.881961   -0.0006417704
   33.523546    -28.685970   -0.0003810856
   33.523546    -20.489978   -0.0001905235
   33.523546    -12.293987   -0.0000670044
   33.523546     -4.097996   -0.0000071664
   33.523546      4.097996   -0.0000073656
   33.523546     12.293987   -0.0000636800
   33.523546     20.489978   -0.0001719164
   33.523546     28.685970   -0.0003276210
   33.523546     36.881961   -0.0005260927
   33.523546     45.077952   -0.0007624001
   33.523546     53.273944   -0.0010314017
   33.523546     61.469935   -0.0013277695

   38.681015    -61.469935   -0.0024670018
   38.681015    -53.273944   -0.0018291389
   38.681015    -45.077952   -0.0012912739
   38.681015    -36.881961   -0.0008511393
   38.681015    -28.685970   -0.0005060879
   38.681015    -20.489978   -0.0002530903
   38.681015    -12.293987   -0.0000887342
   38.681015     -4.097996   -0.0000092256
   38.681015      4.097996   -0.0000103927
   38.681015     12.293987   -0.0000876922
   38.681015     20.489978   -0.0002362171
   38.681015     28.685970   -0.0004507076
   38.681015     36.881961   -0.0007255637
   38.681015     45.077952   -0.0010548602
   38.681015     53.273944   -0.0014323643
   38.681015     61.469935   -0.0018515547

