  -44.766107    -96.008735    0.0727485896
  -44.766107    -81.238160    0.0707359772
  -44.766107    -66.467585    0.0691908990
  -44.766107    -51.697011    0.0680504441
  -44.766107    -36.926436    0.0672593046
  -44.766107    -22.155862    0.0667694318
  -44.766107     -7.385287    0.0665392942
  -44.766107      7.385287    0.0665330056
  -44.766107     22.155862    0.0667195112
  -44.766107     36.926436    0.0670719340
  -44.766107     51.697011    0.0675671046
  -44.766107     66.467585    0.0681852127
  -44.766107     81.238160    0.0689094374
  -44.766107     96.008735    0.0697253296
  -44.766107    110.779309    0.0706196387
  -44.766107    125.549884    0.0715781933

  -40.053885    -96.008735    0.0621482563
  -40.053885    -81.238160    0.0601307437
  -40.053885    -66.467585    0.0585877688
  -40.053885    -51.697011    0.0574482151
  -40.053885    -36.926436    0.0566569929
  -40.053885    -22.155862    0.0561672734
  -40.053885     -7.385287    0.0559376876
  -40.053885      7.385287    0.0559319001
  -40.053885     22.155862    0.0561187242
  -40.053885     36.926436    0.0564717098
  -40.053885     51.697011    0.0569678970
  -40.053885     66.467585    0.0575861881
  -40.053885     81.238160    0.0583065551
  -40.053885     96.008735    0.0591120600
  -40.053885    110.779309    0.0599964260
  -40.053885    125.549884    0.0609806634

  -35.341663    -96.008735    0.0519845470
  -35.341663    -81.238160    0.0499698890
  -35.341663    -66.467585    0.0484257298
  -35.341663    -51.697011    0.0472863337
  -35.341663    -36.926436    0.0464961583
  -35.341663    -22.155862    0.0460073247
  -35.341663     -7.385287    0.0457782405
  -35.341663      7.385287    0.0457728256
  -35.341663     22.155862    0.0459599480
  -35.341663     36.926436    0.0463128334
  -35.341663     51.697011    0.0468083737
  -35.341663     66.467585    0.0474264137
  -35.341663     81.238160    0.0481492566
  -35.341663     96.008735    0.0489617842
  -35.341663    110.779309    0.0498527482
  -35.341663    125.549884    0.0508179451

  -30.629441    -96.008735    0.0423759058
  -30.629441    -81.238160    0.0403650149
  -30.629441    -66.467585    0.0388221652
  -30.629441    -51.697011    0.0376845957
  -30.629441    -36.926436    0.0368964472
  -30.629441    -22.155862    0.0364091999
  -30.629441     -7.385287    0.0361811040
  -30.629441      7.385287    0.0361762072
  -30.629441     22.155862    0.0363634026
  -30.629441     36.926436    0.0367157350
  -30.629441     51.697011    0.0372100201
  -30.629441     66.467585    0.0378266466
  -30.629441     81.238160    0.0385492483
  -30.629441     96.008735    0.0393637490
  -30.629441    110.779309    0.0402560978
  -30.629441    125.549884    0.0412078312

  -25.917220    -96.008735    0.0334628344
  -25.917220    -81.238160    0.0314565532
  -25.917220    -66.467585    0.0299181347
  -25.917220    -51.697011    0.0287844422
  -25.917220    -36.926436    0.0279994704
  -25.917220    -22.155862    0.0275146215
  -25.917220     -7.385287    0.0272880842
  -25.917220      7.385287    0.0272838613
  -25.917220     22.155862    0.0274708297
  -25.917220     36.926436    0.0278220451
  -25.917220     51.697011    0.0283143403
  -25.917220     66.467585    0.0289280981
  -25.917220     81.238160    0.0296469131
  -25.917220     96.008735    0.0304566896
  -25.917220    110.779309    0.0313435579
  -25.917220    125.549884    0.0322898214

  -21.204998    -96.008735    0.0254105157
  -21.204998    -81.238160    0.0234112461
  -21.204998    -66.467585    0.0218798493
  -21.204998    -51.697011    0.0207520138
  -21.204998    -36.926436    0.0199716240
  -21.204998    -22.155862    0.0194901363
  -21.204998     -7.385287    0.0192657026
  -21.204998      7.385287    0.0192622441
  -21.204998     22.155862    0.0194486143
  -21.204998     36.926436    0.0197979268
  -21.204998     51.697011    0.0202870555
  -21.204998     66.467585    0.0208962512
  -21.204998     81.238160    0.0216087526
  -21.204998     96.008735    0.0224102048
  -21.204998    110.779309    0.0232876332
  -21.204998    125.549884    0.0242276554

  -16.492776    -96.008735    0.0184125237
  -16.492776    -81.238160    0.0164238320
  -16.492776    -66.467585    0.0149019421
  -16.492776    -51.697011    0.0137820566
  -16.492776    -36.926436    0.0130079102
  -16.492776    -22.155862    0.0125308964
  -16.492776     -7.385287    0.0123091131
  -16.492776      7.385287    0.0123064389
  -16.492776     22.155862    0.0124917172
  -16.492776     36.926436    0.0128380844
  -16.492776     51.697011    0.0133224416
  -16.492776     66.467585    0.0139250281
  -16.492776     81.238160    0.0146290199
  -16.492776     96.008735    0.0154200339
  -16.492776    110.779309    0.0162853850
  -16.492776    125.549884    0.0172128980

  -11.780554    -96.008735    0.0126954955
  -11.780554    -81.238160    0.0107214667
  -11.780554    -66.467585    0.0092121108
  -11.780554    -51.697011    0.0081026609
  -11.780554    -36.926436    0.0073366748
  -11.780554    -22.155862    0.0068653958
  -11.780554     -7.385287    0.0066468535
  -11.780554      7.385287    0.0066449128
  -11.780554     22.155862    0.0068284176
  -11.780554     36.926436    0.0071705039
  -11.780554     51.697011    0.0076480935
  -11.780554     66.467585    0.0082415082
  -11.780554     81.238160    0.0089340816
  -11.780554     96.008735    0.0097115739
  -11.780554    110.779309    0.0105611324
  -11.780554    125.549884    0.0114694678

   -7.068333    -96.008735    0.0085247423
   -7.068333    -81.238160    0.0065698317
   -7.068333    -66.467585    0.0050768774
   -7.068333    -51.697011    0.0039808941
   -7.068333    -36.926436    0.0032252744
   -7.068333    -22.155862    0.0027611522
   -7.068333     -7.385287    0.0025464951
   -7.068333      7.385287    0.0025451431
   -7.068333     22.155862    0.0027259409
   -7.068333     36.926436    0.0030620451
   -7.068333     51.697011    0.0035304139
   -7.068333     66.467585    0.0041114209
   -7.068333     81.238160    0.0047884646
   -7.068333     96.008735    0.0055473751
   -7.068333    110.779309    0.0063753511
   -7.068333    125.549884    0.0072590906

   -2.356111    -96.008735    0.0062108841
   -2.356111    -81.238160    0.0042803018
   -2.356111    -66.467585    0.0028083932
   -2.356111    -51.697011    0.0017294711
   -2.356111    -36.926436    0.0009867829
   -2.356111    -22.155862    0.0005314306
   -2.356111     -7.385287    0.0003213337
   -2.356111      7.385287    0.0003202841
   -2.356111     22.155862    0.0004971258
   -2.356111     36.926436    0.0008250692
   -2.356111     51.697011    0.0012811309
   -2.356111     66.467585    0.0018456683
   -2.356111     81.238160    0.0025019611
   -2.356111     96.008735    0.0032357669
   -2.356111    110.779309    0.0040347633
   -2.356111    125.549884    0.0048877632

    2.356111    -96.008735    0.0061176938
    2.356111    -81.238160    0.0042179650
    2.356111    -66.467585    0.0027723890
    2.356111    -51.697011    0.0017146869
    2.356111    -36.926436    0.0009879452
    2.356111    -22.155862    0.0005432096
    2.356111     -7.385287    0.0003383484
    2.356111      7.385287    0.0003371156
    2.356111     22.155862    0.0005083611
    2.356111     36.926436    0.0008253487
    2.356111     51.697011    0.0012651578
    2.356111     66.467585    0.0018081610
    2.356111     81.238160    0.0024375839
    2.356111     96.008735    0.0031391691
    2.356111    110.779309    0.0039009807
    2.356111    125.549884    0.0047134024

    7.068333    -96.008735    0.0086714444
    7.068333    -81.238160    0.0068107085
    7.068333    -66.467585    0.0053975487
    7.068333    -51.697011    0.0043659162
    7.068333    -36.926436    0.0036586832
    7.068333    -22.155862    0.0032266932
    7.068333     -7.385287    0.0030277393
    7.068333      7.385287    0.0030255849
    7.068333     22.155862    0.0031891030
    7.068333     36.926436    0.0034915708
    7.068333     51.697011    0.0039101168
    7.068333     66.467585    0.0044252776
    7.068333     81.238160    0.0050205836
    7.068333     96.008735    0.0056820513
    7.068333    110.779309    0.0063974239
    7.068333    125.549884    0.0071549574

   11.780554    -96.008735    0.0143721538
   11.780554    -81.238160    0.0125600058
   11.780554    -66.467585    0.0111867617
   11.780554    -51.697011    0.0101870691
   11.780554    -36.926436    0.0095035551
   11.780554    -22.155862    0.0090867760
   11.780554     -7.385287    0.0088944330
   11.780554      7.385287    0.0088903243
   11.780554     22.155862    0.0090433583
   11.780554     36.926436    0.0093268096
   11.780554     51.697011    0.0097178560
   11.780554     66.467585    0.0101972897
   11.780554     81.238160    0.0107491542
   11.780554     96.008735    0.0113599126
   11.780554    110.779309    0.0120166109
   11.780554    125.549884    0.0127033537

   16.492776    -96.008735    0.0238072294
   16.492776    -81.238160    0.0220544596
   16.492776    -66.467585    0.0207308830
   16.492776    -51.697011    0.0197704685
   16.492776    -36.926436    0.0191156684
   16.492776    -22.155862    0.0187169764
   16.492776     -7.385287    0.0185320329
   16.492776      7.385287    0.0185245965
   16.492776     22.155862    0.0186635986
   16.492776     36.926436    0.0189224042
   16.492776     51.697011    0.0192782976
   16.492776     66.467585    0.0197121192
   16.492776     81.238160    0.0202078768
   16.492776     96.008735    0.0207520574
   16.492776    110.779309    0.0213322692
   16.492776    125.549884    0.0219347408

   21.204998    -96.008735    0.0376681162
   21.204998    -81.238160    0.0359875778
   21.204998    -66.467585    0.0347258097
   21.204998    -51.697011    0.0338137017
   21.204998    -36.926436    0.0331936413
   21.204998    -22.155862    0.0328164501
   21.204998     -7.385287    0.0326397690
   21.204998      7.385287    0.0326271917
   21.204998     22.155862    0.0327476487
   21.204998     36.926436    0.0329747456
   21.204998     51.697011    0.0332859629
   21.204998     66.467585    0.0336618271
   21.204998     81.238160    0.0340853645
   21.204998     96.008735    0.0345423536
   21.204998    110.779309    0.0350230931
   21.204998    125.549884    0.0355266045

   25.917220    -96.008735    0.0567706598
   25.917220    -81.238160    0.0551816788
   25.917220    -66.467585    0.0539938561
   25.917220    -51.697011    0.0531400754
   25.917220    -36.926436    0.0525623085
   25.917220    -22.155862    0.0522108088
   25.917220     -7.385287    0.0520430871
   25.917220      7.385287    0.0520228692
   25.917220     22.155862    0.0521191676
   25.917220     36.926436    0.0523055386
   25.917220     51.697011    0.0525595299
   25.917220     66.467585    0.0528622576
   25.917220     81.238160    0.0531979925
   25.917220     96.008735    0.0535535640
   25.917220    110.779309    0.0539173321
   25.917220    125.549884    0.0542774085

