  -47.136383    -92.332122   -0.0005285208
  -47.136383    -80.021172   -0.0004044333
  -47.136383    -67.710222   -0.0002937447
  -47.136383    -55.399273   -0.0001987842
  -47.136383    -43.088323   -0.0001212165
  -47.136383    -30.777374   -0.0000621921
  -47.136383    -18.466424   -0.0000224687
  -47.136383     -6.155475   -0.0000025008
  -47.136383      6.155475   -0.0000025008
  -47.136383     18.466424   -0.0000224687
  -47.136383     30.777374   -0.0000621921
  -47.136383     43.088323   -0.0001212165
  -47.136383     55.399273   -0.0001987842
  -47.136383     67.710222   -0.0002937447
  -47.136383     80.021172   -0.0004044333
  -47.136383     92.332122   -0.0005285208

  -40.851532    -92.332122   -0.0003376384
  -40.851532    -80.021172   -0.0002591294
  -40.851532    -67.710222   -0.0001885735
  -40.851532    -55.399273   -0.0001277685
  -40.851532    -43.088323   -0.0000779691
  -40.851532    -30.777374   -0.0000400198
  -40.851532    -18.466424   -0.0000144614
  -40.851532     -6.155475   -0.0000016097
  -40.851532      6.155475   -0.0000016097
  -40.851532     18.466424   -0.0000144614
  -40.851532     30.777374   -0.0000400198
  -40.851532     43.088323   -0.0000779691
  -40.851532     55.399273   -0.0001277685
  -40.851532     67.710222   -0.0001885735
  -40.851532     80.021172   -0.0002591294
  -40.851532     92.332122   -0.0003376384

  -34.566681    -92.332122   -0.0001845832
  -34.566681    -80.021172   -0.0001425023
  -34.566681    -67.710222   -0.0001041242
  -34.566681    -55.399273   -0.0000707434
  -34.566681    -43.088323   -0.0000432479
  -34.566681    -30.777374   -0.0000222232
  -34.566681    -18.466424   -0.0000080357
  -34.566681     -6.155475   -0.0000008947
  -34.566681      6.155475   -0.0000008947
  -34.566681     18.466424   -0.0000080357
  -34.566681     30.777374   -0.0000222232
  -34.566681     43.088323   -0.0000432479
  -34.566681     55.399273   -0.0000707434
  -34.566681     67.710222   -0.0001041242
  -34.566681     80.021172   -0.0001425023
  -34.566681     92.332122   -0.0001845832

  -28.281830    -92.332122   -0.0000690585
  -28.281830    -80.021172   -0.0000543565
  -28.281830    -67.710222   -0.0000402425
  -28.281830    -55.399273   -0.0000275833
  -28.281830    -43.088323   -0.0000169603
  -28.281830    -30.777374   -0.0000087469
  -28.281830    -18.466424   -0.0000031695
  -28.281830     -6.155475   -0.0000003532
  -28.281830      6.155475   -0.0000003532
  -28.281830     18.466424   -0.0000031695
  -28.281830     30.777374   -0.0000087469
  -28.281830     43.088323   -0.0000169603
  -28.281830     55.399273   -0.0000275833
  -28.281830     67.710222   -0.0000402425
  -28.281830     80.021172   -0.0000543565
  -28.281830     92.332122   -0.0000690585

  -21.996979    -92.332122    0.0000093292
  -21.996979    -80.021172    0.0000055927
  -21.996979    -67.710222    0.0000032791
  -21.996979    -55.399273    0.0000018580
  -21.996979    -43.088323    0.0000009875
  -21.996979    -30.777374    0.0000004596
  -21.996979    -18.466424    0.0000001562
  -21.996979     -6.155475    0.0000000169
  -21.996979      6.155475    0.0000000169
  -21.996979     18.466424    0.0000001562
  -21.996979     30.777374    0.0000004596
  -21.996979     43.088323    0.0000009875
  -21.996979     55.399273    0.0000018580
  -21.996979     67.710222    0.0000032791
  -21.996979     80.021172    0.0000055927
  -21.996979     92.332122    0.0000093292

  -15.712128    -92.332122    0.0000510961
  -15.712128    -80.021172    0.0000377325
  -15.712128    -67.710222    0.0000267167
  -15.712128    -55.399273    0.0000177641
  -15.712128    -43.088323    0.0000107061
  -15.712128    -30.777374    0.0000054524
  -15.712128    -18.466424    0.0000019614
  -15.712128     -6.155475    0.0000002179
  -15.712128      6.155475    0.0000002179
  -15.712128     18.466424    0.0000019614
  -15.712128     30.777374    0.0000054524
  -15.712128     43.088323    0.0000107061
  -15.712128     55.399273    0.0000177641
  -15.712128     67.710222    0.0000267167
  -15.712128     80.021172    0.0000377325
  -15.712128     92.332122    0.0000510961

   -9.427277    -92.332122    0.0000569001
   -9.427277    -80.021172    0.0000425636
   -9.427277    -67.710222    0.0000304265
   -9.427277    -55.399273    0.0000203693
   -9.427277    -43.088323    0.0000123338
   -9.427277    -30.777374    0.0000063005
   -9.427277    -18.466424    0.0000022706
   -9.427277     -6.155475    0.0000002524
   -9.427277      6.155475    0.0000002524
   -9.427277     18.466424    0.0000022706
   -9.427277     30.777374    0.0000063005
   -9.427277     43.088323    0.0000123338
   -9.427277     55.399273    0.0000203693
   -9.427277     67.710222    0.0000304265
   -9.427277     80.021172    0.0000425636
   -9.427277     92.332122    0.0000569001

   -3.142426    -92.332122    0.0000275548
   -3.142426    -80.021172    0.0000207075
   -3.142426    -67.710222    0.0000148533
   -3.142426    -55.399273    0.0000099681
   -3.142426    -43.088323    0.0000060460
   -3.142426    -30.777374    0.0000030919
   -3.142426    -18.466424    0.0000011150
   -3.142426     -6.155475    0.0000001240
   -3.142426      6.155475    0.0000001240
   -3.142426     18.466424    0.0000011150
   -3.142426     30.777374    0.0000030919
   -3.142426     43.088323    0.0000060460
   -3.142426     55.399273    0.0000099681
   -3.142426     67.710222    0.0000148533
   -3.142426     80.021172    0.0000207075
   -3.142426     92.332122    0.0000275548

    3.142426    -92.332122   -0.0000359627
    3.142426    -80.021172   -0.0000270896
    3.142426    -67.710222   -0.0000194649
    3.142426    -55.399273   -0.0000130792
    3.142426    -43.088323   -0.0000079399
    3.142426    -30.777374   -0.0000040628
    3.142426    -18.466424   -0.0000014657
    3.142426     -6.155475   -0.0000001630
    3.142426      6.155475   -0.0000001630
    3.142426     18.466424   -0.0000014657
    3.142426     30.777374   -0.0000040628
    3.142426     43.088323   -0.0000079399
    3.142426     55.399273   -0.0000130792
    3.142426     67.710222   -0.0000194649
    3.142426     80.021172   -0.0000270896
    3.142426     92.332122   -0.0000359627

    9.427277    -92.332122   -0.0001325098
    9.427277    -80.021172   -0.0000999562
    9.427277    -67.710222   -0.0000718957
    9.427277    -55.399273   -0.0000483442
    9.427277    -43.088323   -0.0000293623
    9.427277    -30.777374   -0.0000150293
    9.427277    -18.466424   -0.0000054228
    9.427277     -6.155475   -0.0000006032
    9.427277      6.155475   -0.0000006032
    9.427277     18.466424   -0.0000054228
    9.427277     30.777374   -0.0000150293
    9.427277     43.088323   -0.0000293623
    9.427277     55.399273   -0.0000483442
    9.427277     67.710222   -0.0000718957
    9.427277     80.021172   -0.0000999562
    9.427277     92.332122   -0.0001325098

   15.712128    -92.332122   -0.0002607826
   15.712128    -80.021172   -0.0001968981
   15.712128    -67.710222   -0.0001417139
   15.712128    -55.399273   -0.0000953320
   15.712128    -43.088323   -0.0000579164
   15.712128    -30.777374   -0.0000296497
   15.712128    -18.466424   -0.0000106991
   15.712128     -6.155475   -0.0000011902
   15.712128      6.155475   -0.0000011902
   15.712128     18.466424   -0.0000106991
   15.712128     30.777374   -0.0000296497
   15.712128     43.088323   -0.0000579164
   15.712128     55.399273   -0.0000953320
   15.712128     67.710222   -0.0001417139
   15.712128     80.021172   -0.0001968981
   15.712128     92.332122   -0.0002607826

   21.996979    -92.332122   -0.0004193254
   21.996979    -80.021172   -0.0003168047
   21.996979    -67.710222   -0.0002281072
   21.996979    -55.399273   -0.0001534864
   21.996979    -43.088323   -0.0000932586
   21.996979    -30.777374   -0.0000477457
   21.996979    -18.466424   -0.0000172294
   21.996979     -6.155475   -0.0000019167
   21.996979      6.155475   -0.0000019167
   21.996979     18.466424   -0.0000172294
   21.996979     30.777374   -0.0000477457
   21.996979     43.088323   -0.0000932586
   21.996979     55.399273   -0.0001534864
   21.996979     67.710222   -0.0002281072
   21.996979     80.021172   -0.0003168047
   21.996979     92.332122   -0.0004193254

   28.281830    -92.332122   -0.0006065467
   28.281830    -80.021172   -0.0004584582
   28.281830    -67.710222   -0.0003301856
   28.281830    -55.399273   -0.0002221992
   28.281830    -43.088323   -0.0001350140
   28.281830    -30.777374   -0.0000691230
   28.281830    -18.466424   -0.0000249432
   28.281830     -6.155475   -0.0000027748
   28.281830      6.155475   -0.0000027748
   28.281830     18.466424   -0.0000249432
   28.281830     30.777374   -0.0000691230
   28.281830     43.088323   -0.0001350140
   28.281830     55.399273   -0.0002221992
   28.281830     67.710222   -0.0003301856
   28.281830     80.021172   -0.0004584582
   28.281830     92.332122   -0.0006065467

   34.566681    -92.332122   -0.0008207411
   34.566681    -80.021172   -0.0006205468
   34.566681    -67.710222   -0.0004469933
   34.566681    -55.399273   -0.0003008224
   34.566681    -43.088323   -0.0001827872
   34.566681    -30.777374   -0.0000935788
   34.566681    -18.466424   -0.0000337670
   34.566681     -6.155475   -0.0000037563
   34.566681      6.155475   -0.0000037563
   34.566681     18.466424   -0.0000337670
   34.566681     30.777374   -0.0000935788
   34.566681     43.088323   -0.0001827872
   34.566681     55.399273   -0.0003008224
   34.566681     67.710222   -0.0004469933
   34.566681     80.021172   -0.0006205468
   34.566681     92.332122   -0.0008207411

   40.851532    -92.332122   -0.0010601162
   40.851532    -80.021172   -0.0008016806
   40.851532    -67.710222   -0.0005775247
   40.851532    -55.399273   -0.0003886848
   40.851532    -43.088323   -0.0002361762
   40.851532    -30.777374   -0.0001209103
   40.851532    -18.466424   -0.0000436287
   40.851532     -6.155475   -0.0000048533
   40.851532      6.155475   -0.0000048533
   40.851532     18.466424   -0.0000436287
   40.851532     30.777374   -0.0001209103
   40.851532     43.088323   -0.0002361762
   40.851532     55.399273   -0.0003886848
   40.851532     67.710222   -0.0005775247
   40.851532     80.021172   -0.0008016806
   40.851532     92.332122   -0.0010601162

   47.136383    -92.332122   -0.0013228265
   47.136383    -80.021172   -0.0010004113
   47.136383    -67.710222   -0.0007207439
   47.136383    -55.399273   -0.0004851122
   47.136383    -43.088323   -0.0002947897
   47.136383    -30.777374   -0.0001509265
   47.136383    -18.466424   -0.0000544620
   47.136383     -6.155475   -0.0000060586
   47.136383      6.155475   -0.0000060586
   47.136383     18.466424   -0.0000544620
   47.136383     30.777374   -0.0001509265
   47.136383     43.088323   -0.0002947897
   47.136383     55.399273   -0.0004851122
   47.136383     67.710222   -0.0007207439
   47.136383     80.021172   -0.0010004113
   47.136383     92.332122   -0.0013228265

