  -42.952389    -54.177403    0.0518981516
  -42.952389    -46.953749    0.0464783445
  -42.952389    -39.730095    0.0420682263
  -42.952389    -32.506442    0.0385864486
  -42.952389    -25.282788    0.0359451261
  -42.952389    -18.059134    0.0340574056
  -42.952389    -10.835481    0.0328469134
  -42.952389     -3.611827    0.0322568187
  -42.952389      3.611827    0.0322568187
  -42.952389     10.835481    0.0328469134
  -42.952389     18.059134    0.0340574056
  -42.952389     25.282788    0.0359451261
  -42.952389     32.506442    0.0385864486
  -42.952389     39.730095    0.0420682263
  -42.952389     46.953749    0.0464783445
  -42.952389     54.177403    0.0518981516

  -37.225404    -54.177403    0.0438361732
  -37.225404    -46.953749    0.0383960725
  -37.225404    -39.730095    0.0339690057
  -37.225404    -32.506442    0.0304734186
  -37.225404    -25.282788    0.0278212544
  -37.225404    -18.059134    0.0259255227
  -37.225404    -10.835481    0.0247097468
  -37.225404     -3.611827    0.0241170274
  -37.225404      3.611827    0.0241170274
  -37.225404     10.835481    0.0247097468
  -37.225404     18.059134    0.0259255227
  -37.225404     25.282788    0.0278212544
  -37.225404     32.506442    0.0304734186
  -37.225404     39.730095    0.0339690057
  -37.225404     46.953749    0.0383960725
  -37.225404     54.177403    0.0438361732

  -31.498419    -54.177403    0.0369933187
  -31.498419    -46.953749    0.0315362638
  -31.498419    -39.730095    0.0270949899
  -31.498419    -32.506442    0.0235877927
  -31.498419    -25.282788    0.0209264904
  -31.498419    -18.059134    0.0190239927
  -31.498419    -10.835481    0.0178037478
  -31.498419     -3.611827    0.0172088064
  -31.498419      3.611827    0.0172088064
  -31.498419     10.835481    0.0178037478
  -31.498419     18.059134    0.0190239927
  -31.498419     25.282788    0.0209264904
  -31.498419     32.506442    0.0235877927
  -31.498419     39.730095    0.0270949899
  -31.498419     46.953749    0.0315362638
  -31.498419     54.177403    0.0369933187

  -25.771434    -54.177403    0.0313382975
  -25.771434    -46.953749    0.0258674247
  -25.771434    -39.730095    0.0214145373
  -25.771434    -32.506442    0.0178978248
  -25.771434    -25.282788    0.0152290167
  -25.771434    -18.059134    0.0133209516
  -25.771434    -10.835481    0.0120970247
  -25.771434     -3.611827    0.0115002512
  -25.771434      3.611827    0.0115002512
  -25.771434     10.835481    0.0120970247
  -25.771434     18.059134    0.0133209516
  -25.771434     25.282788    0.0152290167
  -25.771434     32.506442    0.0178978248
  -25.771434     39.730095    0.0214145373
  -25.771434     46.953749    0.0258674247
  -25.771434     54.177403    0.0313382975

  -20.044448    -54.177403    0.0268451817
  -20.044448    -46.953749    0.0213634578
  -20.044448    -39.730095    0.0169014275
  -20.044448    -32.506442    0.0133772073
  -20.044448    -25.282788    0.0107024660
  -20.044448    -18.059134    0.0087899936
  -20.044448    -10.835481    0.0075631487
  -20.044448     -3.611827    0.0069649223
  -20.044448      3.611827    0.0069649223
  -20.044448     10.835481    0.0075631487
  -20.044448     18.059134    0.0087899936
  -20.044448     25.282788    0.0107024660
  -20.044448     32.506442    0.0133772073
  -20.044448     39.730095    0.0169014275
  -20.044448     46.953749    0.0213634578
  -20.044448     54.177403    0.0268451817

  -14.317463    -54.177403    0.0234933256
  -14.317463    -46.953749    0.0180035819
  -14.317463    -39.730095    0.0135347806
  -14.317463    -32.506442    0.0100049907
  -14.317463    -25.282788    0.0073258411
  -14.317463    -18.059134    0.0054100903
  -14.317463    -10.835481    0.0041810730
  -14.317463     -3.611827    0.0035817643
  -14.317463      3.611827    0.0035817643
  -14.317463     10.835481    0.0041810730
  -14.317463     18.059134    0.0054100903
  -14.317463     25.282788    0.0073258411
  -14.317463     32.506442    0.0100049907
  -14.317463     39.730095    0.0135347806
  -14.317463     46.953749    0.0180035819
  -14.317463     54.177403    0.0234933256

   -8.590478    -54.177403    0.0212673009
   -8.590478    -46.953749    0.0157722672
   -8.590478    -39.730095    0.0112989930
   -8.590478    -32.506442    0.0077655189
   -8.590478    -25.282788    0.0050834504
   -8.590478    -18.059134    0.0031655269
   -8.590478    -10.835481    0.0019350690
   -8.590478     -3.611827    0.0013350424
   -8.590478      3.611827    0.0013350424
   -8.590478     10.835481    0.0019350690
   -8.590478     18.059134    0.0031655269
   -8.590478     25.282788    0.0050834504
   -8.590478     32.506442    0.0077655189
   -8.590478     39.730095    0.0112989930
   -8.590478     46.953749    0.0157722672
   -8.590478     54.177403    0.0212673009

   -2.863493    -54.177403    0.0201568492
   -2.863493    -46.953749    0.0146591874
   -2.863493    -39.730095    0.0101836891
   -2.863493    -32.506442    0.0066483816
   -2.863493    -25.282788    0.0039648596
   -2.863493    -18.059134    0.0020458536
   -2.863493    -10.835481    0.0008146777
   -2.863493     -3.611827    0.0002142932
   -2.863493      3.611827    0.0002142932
   -2.863493     10.835481    0.0008146777
   -2.863493     18.059134    0.0020458536
   -2.863493     25.282788    0.0039648596
   -2.863493     32.506442    0.0066483816
   -2.863493     39.730095    0.0101836891
   -2.863493     46.953749    0.0146591874
   -2.863493     54.177403    0.0201568492

    2.863493    -54.177403    0.0201568492
    2.863493    -46.953749    0.0146591874
    2.863493    -39.730095    0.0101836891
    2.863493    -32.506442    0.0066483816
    2.863493    -25.282788    0.0039648596
    2.863493    -18.059134    0.0020458536
    2.863493    -10.835481    0.0008146777
    2.863493     -3.611827    0.0002142932
    2.863493      3.611827    0.0002142932
    2.863493     10.835481    0.0008146777
    2.863493     18.059134    0.0020458536
    2.863493     25.282788    0.0039648596
    2.863493     32.506442    0.0066483816
    2.863493     39.730095    0.0101836891
    2.863493     46.953749    0.0146591874
    2.863493     54.177403    0.0201568492

    8.590478    -54.177403    0.0212673009
    8.590478    -46.953749    0.0157722672
    8.590478    -39.730095    0.0112989930
    8.590478    -32.506442    0.0077655189
    8.590478    -25.282788    0.0050834504
    8.590478    -18.059134    0.0031655269
    8.590478    -10.835481    0.0019350690
    8.590478     -3.611827    0.0013350424
    8.590478      3.611827    0.0013350424
    8.590478     10.835481    0.0019350690
    8.590478     18.059134    0.0031655269
    8.590478     25.282788    0.0050834504
    8.590478     32.506442    0.0077655189
    8.590478     39.730095    0.0112989930
    8.590478     46.953749    0.0157722672
    8.590478     54.177403    0.0212673009

   14.317463    -54.177403    0.0234933256
   14.317463    -46.953749    0.0180035819
   14.317463    -39.730095    0.0135347806
   14.317463    -32.506442    0.0100049907
   14.317463    -25.282788    0.0073258411
   14.317463    -18.059134    0.0054100903
   14.317463    -10.835481    0.0041810730
   14.317463     -3.611827    0.0035817643
   14.317463      3.611827    0.0035817643
   14.317463     10.835481    0.0041810730
   14.317463     18.059134    0.0054100903
   14.317463     25.282788    0.0073258411
   14.317463     32.506442    0.0100049907
   14.317463     39.730095    0.0135347806
   14.317463     46.953749    0.0180035819
   14.317463     54.177403    0.0234933256

   20.044448    -54.177403    0.0268451817
   20.044448    -46.953749    0.0213634578
   20.044448    -39.730095    0.0169014275
   20.044448    -32.506442    0.0133772073
   20.044448    -25.282788    0.0107024660
   20.044448    -18.059134    0.0087899936
   20.044448    -10.835481    0.0075631487
   20.044448     -3.611827    0.0069649223
   20.044448      3.611827    0.0069649223
   20.044448     10.835481    0.0075631487
   20.044448     18.059134    0.0087899936
   20.044448     25.282788    0.0107024660
   20.044448     32.506442    0.0133772073
   20.044448     39.730095    0.0169014275
   20.044448     46.953749    0.0213634578
   20.044448     54.177403    0.0268451817

   25.771434    -54.177403    0.0313382975
   25.771434    -46.953749    0.0258674247
   25.771434    -39.730095    0.0214145373
   25.771434    -32.506442    0.0178978248
   25.771434    -25.282788    0.0152290167
   25.771434    -18.059134    0.0133209516
   25.771434    -10.835481    0.0120970247
   25.771434     -3.611827    0.0115002512
   25.771434      3.611827    0.0115002512
   25.771434     10.835481    0.0120970247
   25.771434     18.059134    0.0133209516
   25.771434     25.282788    0.0152290167
   25.771434     32.506442    0.0178978248
   25.771434     39.730095    0.0214145373
   25.771434     46.953749    0.0258674247
   25.771434     54.177403    0.0313382975

   31.498419    -54.177403    0.0369933187
   31.498419    -46.953749    0.0315362638
   31.498419    -39.730095    0.0270949899
   31.498419    -32.506442    0.0235877927
   31.498419    -25.282788    0.0209264904
   31.498419    -18.059134    0.0190239927
   31.498419    -10.835481    0.0178037478
   31.498419     -3.611827    0.0172088064
   31.498419      3.611827    0.0172088064
   31.498419     10.835481    0.0178037478
   31.498419     18.059134    0.0190239927
   31.498419     25.282788    0.0209264904
   31.498419     32.506442    0.0235877927
   31.498419     39.730095    0.0270949899
   31.498419     46.953749    0.0315362638
   31.498419     54.177403    0.0369933187

   37.225404    -54.177403    0.0438361732
   37.225404    -46.953749    0.0383960725
   37.225404    -39.730095    0.0339690057
   37.225404    -32.506442    0.0304734186
   37.225404    -25.282788    0.0278212544
   37.225404    -18.059134    0.0259255227
   37.225404    -10.835481    0.0247097468
   37.225404     -3.611827    0.0241170274
   37.225404      3.611827    0.0241170274
   37.225404     10.835481    0.0247097468
   37.225404     18.059134    0.0259255227
   37.225404     25.282788    0.0278212544
   37.225404     32.506442    0.0304734186
   37.225404     39.730095    0.0339690057
   37.225404     46.953749    0.0383960725
   37.225404     54.177403    0.0438361732

   42.952389    -54.177403    0.0518981516
   42.952389    -46.953749    0.0464783445
   42.952389    -39.730095    0.0420682263
   42.952389    -32.506442    0.0385864486
   42.952389    -25.282788    0.0359451261
   42.952389    -18.059134    0.0340574056
   42.952389    -10.835481    0.0328469134
   42.952389     -3.611827    0.0322568187
   42.952389      3.611827    0.0322568187
   42.952389     10.835481    0.0328469134
   42.952389     18.059134    0.0340574056
   42.952389     25.282788    0.0359451261
   42.952389     32.506442    0.0385864486
   42.952389     39.730095    0.0420682263
   42.952389     46.953749    0.0464783445
   42.952389     54.177403    0.0518981516

