  -34.795266   -136.038482   -0.0100426379
  -34.795266   -117.900018   -0.0076779687
  -34.795266    -99.761554   -0.0055821798
  -34.795266    -81.623089   -0.0037852645
  -34.795266    -63.484625   -0.0023137131
  -34.795266    -45.346161   -0.0011897237
  -34.795266    -27.207696   -0.0004305444
  -34.795266     -9.069232   -0.0000479637
  -34.795266      9.069232   -0.0000479637
  -34.795266     27.207696   -0.0004305444
  -34.795266     45.346161   -0.0011897237
  -34.795266     63.484625   -0.0023137131
  -34.795266     81.623089   -0.0037852645
  -34.795266     99.761554   -0.0055821798
  -34.795266    117.900018   -0.0076779687
  -34.795266    136.038482   -0.0100426379

  -30.155897   -136.038482   -0.0070497509
  -30.155897   -117.900018   -0.0054648800
  -30.155897    -99.761554   -0.0039361273
  -30.155897    -81.623089   -0.0026454424
  -30.155897    -63.484625   -0.0016161521
  -30.155897    -45.346161   -0.0008366122
  -30.155897    -27.207696   -0.0003054574
  -30.155897     -9.069232   -0.0000342315
  -30.155897      9.069232   -0.0000342315
  -30.155897     27.207696   -0.0003054574
  -30.155897     45.346161   -0.0008366122
  -30.155897     63.484625   -0.0016161521
  -30.155897     81.623089   -0.0026454424
  -30.155897     99.761554   -0.0039361273
  -30.155897    117.900018   -0.0054648800
  -30.155897    136.038482   -0.0070497509

  -25.516528   -136.038482   -0.0047592472
  -25.516528   -117.900018   -0.0036565847
  -25.516528    -99.761554   -0.0026469654
  -25.516528    -81.623089   -0.0017876445
  -25.516528    -63.484625   -0.0010920197
  -25.516528    -45.346161   -0.0005628605
  -25.516528    -27.207696   -0.0002043796
  -25.516528     -9.069232   -0.0000228209
  -25.516528      9.069232   -0.0000228209
  -25.516528     27.207696   -0.0002043796
  -25.516528     45.346161   -0.0005628605
  -25.516528     63.484625   -0.0010920197
  -25.516528     81.623089   -0.0017876445
  -25.516528     99.761554   -0.0026469654
  -25.516528    117.900018   -0.0036565847
  -25.516528    136.038482   -0.0047592472

  -20.877160   -136.038482   -0.0030326787
  -20.877160   -117.900018   -0.0023058243
  -20.877160    -99.761554   -0.0016794266
  -20.877160    -81.623089   -0.0011408391
  -20.877160    -63.484625   -0.0006968998
  -20.877160    -45.346161   -0.0003574041
  -20.877160    -27.207696   -0.0001289330
  -20.877160     -9.069232   -0.0000143339
  -20.877160      9.069232   -0.0000143339
  -20.877160     27.207696   -0.0001289330
  -20.877160     45.346161   -0.0003574041
  -20.877160     63.484625   -0.0006968998
  -20.877160     81.623089   -0.0011408391
  -20.877160     99.761554   -0.0016794266
  -20.877160    117.900018   -0.0023058243
  -20.877160    136.038482   -0.0030326787

  -16.237791   -136.038482   -0.0017635945
  -16.237791   -117.900018   -0.0013378546
  -16.237791    -99.761554   -0.0009754862
  -16.237791    -81.623089   -0.0006633456
  -16.237791    -63.484625   -0.0004051716
  -16.237791    -45.346161   -0.0002075641
  -16.237791    -27.207696   -0.0000747749
  -16.237791     -9.069232   -0.0000083053
  -16.237791      9.069232   -0.0000083053
  -16.237791     27.207696   -0.0000747749
  -16.237791     45.346161   -0.0002075641
  -16.237791     63.484625   -0.0004051716
  -16.237791     81.623089   -0.0006633456
  -16.237791     99.761554   -0.0009754862
  -16.237791    117.900018   -0.0013378546
  -16.237791    136.038482   -0.0017635945

  -11.598422   -136.038482   -0.0008736260
  -11.598422   -117.900018   -0.0006669286
  -11.598422    -99.761554   -0.0004842379
  -11.598422    -81.623089   -0.0003279842
  -11.598422    -63.484625   -0.0002002892
  -11.598422    -45.346161   -0.0001029158
  -11.598422    -27.207696   -0.0000372257
  -11.598422     -9.069232   -0.0000041460
  -11.598422      9.069232   -0.0000041460
  -11.598422     27.207696   -0.0000372257
  -11.598422     45.346161   -0.0001029158
  -11.598422     63.484625   -0.0002002892
  -11.598422     81.623089   -0.0003279842
  -11.598422     99.761554   -0.0004842379
  -11.598422    117.900018   -0.0006669286
  -11.598422    136.038482   -0.0008736260

   -6.959053   -136.038482   -0.0003084025
   -6.959053   -117.900018   -0.0002377426
   -6.959053    -99.761554   -0.0001715379
   -6.959053    -81.623089   -0.0001154938
   -6.959053    -63.484625   -0.0000705111
   -6.959053    -45.346161   -0.0000364021
   -6.959053    -27.207696   -0.0000132490
   -6.959053     -9.069232   -0.0000014818
   -6.959053      9.069232   -0.0000014818
   -6.959053     27.207696   -0.0000132490
   -6.959053     45.346161   -0.0000364021
   -6.959053     63.484625   -0.0000705111
   -6.959053     81.623089   -0.0001154938
   -6.959053     99.761554   -0.0001715379
   -6.959053    117.900018   -0.0002377426
   -6.959053    136.038482   -0.0003084025

   -2.319684   -136.038482   -0.0000339339
   -2.319684   -117.900018   -0.0000263397
   -2.319684    -99.761554   -0.0000189218
   -2.319684    -81.623089   -0.0000126861
   -2.319684    -63.484625   -0.0000077439
   -2.319684    -45.346161   -0.0000040113
   -2.319684    -27.207696   -0.0000014664
   -2.319684     -9.069232   -0.0000001645
   -2.319684      9.069232   -0.0000001645
   -2.319684     27.207696   -0.0000014664
   -2.319684     45.346161   -0.0000040113
   -2.319684     63.484625   -0.0000077439
   -2.319684     81.623089   -0.0000126861
   -2.319684     99.761554   -0.0000189218
   -2.319684    117.900018   -0.0000263397
   -2.319684    136.038482   -0.0000339339

    2.319684   -136.038482   -0.0000339339
    2.319684   -117.900018   -0.0000263397
    2.319684    -99.761554   -0.0000189218
    2.319684    -81.623089   -0.0000126861
    2.319684    -63.484625   -0.0000077439
    2.319684    -45.346161   -0.0000040113
    2.319684    -27.207696   -0.0000014664
    2.319684     -9.069232   -0.0000001645
    2.319684      9.069232   -0.0000001645
    2.319684     27.207696   -0.0000014664
    2.319684     45.346161   -0.0000040113
    2.319684     63.484625   -0.0000077439
    2.319684     81.623089   -0.0000126861
    2.319684     99.761554   -0.0000189218
    2.319684    117.900018   -0.0000263397
    2.319684    136.038482   -0.0000339339

    6.959053   -136.038482   -0.0003084025
    6.959053   -117.900018   -0.0002377426
    6.959053    -99.761554   -0.0001715379
    6.959053    -81.623089   -0.0001154938
    6.959053    -63.484625   -0.0000705111
    6.959053    -45.346161   -0.0000364021
    6.959053    -27.207696   -0.0000132490
    6.959053     -9.069232   -0.0000014818
    6.959053      9.069232   -0.0000014818
    6.959053     27.207696   -0.0000132490
    6.959053     45.346161   -0.0000364021
    6.959053     63.484625   -0.0000705111
    6.959053     81.623089   -0.0001154938
    6.959053     99.761554   -0.0001715379
    6.959053    117.900018   -0.0002377426
    6.959053    136.038482   -0.0003084025

   11.598422   -136.038482   -0.0008736260
   11.598422   -117.900018   -0.0006669286
   11.598422    -99.761554   -0.0004842379
   11.598422    -81.623089   -0.0003279842
   11.598422    -63.484625   -0.0002002892
   11.598422    -45.346161   -0.0001029158
   11.598422    -27.207696   -0.0000372257
   11.598422     -9.069232   -0.0000041460
   11.598422      9.069232   -0.0000041460
   11.598422     27.207696   -0.0000372257
   11.598422     45.346161   -0.0001029158
   11.598422     63.484625   -0.0002002892
   11.598422     81.623089   -0.0003279842
   11.598422     99.761554   -0.0004842379
   11.598422    117.900018   -0.0006669286
   11.598422    136.038482   -0.0008736260

   16.237791   -136.038482   -0.0017635945
   16.237791   -117.900018   -0.0013378546
   16.237791    -99.761554   -0.0009754862
   16.237791    -81.623089   -0.0006633456
   16.237791    -63.484625   -0.0004051716
   16.237791    -45.346161   -0.0002075641
   16.237791    -27.207696   -0.0000747749
   16.237791     -9.069232   -0.0000083053
   16.237791      9.069232   -0.0000083053
   16.237791     27.207696   -0.0000747749
   16.237791     45.346161   -0.0002075641
   16.237791     63.484625   -0.0004051716
   16.237791     81.623089   -0.0006633456
   16.237791     99.761554   -0.0009754862
   16.237791    117.900018   -0.0013378546
   16.237791    136.038482   -0.0017635945

   20.877160   -136.038482   -0.0030326787
   20.877160   -117.900018   -0.0023058243
   20.877160    -99.761554   -0.0016794266
   20.877160    -81.623089   -0.0011408391
   20.877160    -63.484625   -0.0006968998
   20.877160    -45.346161   -0.0003574041
   20.877160    -27.207696   -0.0001289330
   20.877160     -9.069232   -0.0000143339
   20.877160      9.069232   -0.0000143339
   20.877160     27.207696   -0.0001289330
   20.877160     45.346161   -0.0003574041
   20.877160     63.484625   -0.0006968998
   20.877160     81.623089   -0.0011408391
   20.877160     99.761554   -0.0016794266
   20.877160    117.900018   -0.0023058243
   20.877160    136.038482   -0.0030326787

   25.516528   -136.038482   -0.0047592472
   25.516528   -117.900018   -0.0036565847
   25.516528    -99.761554   -0.0026469654
   25.516528    -81.623089   -0.0017876445
   25.516528    -63.484625   -0.0010920197
   25.516528    -45.346161   -0.0005628605
   25.516528    -27.207696   -0.0002043796
   25.516528     -9.069232   -0.0000228209
   25.516528      9.069232   -0.0000228209
   25.516528     27.207696   -0.0002043796
   25.516528     45.346161   -0.0005628605
   25.516528     63.484625   -0.0010920197
   25.516528     81.623089   -0.0017876445
   25.516528     99.761554   -0.0026469654
   25.516528    117.900018   -0.0036565847
   25.516528    136.038482   -0.0047592472

   30.155897   -136.038482   -0.0070497509
   30.155897   -117.900018   -0.0054648800
   30.155897    -99.761554   -0.0039361273
   30.155897    -81.623089   -0.0026454424
   30.155897    -63.484625   -0.0016161521
   30.155897    -45.346161   -0.0008366122
   30.155897    -27.207696   -0.0003054574
   30.155897     -9.069232   -0.0000342315
   30.155897      9.069232   -0.0000342315
   30.155897     27.207696   -0.0003054574
   30.155897     45.346161   -0.0008366122
   30.155897     63.484625   -0.0016161521
   30.155897     81.623089   -0.0026454424
   30.155897     99.761554   -0.0039361273
   30.155897    117.900018   -0.0054648800
   30.155897    136.038482   -0.0070497509

   34.795266   -136.038482   -0.0100426379
   34.795266   -117.900018   -0.0076779687
   34.795266    -99.761554   -0.0055821798
   34.795266    -81.623089   -0.0037852645
   34.795266    -63.484625   -0.0023137131
   34.795266    -45.346161   -0.0011897237
   34.795266    -27.207696   -0.0004305444
   34.795266     -9.069232   -0.0000479637
   34.795266      9.069232   -0.0000479637
   34.795266     27.207696   -0.0004305444
   34.795266     45.346161   -0.0011897237
   34.795266     63.484625   -0.0023137131
   34.795266     81.623089   -0.0037852645
   34.795266     99.761554   -0.0055821798
   34.795266    117.900018   -0.0076779687
   34.795266    136.038482   -0.0100426379

