  -44.510090    -62.630025    0.0016687262
  -44.510090    -54.279355    0.0014904023
  -44.510090    -45.928685    0.0012768145
  -44.510090    -37.578015    0.0010406186
  -44.510090    -29.227345    0.0007938236
  -44.510090    -20.876675    0.0005476478
  -44.510090    -12.526005    0.0003123946
  -44.510090     -4.175335    0.0000973466
  -44.510090      4.175335   -0.0000893194
  -44.510090     12.526005   -0.0002405997
  -44.510090     20.876675   -0.0003507100
  -44.510090     29.227345   -0.0004151135
  -44.510090     37.578015   -0.0004305287
  -44.510090     45.928685   -0.0003949188
  -44.510090     54.279355   -0.0003074606
  -44.510090     62.630025   -0.0001684950

  -39.273609    -62.630025    0.0015189779
  -39.273609    -54.279355    0.0013362171
  -39.273609    -45.928685    0.0011277352
  -39.273609    -37.578015    0.0009050682
  -39.273609    -29.227345    0.0006790877
  -39.273609    -20.876675    0.0004598988
  -39.273609    -12.526005    0.0002567484
  -39.273609     -4.175335    0.0000779464
  -39.273609      4.175335   -0.0000692012
  -39.273609     12.526005   -0.0001784475
  -39.273609     20.876675   -0.0002446477
  -39.273609     29.227345   -0.0002637906
  -39.273609     37.578015   -0.0002330168
  -39.273609     45.928685   -0.0001506269
  -39.273609     54.279355   -0.0000160758
  -39.273609     62.630025    0.0001700436

  -34.037128    -62.630025    0.0013588764
  -34.037128    -54.279355    0.0011773398
  -34.037128    -45.928685    0.0009785402
  -34.037128    -37.578015    0.0007726835
  -34.037128    -29.227345    0.0005693904
  -34.037128    -20.876675    0.0003776003
  -34.037128    -12.526005    0.0002054858
  -34.037128     -4.175335    0.0000603792
  -34.037128      4.175335   -0.0000512895
  -34.037128     12.526005   -0.0001240437
  -34.037128     20.876675   -0.0001533990
  -34.037128     29.227345   -0.0001358909
  -34.037128     37.578015   -0.0000690912
  -34.037128     45.928685    0.0000483875
  -34.037128     54.279355    0.0002168983
  -34.037128     62.630025    0.0004357785

  -28.800647    -62.630025    0.0011884941
  -28.800647    -54.279355    0.0010141952
  -28.800647    -45.928685    0.0008297962
  -28.800647    -37.578015    0.0006440758
  -28.800647    -29.227345    0.0004653328
  -28.800647    -20.876675    0.0003012893
  -28.800647    -12.526005    0.0001590052
  -28.800647     -4.175335    0.0000448064
  -28.800647      4.175335   -0.0000357756
  -28.800647     12.526005   -0.0000780511
  -28.800647     20.876675   -0.0000782066
  -28.800647     29.227345   -0.0000333281
  -28.800647     37.578015    0.0000585900
  -28.800647     45.928685    0.0001986463
  -28.800647     54.279355    0.0003870486
  -28.800647     62.630025    0.0006231405

  -23.564166    -62.630025    0.0010072435
  -23.564166    -54.279355    0.0008466423
  -23.564166    -45.928685    0.0006816519
  -23.564166    -37.578015    0.0005195775
  -23.564166    -29.227345    0.0003673438
  -23.564166    -20.876675    0.0002314027
  -23.564166    -12.526005    0.0001176530
  -23.564166     -4.175335    0.0000313730
  -23.564166      4.175335   -0.0000228349
  -23.564166     12.526005   -0.0000410862
  -23.564166     20.876675   -0.0000202451
  -23.564166     29.227345    0.0000420582
  -23.564166     37.578015    0.0001474223
  -23.564166     45.928685    0.0002966821
  -23.564166     54.279355    0.0004899284
  -23.564166     62.630025    0.0007265403

  -18.327684    -62.630025    0.0008137940
  -18.327684    -54.279355    0.0006739171
  -18.327684    -45.928685    0.0005337830
  -18.327684    -37.578015    0.0003991876
  -18.327684    -29.227345    0.0002756319
  -18.327684    -20.876675    0.0001682425
  -18.327684    -12.526005    0.0000817042
  -18.327684     -4.175335    0.0000202024
  -18.327684      4.175335   -0.0000126230
  -18.327684     12.526005   -0.0000137129
  -18.327684     20.876675    0.0000193858
  -18.327684     29.227345    0.0000885068
  -18.327684     37.578015    0.0001948613
  -18.327684     45.928685    0.0003390461
  -18.327684     54.279355    0.0005210616
  -18.327684     62.630025    0.0007403421

  -13.091203    -62.630025    0.0006059674
  -13.091203    -54.279355    0.0004945559
  -13.091203    -45.928685    0.0003853234
  -13.091203    -37.578015    0.0002825089
  -13.091203    -29.227345    0.0001901328
  -13.091203    -20.876675    0.0001119384
  -13.091203    -12.526005    0.0000513422
  -13.091203     -4.175335    0.0000113911
  -13.091203      4.175335   -0.0000052718
  -13.091203     12.526005    0.0000035665
  -13.091203     20.876675    0.0000396702
  -13.091203     29.227345    0.0001043443
  -13.091203     37.578015    0.0001984318
  -13.091203     45.928685    0.0003223192
  -13.091203     54.279355    0.0004759495
  -13.091203     62.630025    0.0006588436

   -7.854722    -62.630025    0.0003806102
   -7.854722    -54.279355    0.0003062977
   -7.854722    -45.928685    0.0002347820
   -7.854722    -37.578015    0.0001686761
   -7.854722    -29.227345    0.0001104523
   -7.854722    -20.876675    0.0000624085
   -7.854722    -12.526005    0.0000266375
   -7.854722     -4.175335    0.0000050024
   -7.854722      4.175335   -0.0000008844
   -7.854722     12.526005    0.0000103225
   -7.854722     20.876675    0.0000396899
   -7.854722     29.227345    0.0000879989
   -7.854722     37.578015    0.0001557426
   -7.854722     45.928685    0.0002431277
   -7.854722     54.279355    0.0003500814
   -7.854722     62.630025    0.0004762625

   -2.618241    -62.630025    0.0001334456
   -2.618241    -54.279355    0.0001059675
   -2.618241    -45.928685    0.0000799454
   -2.618241    -37.578015    0.0000562759
   -2.618241    -29.227345    0.0000358050
   -2.618241    -20.876675    0.0000193168
   -2.618241    -12.526005    0.0000075239
   -2.618241     -4.175335    0.0000010596
   -2.618241      4.175335    0.0000004705
   -2.618241     12.526005    0.0000062112
   -2.618241     20.876675    0.0000186406
   -2.618241     29.227345    0.0000380187
   -2.618241     37.578015    0.0000645054
   -2.618241     45.928685    0.0000981610
   -2.618241     54.279355    0.0001389472
   -2.618241     62.630025    0.0001867302

    2.618241    -62.630025   -0.0001410983
    2.618241    -54.279355   -0.0001106607
    2.618241    -45.928685   -0.0000822338
    2.618241    -37.578015   -0.0000567414
    2.618241    -29.227345   -0.0000350526
    2.618241    -20.876675   -0.0000179708
    2.618241    -12.526005   -0.0000062250
    2.618241     -4.175335   -0.0000004611
    2.618241      4.175335   -0.0000012358
    2.618241     12.526005   -0.0000090104
    2.618241     20.876675   -0.0000241472
    2.618241     29.227345   -0.0000469057
    2.618241     37.578015   -0.0000774417
    2.618241     45.928685   -0.0001158062
    2.618241     54.279355   -0.0001619463
    2.618241     62.630025   -0.0002157072

    7.854722    -62.630025   -0.0004500810
    7.854722    -54.279355   -0.0003490211
    7.854722    -45.928685   -0.0002557625
    7.854722    -37.578015   -0.0001731598
    7.854722    -29.227345   -0.0001038925
    7.854722    -20.876675   -0.0000504335
    7.854722    -12.526005   -0.0000150217
    7.854722     -4.175335    0.0000003620
    7.854722      4.175335   -0.0000059845
    7.854722     12.526005   -0.0000354675
    7.854722     20.876675   -0.0000891843
    7.854722     29.227345   -0.0001679130
    7.854722     37.578015   -0.0002721062
    7.854722     45.928685   -0.0004018883
    7.854722     54.279355   -0.0005570560
    7.854722     62.630025   -0.0007370828

   13.091203    -62.630025   -0.0008022651
   13.091203    -54.279355   -0.0006159332
   13.091203    -45.928685   -0.0004457471
   13.091203    -37.578015   -0.0002966026
   13.091203    -29.227345   -0.0001730907
   13.091203    -20.876675   -0.0000794446
   13.091203    -12.526005   -0.0000194918
   13.091203     -4.175335    0.0000033877
   13.091203      4.175335   -0.0000137029
   13.091203     12.526005   -0.0000731480
   13.091203     20.876675   -0.0001767956
   13.091203     29.227345   -0.0003259395
   13.091203     37.578015   -0.0005213086
   13.091203     45.928685   -0.0007630601
   13.091203     54.279355   -0.0010507810
   13.091203     62.630025   -0.0013834938

   18.327684    -62.630025   -0.0012083530
   18.327684    -54.279355   -0.0009197987
   18.327684    -45.928685   -0.0006585478
   18.327684    -37.578015   -0.0004316470
   18.327684    -29.227345   -0.0002457074
   18.327684    -20.876675   -0.0001068238
   18.327684    -12.526005   -0.0000205020
   18.327684     -4.175335    0.0000084037
   18.327684      4.175335   -0.0000242561
   18.327684     12.526005   -0.0001218813
   18.327684     20.876675   -0.0002870879
   18.327684     29.227345   -0.0005216824
   18.327684     37.578015   -0.0008266452
   18.327684     45.928685   -0.0012021242
   18.327684     54.279355   -0.0016474367
   18.327684     62.630025   -0.0021610813

   23.564166    -62.630025   -0.0016812461
   23.564166    -54.279355   -0.0012708186
   23.564166    -45.928685   -0.0009019465
   23.564166    -37.578015   -0.0005839470
   23.564166    -29.227345   -0.0003255716
   23.564166    -20.876675   -0.0001348903
   23.564166    -12.526005   -0.0000191894
   23.564166     -4.175335    0.0000151170
   23.564166      4.175335   -0.0000374383
   23.564166     12.526005   -0.0001813147
   23.564166     20.876675   -0.0004199162
   23.564166     29.227345   -0.0007555580
   23.564166     37.578015   -0.0011894471
   23.564166     45.928685   -0.0017216752
   23.564166     54.279355   -0.0023512272
   23.564166     62.630025   -0.0030760024

   28.800647    -62.630025   -0.0022363264
   28.800647    -54.279355   -0.0016812301
   28.800647    -45.928685   -0.0011853294
   28.800647    -37.578015   -0.0007603648
   28.800647    -29.227345   -0.0004173703
   28.800647    -20.876675   -0.0001665201
   28.800647    -12.526005   -0.0000169927
   28.800647     -4.175335    0.0000231448
   28.800647      4.175335   -0.0000529646
   28.800647     12.526005   -0.0002508885
   28.800647     20.876675   -0.0005748443
   28.800647     29.227345   -0.0010276565
   28.800647     37.578015   -0.0016107331
   28.800647     45.928685   -0.0023240599
   28.800647     54.279355   -0.0031662141
   28.800647     62.630025   -0.0041343959

   34.037128    -62.630025   -0.0028917591
   34.037128    -54.279355   -0.0021655640
   34.037128    -45.928685   -0.0015198839
   34.037128    -37.578015   -0.0009691105
   34.037128    -29.227345   -0.0005267425
   34.037128    -20.876675   -0.0002052042
   34.037128    -12.526005   -0.0000156840
   34.037128     -4.175335    0.0000320042
   34.037128      4.175335   -0.0000704602
   34.037128     12.526005   -0.0003298079
   34.037128     20.876675   -0.0007511035
   34.037128     29.227345   -0.0013376908
   34.037128     37.578015   -0.0020911600
   34.037128     45.928685   -0.0030113348
   34.037128     54.279355   -0.0040962819
   34.037128     62.630025   -0.0053423409

