  -47.136383   -136.038482    0.0232946154
  -47.136383   -117.900018    0.0240647903
  -47.136383    -99.761554    0.0250065063
  -47.136383    -81.623089    0.0259980577
  -47.136383    -63.484625    0.0269313430
  -47.136383    -45.346161    0.0277152628
  -47.136383    -27.207696    0.0282786839
  -47.136383     -9.069232    0.0285728055
  -47.136383      9.069232    0.0285728055
  -47.136383     27.207696    0.0282786839
  -47.136383     45.346161    0.0277152628
  -47.136383     63.484625    0.0269313430
  -47.136383     81.623089    0.0259980577
  -47.136383     99.761554    0.0250065063
  -47.136383    117.900018    0.0240647903
  -47.136383    136.038482    0.0232946154

  -40.851532   -136.038482    0.0173608333
  -40.851532   -117.900018    0.0178517205
  -40.851532    -99.761554    0.0185459849
  -40.851532    -81.623089    0.0193253848
  -40.851532    -63.484625    0.0200849196
  -40.851532    -45.346161    0.0207361107
  -40.851532    -27.207696    0.0212098723
  -40.851532     -9.069232    0.0214588073
  -40.851532      9.069232    0.0214588073
  -40.851532     27.207696    0.0212098723
  -40.851532     45.346161    0.0207361107
  -40.851532     63.484625    0.0200849196
  -40.851532     81.623089    0.0193253848
  -40.851532     99.761554    0.0185459849
  -40.851532    117.900018    0.0178517205
  -40.851532    136.038482    0.0173608333

  -34.566681   -136.038482    0.0124400940
  -34.566681   -117.900018    0.0126545508
  -34.566681    -99.761554    0.0131037778
  -34.566681    -81.623089    0.0136730524
  -34.566681    -63.484625    0.0142604885
  -34.566681    -45.346161    0.0147802176
  -34.566681    -27.207696    0.0151651808
  -34.566681     -9.069232    0.0153693656
  -34.566681      9.069232    0.0153693656
  -34.566681     27.207696    0.0151651808
  -34.566681     45.346161    0.0147802176
  -34.566681     63.484625    0.0142604885
  -34.566681     81.623089    0.0136730524
  -34.566681     99.761554    0.0131037778
  -34.566681    117.900018    0.0126545508
  -34.566681    136.038482    0.0124400940

  -28.281830   -136.038482    0.0085280751
  -28.281830   -117.900018    0.0084683574
  -28.281830    -99.761554    0.0086744735
  -28.281830    -81.623089    0.0090352308
  -28.281830    -63.484625    0.0094518600
  -28.281830    -45.346161    0.0098411010
  -28.281830    -27.207696    0.0101379184
  -28.281830     -9.069232    0.0102976803
  -28.281830      9.069232    0.0102976803
  -28.281830     27.207696    0.0101379184
  -28.281830     45.346161    0.0098411010
  -28.281830     63.484625    0.0094518600
  -28.281830     81.623089    0.0090352308
  -28.281830     99.761554    0.0086744735
  -28.281830    117.900018    0.0084683574
  -28.281830    136.038482    0.0085280751

  -21.996979   -136.038482    0.0056211777
  -21.996979   -117.900018    0.0052891185
  -21.996979    -99.761554    0.0052536902
  -21.996979    -81.623089    0.0054072269
  -21.996979    -63.484625    0.0056540779
  -21.996979    -45.346161    0.0059135962
  -21.996979    -27.207696    0.0061227743
  -21.996979     -9.069232    0.0062383655
  -21.996979      9.069232    0.0062383655
  -21.996979     27.207696    0.0061227743
  -21.996979     45.346161    0.0059135962
  -21.996979     63.484625    0.0056540779
  -21.996979     81.623089    0.0054072269
  -21.996979     99.761554    0.0052536902
  -21.996979    117.900018    0.0052891185
  -21.996979    136.038482    0.0056211777

  -15.712128   -136.038482    0.0037178187
  -15.712128   -117.900018    0.0031150460
  -15.712128    -99.761554    0.0028394547
  -15.712128    -81.623089    0.0027869054
  -15.712128    -63.484625    0.0028648714
  -15.712128    -45.346161    0.0029953264
  -15.712128    -27.207696    0.0031172996
  -15.712128     -9.069232    0.0031889353
  -15.712128      9.069232    0.0031889353
  -15.712128     27.207696    0.0031172996
  -15.712128     45.346161    0.0029953264
  -15.712128     63.484625    0.0028648714
  -15.712128     81.623089    0.0027869054
  -15.712128     99.761554    0.0028394547
  -15.712128    117.900018    0.0031150460
  -15.712128    136.038482    0.0037178187

   -9.427277   -136.038482    0.0028193243
   -9.427277   -117.900018    0.0019475067
   -9.427277    -99.761554    0.0014331582
   -9.427277    -81.623089    0.0011756739
   -9.427277    -63.484625    0.0010856609
   -9.427277    -45.346161    0.0010877227
   -9.427277    -27.207696    0.0011229328
   -9.427277     -9.069232    0.0011508326
   -9.427277      9.069232    0.0011508326
   -9.427277     27.207696    0.0011229328
   -9.427277     45.346161    0.0010877227
   -9.427277     63.484625    0.0010856609
   -9.427277     81.623089    0.0011756739
   -9.427277     99.761554    0.0014331582
   -9.427277    117.900018    0.0019475067
   -9.427277    136.038482    0.0028193243

   -3.142426   -136.038482    0.0029304266
   -3.142426   -117.900018    0.0017915331
   -3.142426    -99.761554    0.0010400865
   -3.142426    -81.623089    0.0005790312
   -3.142426    -63.484625    0.0003221189
   -3.142426    -45.346161    0.0001965911
   -3.142426    -27.207696    0.0001455710
   -3.142426     -9.069232    0.0001300005
   -3.142426      9.069232    0.0001300005
   -3.142426     27.207696    0.0001455710
   -3.142426     45.346161    0.0001965911
   -3.142426     63.484625    0.0003221189
   -3.142426     81.623089    0.0005790312
   -3.142426     99.761554    0.0010400865
   -3.142426    117.900018    0.0017915331
   -3.142426    136.038482    0.0029304266

    3.142426   -136.038482    0.0040593607
    3.142426   -117.900018    0.0026559227
    3.142426    -99.761554    0.0016695262
    3.142426    -81.623089    0.0010066787
    3.142426    -63.484625    0.0005842849
    3.142426    -45.346161    0.0003322288
    3.142426    -27.207696    0.0001956854
    3.142426     -9.069232    0.0001369980
    3.142426      9.069232    0.0001369980
    3.142426     27.207696    0.0001956854
    3.142426     45.346161    0.0003322288
    3.142426     63.484625    0.0005842849
    3.142426     81.623089    0.0010066787
    3.142426     99.761554    0.0016695262
    3.142426    117.900018    0.0026559227
    3.142426    136.038482    0.0040593607

    9.427277   -136.038482    0.0062175651
    9.427277   -117.900018    0.0045529277
    9.427277    -99.761554    0.0033344463
    9.427277    -81.623089    0.0024721959
    9.427277    -63.484625    0.0018862349
    9.427277    -45.346161    0.0015090887
    9.427277    -27.207696    0.0012879822
    9.427277     -9.069232    0.0011866584
    9.427277      9.069232    0.0011866584
    9.427277     27.207696    0.0012879822
    9.427277     45.346161    0.0015090887
    9.427277     63.484625    0.0018862349
    9.427277     81.623089    0.0024721959
    9.427277     99.761554    0.0033344463
    9.427277    117.900018    0.0045529277
    9.427277    136.038482    0.0062175651

   15.712128   -136.038482    0.0094189830
   15.712128   -117.900018    0.0074975330
   15.712128    -99.761554    0.0060507553
   15.712128    -81.623089    0.0049922790
   15.712128    -63.484625    0.0042453050
   15.712128    -45.346161    0.0037449916
   15.712128    -27.207696    0.0034406074
   15.712128     -9.069232    0.0032972910
   15.712128      9.069232    0.0032972910
   15.712128     27.207696    0.0034406074
   15.712128     45.346161    0.0037449916
   15.712128     63.484625    0.0042453050
   15.712128     81.623089    0.0049922790
   15.712128     99.761554    0.0060507553
   15.712128    117.900018    0.0074975330
   15.712128    136.038482    0.0094189830

   21.996979   -136.038482    0.0136789664
   21.996979   -117.900018    0.0115063243
   21.996979    -99.761554    0.0098361340
   21.996979    -81.623089    0.0085855430
   21.996979    -63.484625    0.0076808700
   21.996979    -45.346161    0.0070598880
   21.996979    -27.207696    0.0066738979
   21.996979     -9.069232    0.0064894264
   21.996979      9.069232    0.0064894264
   21.996979     27.207696    0.0066738979
   21.996979     45.346161    0.0070598880
   21.996979     63.484625    0.0076808700
   21.996979     81.623089    0.0085855430
   21.996979     99.761554    0.0098361340
   21.996979    117.900018    0.0115063243
   21.996979    136.038482    0.0136789664

   28.281830   -136.038482    0.0190127815
   28.281830   -117.900018    0.0165959451
   28.281830    -99.761554    0.0147084427
   28.281830    -81.623089    0.0132708875
   28.281830    -63.484625    0.0122126757
   28.281830    -45.346161    0.0114741673
   28.281830    -27.207696    0.0110086759
   28.281830     -9.069232    0.0107841044
   28.281830      9.069232    0.0107841044
   28.281830     27.207696    0.0110086759
   28.281830     45.346161    0.0114741673
   28.281830     63.484625    0.0122126757
   28.281830     81.623089    0.0132708875
   28.281830     99.761554    0.0147084427
   28.281830    117.900018    0.0165959451
   28.281830    136.038482    0.0190127815

   34.566681   -136.038482    0.0254337166
   34.566681   -117.900018    0.0227811430
   34.566681    -99.761554    0.0206837059
   34.566681    -81.623089    0.0190654253
   34.566681    -63.484625    0.0178587263
   34.566681    -45.346161    0.0170065157
   34.566681    -27.207696    0.0164640894
   34.566681     -9.069232    0.0162007063
   34.566681      9.069232    0.0162007063
   34.566681     27.207696    0.0164640894
   34.566681     45.346161    0.0170065157
   34.566681     63.484625    0.0178587263
   34.566681     81.623089    0.0190654253
   34.566681     99.761554    0.0206837059
   34.566681    117.900018    0.0227811430
   34.566681    136.038482    0.0254337166

   40.851532   -136.038482    0.0329507915
   40.851532   -117.900018    0.0300724058
   40.851532    -99.761554    0.0277736701
   40.851532    -81.623089    0.0259819754
   40.851532    -63.484625    0.0246327259
   40.851532    -45.346161    0.0236713226
   40.851532    -27.207696    0.0230549969
   40.851532     -9.069232    0.0227543292
   40.851532      9.069232    0.0227543292
   40.851532     27.207696    0.0230549969
   40.851532     45.346161    0.0236713226
   40.851532     63.484625    0.0246327259
   40.851532     81.623089    0.0259819754
   40.851532     99.761554    0.0277736701
   40.851532    117.900018    0.0300724058
   40.851532    136.038482    0.0329507915

   47.136383   -136.038482    0.0415660690
   47.136383   -117.900018    0.0384731860
   47.136383    -99.761554    0.0359829391
   47.136383    -81.623089    0.0340261190
   47.136383    -63.484625    0.0325410742
   47.136383    -45.346161    0.0314756350
   47.136383    -27.207696    0.0307888973
   47.136383     -9.069232    0.0304527046
   47.136383      9.069232    0.0304527046
   47.136383     27.207696    0.0307888973
   47.136383     45.346161    0.0314756350
   47.136383     63.484625    0.0325410742
   47.136383     81.623089    0.0340261190
   47.136383     99.761554    0.0359829391
   47.136383    117.900018    0.0384731860
   47.136383    136.038482    0.0415660690

