  -47.136383    -62.630025    0.0476099210
  -47.136383    -54.279355    0.0427968182
  -47.136383    -45.928685    0.0387107040
  -47.136383    -37.578015    0.0353337780
  -47.136383    -29.227345    0.0326520228
  -47.136383    -20.876675    0.0306547411
  -47.136383    -12.526005    0.0293340713
  -47.136383     -4.175335    0.0286844928
  -47.136383      4.175335    0.0287023343
  -47.136383     12.526005    0.0293852928
  -47.136383     20.876675    0.0307319730
  -47.136383     29.227345    0.0327414552
  -47.136383     37.578015    0.0354128961
  -47.136383     45.928685    0.0387451695
  -47.136383     54.279355    0.0427365491
  -47.136383     62.630025    0.0473844377

  -40.851532    -62.630025    0.0402147718
  -40.851532    -54.279355    0.0354857301
  -40.851532    -45.928685    0.0314693171
  -40.851532    -37.578015    0.0281513475
  -40.851532    -29.227345    0.0255150681
  -40.851532    -20.876675    0.0235465024
  -40.851532    -12.526005    0.0222358575
  -40.851532     -4.175335    0.0215768915
  -40.851532      4.175335    0.0215656449
  -40.851532     12.526005    0.0221994450
  -40.851532     20.876675    0.0234766002
  -40.851532     29.227345    0.0253967068
  -40.851532     37.578015    0.0279609953
  -40.851532     45.928685    0.0311716513
  -40.851532     54.279355    0.0350285522
  -40.851532     62.630025    0.0395213656

  -34.566681    -62.630025    0.0338167468
  -34.566681    -54.279355    0.0291588502
  -34.566681    -45.928685    0.0252109975
  -34.566681    -37.578015    0.0219531054
  -34.566681    -29.227345    0.0193658106
  -34.566681    -20.876675    0.0174331206
  -34.566681    -12.526005    0.0161430679
  -34.566681     -4.175335    0.0154872943
  -34.566681      4.175335    0.0154602564
  -34.566681     12.526005    0.0160585103
  -34.566681     20.876675    0.0172802961
  -34.566681     29.227345    0.0191254069
  -34.566681     37.578015    0.0215950934
  -34.566681     45.928685    0.0246915188
  -34.566681     54.279355    0.0284160422
  -34.566681     62.630025    0.0327653758

  -28.281830    -62.630025    0.0284408324
  -28.281830    -54.279355    0.0238379548
  -28.281830    -45.928685    0.0199505587
  -28.281830    -37.578015    0.0167486287
  -28.281830    -29.227345    0.0142096323
  -28.281830    -20.876675    0.0123157786
  -28.281830    -12.526005    0.0110528441
  -28.281830     -4.175335    0.0104098176
  -28.281830      4.175335    0.0103788121
  -28.281830     12.526005    0.0109548789
  -28.281830     20.876675    0.0121355548
  -28.281830     29.227345    0.0139201630
  -28.281830     37.578015    0.0163090817
  -28.281830     45.928685    0.0193033847
  -28.281830     54.279355    0.0229054521
  -28.281830     62.630025    0.0271213400

  -21.996979    -62.630025    0.0241169888
  -21.996979    -54.279355    0.0195522641
  -21.996979    -45.928685    0.0157087231
  -21.996979    -37.578015    0.0125516197
  -21.996979    -29.227345    0.0100551768
  -21.996979    -20.876675    0.0081987224
  -21.996979    -12.526005    0.0069651516
  -21.996979     -4.175335    0.0063406189
  -21.996979      4.175335    0.0063146457
  -21.996979     12.526005    0.0068801040
  -21.996979     20.876675    0.0080328189
  -21.996979     29.227345    0.0097708071
  -21.996979     37.578015    0.0120934500
  -21.996979     45.928685    0.0150011784
  -21.996979     54.279355    0.0184965208
  -21.996979     62.630025    0.0225876516

  -15.712128    -62.630025    0.0208790429
  -15.712128    -54.279355    0.0163315826
  -15.712128    -45.928685    0.0125101954
  -15.712128    -37.578015    0.0093813555
  -15.712128    -29.227345    0.0069163602
  -15.712128    -20.876675    0.0050907409
  -15.712128    -12.526005    0.0038839598
  -15.712128     -4.175335    0.0032792366
  -15.712128      4.175335    0.0032633915
  -15.712128     12.526005    0.0038266291
  -15.712128     20.876675    0.0049622307
  -15.712128     29.227345    0.0066661612
  -15.712128     37.578015    0.0089366382
  -15.712128     45.928685    0.0117737522
  -15.712128     54.279355    0.0151792643
  -15.712128     62.630025    0.0191567537

   -9.427277    -62.630025    0.0187630490
   -9.427277    -54.279355    0.0142060033
   -9.427277    -45.928685    0.0103830271
   -9.427277    -37.578015    0.0072622735
   -9.427277    -29.227345    0.0048125085
   -9.427277    -20.876675    0.0030057040
   -9.427277    -12.526005    0.0018179575
   -9.427277     -4.175335    0.0012294775
   -9.427277      4.175335    0.0012241910
   -9.427277     12.526005    0.0017893458
   -9.427277     20.876675    0.0029152918
   -9.427277     29.227345    0.0045954424
   -9.427277     37.578015    0.0068262340
   -9.427277     45.928685    0.0096067113
   -9.427277     54.279355    0.0129371874
   -9.427277     62.630025    0.0168162369

   -3.142426    -62.630025    0.0178052576
   -3.142426    -54.279355    0.0132074941
   -3.142426    -45.928685    0.0093580871
   -3.142426    -37.578015    0.0062225181
   -3.142426    -29.227345    0.0037673849
   -3.142426    -20.876675    0.0019623219
   -3.142426    -12.526005    0.0007807298
   -3.142426     -4.175335    0.0001998345
   -3.142426      4.175335    0.0002004644
   -3.142426     12.526005    0.0007668070
   -3.142426     20.876675    0.0018862741
   -3.142426     29.227345    0.0035494774
   -3.142426     37.578015    0.0057501832
   -3.142426     45.928685    0.0084849893
   -3.142426     54.279355    0.0117523330
   -3.142426     62.630025    0.0155503137

    3.142426    -62.630025    0.0180398298
    3.142426    -54.279355    0.0133702567
    3.142426    -45.928685    0.0094678832
    3.142426    -37.578015    0.0062920527
    3.142426    -29.227345    0.0038076745
    3.142426    -20.876675    0.0019832785
    3.142426    -12.526005    0.0007903623
    3.142426     -4.175335    0.0002034250
    3.142426      4.175335    0.0002002268
    3.142426     12.526005    0.0007619717
    3.142426     20.876675    0.0018732592
    3.142426     29.227345    0.0035218030
    3.142426     37.578015    0.0056980689
    3.142426     45.928685    0.0083951323
    3.142426     54.279355    0.0116092124
    3.142426     62.630025    0.0153414879

    9.427277    -62.630025    0.0194964353
    9.427277    -54.279355    0.0147283196
    9.427277    -45.928685    0.0107444053
    9.427277    -37.578015    0.0075007239
    9.427277    -29.227345    0.0049612940
    9.427277    -20.876675    0.0030938742
    9.427277    -12.526005    0.0018684889
    9.427277     -4.175335    0.0012574528
    9.427277      4.175335    0.0012359330
    9.427277     12.526005    0.0017824104
    9.427277     20.876675    0.0028787162
    9.427277     29.227345    0.0045096382
    9.427277     37.578015    0.0066624082
    9.427277     45.928685    0.0093267019
    9.427277     54.279355    0.0124960967
    9.427277     62.630025    0.0161722538

   15.712128    -62.630025    0.0221978634
   15.712128    -54.279355    0.0173103983
   15.712128    -45.928685    0.0132160875
   15.712128    -37.578015    0.0098764406
   15.712128    -29.227345    0.0072556961
   15.712128    -20.876675    0.0053203003
   15.712128    -12.526005    0.0040388392
   15.712128     -4.175335    0.0033822063
   15.712128      4.175335    0.0033238445
   15.712128     12.526005    0.0038399482
   15.712128     20.876675    0.0049095692
   15.712128     29.227345    0.0065146183
   15.712128     37.578015    0.0086398098
   15.712128     45.928685    0.0112726467
   15.712128     54.279355    0.0144035980
   15.712128     62.630025    0.0180266720

   21.996979    -62.630025    0.0261577777
   21.996979    -54.279355    0.0211336279
   21.996979    -45.928685    0.0169044143
   21.996979    -37.578015    0.0134434122
   21.996979    -29.227345    0.0107161414
   21.996979    -20.876675    0.0086876538
   21.996979    -12.526005    0.0073253914
   21.996979     -4.175335    0.0065996169
   21.996979      4.175335    0.0064829167
   21.996979     12.526005    0.0069497772
   21.996979     20.876675    0.0079767337
   21.996979     29.227345    0.0095430923
   21.996979     37.578015    0.0116317252
   21.996979     45.928685    0.0142289370
   21.996979     54.279355    0.0173219041
   21.996979     62.630025    0.0208916840

   28.281830    -62.630025    0.0313787391
   28.281830    -54.279355    0.0261993456
   28.281830    -45.928685    0.0218211230
   28.281830    -37.578015    0.0182201710
   28.281830    -29.227345    0.0153637112
   28.281830    -20.876675    0.0132177838
   28.281830    -12.526005    0.0117502789
   28.281830     -4.175335    0.0109314101
   28.281830      4.175335    0.0107332121
   28.281830     12.526005    0.0111291178
   28.281830     20.876675    0.0120941440
   28.281830     29.227345    0.0136056893
   28.281830     37.578015    0.0156444210
   28.281830     45.928685    0.0181942016
   28.281830     54.279355    0.0212394792
   28.281830     62.630025    0.0247580407

   34.566681    -62.630025    0.0378506212
   34.566681    -54.279355    0.0324956706
   34.566681    -45.928685    0.0279673793
   34.566681    -37.578015    0.0242168810
   34.566681    -29.227345    0.0212126365
   34.566681    -20.876675    0.0189270511
   34.566681    -12.526005    0.0173316448
   34.566681     -4.175335    0.0163968964
   34.566681      4.175335    0.0160938542
   34.566681     12.526005    0.0163955629
   34.566681     20.876675    0.0172773236
   34.566681     29.227345    0.0187157685
   34.566681     37.578015    0.0206876918
   34.566681     45.928685    0.0231705468
   34.566681     54.279355    0.0261474796
   34.566681     62.630025    0.0296207344

   40.851532    -62.630025    0.0455495356
   40.851532    -54.279355    0.0400132026
   40.851532    -45.928685    0.0353367342
   40.851532    -37.578015    0.0314312163
   40.851532    -29.227345    0.0282663203
   40.851532    -20.876675    0.0258240636
   40.851532    -12.526005    0.0240816842
   40.851532     -4.175335    0.0230104541
   40.851532      4.175335    0.0225805396
   40.851532     12.526005    0.0227652864
   40.851532     20.876675    0.0235415890
   40.851532     29.227345    0.0248862759
   40.851532     37.578015    0.0267717237
   40.851532     45.928685    0.0291671828
   40.851532     54.279355    0.0320555803
   40.851532     62.630025    0.0354788385

   47.136383    -62.630025    0.0544373849
   47.136383    -54.279355    0.0487817300
   47.136383    -45.928685    0.0439240921
   47.136383    -37.578015    0.0398418724
   47.136383    -29.227345    0.0365112340
   47.136383    -20.876675    0.0339074383
   47.136383    -12.526005    0.0320051585
   47.136383     -4.175335    0.0307787724
   47.136383      4.175335    0.0302026374
   47.136383     12.526005    0.0302513533
   47.136383     20.876675    0.0309000115
   47.136383     29.227345    0.0321244363
   47.136383     37.578015    0.0339014155
   47.136383     45.928685    0.0362089254
   47.136383     54.279355    0.0390263463
   47.136383     62.630025    0.0423346715

