  -47.456659    -48.827424    0.0003986260
  -47.456659    -42.317101    0.0003559226
  -47.456659    -35.806778    0.0002881578
  -47.456659    -29.296454    0.0002098336
  -47.456659    -22.786131    0.0001331539
  -47.456659    -16.275808    0.0000680244
  -47.456659     -9.765485    0.0000220525
  -47.456659     -3.255162    0.0000005471
  -47.456659      3.255162    0.0000065191
  -47.456659      9.765485    0.0000406810
  -47.456659     16.275808    0.0001014471
  -47.456659     22.786131    0.0001849334
  -47.456659     29.296454    0.0002849576
  -47.456659     35.806778    0.0003930392
  -47.456659     42.317101    0.0004983993
  -47.456659     48.827424    0.0005879610

  -41.129105    -48.827424    0.0003941617
  -41.129105    -42.317101    0.0003474305
  -41.129105    -35.806778    0.0002818157
  -41.129105    -29.296454    0.0002086420
  -41.129105    -22.786131    0.0001374548
  -41.129105    -16.275808    0.0000760198
  -41.129105     -9.765485    0.0000303226
  -41.129105     -3.255162    0.0000045697
  -41.129105      3.255162    0.0000011873
  -41.129105      9.765485    0.0000208222
  -41.129105     16.275808    0.0000623414
  -41.129105     22.786131    0.0001228324
  -41.129105     29.296454    0.0001976026
  -41.129105     35.806778    0.0002801801
  -41.129105     42.317101    0.0003623129
  -41.129105     48.827424    0.0004339697

  -34.801550    -48.827424    0.0003403574
  -34.801550    -42.317101    0.0002979047
  -34.801550    -35.806778    0.0002418949
  -34.801550    -29.296454    0.0001807018
  -34.801550    -22.786131    0.0001213920
  -34.801550    -16.275808    0.0000697252
  -34.801550     -9.765485    0.0000301540
  -34.801550     -3.255162    0.0000058240
  -34.801550      3.255162   -0.0000014263
  -34.801550      9.765485    0.0000089346
  -34.801550     16.275808    0.0000361313
  -34.801550     22.786131    0.0000780811
  -34.801550     29.296454    0.0001313945
  -34.801550     35.806778    0.0001913748
  -34.801550     42.317101    0.0002520184
  -34.801550     48.827424    0.0003060146

  -28.473996    -48.827424    0.0002602800
  -28.473996    -42.317101    0.0002268437
  -28.473996    -35.806778    0.0001843115
  -28.473996    -29.296454    0.0001384370
  -28.473996    -22.786131    0.0000940805
  -28.473996    -16.275808    0.0000552089
  -28.473996     -9.765485    0.0000248960
  -28.473996     -3.255162    0.0000053224
  -28.473996      3.255162   -0.0000022247
  -28.473996      9.765485    0.0000026487
  -28.473996     16.275808    0.0000194433
  -28.473996     22.786131    0.0000467665
  -28.473996     29.296454    0.0000823327
  -28.473996     35.806778    0.0001229628
  -28.473996     42.317101    0.0001645845
  -28.473996     48.827424    0.0002022323

  -22.146441    -48.827424    0.0001731514
  -22.146441    -42.317101    0.0001504963
  -22.146441    -35.806778    0.0001223288
  -22.146441    -29.296454    0.0000922011
  -22.146441    -22.786131    0.0000631162
  -22.146441    -16.275808    0.0000375277
  -22.146441     -9.765485    0.0000173401
  -22.146441     -3.255162    0.0000039088
  -22.146441      3.255162   -0.0000019604
  -22.146441      9.765485   -0.0000000104
  -22.146441     16.275808    0.0000094662
  -22.146441     22.786131    0.0000256279
  -22.146441     29.296454    0.0000470837
  -22.146441     35.806778    0.0000718938
  -22.146441     42.317101    0.0000975686
  -22.146441     48.827424    0.0001210699

  -15.818886    -48.827424    0.0000943495
  -15.818886    -42.317101    0.0000818616
  -15.818886    -35.806778    0.0000665574
  -15.818886    -29.296454    0.0000502768
  -15.818886    -22.786131    0.0000345759
  -15.818886    -16.275808    0.0000207270
  -15.818886     -9.765485    0.0000097193
  -15.818886     -3.255162    0.0000022579
  -15.818886      3.255162   -0.0000012353
  -15.818886      9.765485   -0.0000006224
  -15.818886     16.275808    0.0000039512
  -15.818886     22.786131    0.0000120564
  -15.818886     29.296454    0.0000229805
  -15.818886     35.806778    0.0000357272
  -15.818886     42.317101    0.0000490166
  -15.818886     48.827424    0.0000612851

   -9.491332    -48.827424    0.0000354075
   -9.491332    -42.317101    0.0000306888
   -9.491332    -35.806778    0.0000249554
   -9.491332    -29.296454    0.0000188762
   -9.491332    -22.786131    0.0000130170
   -9.491332    -16.275808    0.0000078410
   -9.491332     -9.765485    0.0000037083
   -9.491332     -3.255162    0.0000008761
   -9.491332      3.255162   -0.0000005012
   -9.491332      9.765485   -0.0000003722
   -9.491332     16.275808    0.0000012116
   -9.491332     22.786131    0.0000040958
   -9.491332     29.296454    0.0000080230
   -9.491332     35.806778    0.0000126330
   -9.491332     42.317101    0.0000174628
   -9.491332     48.827424    0.0000219462

   -3.163777    -48.827424    0.0000040143
   -3.163777    -42.317101    0.0000034776
   -3.163777    -35.806778    0.0000028281
   -3.163777    -29.296454    0.0000021405
   -3.163777    -22.786131    0.0000014780
   -3.163777    -16.275808    0.0000008923
   -3.163777     -9.765485    0.0000004237
   -3.163777     -3.255162    0.0000001009
   -3.163777      3.255162   -0.0000000588
   -3.163777      9.765485   -0.0000000496
   -3.163777     16.275808    0.0000001229
   -3.163777     22.786131    0.0000004415
   -3.163777     29.296454    0.0000008776
   -3.163777     35.806778    0.0000013910
   -3.163777     42.317101    0.0000019301
   -3.163777     48.827424    0.0000024320

    3.163777    -48.827424    0.0000040143
    3.163777    -42.317101    0.0000034776
    3.163777    -35.806778    0.0000028281
    3.163777    -29.296454    0.0000021405
    3.163777    -22.786131    0.0000014780
    3.163777    -16.275808    0.0000008923
    3.163777     -9.765485    0.0000004237
    3.163777     -3.255162    0.0000001009
    3.163777      3.255162   -0.0000000588
    3.163777      9.765485   -0.0000000496
    3.163777     16.275808    0.0000001229
    3.163777     22.786131    0.0000004415
    3.163777     29.296454    0.0000008776
    3.163777     35.806778    0.0000013910
    3.163777     42.317101    0.0000019301
    3.163777     48.827424    0.0000024320

    9.491332    -48.827424    0.0000354075
    9.491332    -42.317101    0.0000306888
    9.491332    -35.806778    0.0000249554
    9.491332    -29.296454    0.0000188762
    9.491332    -22.786131    0.0000130170
    9.491332    -16.275808    0.0000078410
    9.491332     -9.765485    0.0000037083
    9.491332     -3.255162    0.0000008761
    9.491332      3.255162   -0.0000005012
    9.491332      9.765485   -0.0000003722
    9.491332     16.275808    0.0000012116
    9.491332     22.786131    0.0000040958
    9.491332     29.296454    0.0000080230
    9.491332     35.806778    0.0000126330
    9.491332     42.317101    0.0000174628
    9.491332     48.827424    0.0000219462

   15.818886    -48.827424    0.0000943495
   15.818886    -42.317101    0.0000818616
   15.818886    -35.806778    0.0000665574
   15.818886    -29.296454    0.0000502768
   15.818886    -22.786131    0.0000345759
   15.818886    -16.275808    0.0000207270
   15.818886     -9.765485    0.0000097193
   15.818886     -3.255162    0.0000022579
   15.818886      3.255162   -0.0000012353
   15.818886      9.765485   -0.0000006224
   15.818886     16.275808    0.0000039512
   15.818886     22.786131    0.0000120564
   15.818886     29.296454    0.0000229805
   15.818886     35.806778    0.0000357272
   15.818886     42.317101    0.0000490166
   15.818886     48.827424    0.0000612851

   22.146441    -48.827424    0.0001731514
   22.146441    -42.317101    0.0001504963
   22.146441    -35.806778    0.0001223288
   22.146441    -29.296454    0.0000922011
   22.146441    -22.786131    0.0000631162
   22.146441    -16.275808    0.0000375277
   22.146441     -9.765485    0.0000173401
   22.146441     -3.255162    0.0000039088
   22.146441      3.255162   -0.0000019604
   22.146441      9.765485   -0.0000000104
   22.146441     16.275808    0.0000094662
   22.146441     22.786131    0.0000256279
   22.146441     29.296454    0.0000470837
   22.146441     35.806778    0.0000718938
   22.146441     42.317101    0.0000975686
   22.146441     48.827424    0.0001210699

   28.473996    -48.827424    0.0002602800
   28.473996    -42.317101    0.0002268437
   28.473996    -35.806778    0.0001843115
   28.473996    -29.296454    0.0001384370
   28.473996    -22.786131    0.0000940805
   28.473996    -16.275808    0.0000552089
   28.473996     -9.765485    0.0000248960
   28.473996     -3.255162    0.0000053224
   28.473996      3.255162   -0.0000022247
   28.473996      9.765485    0.0000026487
   28.473996     16.275808    0.0000194433
   28.473996     22.786131    0.0000467665
   28.473996     29.296454    0.0000823327
   28.473996     35.806778    0.0001229628
   28.473996     42.317101    0.0001645845
   28.473996     48.827424    0.0002022323

   34.801550    -48.827424    0.0003403574
   34.801550    -42.317101    0.0002979047
   34.801550    -35.806778    0.0002418949
   34.801550    -29.296454    0.0001807018
   34.801550    -22.786131    0.0001213920
   34.801550    -16.275808    0.0000697252
   34.801550     -9.765485    0.0000301540
   34.801550     -3.255162    0.0000058240
   34.801550      3.255162   -0.0000014263
   34.801550      9.765485    0.0000089346
   34.801550     16.275808    0.0000361313
   34.801550     22.786131    0.0000780811
   34.801550     29.296454    0.0001313945
   34.801550     35.806778    0.0001913748
   34.801550     42.317101    0.0002520184
   34.801550     48.827424    0.0003060146

   41.129105    -48.827424    0.0003941617
   41.129105    -42.317101    0.0003474305
   41.129105    -35.806778    0.0002818157
   41.129105    -29.296454    0.0002086420
   41.129105    -22.786131    0.0001374548
   41.129105    -16.275808    0.0000760198
   41.129105     -9.765485    0.0000303226
   41.129105     -3.255162    0.0000045697
   41.129105      3.255162    0.0000011873
   41.129105      9.765485    0.0000208222
   41.129105     16.275808    0.0000623414
   41.129105     22.786131    0.0001228324
   41.129105     29.296454    0.0001976026
   41.129105     35.806778    0.0002801801
   41.129105     42.317101    0.0003623129
   41.129105     48.827424    0.0004339697

   47.456659    -48.827424    0.0003986260
   47.456659    -42.317101    0.0003559226
   47.456659    -35.806778    0.0002881578
   47.456659    -29.296454    0.0002098336
   47.456659    -22.786131    0.0001331539
   47.456659    -16.275808    0.0000680244
   47.456659     -9.765485    0.0000220525
   47.456659     -3.255162    0.0000005471
   47.456659      3.255162    0.0000065191
   47.456659      9.765485    0.0000406810
   47.456659     16.275808    0.0001014471
   47.456659     22.786131    0.0001849334
   47.456659     29.296454    0.0002849576
   47.456659     35.806778    0.0003930392
   47.456659     42.317101    0.0004983993
   47.456659     48.827424    0.0005879610

