  -45.038700    -61.469935    0.0608796768
  -45.038700    -53.273944    0.0562513292
  -45.038700    -45.077952    0.0522895942
  -45.038700    -36.881961    0.0489919987
  -45.038700    -28.685970    0.0463564581
  -45.038700    -20.489978    0.0443812892
  -45.038700    -12.293987    0.0430652203
  -45.038700     -4.097996    0.0424073996
  -45.038700      4.097996    0.0424073996
  -45.038700     12.293987    0.0430652203
  -45.038700     20.489978    0.0443812892
  -45.038700     28.685970    0.0463564581
  -45.038700     36.881961    0.0489919987
  -45.038700     45.077952    0.0522895942
  -45.038700     53.273944    0.0562513292
  -45.038700     61.469935    0.0608796768

  -39.033540    -61.469935    0.0494042451
  -39.033540    -53.273944    0.0447991171
  -39.033540    -45.077952    0.0408585473
  -39.033540    -36.881961    0.0375794967
  -39.033540    -28.685970    0.0349593950
  -39.033540    -20.489978    0.0329961612
  -39.033540    -12.293987    0.0316882201
  -39.033540     -4.097996    0.0310345149
  -39.033540      4.097996    0.0310345149
  -39.033540     12.293987    0.0316882201
  -39.033540     20.489978    0.0329961612
  -39.033540     28.685970    0.0349593950
  -39.033540     36.881961    0.0375794967
  -39.033540     45.077952    0.0408585473
  -39.033540     53.273944    0.0447991171
  -39.033540     61.469935    0.0494042451

  -33.028380    -61.469935    0.0399208367
  -33.028380    -53.273944    0.0353418939
  -33.028380    -45.077952    0.0314249631
  -33.028380    -36.881961    0.0281664383
  -33.028380    -28.685970    0.0255632897
  -33.028380    -20.489978    0.0236130775
  -33.028380    -12.293987    0.0223139621
  -33.028380     -4.097996    0.0216647127
  -33.028380      4.097996    0.0216647127
  -33.028380     12.293987    0.0223139621
  -33.028380     20.489978    0.0236130775
  -33.028380     28.685970    0.0255632897
  -33.028380     36.881961    0.0281664383
  -33.028380     45.077952    0.0314249631
  -33.028380     53.273944    0.0353418939
  -33.028380     61.469935    0.0399208367

  -27.023220    -61.469935    0.0322874033
  -27.023220    -53.273944    0.0277376999
  -27.023220    -45.077952    0.0238469282
  -27.023220    -36.881961    0.0206109620
  -27.023220    -28.685970    0.0180263498
  -27.023220    -20.489978    0.0160903218
  -27.023220    -12.293987    0.0148007955
  -27.023220     -4.097996    0.0141563804
  -27.023220      4.097996    0.0141563804
  -27.023220     12.293987    0.0148007955
  -27.023220     20.489978    0.0160903218
  -27.023220     28.685970    0.0180263498
  -27.023220     36.881961    0.0206109620
  -27.023220     45.077952    0.0238469282
  -27.023220     53.273944    0.0277376999
  -27.023220     61.469935    0.0322874033

  -21.018060    -61.469935    0.0263718604
  -21.018060    -53.273944    0.0218544798
  -21.018060    -45.077952    0.0179924105
  -21.018060    -36.881961    0.0147810658
  -21.018060    -28.685970    0.0122166104
  -21.018060    -20.489978    0.0102959680
  -21.018060    -12.293987    0.0090168265
  -21.018060     -4.097996    0.0083776420
  -21.018060      4.097996    0.0083776420
  -21.018060     12.293987    0.0090168265
  -21.018060     20.489978    0.0102959680
  -21.018060     28.685970    0.0122166104
  -21.018060     36.881961    0.0147810658
  -21.018060     45.077952    0.0179924105
  -21.018060     53.273944    0.0218544798
  -21.018060     61.469935    0.0263718604

  -15.012900    -61.469935    0.0220514662
  -15.012900    -53.273944    0.0175694752
  -15.012900    -45.077952    0.0137386522
  -15.012900    -36.881961    0.0105540005
  -15.012900    -28.685970    0.0080113342
  -15.012900    -20.489978    0.0061072900
  -15.012900    -12.293987    0.0048393370
  -15.012900     -4.097996    0.0042057840
  -15.012900      4.097996    0.0042057840
  -15.012900     12.293987    0.0048393370
  -15.012900     20.489978    0.0061072900
  -15.012900     28.685970    0.0080113342
  -15.012900     36.881961    0.0105540005
  -15.012900     45.077952    0.0137386522
  -15.012900     53.273944    0.0175694752
  -15.012900     61.469935    0.0220514662

   -9.007740    -61.469935    0.0192122269
   -9.007740    -53.273944    0.0147686433
   -9.007740    -45.077952    0.0109715885
   -9.007740    -36.881961    0.0078156903
   -9.007740    -28.685970    0.0052964367
   -9.007740    -20.489978    0.0034101952
   -9.007740    -12.293987    0.0021542279
   -9.007740     -4.097996    0.0015267032
   -9.007740      4.097996    0.0015267032
   -9.007740     12.293987    0.0021542279
   -9.007740     20.489978    0.0034101952
   -9.007740     28.685970    0.0052964367
   -9.007740     36.881961    0.0078156903
   -9.007740     45.077952    0.0109715885
   -9.007740     53.273944    0.0147686433
   -9.007740     61.469935    0.0192122269

   -3.002580    -61.469935    0.0177483293
   -3.002580    -53.273944    0.0133460993
   -3.002580    -45.077952    0.0095852928
   -3.002580    -36.881961    0.0064601792
   -3.002580    -28.685970    0.0039659382
   -3.002580    -20.489978    0.0020986837
   -3.002580    -12.293987    0.0008554838
   -3.002580     -4.097996    0.0002343758
   -3.002580      4.097996    0.0002343758
   -3.002580     12.293987    0.0008554838
   -3.002580     20.489978    0.0020986837
   -3.002580     28.685970    0.0039659382
   -3.002580     36.881961    0.0064601792
   -3.002580     45.077952    0.0095852928
   -3.002580     53.273944    0.0133460993
   -3.002580     61.469935    0.0177483293

    3.002580    -61.469935    0.0175616000
    3.002580    -53.273944    0.0132035846
    3.002580    -45.077952    0.0094814470
    3.002580    -36.881961    0.0063891049
    3.002580    -28.685970    0.0039214413
    3.002580    -20.489978    0.0020743310
    3.002580    -12.293987    0.0008446614
    3.002580     -4.097996    0.0002303489
    3.002580      4.097996    0.0002303489
    3.002580     12.293987    0.0008446614
    3.002580     20.489978    0.0020743310
    3.002580     28.685970    0.0039214413
    3.002580     36.881961    0.0063891049
    3.002580     45.077952    0.0094814470
    3.002580     53.273944    0.0132035846
    3.002580     61.469935    0.0175616000

    9.007740    -61.469935    0.0185609926
    9.007740    -53.273944    0.0142499601
    9.007740    -45.077952    0.0105688388
    9.007740    -36.881961    0.0075111982
    9.007740    -28.685970    0.0050716348
    9.007740    -20.489978    0.0032457961
    9.007740    -12.293987    0.0020304009
    9.007740     -4.097996    0.0014232535
    9.007740      4.097996    0.0014232535
    9.007740     12.293987    0.0020304009
    9.007740     20.489978    0.0032457961
    9.007740     28.685970    0.0050716348
    9.007740     36.881961    0.0075111982
    9.007740     45.077952    0.0105688388
    9.007740     53.273944    0.0142499601
    9.007740     61.469935    0.0185609926

   15.012900    -61.469935    0.0206621005
   15.012900    -53.273944    0.0164007240
   15.012900    -45.077952    0.0127628835
   15.012900    -36.881961    0.0097418099
   15.012900    -28.685970    0.0073318232
   15.012900    -20.489978    0.0055283538
   15.012900    -12.293987    0.0043279597
   15.012900     -4.097996    0.0037283391
   15.012900      4.097996    0.0037283391
   15.012900     12.293987    0.0043279597
   15.012900     20.489978    0.0055283538
   15.012900     28.685970    0.0073318232
   15.012900     36.881961    0.0097418099
   15.012900     45.077952    0.0127628835
   15.012900     53.273944    0.0164007240
   15.012900     61.469935    0.0206621005

   21.018060    -61.469935    0.0237866979
   21.018060    -53.273944    0.0195775555
   21.018060    -45.077952    0.0159851734
   21.018060    -36.881961    0.0130024640
   21.018060    -28.685970    0.0106234831
   21.018060    -20.489978    0.0088434512
   21.018060    -12.293987    0.0076587691
   21.018060     -4.097996    0.0070670307
   21.018060      4.097996    0.0070670307
   21.018060     12.293987    0.0076587691
   21.018060     20.489978    0.0088434512
   21.018060     28.685970    0.0106234831
   21.018060     36.881961    0.0130024640
   21.018060     45.077952    0.0159851734
   21.018060     53.273944    0.0195775555
   21.018060     61.469935    0.0237866979

   27.023220    -61.469935    0.0278623070
   27.023220    -53.273944    0.0237078828
   27.023220    -45.077952    0.0201630517
   27.023220    -36.881961    0.0172204369
   27.023220    -28.685970    0.0148738448
   27.023220    -20.489978    0.0131182898
   27.023220    -12.293987    0.0119500149
   27.023220     -4.097996    0.0113665070
   27.023220      4.097996    0.0113665070
   27.023220     12.293987    0.0119500149
   27.023220     20.489978    0.0131182898
   27.023220     28.685970    0.0148738448
   27.023220     36.881961    0.0172204369
   27.023220     45.077952    0.0201630517
   27.023220     53.273944    0.0237078828
   27.023220     61.469935    0.0278623070

   33.028380    -61.469935    0.0328217929
   33.028380    -53.273944    0.0287244766
   33.028380    -45.077952    0.0252292129
   33.028380    -36.881961    0.0223283647
   33.028380    -28.685970    0.0200155004
   33.028380    -20.489978    0.0182854310
   33.028380    -12.293987    0.0171342391
   33.028380     -4.097996    0.0165593010
   33.028380      4.097996    0.0165593010
   33.028380     12.293987    0.0171342391
   33.028380     20.489978    0.0182854310
   33.028380     28.685970    0.0200155004
   33.028380     36.881961    0.0223283647
   33.028380     45.077952    0.0252292129
   33.028380     53.273944    0.0287244766
   33.028380     61.469935    0.0328217929

   39.033540    -61.469935    0.0386029848
   39.033540    -53.273944    0.0345650681
   39.033540    -45.077952    0.0311213297
   39.033540    -36.881961    0.0282638751
   39.033540    -28.685970    0.0259860378
   39.033540    -20.489978    0.0242824271
   39.033540    -12.293987    0.0231489663
   39.033540     -4.097996    0.0225829217
   39.033540      4.097996    0.0225829217
   39.033540     12.293987    0.0231489663
   39.033540     20.489978    0.0242824271
   39.033540     28.685970    0.0259860378
   39.033540     36.881961    0.0282638751
   39.033540     45.077952    0.0311213297
   39.033540     53.273944    0.0345650681
   39.033540     61.469935    0.0386029848

   45.038700    -61.469935    0.0451483245
   45.038700    -53.273944    0.0411719932
   45.038700    -45.077952    0.0377817045
   45.038700    -36.881961    0.0349692474
   45.038700    -28.685970    0.0327277008
   45.038700    -20.489978    0.0310514760
   45.038700    -12.293987    0.0299363515
   45.038700     -4.097996    0.0293794986
   45.038700      4.097996    0.0293794986
   45.038700     12.293987    0.0299363515
   45.038700     20.489978    0.0310514760
   45.038700     28.685970    0.0327277008
   45.038700     36.881961    0.0349692474
   45.038700     45.077952    0.0377817045
   45.038700     53.273944    0.0411719932
   45.038700     61.469935    0.0451483245

