  -47.136383    -92.332122    0.0350993806
  -47.136383    -80.021172    0.0329828186
  -47.136383    -67.710222    0.0314197904
  -47.136383    -55.399273    0.0303051342
  -47.136383    -43.088323    0.0295427616
  -47.136383    -30.777374    0.0290496136
  -47.136383    -18.466424    0.0287594807
  -47.136383     -6.155475    0.0286262496
  -47.136383      6.155475    0.0286262496
  -47.136383     18.466424    0.0287594807
  -47.136383     30.777374    0.0290496136
  -47.136383     43.088323    0.0295427616
  -47.136383     55.399273    0.0303051342
  -47.136383     67.710222    0.0314197904
  -47.136383     80.021172    0.0329828186
  -47.136383     92.332122    0.0350993806

  -40.851532    -92.332122    0.0281705996
  -40.851532    -80.021172    0.0260084592
  -40.851532    -67.710222    0.0244052983
  -40.851532    -55.399273    0.0232564866
  -40.851532    -43.088323    0.0224663456
  -40.851532    -30.777374    0.0219521226
  -40.851532    -18.466424    0.0216478247
  -40.851532     -6.155475    0.0215074773
  -40.851532      6.155475    0.0215074773
  -40.851532     18.466424    0.0216478247
  -40.851532     30.777374    0.0219521226
  -40.851532     43.088323    0.0224663456
  -40.851532     55.399273    0.0232564866
  -40.851532     67.710222    0.0244052983
  -40.851532     80.021172    0.0260084592
  -40.851532     92.332122    0.0281705996

  -34.566681    -92.332122    0.0222286028
  -34.566681    -80.021172    0.0200300342
  -34.566681    -67.710222    0.0183946956
  -34.566681    -55.399273    0.0172184598
  -34.566681    -43.088323    0.0164060149
  -34.566681    -30.777374    0.0158748672
  -34.566681    -18.466424    0.0155591984
  -34.566681     -6.155475    0.0154131404
  -34.566681      6.155475    0.0154131404
  -34.566681     18.466424    0.0155591984
  -34.566681     30.777374    0.0158748672
  -34.566681     43.088323    0.0164060149
  -34.566681     55.399273    0.0172184598
  -34.566681     67.710222    0.0183946956
  -34.566681     80.021172    0.0200300342
  -34.566681     92.332122    0.0222286028

  -28.281830    -92.332122    0.0172668728
  -28.281830    -80.021172    0.0150409254
  -28.281830    -67.710222    0.0133813226
  -28.281830    -55.399273    0.0121843651
  -28.281830    -43.088323    0.0113550477
  -28.281830    -30.777374    0.0108110888
  -28.281830    -18.466424    0.0104868099
  -28.281830     -6.155475    0.0103364271
  -28.281830      6.155475    0.0103364271
  -28.281830     18.466424    0.0104868099
  -28.281830     30.777374    0.0108110888
  -28.281830     43.088323    0.0113550477
  -28.281830     55.399273    0.0121843651
  -28.281830     67.710222    0.0133813226
  -28.281830     80.021172    0.0150409254
  -28.281830     92.332122    0.0172668728

  -21.996979    -92.332122    0.0132804078
  -21.996979    -80.021172    0.0110360219
  -21.996979    -67.710222    0.0093599915
  -21.996979    -55.399273    0.0081489537
  -21.996979    -43.088323    0.0073081429
  -21.996979    -30.777374    0.0067554426
  -21.996979    -18.466424    0.0064252829
  -21.996979     -6.155475    0.0062719446
  -21.996979      6.155475    0.0062719446
  -21.996979     18.466424    0.0064252829
  -21.996979     30.777374    0.0067554426
  -21.996979     43.088323    0.0073081429
  -21.996979     55.399273    0.0081489537
  -21.996979     67.710222    0.0093599915
  -21.996979     80.021172    0.0110360219
  -21.996979     92.332122    0.0132804078

  -15.712128    -92.332122    0.0102672335
  -15.712128    -80.021172    0.0080132205
  -15.712128    -67.710222    0.0063284879
  -15.712128    -55.399273    0.0051099186
  -15.712128    -43.088323    0.0042629202
  -15.712128    -30.777374    0.0037054942
  -15.712128    -18.466424    0.0033721469
  -15.712128     -6.155475    0.0032172044
  -15.712128      6.155475    0.0032172044
  -15.712128     18.466424    0.0033721469
  -15.712128     30.777374    0.0037054942
  -15.712128     43.088323    0.0042629202
  -15.712128     55.399273    0.0051099186
  -15.712128     67.710222    0.0063284879
  -15.712128     80.021172    0.0080132205
  -15.712128     92.332122    0.0102672335

   -9.427277    -92.332122    0.0082294511
   -9.427277    -80.021172    0.0059744651
   -9.427277    -67.710222    0.0042886113
   -9.427277    -55.399273    0.0030689374
   -9.427277    -43.088323    0.0022209615
   -9.427277    -30.777374    0.0016627559
   -9.427277    -18.466424    0.0013288696
   -9.427277     -6.155475    0.0011736525
   -9.427277      6.155475    0.0011736525
   -9.427277     18.466424    0.0013288696
   -9.427277     30.777374    0.0016627559
   -9.427277     43.088323    0.0022209615
   -9.427277     55.399273    0.0030689374
   -9.427277     67.710222    0.0042886113
   -9.427277     80.021172    0.0059744651
   -9.427277     92.332122    0.0082294511

   -3.142426    -92.332122    0.0071738231
   -3.142426    -80.021172    0.0049263263
   -3.142426    -67.710222    0.0032467554
   -3.142426    -55.399273    0.0020322535
   -3.142426    -43.088323    0.0011883910
   -3.142426    -30.777374    0.0006332647
   -3.142426    -18.466424    0.0003014314
   -3.142426     -6.155475    0.0001472414
   -3.142426      6.155475    0.0001472414
   -3.142426     18.466424    0.0003014314
   -3.142426     30.777374    0.0006332647
   -3.142426     43.088323    0.0011883910
   -3.142426     55.399273    0.0020322535
   -3.142426     67.710222    0.0032467554
   -3.142426     80.021172    0.0049263263
   -3.142426     92.332122    0.0071738231

    3.142426    -92.332122    0.0071118967
    3.142426    -80.021172    0.0048801203
    3.142426    -67.710222    0.0032140283
    3.142426    -55.399273    0.0020107973
    3.142426    -43.088323    0.0011759963
    3.142426    -30.777374    0.0006277011
    3.142426    -18.466424    0.0003004419
    3.142426     -6.155475    0.0001485455
    3.142426      6.155475    0.0001485455
    3.142426     18.466424    0.0003004419
    3.142426     30.777374    0.0006277011
    3.142426     43.088323    0.0011759963
    3.142426     55.399273    0.0020107973
    3.142426     67.710222    0.0032140283
    3.142426     80.021172    0.0048801203
    3.142426     92.332122    0.0071118967

    9.427277    -92.332122    0.0080596637
    9.427277    -80.021172    0.0058515679
    9.427277    -67.710222    0.0042059116
    9.427277    -55.399273    0.0030198465
    9.427277    -43.088323    0.0021988880
    9.427277    -30.777374    0.0016610487
    9.427277    -18.466424    0.0013407988
    9.427277     -6.155475    0.0011924194
    9.427277      6.155475    0.0011924194
    9.427277     18.466424    0.0013407988
    9.427277     30.777374    0.0016610487
    9.427277     43.088323    0.0021988880
    9.427277     55.399273    0.0030198465
    9.427277     67.710222    0.0042059116
    9.427277     80.021172    0.0058515679
    9.427277     92.332122    0.0080596637

   15.712128    -92.332122    0.0100367578
   15.712128    -80.021172    0.0078599928
   15.712128    -67.710222    0.0062414603
   15.712128    -55.399273    0.0050782256
   15.712128    -43.088323    0.0042757008
   15.712128    -30.777374    0.0037517951
   15.712128    -18.466424    0.0034408894
   15.712128     -6.155475    0.0032971993
   15.712128      6.155475    0.0032971993
   15.712128     18.466424    0.0034408894
   15.712128     30.777374    0.0037517951
   15.712128     43.088323    0.0042757008
   15.712128     55.399273    0.0050782256
   15.712128     67.710222    0.0062414603
   15.712128     80.021172    0.0078599928
   15.712128     92.332122    0.0100367578

   21.996979    -92.332122    0.0130651894
   21.996979    -80.021172    0.0109270607
   21.996979    -67.710222    0.0093420413
   21.996979    -55.399273    0.0082070455
   21.996979    -43.088323    0.0074273329
   21.996979    -30.777374    0.0069206735
   21.996979    -18.466424    0.0066213334
   21.996979     -6.155475    0.0064834471
   21.996979      6.155475    0.0064834471
   21.996979     18.466424    0.0066213334
   21.996979     30.777374    0.0069206735
   21.996979     43.088323    0.0074273329
   21.996979     55.399273    0.0082070455
   21.996979     67.710222    0.0093420413
   21.996979     80.021172    0.0109270607
   21.996979     92.332122    0.0130651894

   28.281830    -92.332122    0.0171676171
   28.281830    -80.021172    0.0150750562
   28.281830    -67.710222    0.0135296120
   28.281830    -55.399273    0.0124279818
   28.281830    -43.088323    0.0116752266
   28.281830    -30.777374    0.0111889452
   28.281830    -18.466424    0.0109032688
   28.281830     -6.155475    0.0107722381
   28.281830      6.155475    0.0107722381
   28.281830     18.466424    0.0109032688
   28.281830     30.777374    0.0111889452
   28.281830     43.088323    0.0116752266
   28.281830     55.399273    0.0124279818
   28.281830     67.710222    0.0135296120
   28.281830     80.021172    0.0150750562
   28.281830     92.332122    0.0171676171

   34.566681    -92.332122    0.0223651570
   34.566681    -80.021172    0.0203247018
   34.566681    -67.710222    0.0188245385
   34.566681    -55.399273    0.0177610928
   34.566681    -43.088323    0.0170391876
   34.566681    -30.777374    0.0165762237
   34.566681    -18.466424    0.0163061791
   34.566681     -6.155475    0.0161829908
   34.566681      6.155475    0.0161829908
   34.566681     18.466424    0.0163061791
   34.566681     30.777374    0.0165762237
   34.566681     43.088323    0.0170391876
   34.566681     55.399273    0.0177610928
   34.566681     67.710222    0.0188245385
   34.566681     80.021172    0.0203247018
   34.566681     92.332122    0.0223651570

   40.851532    -92.332122    0.0286747285
   40.851532    -80.021172    0.0266925145
   40.851532    -67.710222    0.0252429537
   40.851532    -55.399273    0.0242221769
   40.851532    -43.088323    0.0235347452
   40.851532    -30.777374    0.0230978387
   40.851532    -18.466424    0.0228452640
   40.851532     -6.155475    0.0227308404
   40.851532      6.155475    0.0227308404
   40.851532     18.466424    0.0228452640
   40.851532     30.777374    0.0230978387
   40.851532     43.088323    0.0235347452
   40.851532     55.399273    0.0242221769
   40.851532     67.710222    0.0252429537
   40.851532     80.021172    0.0266925145
   40.851532     92.332122    0.0286747285

   47.136383    -92.332122    0.0361059379
   47.136383    -80.021172    0.0341877037
   47.136383    -67.710222    0.0327936543
   47.136383    -55.399273    0.0318196693
   47.136383    -43.088323    0.0311700515
   47.136383    -30.777374    0.0307617423
   47.136383    -18.466424    0.0305283505
   47.136383     -6.155475    0.0304235549
   47.136383      6.155475    0.0304235549
   47.136383     18.466424    0.0305283505
   47.136383     30.777374    0.0307617423
   47.136383     43.088323    0.0311700515
   47.136383     55.399273    0.0318196693
   47.136383     67.710222    0.0327936543
   47.136383     80.021172    0.0341877037
   47.136383     92.332122    0.0361059379

