  -47.456659   -136.038482    0.0315512922
  -47.456659   -117.900018    0.0303654840
  -47.456659    -99.761554    0.0295693461
  -47.456659    -81.623089    0.0290677794
  -47.456659    -63.484625    0.0287762582
  -47.456659    -45.346161    0.0286234623
  -47.456659    -27.207696    0.0285536289
  -47.456659     -9.069232    0.0285284594
  -47.456659      9.069232    0.0285284594
  -47.456659     27.207696    0.0285536289
  -47.456659     45.346161    0.0286234623
  -47.456659     63.484625    0.0287762582
  -47.456659     81.623089    0.0290677794
  -47.456659     99.761554    0.0295693461
  -47.456659    117.900018    0.0303654840
  -47.456659    136.038482    0.0315512922

  -41.129105   -136.038482    0.0245237984
  -41.129105   -117.900018    0.0233128740
  -41.129105    -99.761554    0.0224952099
  -41.129105    -81.623089    0.0219757061
  -41.129105    -63.484625    0.0216698361
  -41.129105    -45.346161    0.0215062792
  -41.129105    -27.207696    0.0214292720
  -41.129105     -9.069232    0.0214005158
  -41.129105      9.069232    0.0214005158
  -41.129105     27.207696    0.0214292720
  -41.129105     45.346161    0.0215062792
  -41.129105     63.484625    0.0216698361
  -41.129105     81.623089    0.0219757061
  -41.129105     99.761554    0.0224952099
  -41.129105    117.900018    0.0233128740
  -41.129105    136.038482    0.0245237984

  -34.801550   -136.038482    0.0185029776
  -34.801550   -117.900018    0.0172725198
  -34.801550    -99.761554    0.0164381635
  -34.801550    -81.623089    0.0159047853
  -34.801550    -63.484625    0.0155878393
  -34.801550    -45.346161    0.0154159890
  -34.801550    -27.207696    0.0153334594
  -34.801550     -9.069232    0.0153019438
  -34.801550      9.069232    0.0153019438
  -34.801550     27.207696    0.0153334594
  -34.801550     45.346161    0.0154159890
  -34.801550     63.484625    0.0155878393
  -34.801550     81.623089    0.0159047853
  -34.801550     99.761554    0.0164381635
  -34.801550    117.900018    0.0172725198
  -34.801550    136.038482    0.0185029776

  -28.473996   -136.038482    0.0134908987
  -28.473996   -117.900018    0.0122455695
  -28.473996    -99.761554    0.0113985433
  -28.473996    -81.623089    0.0108546610
  -28.473996    -63.484625    0.0105293472
  -28.473996    -45.346161    0.0103512418
  -28.473996    -27.207696    0.0102645519
  -28.473996     -9.069232    0.0102309593
  -28.473996      9.069232    0.0102309593
  -28.473996     27.207696    0.0102645519
  -28.473996     45.346161    0.0103512418
  -28.473996     63.484625    0.0105293472
  -28.473996     81.623089    0.0108546610
  -28.473996     99.761554    0.0113985433
  -28.473996    117.900018    0.0122455695
  -28.473996    136.038482    0.0134908987

  -22.146441   -136.038482    0.0094865058
  -22.146441   -117.900018    0.0082302002
  -22.146441    -99.761554    0.0073738498
  -22.146441    -81.623089    0.0068222567
  -22.146441    -63.484625    0.0064908130
  -22.146441    -45.346161    0.0063081328
  -22.146441    -27.207696    0.0062184040
  -22.146441     -9.069232    0.0061832951
  -22.146441      9.069232    0.0061832951
  -22.146441     27.207696    0.0062184040
  -22.146441     45.346161    0.0063081328
  -22.146441     63.484625    0.0064908130
  -22.146441     81.623089    0.0068222567
  -22.146441     99.761554    0.0073738498
  -22.146441    117.900018    0.0082302002
  -22.146441    136.038482    0.0094865058

  -15.818886   -136.038482    0.0064871346
  -15.818886   -117.900018    0.0052231337
  -15.818886    -99.761554    0.0043602636
  -15.818886    -81.623089    0.0038032913
  -15.818886    -63.484625    0.0034675795
  -15.818886    -45.346161    0.0032817188
  -15.818886    -27.207696    0.0031898794
  -15.818886     -9.069232    0.0031537181
  -15.818886      9.069232    0.0031537181
  -15.818886     27.207696    0.0031898794
  -15.818886     45.346161    0.0032817188
  -15.818886     63.484625    0.0034675795
  -15.818886     81.623089    0.0038032913
  -15.818886     99.761554    0.0043602636
  -15.818886    117.900018    0.0052231337
  -15.818886    136.038482    0.0064871346

   -9.491332   -136.038482    0.0044897253
   -9.491332   -117.900018    0.0032208499
   -9.491332    -99.761554    0.0023538590
   -9.491332    -81.623089    0.0017934929
   -9.491332    -63.484625    0.0014550924
   -9.491332    -45.346161    0.0012672306
   -9.491332    -27.207696    0.0011740645
   -9.491332     -9.069232    0.0011372420
   -9.491332      9.069232    0.0011372420
   -9.491332     27.207696    0.0011740645
   -9.491332     45.346161    0.0012672306
   -9.491332     63.484625    0.0014550924
   -9.491332     81.623089    0.0017934929
   -9.491332     99.761554    0.0023538590
   -9.491332    117.900018    0.0032208499
   -9.491332    136.038482    0.0044897253

   -3.163777   -136.038482    0.0034917328
   -3.163777   -117.900018    0.0022204969
   -3.163777    -99.761554    0.0013515131
   -3.163777    -81.623089    0.0007895078
   -3.163777    -63.484625    0.0004498101
   -3.163777    -45.346161    0.0002609835
   -3.163777    -27.207696    0.0001671781
   -3.163777     -9.069232    0.0001300372
   -3.163777      9.069232    0.0001300372
   -3.163777     27.207696    0.0001671781
   -3.163777     45.346161    0.0002609835
   -3.163777     63.484625    0.0004498101
   -3.163777     81.623089    0.0007895078
   -3.163777     99.761554    0.0013515131
   -3.163777    117.900018    0.0022204969
   -3.163777    136.038482    0.0034917328

    3.163777   -136.038482    0.0034917328
    3.163777   -117.900018    0.0022204969
    3.163777    -99.761554    0.0013515131
    3.163777    -81.623089    0.0007895078
    3.163777    -63.484625    0.0004498101
    3.163777    -45.346161    0.0002609835
    3.163777    -27.207696    0.0001671781
    3.163777     -9.069232    0.0001300372
    3.163777      9.069232    0.0001300372
    3.163777     27.207696    0.0001671781
    3.163777     45.346161    0.0002609835
    3.163777     63.484625    0.0004498101
    3.163777     81.623089    0.0007895078
    3.163777     99.761554    0.0013515131
    3.163777    117.900018    0.0022204969
    3.163777    136.038482    0.0034917328

    9.491332   -136.038482    0.0044897253
    9.491332   -117.900018    0.0032208499
    9.491332    -99.761554    0.0023538590
    9.491332    -81.623089    0.0017934929
    9.491332    -63.484625    0.0014550924
    9.491332    -45.346161    0.0012672306
    9.491332    -27.207696    0.0011740645
    9.491332     -9.069232    0.0011372420
    9.491332      9.069232    0.0011372420
    9.491332     27.207696    0.0011740645
    9.491332     45.346161    0.0012672306
    9.491332     63.484625    0.0014550924
    9.491332     81.623089    0.0017934929
    9.491332     99.761554    0.0023538590
    9.491332    117.900018    0.0032208499
    9.491332    136.038482    0.0044897253

   15.818886   -136.038482    0.0064871346
   15.818886   -117.900018    0.0052231337
   15.818886    -99.761554    0.0043602636
   15.818886    -81.623089    0.0038032913
   15.818886    -63.484625    0.0034675795
   15.818886    -45.346161    0.0032817188
   15.818886    -27.207696    0.0031898794
   15.818886     -9.069232    0.0031537181
   15.818886      9.069232    0.0031537181
   15.818886     27.207696    0.0031898794
   15.818886     45.346161    0.0032817188
   15.818886     63.484625    0.0034675795
   15.818886     81.623089    0.0038032913
   15.818886     99.761554    0.0043602636
   15.818886    117.900018    0.0052231337
   15.818886    136.038482    0.0064871346

   22.146441   -136.038482    0.0094865058
   22.146441   -117.900018    0.0082302002
   22.146441    -99.761554    0.0073738498
   22.146441    -81.623089    0.0068222567
   22.146441    -63.484625    0.0064908130
   22.146441    -45.346161    0.0063081328
   22.146441    -27.207696    0.0062184040
   22.146441     -9.069232    0.0061832951
   22.146441      9.069232    0.0061832951
   22.146441     27.207696    0.0062184040
   22.146441     45.346161    0.0063081328
   22.146441     63.484625    0.0064908130
   22.146441     81.623089    0.0068222567
   22.146441     99.761554    0.0073738498
   22.146441    117.900018    0.0082302002
   22.146441    136.038482    0.0094865058

   28.473996   -136.038482    0.0134908987
   28.473996   -117.900018    0.0122455695
   28.473996    -99.761554    0.0113985433
   28.473996    -81.623089    0.0108546610
   28.473996    -63.484625    0.0105293472
   28.473996    -45.346161    0.0103512418
   28.473996    -27.207696    0.0102645519
   28.473996     -9.069232    0.0102309593
   28.473996      9.069232    0.0102309593
   28.473996     27.207696    0.0102645519
   28.473996     45.346161    0.0103512418
   28.473996     63.484625    0.0105293472
   28.473996     81.623089    0.0108546610
   28.473996     99.761554    0.0113985433
   28.473996    117.900018    0.0122455695
   28.473996    136.038482    0.0134908987

   34.801550   -136.038482    0.0185029776
   34.801550   -117.900018    0.0172725198
   34.801550    -99.761554    0.0164381635
   34.801550    -81.623089    0.0159047853
   34.801550    -63.484625    0.0155878393
   34.801550    -45.346161    0.0154159890
   34.801550    -27.207696    0.0153334594
   34.801550     -9.069232    0.0153019438
   34.801550      9.069232    0.0153019438
   34.801550     27.207696    0.0153334594
   34.801550     45.346161    0.0154159890
   34.801550     63.484625    0.0155878393
   34.801550     81.623089    0.0159047853
   34.801550     99.761554    0.0164381635
   34.801550    117.900018    0.0172725198
   34.801550    136.038482    0.0185029776

   41.129105   -136.038482    0.0245237984
   41.129105   -117.900018    0.0233128740
   41.129105    -99.761554    0.0224952099
   41.129105    -81.623089    0.0219757061
   41.129105    -63.484625    0.0216698361
   41.129105    -45.346161    0.0215062792
   41.129105    -27.207696    0.0214292720
   41.129105     -9.069232    0.0214005158
   41.129105      9.069232    0.0214005158
   41.129105     27.207696    0.0214292720
   41.129105     45.346161    0.0215062792
   41.129105     63.484625    0.0216698361
   41.129105     81.623089    0.0219757061
   41.129105     99.761554    0.0224952099
   41.129105    117.900018    0.0233128740
   41.129105    136.038482    0.0245237984

   47.456659   -136.038482    0.0315512922
   47.456659   -117.900018    0.0303654840
   47.456659    -99.761554    0.0295693461
   47.456659    -81.623089    0.0290677794
   47.456659    -63.484625    0.0287762582
   47.456659    -45.346161    0.0286234623
   47.456659    -27.207696    0.0285536289
   47.456659     -9.069232    0.0285284594
   47.456659      9.069232    0.0285284594
   47.456659     27.207696    0.0285536289
   47.456659     45.346161    0.0286234623
   47.456659     63.484625    0.0287762582
   47.456659     81.623089    0.0290677794
   47.456659     99.761554    0.0295693461
   47.456659    117.900018    0.0303654840
   47.456659    136.038482    0.0315512922

