  -47.136383    -47.456659    0.0551685825
  -47.136383    -41.129105    0.0485849664
  -47.136383    -34.801550    0.0429282098
  -47.136383    -28.473996    0.0382043986
  -47.136383    -22.146441    0.0344187340
  -47.136383    -15.818886    0.0315755272
  -47.136383     -9.491332    0.0296781302
  -47.136383     -3.163777    0.0287288450
  -47.136383      3.163777    0.0287288450
  -47.136383      9.491332    0.0296781302
  -47.136383     15.818886    0.0315755272
  -47.136383     22.146441    0.0344187340
  -47.136383     28.473996    0.0382043986
  -47.136383     34.801550    0.0429282098
  -47.136383     41.129105    0.0485849664
  -47.136383     47.456659    0.0551685825

  -40.851532    -47.456659    0.0482274839
  -40.851532    -41.129105    0.0415735379
  -40.851532    -34.801550    0.0358746040
  -40.851532    -28.473996    0.0311225402
  -40.851532    -22.146441    0.0273181163
  -40.851532    -15.818886    0.0244637358
  -40.851532     -9.491332    0.0225607708
  -40.851532     -3.163777    0.0216094048
  -40.851532      3.163777    0.0216094048
  -40.851532      9.491332    0.0225607708
  -40.851532     15.818886    0.0244637358
  -40.851532     22.146441    0.0273181163
  -40.851532     28.473996    0.0311225402
  -40.851532     34.801550    0.0358746040
  -40.851532     41.129105    0.0415735379
  -40.851532     47.456659    0.0482274839

  -34.566681    -47.456659    0.0423026761
  -34.566681    -41.129105    0.0355909670
  -34.566681    -34.801550    0.0298449093
  -34.566681    -28.473996    0.0250619498
  -34.566681    -22.146441    0.0212397102
  -34.566681    -15.818886    0.0183758045
  -34.566681     -9.491332    0.0164680124
  -34.566681     -3.163777    0.0155145951
  -34.566681      3.163777    0.0155145951
  -34.566681      9.491332    0.0164680124
  -34.566681     15.818886    0.0183758045
  -34.566681     22.146441    0.0212397102
  -34.566681     28.473996    0.0250619498
  -34.566681     34.801550    0.0298449093
  -34.566681     41.129105    0.0355909670
  -34.566681     47.456659    0.0423026761

  -28.281830    -47.456659    0.0374114449
  -28.281830    -41.129105    0.0306367425
  -28.281830    -34.801550    0.0248443360
  -28.281830    -28.473996    0.0200291001
  -28.281830    -22.146441    0.0161857363
  -28.281830    -15.818886    0.0133089877
  -28.281830     -9.491332    0.0113941576
  -28.281830     -3.163777    0.0104376979
  -28.281830      3.163777    0.0104376979
  -28.281830      9.491332    0.0113941576
  -28.281830     15.818886    0.0133089877
  -28.281830     22.146441    0.0161857363
  -28.281830     28.473996    0.0200291001
  -28.281830     34.801550    0.0248443360
  -28.281830     41.129105    0.0306367425
  -28.281830     47.456659    0.0374114449

  -21.996979    -47.456659    0.0335689961
  -21.996979    -41.129105    0.0267259357
  -21.996979    -34.801550    0.0208820463
  -21.996979    -28.473996    0.0160282258
  -21.996979    -22.146441    0.0121570161
  -21.996979    -15.818886    0.0092614573
  -21.996979     -9.491332    0.0073352469
  -21.996979     -3.163777    0.0063734880
  -21.996979      3.163777    0.0063734880
  -21.996979      9.491332    0.0073352469
  -21.996979     15.818886    0.0092614573
  -21.996979     22.146441    0.0121570161
  -21.996979     28.473996    0.0160282258
  -21.996979     34.801550    0.0208820463
  -21.996979     41.129105    0.0267259357
  -21.996979     47.456659    0.0335689961

  -15.712128    -47.456659    0.0307877317
  -15.712128    -41.129105    0.0238717091
  -15.712128    -34.801550    0.0179665326
  -15.712128    -28.473996    0.0130639325
  -15.712128    -22.146441    0.0091555956
  -15.712128    -15.818886    0.0062333395
  -15.712128     -9.491332    0.0042898528
  -15.712128     -3.163777    0.0033196018
  -15.712128      3.163777    0.0033196018
  -15.712128      9.491332    0.0042898528
  -15.712128     15.818886    0.0062333395
  -15.712128     22.146441    0.0091555956
  -15.712128     28.473996    0.0130639325
  -15.712128     34.801550    0.0179665326
  -15.712128     41.129105    0.0238717091
  -15.712128     47.456659    0.0307877317

   -9.427277    -47.456659    0.0290765747
   -9.427277    -41.129105    0.0220812968
   -9.427277    -34.801550    0.0161045175
   -9.427277    -28.473996    0.0111418839
   -9.427277    -22.146441    0.0071856822
   -9.427277    -15.818886    0.0042274987
   -9.427277     -9.491332    0.0022599166
   -9.427277     -3.163777    0.0012775365
   -9.427277      3.163777    0.0012775365
   -9.427277      9.491332    0.0022599166
   -9.427277     15.818886    0.0042274987
   -9.427277     22.146441    0.0071856822
   -9.427277     28.473996    0.0111418839
   -9.427277     34.801550    0.0161045175
   -9.427277     41.129105    0.0220812968
   -9.427277     47.456659    0.0290765747

   -3.142426    -47.456659    0.0284404109
   -3.142426    -41.129105    0.0213580619
   -3.142426    -34.801550    0.0153014179
   -3.142426    -28.473996    0.0102685341
   -3.142426    -22.146441    0.0062536619
   -3.142426    -15.818886    0.0032499926
   -3.142426     -9.491332    0.0012513605
   -3.142426     -3.163777    0.0002532328
   -3.142426      3.163777    0.0002532328
   -3.142426      9.491332    0.0012513605
   -3.142426     15.818886    0.0032499926
   -3.142426     22.146441    0.0062536619
   -3.142426     28.473996    0.0102685341
   -3.142426     34.801550    0.0153014179
   -3.142426     41.129105    0.0213580619
   -3.142426     47.456659    0.0284404109

    3.142426    -47.456659    0.0288796950
    3.142426    -41.129105    0.0217043993
    3.142426    -34.801550    0.0155619802
    3.142426    -28.473996    0.0104505925
    3.142426    -22.146441    0.0063677432
    3.142426    -15.818886    0.0033101505
    3.142426     -9.491332    0.0012742932
    3.142426     -3.163777    0.0002572086
    3.142426      3.163777    0.0002572086
    3.142426      9.491332    0.0012742932
    3.142426     15.818886    0.0033101505
    3.142426     22.146441    0.0063677432
    3.142426     28.473996    0.0104505925
    3.142426     34.801550    0.0155619802
    3.142426     41.129105    0.0217043993
    3.142426     47.456659    0.0288796950

    9.427277    -47.456659    0.0303902473
    9.427277    -41.129105    0.0231224117
    9.427277    -34.801550    0.0168902716
    9.427277    -28.473996    0.0116946245
    9.427277    -22.146441    0.0075375508
    9.427277    -15.818886    0.0044202501
    9.427277     -9.491332    0.0023427018
    9.427277     -3.163777    0.0013042223
    9.427277      3.163777    0.0013042223
    9.427277      9.491332    0.0023427018
    9.427277     15.818886    0.0044202501
    9.427277     22.146441    0.0075375508
    9.427277     28.473996    0.0116946245
    9.427277     34.801550    0.0168902716
    9.427277     41.129105    0.0231224117
    9.427277     47.456659    0.0303902473

   15.712128    -47.456659    0.0329632477
   15.712128    -41.129105    0.0256114465
   15.712128    -34.801550    0.0192887799
   15.712128    -28.473996    0.0140069108
   15.712128    -22.146441    0.0097737751
   15.712128    -15.818886    0.0065947936
   15.712128     -9.491332    0.0044736030
   15.712128     -3.163777    0.0034124633
   15.712128      3.163777    0.0034124633
   15.712128      9.491332    0.0044736030
   15.712128     15.818886    0.0065947936
   15.712128     22.146441    0.0097737751
   15.712128     28.473996    0.0140069108
   15.712128     34.801550    0.0192887799
   15.712128     41.129105    0.0256114465
   15.712128     47.456659    0.0329632477

   21.996979    -47.456659    0.0365854103
   21.996979    -41.129105    0.0291637422
   21.996979    -34.801550    0.0227569483
   21.996979    -28.473996    0.0173934026
   21.996979    -22.146441    0.0130877593
   21.996979    -15.818886    0.0098494122
   21.996979     -9.491332    0.0076857071
   21.996979     -3.163777    0.0066022767
   21.996979      3.163777    0.0066022767
   21.996979      9.491332    0.0076857071
   21.996979     15.818886    0.0098494122
   21.996979     22.146441    0.0130877593
   21.996979     28.473996    0.0173934026
   21.996979     34.801550    0.0227569483
   21.996979     41.129105    0.0291637422
   21.996979     47.456659    0.0365854103

   28.281830    -47.456659    0.0412393039
   28.281830    -41.129105    0.0337615919
   28.281830    -34.801550    0.0272900421
   28.281830    -28.473996    0.0218593313
   28.281830    -22.146441    0.0174906883
   28.281830    -15.818886    0.0141994483
   28.281830     -9.491332    0.0119977246
   28.281830     -3.163777    0.0108944464
   28.281830      3.163777    0.0108944464
   28.281830      9.491332    0.0119977246
   28.281830     15.818886    0.0141994483
   28.281830     22.146441    0.0174906883
   28.281830     28.473996    0.0218593313
   28.281830     34.801550    0.0272900421
   28.281830     41.129105    0.0337615919
   28.281830     47.456659    0.0412393039

   34.566681    -47.456659    0.0469037595
   34.566681    -41.129105    0.0393815936
   34.566681    -34.801550    0.0328798169
   34.566681    -28.473996    0.0274077475
   34.566681    -22.146441    0.0229918209
   34.566681    -15.818886    0.0196582951
   34.566681     -9.491332    0.0174265264
   34.566681     -3.163777    0.0163080729
   34.566681      3.163777    0.0163080729
   34.566681      9.491332    0.0174265264
   34.566681     15.818886    0.0196582951
   34.566681     22.146441    0.0229918209
   34.566681     28.473996    0.0274077475
   34.566681     34.801550    0.0328798169
   34.566681     41.129105    0.0393815936
   34.566681     47.456659    0.0469037595

   40.851532    -47.456659    0.0535542883
   40.851532    -41.129105    0.0460137152
   40.851532    -34.801550    0.0395190281
   40.851532    -28.473996    0.0340359800
   40.851532    -22.146441    0.0295949857
   40.851532    -15.818886    0.0262355960
   40.851532     -9.491332    0.0239854460
   40.851532     -3.163777    0.0228580988
   40.851532      3.163777    0.0228580988
   40.851532      9.491332    0.0239854460
   40.851532     15.818886    0.0262355960
   40.851532     22.146441    0.0295949857
   40.851532     28.473996    0.0340359800
   40.851532     34.801550    0.0395190281
   40.851532     41.129105    0.0460137152
   40.851532     47.456659    0.0535542883

   47.136383    -47.456659    0.0611634098
   47.136383    -41.129105    0.0537050639
   47.136383    -34.801550    0.0472123952
   47.136383    -28.473996    0.0417287265
   47.136383    -22.146441    0.0372923439
   47.136383    -15.818886    0.0339354313
   47.136383     -9.491332    0.0316830927
   47.136383     -3.163777    0.0305525449
   47.136383      3.163777    0.0305525449
   47.136383      9.491332    0.0316830927
   47.136383     15.818886    0.0339354313
   47.136383     22.146441    0.0372923439
   47.136383     28.473996    0.0417287265
   47.136383     34.801550    0.0472123952
   47.136383     41.129105    0.0537050639
   47.136383     47.456659    0.0611634098

