  -42.952389    -91.194683    0.0369033688
  -42.952389    -79.035392    0.0354490505
  -42.952389    -66.876101    0.0343138559
  -42.952389    -54.716810    0.0334539486
  -42.952389    -42.557519    0.0328328942
  -42.952389    -30.398228    0.0324215376
  -42.952389    -18.238937    0.0321979010
  -42.952389     -6.079646    0.0321471005
  -42.952389      6.079646    0.0322612821
  -42.952389     18.238937    0.0325395776
  -42.952389     30.398228    0.0329880796
  -42.952389     42.557519    0.0336198359
  -42.952389     54.716810    0.0344548635
  -42.952389     66.876101    0.0355201816
  -42.952389     79.035392    0.0368498649
  -42.952389     91.194683    0.0384851149

  -37.225404    -91.194683    0.0293634413
  -37.225404    -79.035392    0.0277967604
  -37.225404    -66.876101    0.0265583554
  -37.225404    -54.716810    0.0256047939
  -37.225404    -42.557519    0.0249000937
  -37.225404    -30.398228    0.0244155685
  -37.225404    -18.238937    0.0241296992
  -37.225404     -6.079646    0.0240280311
  -37.225404      6.079646    0.0241030968
  -37.225404     18.238937    0.0243543648
  -37.225404     30.398228    0.0247882146
  -37.225404     42.557519    0.0254179363
  -37.225404     54.716810    0.0262637578
  -37.225404     66.876101    0.0273528958
  -37.225404     79.035392    0.0287196344
  -37.225404     91.194683    0.0304054285

  -31.498419    -91.194683    0.0229315873
  -31.498419    -79.035392    0.0212735090
  -31.498419    -66.876101    0.0199514713
  -31.498419    -54.716810    0.0189225589
  -31.498419    -42.557519    0.0181512242
  -31.498419    -30.398228    0.0176091517
  -31.498419    -18.238937    0.0172751450
  -31.498419     -6.079646    0.0171350357
  -31.498419      6.079646    0.0171816151
  -31.498419     18.238937    0.0174145885
  -31.498419     30.398228    0.0178405514
  -31.498419     42.557519    0.0184729887
  -31.498419     54.716810    0.0193322958
  -31.498419     66.876101    0.0204458228
  -31.498419     79.035392    0.0218479404
  -31.498419     91.194683    0.0235801286

  -25.771434    -91.194683    0.0175907218
  -25.771434    -79.035392    0.0158601609
  -25.771434    -66.876101    0.0144721857
  -25.771434    -54.716810    0.0133843364
  -25.771434    -42.557519    0.0125614204
  -25.771434    -30.398228    0.0119754034
  -25.771434    -18.238937    0.0116053172
  -25.771434     -6.079646    0.0114371867
  -25.771434      6.079646    0.0114639739
  -25.771434     18.238937    0.0116855401
  -25.771434     30.398228    0.0121086255
  -25.771434     42.557519    0.0127468470
  -25.771434     54.716810    0.0136207139
  -25.771434     66.876101    0.0147576609
  -25.771434     79.035392    0.0161920995
  -25.771434     91.194683    0.0179654870

  -20.044448    -91.194683    0.0133279236
  -20.044448    -79.035392    0.0115420203
  -20.044448    -66.876101    0.0101040645
  -20.044448    -54.716810    0.0089719264
  -20.044448    -42.557519    0.0081106717
  -20.044448    -30.398228    0.0074924677
  -20.044448    -18.238937    0.0070965067
  -20.044448     -6.079646    0.0069089430
  -20.044448      6.079646    0.0069228466
  -20.044448     18.238937    0.0071381717
  -20.044448     30.398228    0.0075617406
  -20.044448     42.557519    0.0082072430
  -20.044448     54.716810    0.0090952510
  -20.044448     66.876101    0.0102532494
  -20.044448     79.035392    0.0117156807
  -20.044448     91.194683    0.0135240066

  -14.317463    -91.194683    0.0101345535
  -14.317463    -79.035392    0.0083088900
  -14.317463    -66.876101    0.0068353068
  -14.317463    -54.716810    0.0056718821
  -14.317463    -42.557519    0.0047838515
  -14.317463    -30.398228    0.0041435193
  -14.317463    -18.238937    0.0037301846
  -14.317463     -6.079646    0.0035300843
  -14.317463      6.079646    0.0035363503
  -14.317463     18.238937    0.0037489823
  -14.317463     30.398228    0.0041748367
  -14.317463     42.557519    0.0048276302
  -14.317463     54.716810    0.0057279595
  -14.317463     66.876101    0.0069033356
  -14.317463     79.035392    0.0083882345
  -14.317463     91.194683    0.0102241626

   -8.590478    -91.194683    0.0080063846
   -8.590478    -79.035392    0.0061551512
   -8.590478    -66.876101    0.0046588124
   -8.590478    -54.716810    0.0034755690
   -8.590478    -42.557519    0.0025707612
   -8.590478    -30.398228    0.0019167782
   -8.590478    -18.238937    0.0014929842
   -8.590478     -6.079646    0.0012856613
   -8.590478      6.079646    0.0012879684
   -8.590478     18.238937    0.0014999184
   -8.590478     30.398228    0.0019283707
   -8.590478     42.557519    0.0025870411
   -8.590478     54.716810    0.0034965286
   -8.590478     66.876101    0.0046843586
   -8.590478     79.035392    0.0061850432
   -8.590478     91.194683    0.0080401579

   -2.863493    -91.194683    0.0069437482
   -2.863493    -79.035392    0.0050798645
   -2.863493    -66.876101    0.0035722683
   -2.863493    -54.716810    0.0023792400
   -2.863493    -42.557519    0.0014661844
   -2.863493    -30.398228    0.0008055386
   -2.863493    -18.238937    0.0003766982
   -2.863493     -6.079646    0.0001659610
   -2.863493      6.079646    0.0001664893
   -2.863493     18.238937    0.0003782896
   -2.863493     30.398228    0.0008082099
   -2.863493     42.557519    0.0014699558
   -2.863493     54.716810    0.0023841238
   -2.863493     66.876101    0.0035782526
   -2.863493     79.035392    0.0050868926
   -2.863493     91.194683    0.0069516926

    2.863493    -91.194683    0.0069516926
    2.863493    -79.035392    0.0050868926
    2.863493    -66.876101    0.0035782526
    2.863493    -54.716810    0.0023841238
    2.863493    -42.557519    0.0014699558
    2.863493    -30.398228    0.0008082099
    2.863493    -18.238937    0.0003782896
    2.863493     -6.079646    0.0001664893
    2.863493      6.079646    0.0001659610
    2.863493     18.238937    0.0003766982
    2.863493     30.398228    0.0008055386
    2.863493     42.557519    0.0014661844
    2.863493     54.716810    0.0023792400
    2.863493     66.876101    0.0035722683
    2.863493     79.035392    0.0050798645
    2.863493     91.194683    0.0069437482

    8.590478    -91.194683    0.0080401579
    8.590478    -79.035392    0.0061850432
    8.590478    -66.876101    0.0046843586
    8.590478    -54.716810    0.0034965286
    8.590478    -42.557519    0.0025870411
    8.590478    -30.398228    0.0019283707
    8.590478    -18.238937    0.0014999184
    8.590478     -6.079646    0.0012879684
    8.590478      6.079646    0.0012856613
    8.590478     18.238937    0.0014929842
    8.590478     30.398228    0.0019167782
    8.590478     42.557519    0.0025707612
    8.590478     54.716810    0.0034755690
    8.590478     66.876101    0.0046588124
    8.590478     79.035392    0.0061551512
    8.590478     91.194683    0.0080063846

   14.317463    -91.194683    0.0102241626
   14.317463    -79.035392    0.0083882345
   14.317463    -66.876101    0.0069033356
   14.317463    -54.716810    0.0057279595
   14.317463    -42.557519    0.0048276302
   14.317463    -30.398228    0.0041748367
   14.317463    -18.238937    0.0037489823
   14.317463     -6.079646    0.0035363503
   14.317463      6.079646    0.0035300843
   14.317463     18.238937    0.0037301846
   14.317463     30.398228    0.0041435193
   14.317463     42.557519    0.0047838515
   14.317463     54.716810    0.0056718821
   14.317463     66.876101    0.0068353068
   14.317463     79.035392    0.0083088900
   14.317463     91.194683    0.0101345535

   20.044448    -91.194683    0.0135240066
   20.044448    -79.035392    0.0117156807
   20.044448    -66.876101    0.0102532494
   20.044448    -54.716810    0.0090952510
   20.044448    -42.557519    0.0082072430
   20.044448    -30.398228    0.0075617406
   20.044448    -18.238937    0.0071381717
   20.044448     -6.079646    0.0069228466
   20.044448      6.079646    0.0069089430
   20.044448     18.238937    0.0070965067
   20.044448     30.398228    0.0074924677
   20.044448     42.557519    0.0081106717
   20.044448     54.716810    0.0089719264
   20.044448     66.876101    0.0101040645
   20.044448     79.035392    0.0115420203
   20.044448     91.194683    0.0133279236

   25.771434    -91.194683    0.0179654870
   25.771434    -79.035392    0.0161920995
   25.771434    -66.876101    0.0147576609
   25.771434    -54.716810    0.0136207139
   25.771434    -42.557519    0.0127468470
   25.771434    -30.398228    0.0121086255
   25.771434    -18.238937    0.0116855401
   25.771434     -6.079646    0.0114639739
   25.771434      6.079646    0.0114371867
   25.771434     18.238937    0.0116053172
   25.771434     30.398228    0.0119754034
   25.771434     42.557519    0.0125614204
   25.771434     54.716810    0.0133843364
   25.771434     66.876101    0.0144721857
   25.771434     79.035392    0.0158601609
   25.771434     91.194683    0.0175907218

   31.498419    -91.194683    0.0235801286
   31.498419    -79.035392    0.0218479404
   31.498419    -66.876101    0.0204458228
   31.498419    -54.716810    0.0193322958
   31.498419    -42.557519    0.0184729887
   31.498419    -30.398228    0.0178405514
   31.498419    -18.238937    0.0174145885
   31.498419     -6.079646    0.0171816151
   31.498419      6.079646    0.0171350357
   31.498419     18.238937    0.0172751450
   31.498419     30.398228    0.0176091517
   31.498419     42.557519    0.0181512242
   31.498419     54.716810    0.0189225589
   31.498419     66.876101    0.0199514713
   31.498419     79.035392    0.0212735090
   31.498419     91.194683    0.0229315873

   37.225404    -91.194683    0.0304054285
   37.225404    -79.035392    0.0287196344
   37.225404    -66.876101    0.0273528958
   37.225404    -54.716810    0.0262637578
   37.225404    -42.557519    0.0254179363
   37.225404    -30.398228    0.0247882146
   37.225404    -18.238937    0.0243543648
   37.225404     -6.079646    0.0241030968
   37.225404      6.079646    0.0240280311
   37.225404     18.238937    0.0241296992
   37.225404     30.398228    0.0244155685
   37.225404     42.557519    0.0249000937
   37.225404     54.716810    0.0256047939
   37.225404     66.876101    0.0265583554
   37.225404     79.035392    0.0277967604
   37.225404     91.194683    0.0293634413

   42.952389    -91.194683    0.0384851149
   42.952389    -79.035392    0.0368498649
   42.952389    -66.876101    0.0355201816
   42.952389    -54.716810    0.0344548635
   42.952389    -42.557519    0.0336198359
   42.952389    -30.398228    0.0329880796
   42.952389    -18.238937    0.0325395776
   42.952389     -6.079646    0.0322612821
   42.952389      6.079646    0.0321471005
   42.952389     18.238937    0.0321979010
   42.952389     30.398228    0.0324215376
   42.952389     42.557519    0.0328328942
   42.952389     54.716810    0.0334539486
   42.952389     66.876101    0.0343138559
   42.952389     79.035392    0.0354490505
   42.952389     91.194683    0.0369033688

