  -48.827424   -119.276109    0.0028413775
  -48.827424   -103.372628    0.0021817390
  -48.827424    -87.469147    0.0016018166
  -48.827424    -71.565666    0.0011058147
  -48.827424    -55.662184    0.0006975043
  -48.827424    -39.758703    0.0003801297
  -48.827424    -23.855222    0.0001563160
  -48.827424     -7.951741    0.0000279801
  -48.827424      7.951741   -0.0000037570
  -48.827424     23.855222    0.0000613455
  -48.827424     39.758703    0.0002225649
  -48.827424     55.662184    0.0004781349
  -48.827424     71.565666    0.0008251672
  -48.827424     87.469147    0.0012595760
  -48.827424    103.372628    0.0017760040
  -48.827424    119.276109    0.0023677509

  -42.317101   -119.276109    0.0023665757
  -42.317101   -103.372628    0.0018064624
  -42.317101    -87.469147    0.0013163609
  -42.317101    -71.565666    0.0008996508
  -42.317101    -55.662184    0.0005592895
  -42.317101    -39.758703    0.0002977541
  -42.317101    -23.855222    0.0001169823
  -42.317101     -7.951741    0.0000183105
  -42.317101      7.951741    0.0000024111
  -42.317101     23.855222    0.0000692268
  -42.317101     39.758703    0.0002179033
  -42.317101     55.662184    0.0004467207
  -42.317101     71.565666    0.0007530222
  -42.317101     87.469147    0.0011331414
  -42.317101    103.372628    0.0015823271
  -42.317101    119.276109    0.0020946668

  -35.806778   -119.276109    0.0019160041
  -35.806778   -103.372628    0.0014539165
  -35.806778    -87.469147    0.0010515442
  -35.806778    -71.565666    0.0007114047
  -35.806778    -55.662184    0.0004356869
  -35.806778    -39.758703    0.0002261980
  -35.806778    -23.855222    0.0000843083
  -35.806778     -7.951741    0.0000108978
  -35.806778      7.951741    0.0000063026
  -35.806778     23.855222    0.0000702616
  -35.806778     39.758703    0.0002018632
  -35.806778     55.662184    0.0003994925
  -35.806778     71.565666    0.0006607790
  -35.806778     87.469147    0.0009825442
  -35.806778    103.372628    0.0013607494
  -35.806778    119.276109    0.0017904441

  -29.296454   -119.276109    0.0014978802
  -29.296454   -103.372628    0.0011305908
  -29.296454    -87.469147    0.0008121978
  -29.296454    -71.565666    0.0005444495
  -29.296454    -55.662184    0.0003288695
  -29.296454    -39.758703    0.0001667019
  -29.296454    -23.855222    0.0000588590
  -29.296454     -7.951741    0.0000058721
  -29.296454      7.951741    0.0000078451
  -29.296454     23.855222    0.0000644110
  -29.296454     39.758703    0.0001746915
  -29.296454     55.662184    0.0003372589
  -29.296454     71.565666    0.0005501020
  -29.296454     87.469147    0.0008105936
  -29.296454    103.372628    0.0011154620
  -29.296454    119.276109    0.0014607650

  -22.786131   -119.276109    0.0011152857
  -22.786131   -103.372628    0.0008383597
  -22.786131    -87.469147    0.0005991815
  -22.786131    -71.565666    0.0003988788
  -22.786131    -55.662184    0.0002384362
  -22.786131    -39.758703    0.0001186473
  -22.786131    -23.855222    0.0000400691
  -22.786131     -7.951741    0.0000029819
  -22.786131      7.951741    0.0000073516
  -22.786131     23.855222    0.0000527964
  -22.786131     39.758703    0.0001385575
  -22.786131     55.662184    0.0002634729
  -22.786131     71.565666    0.0004259557
  -22.786131     87.469147    0.0006239757
  -22.786131    103.372628    0.0008550452
  -22.786131    119.276109    0.0011162078

  -16.275808   -119.276109    0.0007666957
  -16.275808   -103.372628    0.0005750466
  -16.275808    -87.469147    0.0004099277
  -16.275808    -71.565666    0.0002720004
  -16.275808    -55.662184    0.0001618389
  -16.275808    -39.758703    0.0000798956
  -16.275808    -23.855222    0.0000264695
  -16.275808     -7.951741    0.0000016777
  -16.275808      7.951741    0.0000054294
  -16.275808     23.855222    0.0000374035
  -16.275808     39.758703    0.0000970282
  -16.275808     55.662184    0.0001834641
  -16.275808     71.565666    0.0002955897
  -16.275808     87.469147    0.0004319904
  -16.275808    103.372628    0.0005909500
  -16.275808    119.276109    0.0007704448

   -9.765485   -119.276109    0.0004466021
   -9.765485   -103.372628    0.0003350521
   -9.765485    -87.469147    0.0002390289
   -9.765485    -71.565666    0.0001588600
   -9.765485    -55.662184    0.0000948236
   -9.765485    -39.758703    0.0000471312
   -9.765485    -23.855222    0.0000159109
   -9.765485     -7.951741    0.0000011923
   -9.765485      7.951741    0.0000028926
   -9.765485     23.855222    0.0000208036
   -9.765485     39.758703    0.0000545805
   -9.765485     55.662184    0.0001037315
   -9.765485     71.565666    0.0001676088
   -9.765485     87.469147    0.0002454010
   -9.765485    103.372628    0.0003361262
   -9.765485    119.276109    0.0004386271

   -3.255162   -119.276109    0.0001462294
   -3.255162   -103.372628    0.0001100464
   -3.255162    -87.469147    0.0000788700
   -3.255162    -71.565666    0.0000527915
   -3.255162    -55.662184    0.0000318861
   -3.255162    -39.758703    0.0000162078
   -3.255162    -23.855222    0.0000057859
   -3.255162     -7.951741    0.0000006204
   -3.255162      7.951741    0.0000006787
   -3.255162     23.855222    0.0000058911
   -3.255162     39.758703    0.0000161476
   -3.255162     55.662184    0.0000312940
   -3.255162     71.565666    0.0000511283
   -3.255162     87.469147    0.0000753977
   -3.255162    103.372628    0.0001037946
   -3.255162    119.276109    0.0001359540

    3.255162   -119.276109   -0.0001456556
    3.255162   -103.372628   -0.0001102728
    3.255162    -87.469147   -0.0000796959
    3.255162    -71.565666   -0.0000540037
    3.255162    -55.662184   -0.0000332578
    3.255162    -39.758703   -0.0000175003
    3.255162    -23.855222   -0.0000067513
    3.255162     -7.951741   -0.0000010057
    3.255162      7.951741   -0.0000002304
    3.255162     23.855222   -0.0000043609
    3.255162     39.758703   -0.0000132970
    3.255162     55.662184   -0.0000268997
    3.255162     71.565666   -0.0000449862
    3.255162     87.469147   -0.0000673256
    3.255162    103.372628   -0.0000936341
    3.255162    119.276109   -0.0001235700

    9.765485   -119.276109   -0.0004418417
    9.765485   -103.372628   -0.0003373602
    9.765485    -87.469147   -0.0002466266
    9.765485    -71.565666   -0.0001698496
    9.765485    -55.662184   -0.0001071871
    9.765485    -39.758703   -0.0000587435
    9.765485    -23.855222   -0.0000245665
    9.765485     -7.951741   -0.0000046415
    9.765485      7.951741    0.0000011163
    9.765485     23.855222   -0.0000071285
    9.765485     39.758703   -0.0000291210
    9.765485     55.662184   -0.0000645021
    9.765485     71.565666   -0.0001127934
    9.765485     87.469147   -0.0001733811
    9.765485    103.372628   -0.0002454960
    9.765485    119.276109   -0.0003281939

   16.275808   -119.276109   -0.0007556762
   16.275808   -103.372628   -0.0005829364
   16.275808    -87.469147   -0.0004319266
   16.275808    -71.565666   -0.0003029608
   16.275808    -55.662184   -0.0001962766
   16.275808    -39.758703   -0.0001120377
   16.275808    -23.855222   -0.0000503308
   16.275808     -7.951741   -0.0000111593
   16.275808      7.951741    0.0000055678
   16.275808     23.855222    0.0000000514
   16.275808     39.758703   -0.0000273785
   16.275808     55.662184   -0.0000762390
   16.275808     71.565666   -0.0001458664
   16.275808     87.469147   -0.0002353837
   16.275808    103.372628   -0.0003436644
   16.275808    119.276109   -0.0004692917

   22.786131   -119.276109   -0.0010999768
   22.786131   -103.372628   -0.0008580386
   22.786131    -87.469147   -0.0006448386
   22.786131    -71.565666   -0.0004607786
   22.786131    -55.662184   -0.0003061831
   22.786131    -39.758703   -0.0001813018
   22.786131    -23.855222   -0.0000863059
   22.786131     -7.951741   -0.0000212781
   22.786131      7.951741    0.0000138036
   22.786131     23.855222    0.0000190883
   22.786131     39.758703   -0.0000051192
   22.786131     55.662184   -0.0000583234
   22.786131     71.565666   -0.0001397972
   22.786131     87.469147   -0.0002485341
   22.786131    103.372628   -0.0003831952
   22.786131    119.276109   -0.0005420489

   29.296454   -119.276109   -0.0014858478
   29.296454   -103.372628   -0.0011720064
   29.296454    -87.469147   -0.0008929900
   29.296454    -71.565666   -0.0006492802
   29.296454    -55.662184   -0.0004413165
   29.296454    -39.758703   -0.0002694904
   29.296454    -23.855222   -0.0001341331
   29.296454     -7.951741   -0.0000354968
   29.296454      7.951741    0.0000262711
   29.296454     23.855222    0.0000511606
   29.296454     39.758703    0.0000393377
   29.296454     55.662184   -0.0000088090
   29.296454     71.565666   -0.0000926166
   29.296454     87.469147   -0.0002110881
   29.296454    103.372628   -0.0003628266
   29.296454    119.276109   -0.0005459626

   35.806778   -119.276109   -0.0019214048
   35.806778   -103.372628   -0.0015314032
   35.806778    -87.469147   -0.0011814962
   35.806778    -71.565666   -0.0008722591
   35.806778    -55.662184   -0.0006042974
   35.806778    -39.758703   -0.0003782227
   35.806778    -23.855222   -0.0001946233
   35.806778     -7.951741   -0.0000540296
   35.806778      7.951741    0.0000431262
   35.806778     23.855222    0.0000965559
   35.806778     39.758703    0.0001061659
   35.806778     55.662184    0.0000721138
   35.806778     71.565666   -0.0000051295
   35.806778     87.469147   -0.0001247133
   35.806778    103.372628   -0.0002853335
   35.806778    119.276109   -0.0004851553

   42.317101   -119.276109   -0.0024104054
   42.317101   -103.372628   -0.0019388734
   42.317101    -87.469147   -0.0015120192
   42.317101    -71.565666   -0.0011305775
   42.317101    -55.662184   -0.0007953993
   42.317101    -39.758703   -0.0005074079
   42.317101    -23.855222   -0.0002675501
   42.317101     -7.951741   -0.0000767437
   42.317101      7.951741    0.0000641784
   42.317101     23.855222    0.0001545288
   42.317101     39.758703    0.0001938298
   42.317101     55.662184    0.0001818820
   42.317101     71.565666    0.0001188360
   42.317101     87.469147    0.0000052687
   42.317101    103.372628   -0.0001577360
   42.317101    119.276109   -0.0003685039

   48.827424   -119.276109   -0.0029507864
   48.827424   -103.372628   -0.0023919359
   48.827424    -87.469147   -0.0018817824
   48.827424    -71.565666   -0.0014213907
   48.827424    -55.662184   -0.0010119768
   48.827424    -39.758703   -0.0006548659
   48.827424    -23.855222   -0.0003514435
   48.827424     -7.951741   -0.0001030988
   48.827424      7.951741    0.0000888396
   48.827424     23.855222    0.0002231744
   48.827424     39.758703    0.0002989188
   48.827424     55.662184    0.0003153820
   48.827424     71.565666    0.0002722633
   48.827424     87.469147    0.0001697521
   48.827424    103.372628    0.0000086365
   48.827424    119.276109   -0.0002095815

