  -48.827424    -91.194683    0.0014761744
  -48.827424    -79.035392    0.0011388707
  -48.827424    -66.876101    0.0008339025
  -48.827424    -54.716810    0.0005685637
  -48.827424    -42.557519    0.0003489508
  -48.827424    -30.398228    0.0001799527
  -48.827424    -18.238937    0.0000652432
  -48.827424     -6.079646    0.0000072748
  -48.827424      6.079646    0.0000072748
  -48.827424     18.238937    0.0000652432
  -48.827424     30.398228    0.0001799527
  -48.827424     42.557519    0.0003489508
  -48.827424     54.716810    0.0005685637
  -48.827424     66.876101    0.0008339025
  -48.827424     79.035392    0.0011388707
  -48.827424     91.194683    0.0014761744

  -42.317101    -91.194683    0.0012429432
  -42.317101    -79.035392    0.0009589803
  -42.317101    -66.876101    0.0007021827
  -42.317101    -54.716810    0.0004787416
  -42.317101    -42.557519    0.0002938110
  -42.317101    -30.398228    0.0001515111
  -42.317101    -18.238937    0.0000549297
  -42.317101     -6.079646    0.0000061247
  -42.317101      6.079646    0.0000061247
  -42.317101     18.238937    0.0000549297
  -42.317101     30.398228    0.0001515111
  -42.317101     42.557519    0.0002938110
  -42.317101     54.716810    0.0004787416
  -42.317101     66.876101    0.0007021827
  -42.317101     79.035392    0.0009589803
  -42.317101     91.194683    0.0012429432

  -35.806778    -91.194683    0.0010077061
  -35.806778    -79.035392    0.0007775756
  -35.806778    -66.876101    0.0005694214
  -35.806778    -54.716810    0.0003882684
  -35.806778    -42.557519    0.0002383088
  -35.806778    -30.398228    0.0001228991
  -35.806778    -18.238937    0.0000445589
  -35.806778     -6.079646    0.0000049685
  -35.806778      6.079646    0.0000049685
  -35.806778     18.238937    0.0000445589
  -35.806778     30.398228    0.0001228991
  -35.806778     42.557519    0.0002383088
  -35.806778     54.716810    0.0003882684
  -35.806778     66.876101    0.0005694214
  -35.806778     79.035392    0.0007775756
  -35.806778     91.194683    0.0010077061

  -29.296454    -91.194683    0.0007784802
  -29.296454    -79.035392    0.0006008198
  -29.296454    -66.876101    0.0004400719
  -29.296454    -54.716810    0.0003001262
  -29.296454    -42.557519    0.0001842394
  -29.296454    -30.398228    0.0000950271
  -29.296454    -18.238937    0.0000344565
  -29.296454     -6.079646    0.0000038422
  -29.296454      6.079646    0.0000038422
  -29.296454     18.238937    0.0000344565
  -29.296454     30.398228    0.0000950271
  -29.296454     42.557519    0.0001842394
  -29.296454     54.716810    0.0003001262
  -29.296454     66.876101    0.0004400719
  -29.296454     79.035392    0.0006008198
  -29.296454     91.194683    0.0007784802

  -22.786131    -91.194683    0.0005630072
  -22.786131    -79.035392    0.0004346549
  -22.786131    -66.876101    0.0003184508
  -22.786131    -54.716810    0.0002172318
  -22.786131    -42.557519    0.0001333780
  -22.786131    -30.398228    0.0000688036
  -22.786131    -18.238937    0.0000249504
  -22.786131     -6.079646    0.0000027823
  -22.786131      6.079646    0.0000027823
  -22.786131     18.238937    0.0000249504
  -22.786131     30.398228    0.0000688036
  -22.786131     42.557519    0.0001333780
  -22.786131     54.716810    0.0002172318
  -22.786131     66.876101    0.0003184508
  -22.786131     79.035392    0.0004346549
  -22.786131     91.194683    0.0005630072

  -16.275808    -91.194683    0.0003680498
  -16.275808    -79.035392    0.0002842664
  -16.275808    -66.876101    0.0002083384
  -16.275808    -54.716810    0.0001421549
  -16.275808    -42.557519    0.0000872983
  -16.275808    -30.398228    0.0000450393
  -16.275808    -18.238937    0.0000163341
  -16.275808     -6.079646    0.0000018216
  -16.275808      6.079646    0.0000018216
  -16.275808     18.238937    0.0000163341
  -16.275808     30.398228    0.0000450393
  -16.275808     42.557519    0.0000872983
  -16.275808     54.716810    0.0001421549
  -16.275808     66.876101    0.0002083384
  -16.275808     79.035392    0.0002842664
  -16.275808     91.194683    0.0003680498

   -9.765485    -91.194683    0.0001988436
   -9.765485    -79.035392    0.0001536678
   -9.765485    -66.876101    0.0001126684
   -9.765485    -54.716810    0.0000768979
   -9.765485    -42.557519    0.0000472322
   -9.765485    -30.398228    0.0000243710
   -9.765485    -18.238937    0.0000088391
   -9.765485     -6.079646    0.0000009858
   -9.765485      6.079646    0.0000009858
   -9.765485     18.238937    0.0000088391
   -9.765485     30.398228    0.0000243710
   -9.765485     42.557519    0.0000472322
   -9.765485     54.716810    0.0000768979
   -9.765485     66.876101    0.0001126684
   -9.765485     79.035392    0.0001536678
   -9.765485     91.194683    0.0001988436

   -3.255162    -91.194683    0.0000587101
   -3.255162    -79.035392    0.0000454056
   -3.255162    -66.876101    0.0000333073
   -3.255162    -54.716810    0.0000227396
   -3.255162    -42.557519    0.0000139696
   -3.255162    -30.398228    0.0000072088
   -3.255162    -18.238937    0.0000026147
   -3.255162     -6.079646    0.0000002916
   -3.255162      6.079646    0.0000002916
   -3.255162     18.238937    0.0000026147
   -3.255162     30.398228    0.0000072088
   -3.255162     42.557519    0.0000139696
   -3.255162     54.716810    0.0000227396
   -3.255162     66.876101    0.0000333073
   -3.255162     79.035392    0.0000454056
   -3.255162     91.194683    0.0000587101

    3.255162    -91.194683   -0.0000511745
    3.255162    -79.035392   -0.0000396147
    3.255162    -66.876101   -0.0000290765
    3.255162    -54.716810   -0.0000198581
    3.255162    -42.557519   -0.0000122018
    3.255162    -30.398228   -0.0000062972
    3.255162    -18.238937   -0.0000022841
    3.255162     -6.079646   -0.0000002547
    3.255162      6.079646   -0.0000002547
    3.255162     18.238937   -0.0000022841
    3.255162     30.398228   -0.0000062972
    3.255162     42.557519   -0.0000122018
    3.255162     54.716810   -0.0000198581
    3.255162     66.876101   -0.0000290765
    3.255162     79.035392   -0.0000396147
    3.255162     91.194683   -0.0000511745

    9.765485    -91.194683   -0.0001318507
    9.765485    -79.035392   -0.0001021830
    9.765485    -66.876101   -0.0000750540
    9.765485    -54.716810   -0.0000512807
    9.765485    -42.557519   -0.0000315167
    9.765485    -30.398228   -0.0000162672
    9.765485    -18.238937   -0.0000059008
    9.765485     -6.079646   -0.0000006581
    9.765485      6.079646   -0.0000006581
    9.765485     18.238937   -0.0000059008
    9.765485     30.398228   -0.0000162672
    9.765485     42.557519   -0.0000315167
    9.765485     54.716810   -0.0000512807
    9.765485     66.876101   -0.0000750540
    9.765485     79.035392   -0.0001021830
    9.765485     91.194683   -0.0001318507

   16.275808    -91.194683   -0.0001864891
   16.275808    -79.035392   -0.0001447181
   16.275808    -66.876101   -0.0001063870
   16.275808    -54.716810   -0.0000727276
   16.275808    -42.557519   -0.0000447118
   16.275808    -30.398228   -0.0000230819
   16.275808    -18.238937   -0.0000083735
   16.275808     -6.079646   -0.0000009339
   16.275808      6.079646   -0.0000009339
   16.275808     18.238937   -0.0000083735
   16.275808     30.398228   -0.0000230819
   16.275808     42.557519   -0.0000447118
   16.275808     54.716810   -0.0000727276
   16.275808     66.876101   -0.0001063870
   16.275808     79.035392   -0.0001447181
   16.275808     91.194683   -0.0001864891

   22.786131    -91.194683   -0.0002201460
   22.786131    -79.035392   -0.0001710808
   22.786131    -66.876101   -0.0001258899
   22.786131    -54.716810   -0.0000861163
   22.786131    -42.557519   -0.0000529655
   22.786131    -30.398228   -0.0000273500
   22.786131    -18.238937   -0.0000099233
   22.786131     -6.079646   -0.0000011069
   22.786131      6.079646   -0.0000011069
   22.786131     18.238937   -0.0000099233
   22.786131     30.398228   -0.0000273500
   22.786131     42.557519   -0.0000529655
   22.786131     54.716810   -0.0000861163
   22.786131     66.876101   -0.0001258899
   22.786131     79.035392   -0.0001710808
   22.786131     91.194683   -0.0002201460

   29.296454    -91.194683   -0.0002393600
   29.296454    -79.035392   -0.0001862670
   29.296454    -66.876101   -0.0001372024
   29.296454    -54.716810   -0.0000939232
   29.296454    -42.557519   -0.0000577972
   29.296454    -30.398228   -0.0000298555
   29.296454    -18.238937   -0.0000108348
   29.296454     -6.079646   -0.0000012086
   29.296454      6.079646   -0.0000012086
   29.296454     18.238937   -0.0000108348
   29.296454     30.398228   -0.0000298555
   29.296454     42.557519   -0.0000577972
   29.296454     54.716810   -0.0000939232
   29.296454     66.876101   -0.0001372024
   29.296454     79.035392   -0.0001862670
   29.296454     91.194683   -0.0002393600

   35.806778    -91.194683   -0.0002515910
   35.806778    -79.035392   -0.0001959801
   35.806778    -66.876101   -0.0001444716
   35.806778    -54.716810   -0.0000989613
   35.806778    -42.557519   -0.0000609265
   35.806778    -30.398228   -0.0000314829
   35.806778    -18.238937   -0.0000114280
   35.806778     -6.079646   -0.0000012750
   35.806778      6.079646   -0.0000012750
   35.806778     18.238937   -0.0000114280
   35.806778     30.398228   -0.0000314829
   35.806778     42.557519   -0.0000609265
   35.806778     54.716810   -0.0000989613
   35.806778     66.876101   -0.0001444716
   35.806778     79.035392   -0.0001959801
   35.806778     91.194683   -0.0002515910

   42.317101    -91.194683   -0.0002645007
   42.317101    -79.035392   -0.0002060828
   42.317101    -66.876101   -0.0001519452
   42.317101    -54.716810   -0.0001040940
   42.317101    -42.557519   -0.0000640926
   42.317101    -30.398228   -0.0000331211
   42.317101    -18.238937   -0.0000120231
   42.317101     -6.079646   -0.0000013414
   42.317101      6.079646   -0.0000013414
   42.317101     18.238937   -0.0000120231
   42.317101     30.398228   -0.0000331211
   42.317101     42.557519   -0.0000640926
   42.317101     54.716810   -0.0001040940
   42.317101     66.876101   -0.0001519452
   42.317101     79.035392   -0.0002060828
   42.317101     91.194683   -0.0002645007

   48.827424    -91.194683   -0.0002850743
   48.827424    -79.035392   -0.0002219289
   48.827424    -66.876101   -0.0001634743
   48.827424    -54.716810   -0.0001118871
   48.827424    -42.557519   -0.0000688327
   48.827424    -30.398228   -0.0000355462
   48.827424    -18.238937   -0.0000128972
   48.827424     -6.079646   -0.0000014385
   48.827424      6.079646   -0.0000014385
   48.827424     18.238937   -0.0000128972
   48.827424     30.398228   -0.0000355462
   48.827424     42.557519   -0.0000688327
   48.827424     54.716810   -0.0001118871
   48.827424     66.876101   -0.0001634743
   48.827424     79.035392   -0.0002219289
   48.827424     91.194683   -0.0002850743

