  -35.358766    -55.127356    0.0964732770
  -35.358766    -47.777042    0.0911947555
  -35.358766    -40.426728    0.0869784130
  -35.358766    -33.076414    0.0837170175
  -35.358766    -25.726100    0.0812958745
  -35.358766    -18.375785    0.0796018003
  -35.358766    -11.025471    0.0785351461
  -35.358766     -3.675157    0.0780216426
  -35.358766      3.675157    0.0780216426
  -35.358766     11.025471    0.0785351461
  -35.358766     18.375785    0.0796018003
  -35.358766     25.726100    0.0812958745
  -35.358766     33.076414    0.0837170175
  -35.358766     40.426728    0.0869784130
  -35.358766     47.777042    0.0911947555
  -35.358766     55.127356    0.0964732770

  -30.644264    -55.127356    0.0755170711
  -30.644264    -47.777042    0.0701788286
  -30.644264    -40.426728    0.0659062292
  -30.644264    -33.076414    0.0625943798
  -30.644264    -25.726100    0.0601305349
  -30.644264    -18.375785    0.0584030699
  -30.644264    -11.025471    0.0573135056
  -30.644264     -3.675157    0.0567883521
  -30.644264      3.675157    0.0567883521
  -30.644264     11.025471    0.0573135056
  -30.644264     18.375785    0.0584030699
  -30.644264     25.726100    0.0601305349
  -30.644264     33.076414    0.0625943798
  -30.644264     40.426728    0.0659062293
  -30.644264     47.777042    0.0701788286
  -30.644264     55.127356    0.0755170711

  -25.929762    -55.127356    0.0585447046
  -25.929762    -47.777042    0.0531565681
  -25.929762    -40.426728    0.0488368947
  -25.929762    -33.076414    0.0454827794
  -25.929762    -25.726100    0.0429831336
  -25.929762    -18.375785    0.0412276583
  -25.929762    -11.025471    0.0401188681
  -25.929762     -3.675157    0.0395839360
  -25.929762      3.675157    0.0395839360
  -25.929762     11.025471    0.0401188681
  -25.929762     18.375785    0.0412276583
  -25.929762     25.726100    0.0429831336
  -25.929762     33.076414    0.0454827794
  -25.929762     40.426728    0.0488368947
  -25.929762     47.777042    0.0531565681
  -25.929762     55.127356    0.0585447046

  -21.215260    -55.127356    0.0450745703
  -21.215260    -47.777042    0.0396457688
  -21.215260    -40.426728    0.0352876752
  -21.215260    -33.076414    0.0318990297
  -21.215260    -25.726100    0.0293701145
  -21.215260    -18.375785    0.0275917275
  -21.215260    -11.025471    0.0264672059
  -21.215260     -3.675157    0.0259242709
  -21.215260      3.675157    0.0259242709
  -21.215260     11.025471    0.0264672059
  -21.215260     18.375785    0.0275917275
  -21.215260     25.726100    0.0293701145
  -21.215260     33.076414    0.0318990297
  -21.215260     40.426728    0.0352876752
  -21.215260     47.777042    0.0396457688
  -21.215260     55.127356    0.0450745703

  -16.500757    -55.127356    0.0347258622
  -16.500757    -47.777042    0.0292651265
  -16.500757    -40.426728    0.0248768257
  -16.500757    -33.076414    0.0214610085
  -16.500757    -25.726100    0.0189090475
  -16.500757    -18.375785    0.0171126128
  -16.500757    -11.025471    0.0159756958
  -16.500757     -3.675157    0.0154264543
  -16.500757      3.675157    0.0154264543
  -16.500757     11.025471    0.0159756958
  -16.500757     18.375785    0.0171126128
  -16.500757     25.726100    0.0189090475
  -16.500757     33.076414    0.0214610085
  -16.500757     40.426728    0.0248768257
  -16.500757     47.777042    0.0292651265
  -16.500757     55.127356    0.0347258622

  -11.786255    -55.127356    0.0272073753
  -11.786255    -47.777042    0.0217230378
  -11.786255    -40.426728    0.0173123902
  -11.786255    -33.076414    0.0138764581
  -11.786255    -25.726100    0.0113074283
  -11.786255    -18.375785    0.0094976221
  -11.786255    -11.025471    0.0083515195
  -11.786255     -3.675157    0.0077976037
  -11.786255      3.675157    0.0077976037
  -11.786255     11.025471    0.0083515195
  -11.786255     18.375785    0.0094976221
  -11.786255     25.726100    0.0113074283
  -11.786255     33.076414    0.0138764581
  -11.786255     40.426728    0.0173123902
  -11.786255     47.777042    0.0217230378
  -11.786255     55.127356    0.0272073753

   -7.071753    -55.127356    0.0223085461
   -7.071753    -47.777042    0.0168086400
   -7.071753    -40.426728    0.0123832416
   -7.071753    -33.076414    0.0089340252
   -7.071753    -25.726100    0.0063537189
   -7.071753    -18.375785    0.0045350767
   -7.071753    -11.025471    0.0033829030
   -7.071753     -3.675157    0.0028258976
   -7.071753      3.675157    0.0028258976
   -7.071753     11.025471    0.0033829030
   -7.071753     18.375785    0.0045350767
   -7.071753     25.726100    0.0063537189
   -7.071753     33.076414    0.0089340252
   -7.071753     40.426728    0.0123832416
   -7.071753     47.777042    0.0168086400
   -7.071753     55.127356    0.0223085461

   -2.357251    -55.127356    0.0198927321
   -2.357251    -47.777042    0.0143850916
   -2.357251    -40.426728    0.0099523617
   -2.357251    -33.076414    0.0064965410
   -2.357251    -25.726100    0.0039106272
   -2.357251    -18.375785    0.0020875904
   -2.357251    -11.025471    0.0009323971
   -2.357251     -3.675157    0.0003738548
   -2.357251      3.675157    0.0003738548
   -2.357251     11.025471    0.0009323971
   -2.357251     18.375785    0.0020875904
   -2.357251     25.726100    0.0039106272
   -2.357251     33.076414    0.0064965410
   -2.357251     40.426728    0.0099523617
   -2.357251     47.777042    0.0143850916
   -2.357251     55.127356    0.0198927321

    2.357251    -55.127356    0.0198927321
    2.357251    -47.777042    0.0143850916
    2.357251    -40.426728    0.0099523617
    2.357251    -33.076414    0.0064965410
    2.357251    -25.726100    0.0039106272
    2.357251    -18.375785    0.0020875904
    2.357251    -11.025471    0.0009323971
    2.357251     -3.675157    0.0003738548
    2.357251      3.675157    0.0003738548
    2.357251     11.025471    0.0009323971
    2.357251     18.375785    0.0020875904
    2.357251     25.726100    0.0039106272
    2.357251     33.076414    0.0064965410
    2.357251     40.426728    0.0099523617
    2.357251     47.777042    0.0143850916
    2.357251     55.127356    0.0198927321

    7.071753    -55.127356    0.0223085461
    7.071753    -47.777042    0.0168086400
    7.071753    -40.426728    0.0123832416
    7.071753    -33.076414    0.0089340252
    7.071753    -25.726100    0.0063537189
    7.071753    -18.375785    0.0045350767
    7.071753    -11.025471    0.0033829030
    7.071753     -3.675157    0.0028258976
    7.071753      3.675157    0.0028258976
    7.071753     11.025471    0.0033829030
    7.071753     18.375785    0.0045350767
    7.071753     25.726100    0.0063537189
    7.071753     33.076414    0.0089340252
    7.071753     40.426728    0.0123832416
    7.071753     47.777042    0.0168086400
    7.071753     55.127356    0.0223085461

   11.786255    -55.127356    0.0272073753
   11.786255    -47.777042    0.0217230378
   11.786255    -40.426728    0.0173123902
   11.786255    -33.076414    0.0138764581
   11.786255    -25.726100    0.0113074283
   11.786255    -18.375785    0.0094976221
   11.786255    -11.025471    0.0083515195
   11.786255     -3.675157    0.0077976037
   11.786255      3.675157    0.0077976037
   11.786255     11.025471    0.0083515195
   11.786255     18.375785    0.0094976221
   11.786255     25.726100    0.0113074283
   11.786255     33.076414    0.0138764581
   11.786255     40.426728    0.0173123902
   11.786255     47.777042    0.0217230378
   11.786255     55.127356    0.0272073753

   16.500757    -55.127356    0.0347258622
   16.500757    -47.777042    0.0292651265
   16.500757    -40.426728    0.0248768257
   16.500757    -33.076414    0.0214610085
   16.500757    -25.726100    0.0189090475
   16.500757    -18.375785    0.0171126128
   16.500757    -11.025471    0.0159756958
   16.500757     -3.675157    0.0154264543
   16.500757      3.675157    0.0154264543
   16.500757     11.025471    0.0159756958
   16.500757     18.375785    0.0171126128
   16.500757     25.726100    0.0189090475
   16.500757     33.076414    0.0214610085
   16.500757     40.426728    0.0248768257
   16.500757     47.777042    0.0292651265
   16.500757     55.127356    0.0347258622

   21.215260    -55.127356    0.0450745703
   21.215260    -47.777042    0.0396457688
   21.215260    -40.426728    0.0352876752
   21.215260    -33.076414    0.0318990297
   21.215260    -25.726100    0.0293701145
   21.215260    -18.375785    0.0275917275
   21.215260    -11.025471    0.0264672059
   21.215260     -3.675157    0.0259242709
   21.215260      3.675157    0.0259242709
   21.215260     11.025471    0.0264672059
   21.215260     18.375785    0.0275917275
   21.215260     25.726100    0.0293701145
   21.215260     33.076414    0.0318990297
   21.215260     40.426728    0.0352876752
   21.215260     47.777042    0.0396457688
   21.215260     55.127356    0.0450745703

   25.929762    -55.127356    0.0585447046
   25.929762    -47.777042    0.0531565681
   25.929762    -40.426728    0.0488368947
   25.929762    -33.076414    0.0454827794
   25.929762    -25.726100    0.0429831336
   25.929762    -18.375785    0.0412276583
   25.929762    -11.025471    0.0401188681
   25.929762     -3.675157    0.0395839360
   25.929762      3.675157    0.0395839360
   25.929762     11.025471    0.0401188681
   25.929762     18.375785    0.0412276583
   25.929762     25.726100    0.0429831336
   25.929762     33.076414    0.0454827794
   25.929762     40.426728    0.0488368947
   25.929762     47.777042    0.0531565681
   25.929762     55.127356    0.0585447046

   30.644264    -55.127356    0.0755170711
   30.644264    -47.777042    0.0701788286
   30.644264    -40.426728    0.0659062292
   30.644264    -33.076414    0.0625943798
   30.644264    -25.726100    0.0601305349
   30.644264    -18.375785    0.0584030699
   30.644264    -11.025471    0.0573135056
   30.644264     -3.675157    0.0567883521
   30.644264      3.675157    0.0567883521
   30.644264     11.025471    0.0573135056
   30.644264     18.375785    0.0584030699
   30.644264     25.726100    0.0601305349
   30.644264     33.076414    0.0625943798
   30.644264     40.426728    0.0659062293
   30.644264     47.777042    0.0701788286
   30.644264     55.127356    0.0755170711

   35.358766    -55.127356    0.0964732770
   35.358766    -47.777042    0.0911947555
   35.358766    -40.426728    0.0869784130
   35.358766    -33.076414    0.0837170175
   35.358766    -25.726100    0.0812958745
   35.358766    -18.375785    0.0796018003
   35.358766    -11.025471    0.0785351461
   35.358766     -3.675157    0.0780216426
   35.358766      3.675157    0.0780216426
   35.358766     11.025471    0.0785351461
   35.358766     18.375785    0.0796018003
   35.358766     25.726100    0.0812958745
   35.358766     33.076414    0.0837170175
   35.358766     40.426728    0.0869784130
   35.358766     47.777042    0.0911947555
   35.358766     55.127356    0.0964732770

