  -47.136383   -136.038482   -0.0086825598
  -47.136383   -117.900018   -0.0066408576
  -47.136383    -99.761554   -0.0048299118
  -47.136383    -81.623089   -0.0032761529
  -47.136383    -63.484625   -0.0020030099
  -47.136383    -45.346161   -0.0010301446
  -47.136383    -27.207696   -0.0003728394
  -47.136383     -9.069232   -0.0000415376
  -47.136383      9.069232   -0.0000415376
  -47.136383     27.207696   -0.0003728394
  -47.136383     45.346161   -0.0010301446
  -47.136383     63.484625   -0.0020030099
  -47.136383     81.623089   -0.0032761529
  -47.136383     99.761554   -0.0048299118
  -47.136383    117.900018   -0.0066408576
  -47.136383    136.038482   -0.0086825598

  -40.851532   -136.038482   -0.0074966786
  -40.851532   -117.900018   -0.0057342639
  -40.851532    -99.761554   -0.0041707698
  -40.851532    -81.623089   -0.0028291625
  -40.851532    -63.484625   -0.0017297700
  -40.851532    -45.346161   -0.0008896334
  -40.851532    -27.207696   -0.0003219877
  -40.851532     -9.069232   -0.0000358725
  -40.851532      9.069232   -0.0000358725
  -40.851532     27.207696   -0.0003219877
  -40.851532     45.346161   -0.0008896334
  -40.851532     63.484625   -0.0017297700
  -40.851532     81.623089   -0.0028291625
  -40.851532     99.761554   -0.0041707698
  -40.851532    117.900018   -0.0057342639
  -40.851532    136.038482   -0.0074966786

  -34.566681   -136.038482   -0.0063223659
  -34.566681   -117.900018   -0.0048363817
  -34.566681    -99.761554   -0.0035179250
  -34.566681    -81.623089   -0.0023864429
  -34.566681    -63.484625   -0.0014591491
  -34.566681    -45.346161   -0.0007504746
  -34.566681    -27.207696   -0.0002716272
  -34.566681     -9.069232   -0.0000302622
  -34.566681      9.069232   -0.0000302622
  -34.566681     27.207696   -0.0002716272
  -34.566681     45.346161   -0.0007504746
  -34.566681     63.484625   -0.0014591491
  -34.566681     81.623089   -0.0023864429
  -34.566681     99.761554   -0.0035179250
  -34.566681    117.900018   -0.0048363817
  -34.566681    136.038482   -0.0063223659

  -28.281830   -136.038482   -0.0051571300
  -28.281830   -117.900018   -0.0039453204
  -28.281830    -99.761554   -0.0028699746
  -28.281830    -81.623089   -0.0019470098
  -28.281830    -63.484625   -0.0011905229
  -28.281830    -45.346161   -0.0006123364
  -28.281830    -27.207696   -0.0002216349
  -28.281830     -9.069232   -0.0000246928
  -28.281830      9.069232   -0.0000246928
  -28.281830     27.207696   -0.0002216349
  -28.281830     45.346161   -0.0006123364
  -28.281830     63.484625   -0.0011905229
  -28.281830     81.623089   -0.0019470098
  -28.281830     99.761554   -0.0028699746
  -28.281830    117.900018   -0.0039453204
  -28.281830    136.038482   -0.0051571300

  -21.996979   -136.038482   -0.0039991747
  -21.996979   -117.900018   -0.0030597066
  -21.996979    -99.761554   -0.0022259052
  -21.996979    -81.623089   -0.0015101610
  -21.996979    -63.484625   -0.0009234523
  -21.996979    -45.346161   -0.0004749886
  -21.996979    -27.207696   -0.0001719262
  -21.996979     -9.069232   -0.0000191549
  -21.996979      9.069232   -0.0000191549
  -21.996979     27.207696   -0.0001719262
  -21.996979     45.346161   -0.0004749886
  -21.996979     63.484625   -0.0009234523
  -21.996979     81.623089   -0.0015101610
  -21.996979     99.761554   -0.0022259052
  -21.996979    117.900018   -0.0030597066
  -21.996979    136.038482   -0.0039991747

  -15.712128   -136.038482   -0.0028475926
  -15.712128   -117.900018   -0.0021788380
  -15.712128    -99.761554   -0.0015851994
  -15.712128    -81.623089   -0.0010755413
  -15.712128    -63.484625   -0.0006577176
  -15.712128    -45.346161   -0.0003383171
  -15.712128    -27.207696   -0.0001224598
  -15.712128     -9.069232   -0.0000136438
  -15.712128      9.069232   -0.0000136438
  -15.712128     27.207696   -0.0001224598
  -15.712128     45.346161   -0.0003383171
  -15.712128     63.484625   -0.0006577176
  -15.712128     81.623089   -0.0010755413
  -15.712128     99.761554   -0.0015851994
  -15.712128    117.900018   -0.0021788380
  -15.712128    136.038482   -0.0028475926

   -9.427277   -136.038482   -0.0017025005
   -9.427277   -117.900018   -0.0013027908
   -9.427277    -99.761554   -0.0009479095
   -9.427277    -81.623089   -0.0006431864
   -9.427277    -63.484625   -0.0003933417
   -9.427277    -45.346161   -0.0002023344
   -9.427277    -27.207696   -0.0000732402
   -9.427277     -9.069232   -0.0000081601
   -9.427277      9.069232   -0.0000081601
   -9.427277     27.207696   -0.0000732402
   -9.427277     45.346161   -0.0002023344
   -9.427277     63.484625   -0.0003933417
   -9.427277     81.623089   -0.0006431864
   -9.427277     99.761554   -0.0009479095
   -9.427277    117.900018   -0.0013027908
   -9.427277    136.038482   -0.0017025005

   -3.142426   -136.038482   -0.0005651156
   -3.142426   -117.900018   -0.0004324817
   -3.142426    -99.761554   -0.0003146986
   -3.142426    -81.623089   -0.0002135464
   -3.142426    -63.484625   -0.0001306010
   -3.142426    -45.346161   -0.0000671833
   -3.142426    -27.207696   -0.0000243193
   -3.142426     -9.069232   -0.0000027096
   -3.142426      9.069232   -0.0000027096
   -3.142426     27.207696   -0.0000243193
   -3.142426     45.346161   -0.0000671833
   -3.142426     63.484625   -0.0001306010
   -3.142426     81.623089   -0.0002135464
   -3.142426     99.761554   -0.0003146986
   -3.142426    117.900018   -0.0004324817
   -3.142426    136.038482   -0.0005651156

    3.142426   -136.038482    0.0005622274
    3.142426   -117.900018    0.0004303168
    3.142426    -99.761554    0.0003131499
    3.142426    -81.623089    0.0002125099
    3.142426    -63.484625    0.0001299739
    3.142426    -45.346161    0.0000668633
    3.142426    -27.207696    0.0000242040
    3.142426     -9.069232    0.0000026968
    3.142426      9.069232    0.0000026968
    3.142426     27.207696    0.0000242040
    3.142426     45.346161    0.0000668633
    3.142426     63.484625    0.0001299739
    3.142426     81.623089    0.0002125099
    3.142426     99.761554    0.0003131499
    3.142426    117.900018    0.0004303168
    3.142426    136.038482    0.0005622274

    9.427277   -136.038482    0.0016761177
    9.427277   -117.900018    0.0012830076
    9.427277    -99.761554    0.0009337559
    9.427277    -81.623089    0.0006337130
    9.427277    -63.484625    0.0003876098
    9.427277    -45.346161    0.0001994090
    9.427277    -27.207696    0.0000721867
    9.427277     -9.069232    0.0000080431
    9.427277      9.069232    0.0000080431
    9.427277     27.207696    0.0000721867
    9.427277     45.346161    0.0001994090
    9.427277     63.484625    0.0003876098
    9.427277     81.623089    0.0006337130
    9.427277     99.761554    0.0009337559
    9.427277    117.900018    0.0012830076
    9.427277    136.038482    0.0016761177

   15.712128   -136.038482    0.0027721687
   15.712128   -117.900018    0.0021222460
   15.712128    -99.761554    0.0015446981
   15.712128    -81.623089    0.0010484293
   15.712128    -63.484625    0.0006413130
   15.712128    -45.346161    0.0003299450
   15.712128    -27.207696    0.0001194451
   15.712128     -9.069232    0.0000133088
   15.712128      9.069232    0.0000133088
   15.712128     27.207696    0.0001194451
   15.712128     45.346161    0.0003299450
   15.712128     63.484625    0.0006413130
   15.712128     81.623089    0.0010484293
   15.712128     99.761554    0.0015446981
   15.712128    117.900018    0.0021222460
   15.712128    136.038482    0.0027721687

   21.996979   -136.038482    0.0038451777
   21.996979   -117.900018    0.0029440630
   21.996979    -99.761554    0.0021431024
   21.996979    -81.623089    0.0014547190
   21.996979    -63.484625    0.0008899036
   21.996979    -45.346161    0.0004578671
   21.996979    -27.207696    0.0001657612
   21.996979     -9.069232    0.0000184698
   21.996979      9.069232    0.0000184698
   21.996979     27.207696    0.0001657612
   21.996979     45.346161    0.0004578671
   21.996979     63.484625    0.0008899036
   21.996979     81.623089    0.0014547190
   21.996979     99.761554    0.0021431024
   21.996979    117.900018    0.0029440630
   21.996979    136.038482    0.0038451777

   28.281830   -136.038482    0.0048893438
   28.281830   -117.900018    0.0037440347
   28.281830    -99.761554    0.0027257621
   28.281830    -81.623089    0.0018504143
   28.281830    -63.484625    0.0011320602
   28.281830    -45.346161    0.0005824973
   28.281830    -27.207696    0.0002108901
   28.281830     -9.069232    0.0000234988
   28.281830      9.069232    0.0000234988
   28.281830     27.207696    0.0002108901
   28.281830     45.346161    0.0005824973
   28.281830     63.484625    0.0011320602
   28.281830     81.623089    0.0018504143
   28.281830     99.761554    0.0027257621
   28.281830    117.900018    0.0037440347
   28.281830    136.038482    0.0048893438

   34.566681   -136.038482    0.0058985447
   34.566681   -117.900018    0.0045174985
   34.566681    -99.761554    0.0032892910
   34.566681    -81.623089    0.0022332179
   34.566681    -63.484625    0.0013663767
   34.566681    -45.346161    0.0007031115
   34.566681    -27.207696    0.0002545694
   34.566681     -9.069232    0.0000283665
   34.566681      9.069232    0.0000283665
   34.566681     27.207696    0.0002545694
   34.566681     45.346161    0.0007031115
   34.566681     63.484625    0.0013663767
   34.566681     81.623089    0.0022332179
   34.566681     99.761554    0.0032892910
   34.566681    117.900018    0.0045174985
   34.566681    136.038482    0.0058985447

   40.851532   -136.038482    0.0068666730
   40.851532   -117.900018    0.0052598147
   40.851532    -99.761554    0.0038303087
   40.851532    -81.623089    0.0026008215
   40.851532    -63.484625    0.0015914297
   40.851532    -45.346161    0.0008189718
   40.851532    -27.207696    0.0002965303
   40.851532     -9.069232    0.0000330428
   40.851532      9.069232    0.0000330428
   40.851532     27.207696    0.0002965303
   40.851532     45.346161    0.0008189718
   40.851532     63.484625    0.0015914297
   40.851532     81.623089    0.0026008215
   40.851532     99.761554    0.0038303087
   40.851532    117.900018    0.0052598147
   40.851532    136.038482    0.0068666730

   47.136383   -136.038482    0.0077880307
   47.136383   -117.900018    0.0059666751
   47.136383    -99.761554    0.0043456580
   47.136383    -81.623089    0.0029510452
   47.136383    -63.484625    0.0018058582
   47.136383    -45.346161    0.0009293644
   47.136383    -27.207696    0.0003365109
   47.136383     -9.069232    0.0000374985
   47.136383      9.069232    0.0000374985
   47.136383     27.207696    0.0003365109
   47.136383     45.346161    0.0009293644
   47.136383     63.484625    0.0018058582
   47.136383     81.623089    0.0029510452
   47.136383     99.761554    0.0043456580
   47.136383    117.900018    0.0059666751
   47.136383    136.038482    0.0077880307

