  -35.358766   -119.276109    0.0780459931
  -35.358766   -103.372628    0.0779520780
  -35.358766    -87.469147    0.0779088767
  -35.358766    -71.565666    0.0778981444
  -35.358766    -55.662184    0.0779053754
  -35.358766    -39.758703    0.0779200435
  -35.358766    -23.855222    0.0779358090
  -35.358766     -7.951741    0.0779506914
  -35.358766      7.951741    0.0779672083
  -35.358766     23.855222    0.0779924806
  -35.358766     39.758703    0.0780383036
  -35.358766     55.662184    0.0781211837
  -35.358766     71.565666    0.0782623423
  -35.358766     87.469147    0.0784876847
  -35.358766    103.372628    0.0788277355
  -35.358766    119.276109    0.0793175402

  -30.644264   -119.276109    0.0579264390
  -30.644264   -103.372628    0.0575666595
  -30.644264    -87.469147    0.0572913831
  -30.644264    -71.565666    0.0570838765
  -30.644264    -55.662184    0.0569309020
  -30.644264    -39.758703    0.0568229542
  -30.644264    -23.855222    0.0567544622
  -30.644264     -7.951741    0.0567239599
  -30.644264      7.951741    0.0567342227
  -30.644264     23.855222    0.0567923716
  -30.644264     39.758703    0.0569099446
  -30.644264     55.662184    0.0571029344
  -30.644264     71.565666    0.0573917939
  -30.644264     87.469147    0.0578014089
  -30.644264    103.372628    0.0583610366
  -30.644264    119.276109    0.0591042130

  -25.929762   -119.276109    0.0415912993
  -25.929762   -103.372628    0.0410230680
  -25.929762    -87.469147    0.0405661321
  -25.929762    -71.565666    0.0402048263
  -25.929762    -55.662184    0.0399268360
  -25.929762    -39.758703    0.0397234144
  -25.929762    -23.855222    0.0395895701
  -25.929762     -7.951741    0.0395242258
  -25.929762      7.951741    0.0395303476
  -25.929762     23.855222    0.0396150451
  -25.929762     39.758703    0.0397896432
  -25.929762     55.662184    0.0400697236
  -25.929762     71.565666    0.0404751377
  -25.929762     87.469147    0.0410299908
  -25.929762    103.372628    0.0417625965
  -25.929762    119.276109    0.0427054021

  -21.215260   -119.276109    0.0285994954
  -21.215260   -103.372628    0.0278704686
  -21.215260    -87.469147    0.0272735759
  -21.215260    -71.565666    0.0267939327
  -21.215260    -55.662184    0.0264199016
  -21.215260    -39.758703    0.0261432926
  -21.215260    -23.855222    0.0259595389
  -21.215260     -7.951741    0.0258678456
  -21.215260      7.951741    0.0258713129
  -21.215260     23.855222    0.0259770335
  -21.215260     39.758703    0.0261961641
  -21.215260     55.662184    0.0265439702
  -21.215260     71.565666    0.0270398463
  -21.215260     87.469147    0.0277073090
  -21.215260    103.372628    0.0285739647
  -21.215260    119.276109    0.0296714513

  -16.500757   -119.276109    0.0186009534
  -16.500757   -103.372628    0.0177513134
  -16.500757    -87.469147    0.0170495272
  -16.500757    -71.565666    0.0164812915
  -16.500757    -55.662184    0.0160354625
  -16.500757    -39.758703    0.0157042505
  -16.500757    -23.855222    0.0154833885
  -16.500757     -7.951741    0.0153722778
  -16.500757      7.951741    0.0153741082
  -16.500757     23.855222    0.0154959539
  -16.500757     39.758703    0.0157488453
  -16.500757     55.662184    0.0161478160
  -16.500757     71.565666    0.0167119255
  -16.500757     87.469147    0.0174642574
  -16.500757    103.372628    0.0184318931
  -16.500757    119.276109    0.0196458611

  -11.786255   -119.276109    0.0113270630
  -11.786255   -103.372628    0.0103914428
  -11.786255    -87.469147    0.0096149221
  -11.786255    -71.565666    0.0089836207
  -11.786255    -55.662184    0.0084867439
  -11.786255    -39.758703    0.0081167767
  -11.786255    -23.855222    0.0078696537
  -11.786255     -7.951741    0.0077449046
  -11.786255      7.951741    0.0077457750
  -11.786255     23.855222    0.0078793226
  -11.786255     39.758703    0.0081564891
  -11.786255     55.662184    0.0085921477
  -11.786255     71.565666    0.0092051257
  -11.786255     87.469147    0.0100182028
  -11.786255    103.372628    0.0110580852
  -11.786255    119.276109    0.0123553543

   -7.071753   -119.276109    0.0065830452
   -7.071753   -103.372628    0.0055921663
   -7.071753    -87.469147    0.0047676289
   -7.071753    -71.565666    0.0040958334
   -7.071753    -55.662184    0.0035662096
   -7.071753    -39.758703    0.0031714142
   -7.071753    -23.855222    0.0029075050
   -7.071753     -7.951741    0.0027740879
   -7.071753      7.951741    0.0027744399
   -7.071753     23.855222    0.0029156067
   -7.071753     39.758703    0.0032084740
   -7.071753     55.662184    0.0036678149
   -7.071753     71.565666    0.0043123115
   -7.071753     87.469147    0.0051645503
   -7.071753    103.372628    0.0062509942
   -7.071753    119.276109    0.0076019275

   -2.357251   -119.276109    0.0042422273
   -2.357251   -103.372628    0.0032243233
   -2.357251    -87.469147    0.0023763058
   -2.357251    -71.565666    0.0016847164
   -2.357251    -55.662184    0.0011390946
   -2.357251    -39.758703    0.0007321803
   -2.357251    -23.855222    0.0004600890
   -2.357251     -7.951741    0.0003224620
   -2.357251      7.951741    0.0003225902
   -2.357251     23.855222    0.0004675128
   -2.357251     39.758703    0.0007680887
   -2.357251     55.662184    0.0012390433
   -2.357251     71.565666    0.0018989885
   -2.357251     87.469147    0.0027704175
   -2.357251    103.372628    0.0038796730
   -2.357251    119.276109    0.0052568899

    2.357251   -119.276109    0.0042422273
    2.357251   -103.372628    0.0032243233
    2.357251    -87.469147    0.0023763058
    2.357251    -71.565666    0.0016847164
    2.357251    -55.662184    0.0011390946
    2.357251    -39.758703    0.0007321803
    2.357251    -23.855222    0.0004600890
    2.357251     -7.951741    0.0003224620
    2.357251      7.951741    0.0003225902
    2.357251     23.855222    0.0004675128
    2.357251     39.758703    0.0007680887
    2.357251     55.662184    0.0012390433
    2.357251     71.565666    0.0018989885
    2.357251     87.469147    0.0027704175
    2.357251    103.372628    0.0038796730
    2.357251    119.276109    0.0052568899

    7.071753   -119.276109    0.0065830452
    7.071753   -103.372628    0.0055921663
    7.071753    -87.469147    0.0047676289
    7.071753    -71.565666    0.0040958334
    7.071753    -55.662184    0.0035662096
    7.071753    -39.758703    0.0031714142
    7.071753    -23.855222    0.0029075050
    7.071753     -7.951741    0.0027740879
    7.071753      7.951741    0.0027744399
    7.071753     23.855222    0.0029156067
    7.071753     39.758703    0.0032084740
    7.071753     55.662184    0.0036678149
    7.071753     71.565666    0.0043123115
    7.071753     87.469147    0.0051645503
    7.071753    103.372628    0.0062509942
    7.071753    119.276109    0.0076019275

   11.786255   -119.276109    0.0113270630
   11.786255   -103.372628    0.0103914428
   11.786255    -87.469147    0.0096149221
   11.786255    -71.565666    0.0089836207
   11.786255    -55.662184    0.0084867439
   11.786255    -39.758703    0.0081167767
   11.786255    -23.855222    0.0078696537
   11.786255     -7.951741    0.0077449046
   11.786255      7.951741    0.0077457750
   11.786255     23.855222    0.0078793226
   11.786255     39.758703    0.0081564891
   11.786255     55.662184    0.0085921477
   11.786255     71.565666    0.0092051257
   11.786255     87.469147    0.0100182028
   11.786255    103.372628    0.0110580852
   11.786255    119.276109    0.0123553543

   16.500757   -119.276109    0.0186009534
   16.500757   -103.372628    0.0177513134
   16.500757    -87.469147    0.0170495272
   16.500757    -71.565666    0.0164812915
   16.500757    -55.662184    0.0160354625
   16.500757    -39.758703    0.0157042505
   16.500757    -23.855222    0.0154833885
   16.500757     -7.951741    0.0153722778
   16.500757      7.951741    0.0153741082
   16.500757     23.855222    0.0154959539
   16.500757     39.758703    0.0157488453
   16.500757     55.662184    0.0161478160
   16.500757     71.565666    0.0167119255
   16.500757     87.469147    0.0174642574
   16.500757    103.372628    0.0184318931
   16.500757    119.276109    0.0196458611

   21.215260   -119.276109    0.0285994954
   21.215260   -103.372628    0.0278704686
   21.215260    -87.469147    0.0272735759
   21.215260    -71.565666    0.0267939327
   21.215260    -55.662184    0.0264199016
   21.215260    -39.758703    0.0261432926
   21.215260    -23.855222    0.0259595389
   21.215260     -7.951741    0.0258678456
   21.215260      7.951741    0.0258713129
   21.215260     23.855222    0.0259770335
   21.215260     39.758703    0.0261961641
   21.215260     55.662184    0.0265439702
   21.215260     71.565666    0.0270398463
   21.215260     87.469147    0.0277073090
   21.215260    103.372628    0.0285739647
   21.215260    119.276109    0.0296714513

   25.929762   -119.276109    0.0415912993
   25.929762   -103.372628    0.0410230680
   25.929762    -87.469147    0.0405661321
   25.929762    -71.565666    0.0402048263
   25.929762    -55.662184    0.0399268360
   25.929762    -39.758703    0.0397234144
   25.929762    -23.855222    0.0395895701
   25.929762     -7.951741    0.0395242258
   25.929762      7.951741    0.0395303476
   25.929762     23.855222    0.0396150451
   25.929762     39.758703    0.0397896432
   25.929762     55.662184    0.0400697236
   25.929762     71.565666    0.0404751377
   25.929762     87.469147    0.0410299908
   25.929762    103.372628    0.0417625965
   25.929762    119.276109    0.0427054021

   30.644264   -119.276109    0.0579264390
   30.644264   -103.372628    0.0575666595
   30.644264    -87.469147    0.0572913831
   30.644264    -71.565666    0.0570838765
   30.644264    -55.662184    0.0569309020
   30.644264    -39.758703    0.0568229542
   30.644264    -23.855222    0.0567544622
   30.644264     -7.951741    0.0567239599
   30.644264      7.951741    0.0567342227
   30.644264     23.855222    0.0567923716
   30.644264     39.758703    0.0569099446
   30.644264     55.662184    0.0571029344
   30.644264     71.565666    0.0573917939
   30.644264     87.469147    0.0578014089
   30.644264    103.372628    0.0583610366
   30.644264    119.276109    0.0591042130

   35.358766   -119.276109    0.0780459931
   35.358766   -103.372628    0.0779520780
   35.358766    -87.469147    0.0779088767
   35.358766    -71.565666    0.0778981444
   35.358766    -55.662184    0.0779053754
   35.358766    -39.758703    0.0779200435
   35.358766    -23.855222    0.0779358090
   35.358766     -7.951741    0.0779506914
   35.358766      7.951741    0.0779672083
   35.358766     23.855222    0.0779924806
   35.358766     39.758703    0.0780383036
   35.358766     55.662184    0.0781211837
   35.358766     71.565666    0.0782623423
   35.358766     87.469147    0.0784876847
   35.358766    103.372628    0.0788277355
   35.358766    119.276109    0.0793175402

