  -45.038700    -47.456659    0.0028542532
  -45.038700    -41.129105    0.0021806801
  -45.038700    -34.801550    0.0015846846
  -45.038700    -28.473996    0.0010742238
  -45.038700    -22.146441    0.0006564695
  -45.038700    -15.818886    0.0003375136
  -45.038700     -9.491332    0.0001221315
  -45.038700     -3.163777    0.0000136052
  -45.038700      3.163777    0.0000136052
  -45.038700      9.491332    0.0001221315
  -45.038700     15.818886    0.0003375136
  -45.038700     22.146441    0.0006564695
  -45.038700     28.473996    0.0010742238
  -45.038700     34.801550    0.0015846846
  -45.038700     41.129105    0.0021806801
  -45.038700     47.456659    0.0028542532

  -39.033540    -47.456659    0.0024946417
  -39.033540    -41.129105    0.0019055460
  -39.033540    -34.801550    0.0013844872
  -39.033540    -28.473996    0.0009383595
  -39.033540    -22.146441    0.0005733627
  -39.033540    -15.818886    0.0002947543
  -39.033540     -9.491332    0.0001066511
  -39.033540     -3.163777    0.0000118803
  -39.033540      3.163777    0.0000118803
  -39.033540      9.491332    0.0001066511
  -39.033540     15.818886    0.0002947543
  -39.033540     22.146441    0.0005733627
  -39.033540     28.473996    0.0009383595
  -39.033540     34.801550    0.0013844872
  -39.033540     41.129105    0.0019055460
  -39.033540     47.456659    0.0024946417

  -33.028380    -47.456659    0.0021284286
  -33.028380    -41.129105    0.0016254770
  -33.028380    -34.801550    0.0011808138
  -33.028380    -28.473996    0.0008002205
  -33.028380    -22.146441    0.0004889130
  -33.028380    -15.818886    0.0002513249
  -33.028380     -9.491332    0.0000909335
  -33.028380     -3.163777    0.0000101293
  -33.028380      3.163777    0.0000101293
  -33.028380      9.491332    0.0000909335
  -33.028380     15.818886    0.0002513249
  -33.028380     22.146441    0.0004889130
  -33.028380     28.473996    0.0008002205
  -33.028380     34.801550    0.0011808138
  -33.028380     41.129105    0.0016254770
  -33.028380     47.456659    0.0021284286

  -27.023220    -47.456659    0.0017556042
  -27.023220    -41.129105    0.0013404813
  -27.023220    -34.801550    0.0009736360
  -27.023220    -28.473996    0.0006597478
  -27.023220    -22.146441    0.0004030574
  -27.023220    -15.818886    0.0002071804
  -27.023220     -9.491332    0.0000749589
  -27.023220     -3.163777    0.0000083497
  -27.023220      3.163777    0.0000083497
  -27.023220      9.491332    0.0000749589
  -27.023220     15.818886    0.0002071804
  -27.023220     22.146441    0.0004030574
  -27.023220     28.473996    0.0006597478
  -27.023220     34.801550    0.0009736360
  -27.023220     41.129105    0.0013404813
  -27.023220     47.456659    0.0017556042

  -21.018060    -47.456659    0.0013762530
  -21.018060    -41.129105    0.0010506268
  -21.018060    -34.801550    0.0007629903
  -21.018060    -28.473996    0.0005169522
  -21.018060    -22.146441    0.0003157928
  -21.018060    -15.818886    0.0001623147
  -21.018060     -9.491332    0.0000587240
  -21.018060     -3.163777    0.0000065412
  -21.018060      3.163777    0.0000065412
  -21.018060      9.491332    0.0000587240
  -21.018060     15.818886    0.0001623147
  -21.018060     22.146441    0.0003157928
  -21.018060     28.473996    0.0005169522
  -21.018060     34.801550    0.0007629903
  -21.018060     41.129105    0.0010506268
  -21.018060     47.456659    0.0013762530

  -15.012900    -47.456659    0.0009905370
  -15.012900    -41.129105    0.0007560339
  -15.012900    -34.801550    0.0005489637
  -15.012900    -28.473996    0.0003718934
  -15.012900    -22.146441    0.0002271565
  -15.012900    -15.818886    0.0001167473
  -15.012900     -9.491332    0.0000422360
  -15.012900     -3.163777    0.0000047045
  -15.012900      3.163777    0.0000047045
  -15.012900      9.491332    0.0000422360
  -15.012900     15.818886    0.0001167473
  -15.012900     22.146441    0.0002271565
  -15.012900     28.473996    0.0003718934
  -15.012900     34.801550    0.0005489637
  -15.012900     41.129105    0.0007560339
  -15.012900     47.456659    0.0009905370

   -9.007740    -47.456659    0.0005986814
   -9.007740    -41.129105    0.0004568679
   -9.007740    -34.801550    0.0003316822
   -9.007740    -28.473996    0.0002246641
   -9.007740    -22.146441    0.0001372105
   -9.007740    -15.818886    0.0000705128
   -9.007740     -9.491332    0.0000255079
   -9.007740     -3.163777    0.0000028411
   -9.007740      3.163777    0.0000028411
   -9.007740      9.491332    0.0000255079
   -9.007740     15.818886    0.0000705128
   -9.007740     22.146441    0.0001372105
   -9.007740     28.473996    0.0002246641
   -9.007740     34.801550    0.0003316822
   -9.007740     41.129105    0.0004568679
   -9.007740     47.456659    0.0005986814

   -3.002580    -47.456659    0.0002009617
   -3.002580    -41.129105    0.0001533330
   -3.002580    -34.801550    0.0001112999
   -3.002580    -28.473996    0.0000753770
   -3.002580    -22.146441    0.0000460293
   -3.002580    -15.818886    0.0000236520
   -3.002580     -9.491332    0.0000085555
   -3.002580     -3.163777    0.0000009529
   -3.002580      3.163777    0.0000009529
   -3.002580      9.491332    0.0000085555
   -3.002580     15.818886    0.0000236520
   -3.002580     22.146441    0.0000460293
   -3.002580     28.473996    0.0000753770
   -3.002580     34.801550    0.0001112999
   -3.002580     41.129105    0.0001533330
   -3.002580     47.456659    0.0002009617

    3.002580    -47.456659   -0.0002023069
    3.002580    -41.129105   -0.0001543344
    3.002580    -34.801550   -0.0001120082
    3.002580    -28.473996   -0.0000758449
    3.002580    -22.146441   -0.0000463087
    3.002580    -15.818886   -0.0000237930
    3.002580     -9.491332   -0.0000086058
    3.002580     -3.163777   -0.0000009585
    3.002580      3.163777   -0.0000009585
    3.002580      9.491332   -0.0000086058
    3.002580     15.818886   -0.0000237930
    3.002580     22.146441   -0.0000463087
    3.002580     28.473996   -0.0000758449
    3.002580     34.801550   -0.0001120082
    3.002580     41.129105   -0.0001543344
    3.002580     47.456659   -0.0002023069

    9.007740    -47.456659   -0.0006107780
    9.007740    -41.129105   -0.0004658717
    9.007740    -34.801550   -0.0003380527
    9.007740    -28.473996   -0.0002288744
    9.007740    -22.146441   -0.0001397264
    9.007740    -15.818886   -0.0000717831
    9.007740     -9.491332   -0.0000259618
    9.007740     -3.163777   -0.0000028914
    9.007740      3.163777   -0.0000028914
    9.007740      9.491332   -0.0000259618
    9.007740     15.818886   -0.0000717831
    9.007740     22.146441   -0.0001397264
    9.007740     28.473996   -0.0002288744
    9.007740     34.801550   -0.0003380527
    9.007740     41.129105   -0.0004658717
    9.007740     47.456659   -0.0006107780

   15.012900    -47.456659   -0.0010240820
   15.012900    -41.129105   -0.0007809951
   15.012900    -34.801550   -0.0005666338
   15.012900    -28.473996   -0.0003835826
   15.012900    -22.146441   -0.0002341495
   15.012900    -15.818886   -0.0001202821
   15.012900     -9.491332   -0.0000435000
   15.012900     -3.163777   -0.0000048444
   15.012900      3.163777   -0.0000048444
   15.012900      9.491332   -0.0000435000
   15.012900     15.818886   -0.0001202821
   15.012900     22.146441   -0.0002341495
   15.012900     28.473996   -0.0003835826
   15.012900     34.801550   -0.0005666338
   15.012900     41.129105   -0.0007809951
   15.012900     47.456659   -0.0010240820

   21.018060    -47.456659   -0.0014418304
   21.018060    -41.129105   -0.0010994053
   21.018060    -34.801550   -0.0007975432
   21.018060    -28.473996   -0.0005398386
   21.018060    -22.146441   -0.0003295048
   21.018060    -15.818886   -0.0001692555
   21.018060     -9.491332   -0.0000612087
   21.018060     -3.163777   -0.0000068164
   21.018060      3.163777   -0.0000068164
   21.018060      9.491332   -0.0000612087
   21.018060     15.818886   -0.0001692555
   21.018060     22.146441   -0.0003295048
   21.018060     28.473996   -0.0005398386
   21.018060     34.801550   -0.0007975432
   21.018060     41.129105   -0.0010994053
   21.018060     47.456659   -0.0014418304

   27.023220    -47.456659   -0.0018636194
   27.023220    -41.129105   -0.0014207924
   27.023220    -34.801550   -0.0010305643
   27.023220    -28.473996   -0.0006975047
   27.023220    -22.146441   -0.0004257146
   27.023220    -15.818886   -0.0002186662
   27.023220     -9.491332   -0.0000790754
   27.023220     -3.163777   -0.0000088060
   27.023220      3.163777   -0.0000088060
   27.023220      9.491332   -0.0000790754
   27.023220     15.818886   -0.0002186662
   27.023220     22.146441   -0.0004257146
   27.023220     28.473996   -0.0006975047
   27.023220     34.801550   -0.0010305643
   27.023220     41.129105   -0.0014207924
   27.023220     47.456659   -0.0018636194

   33.028380    -47.456659   -0.0022890316
   33.028380    -41.129105   -0.0017448399
   33.028380    -34.801550   -0.0012654700
   33.028380    -28.473996   -0.0008564294
   33.028380    -22.146441   -0.0005226875
   33.028380    -15.818886   -0.0002684679
   33.028380     -9.491332   -0.0000970833
   33.028380     -3.163777   -0.0000108114
   33.028380      3.163777   -0.0000108114
   33.028380      9.491332   -0.0000970833
   33.028380     15.818886   -0.0002684679
   33.028380     22.146441   -0.0005226875
   33.028380     28.473996   -0.0008564294
   33.028380     34.801550   -0.0012654700
   33.028380     41.129105   -0.0017448399
   33.028380     47.456659   -0.0022890316

   39.033540    -47.456659   -0.0027176353
   39.033540    -41.129105   -0.0020712292
   39.033540    -34.801550   -0.0015020190
   39.033540    -28.473996   -0.0010164360
   39.033540    -22.146441   -0.0006203061
   39.033540    -15.818886   -0.0003185958
   39.033540     -9.491332   -0.0001152080
   39.033540     -3.163777   -0.0000128296
   39.033540      3.163777   -0.0000128296
   39.033540      9.491332   -0.0001152080
   39.033540     15.818886   -0.0003185958
   39.033540     22.146441   -0.0006203061
   39.033540     28.473996   -0.0010164360
   39.033540     34.801550   -0.0015020190
   39.033540     41.129105   -0.0020712292
   39.033540     47.456659   -0.0027176353

   45.038700    -47.456659   -0.0031489824
   45.038700    -41.129105   -0.0023996429
   45.038700    -34.801550   -0.0017399497
   45.038700    -28.473996   -0.0011773081
   45.038700    -22.146441   -0.0007184110
   45.038700    -15.818886   -0.0003689550
   45.038700     -9.491332   -0.0001334114
   45.038700     -3.163777   -0.0000148564
   45.038700      3.163777   -0.0000148564
   45.038700      9.491332   -0.0001334114
   45.038700     15.818886   -0.0003689550
   45.038700     22.146441   -0.0007184110
   45.038700     28.473996   -0.0011773081
   45.038700     34.801550   -0.0017399497
   45.038700     41.129105   -0.0023996429
   45.038700     47.456659   -0.0031489824

