  -44.510090    -47.456659   -0.0010698276
  -44.510090    -41.129105   -0.0007580833
  -44.510090    -34.801550   -0.0005148613
  -44.510090    -28.473996   -0.0003290905
  -44.510090    -22.146441   -0.0001915450
  -44.510090    -15.818886   -0.0000948439
  -44.510090     -9.491332   -0.0000334519
  -44.510090     -3.163777   -0.0000036784
  -44.510090      3.163777   -0.0000036784
  -44.510090      9.491332   -0.0000334519
  -44.510090     15.818886   -0.0000948439
  -44.510090     22.146441   -0.0001915450
  -44.510090     28.473996   -0.0003290905
  -44.510090     34.801550   -0.0005148613
  -44.510090     41.129105   -0.0007580833
  -44.510090     47.456659   -0.0010698276

  -39.273609    -47.456659   -0.0008506895
  -39.273609    -41.129105   -0.0005972571
  -39.273609    -34.801550   -0.0004020277
  -39.273609    -28.473996   -0.0002548482
  -39.273609    -22.146441   -0.0001472577
  -39.273609    -15.818886   -0.0000724874
  -39.273609     -9.491332   -0.0000254609
  -39.273609     -3.163777   -0.0000027937
  -39.273609      3.163777   -0.0000027937
  -39.273609      9.491332   -0.0000254609
  -39.273609     15.818886   -0.0000724874
  -39.273609     22.146441   -0.0001472577
  -39.273609     28.473996   -0.0002548482
  -39.273609     34.801550   -0.0004020277
  -39.273609     41.129105   -0.0005972571
  -39.273609     47.456659   -0.0008506895

  -34.037128    -47.456659   -0.0006566119
  -34.037128    -41.129105   -0.0004557005
  -34.037128    -34.801550   -0.0003032647
  -34.037128    -28.473996   -0.0001901779
  -34.037128    -22.146441   -0.0001088349
  -34.037128    -15.818886   -0.0000531513
  -34.037128     -9.491332   -0.0000185641
  -34.037128     -3.163777   -0.0000020310
  -34.037128      3.163777   -0.0000020310
  -34.037128      9.491332   -0.0000185641
  -34.037128     15.818886   -0.0000531513
  -34.037128     22.146441   -0.0001088349
  -34.037128     28.473996   -0.0001901779
  -34.037128     34.801550   -0.0003032647
  -34.037128     41.129105   -0.0004557005
  -34.037128     47.456659   -0.0006566119

  -28.800647    -47.456659   -0.0004876425
  -28.800647    -41.129105   -0.0003334337
  -28.800647    -34.801550   -0.0002185769
  -28.800647    -28.473996   -0.0001350773
  -28.800647    -22.146441   -0.0000762725
  -28.800647    -15.818886   -0.0000368325
  -28.800647     -9.491332   -0.0000127600
  -28.800647     -3.163777   -0.0000013900
  -28.800647      3.163777   -0.0000013900
  -28.800647      9.491332   -0.0000127600
  -28.800647     15.818886   -0.0000368325
  -28.800647     22.146441   -0.0000762725
  -28.800647     28.473996   -0.0001350773
  -28.800647     34.801550   -0.0002185769
  -28.800647     41.129105   -0.0003334337
  -28.800647     47.456659   -0.0004876425

  -23.564166    -47.456659   -0.0003437315
  -23.564166    -41.129105   -0.0002304064
  -23.564166    -34.801550   -0.0001479207
  -23.564166    -28.473996   -0.0000895128
  -23.564166    -22.146441   -0.0000495481
  -23.564166    -15.818886   -0.0000235188
  -23.564166     -9.491332   -0.0000080442
  -23.564166     -3.163777   -0.0000008703
  -23.564166      3.163777   -0.0000008703
  -23.564166      9.491332   -0.0000080442
  -23.564166     15.818886   -0.0000235188
  -23.564166     22.146441   -0.0000495481
  -23.564166     28.473996   -0.0000895128
  -23.564166     34.801550   -0.0001479207
  -23.564166     41.129105   -0.0002304064
  -23.564166     47.456659   -0.0003437315

  -18.327684    -47.456659   -0.0002247320
  -18.327684    -41.129105   -0.0001464983
  -18.327684    -34.801550   -0.0000912038
  -18.327684    -28.473996   -0.0000534192
  -18.327684    -22.146441   -0.0000286206
  -18.327684    -15.818886   -0.0000131886
  -18.327684     -9.491332   -0.0000044086
  -18.327684     -3.163777   -0.0000004710
  -18.327684      3.163777   -0.0000004710
  -18.327684      9.491332   -0.0000044086
  -18.327684     15.818886   -0.0000131886
  -18.327684     22.146441   -0.0000286206
  -18.327684     28.473996   -0.0000534192
  -18.327684     34.801550   -0.0000912038
  -18.327684     41.129105   -0.0001464983
  -18.327684     47.456659   -0.0002247320

  -13.091203    -47.456659   -0.0001303992
  -13.091203    -41.129105   -0.0000815190
  -13.091203    -34.801550   -0.0000482856
  -13.091203    -28.473996   -0.0000267002
  -13.091203    -22.146441   -0.0000134306
  -13.091203    -15.818886   -0.0000058110
  -13.091203     -9.491332   -0.0000018421
  -13.091203     -3.163777   -0.0000001908
  -13.091203      3.163777   -0.0000001908
  -13.091203      9.491332   -0.0000018421
  -13.091203     15.818886   -0.0000058110
  -13.091203     22.146441   -0.0000134306
  -13.091203     28.473996   -0.0000267002
  -13.091203     34.801550   -0.0000482856
  -13.091203     41.129105   -0.0000815190
  -13.091203     47.456659   -0.0001303992

   -7.854722    -47.456659   -0.0000603911
   -7.854722    -41.129105   -0.0000352076
   -7.854722    -34.801550   -0.0000189771
   -7.854722    -28.473996   -0.0000092279
   -7.854722    -22.146441   -0.0000039002
   -7.854722    -15.818886   -0.0000013462
   -7.854722     -9.491332   -0.0000003302
   -7.854722     -3.163777   -0.0000000281
   -7.854722      3.163777   -0.0000000281
   -7.854722      9.491332   -0.0000003302
   -7.854722     15.818886   -0.0000013462
   -7.854722     22.146441   -0.0000039002
   -7.854722     28.473996   -0.0000092279
   -7.854722     34.801550   -0.0000189771
   -7.854722     41.129105   -0.0000352076
   -7.854722     47.456659   -0.0000603911

   -2.618241    -47.456659   -0.0000142684
   -2.618241    -41.129105   -0.0000072333
   -2.618241    -34.801550   -0.0000030409
   -2.618241    -28.473996   -0.0000008430
   -2.618241    -22.146441    0.0000000672
   -2.618241    -15.818886    0.0000002552
   -2.618241     -9.491332    0.0000001449
   -2.618241     -3.163777    0.0000000190
   -2.618241      3.163777    0.0000000190
   -2.618241      9.491332    0.0000001449
   -2.618241     15.818886    0.0000002552
   -2.618241     22.146441    0.0000000672
   -2.618241     28.473996   -0.0000008430
   -2.618241     34.801550   -0.0000030409
   -2.618241     41.129105   -0.0000072333
   -2.618241     47.456659   -0.0000142684

    2.618241    -47.456659    0.0000085060
    2.618241    -41.129105    0.0000028050
    2.618241    -34.801550   -0.0000001912
    2.618241    -28.473996   -0.0000013550
    2.618241    -22.146441   -0.0000014135
    2.618241    -15.818886   -0.0000009484
    2.618241     -9.491332   -0.0000003959
    2.618241     -3.163777   -0.0000000470
    2.618241      3.163777   -0.0000000470
    2.618241      9.491332   -0.0000003959
    2.618241     15.818886   -0.0000009484
    2.618241     22.146441   -0.0000014135
    2.618241     28.473996   -0.0000013550
    2.618241     34.801550   -0.0000001912
    2.618241     41.129105    0.0000028050
    2.618241     47.456659    0.0000085060

    7.854722    -47.456659    0.0000085663
    7.854722    -41.129105   -0.0000046214
    7.854722    -34.801550   -0.0000100936
    7.854722    -28.473996   -0.0000105418
    7.854722    -22.146441   -0.0000082088
    7.854722    -15.818886   -0.0000048891
    7.854722     -9.491332   -0.0000019283
    7.854722     -3.163777   -0.0000002236
    7.854722      3.163777   -0.0000002236
    7.854722      9.491332   -0.0000019283
    7.854722     15.818886   -0.0000048891
    7.854722     22.146441   -0.0000082088
    7.854722     28.473996   -0.0000105418
    7.854722     34.801550   -0.0000100936
    7.854722     41.129105   -0.0000046214
    7.854722     47.456659    0.0000085663

   13.091203    -47.456659   -0.0000133556
   13.091203    -41.129105   -0.0000289710
   13.091203    -34.801550   -0.0000323656
   13.091203    -28.473996   -0.0000281501
   13.091203    -22.146441   -0.0000201670
   13.091203    -15.818886   -0.0000114900
   13.091203     -9.491332   -0.0000044246
   13.091203     -3.163777   -0.0000005076
   13.091203      3.163777   -0.0000005076
   13.091203      9.491332   -0.0000044246
   13.091203     15.818886   -0.0000114900
   13.091203     22.146441   -0.0000201670
   13.091203     28.473996   -0.0000281501
   13.091203     34.801550   -0.0000323656
   13.091203     41.129105   -0.0000289710
   13.091203     47.456659   -0.0000133556

   18.327684    -47.456659   -0.0000564306
   18.327684    -41.129105   -0.0000696321
   18.327684    -34.801550   -0.0000665759
   18.327684    -28.473996   -0.0000538952
   18.327684    -22.146441   -0.0000371175
   18.327684    -15.818886   -0.0000206649
   18.327684     -9.491332   -0.0000078539
   18.327684     -3.163777   -0.0000008957
   18.327684      3.163777   -0.0000008957
   18.327684      9.491332   -0.0000078539
   18.327684     15.818886   -0.0000206649
   18.327684     22.146441   -0.0000371175
   18.327684     28.473996   -0.0000538952
   18.327684     34.801550   -0.0000665759
   18.327684     41.129105   -0.0000696321
   18.327684     47.456659   -0.0000564306

   23.564166    -47.456659   -0.0001197319
   23.564166    -41.129105   -0.0001259229
   23.564166    -34.801550   -0.0001122452
   23.564166    -28.473996   -0.0000874608
   23.564166    -22.146441   -0.0000588714
   23.564166    -15.818886   -0.0000323182
   23.564166     -9.491332   -0.0000121822
   23.564166     -3.163777   -0.0000013840
   23.564166      3.163777   -0.0000013840
   23.564166      9.491332   -0.0000121822
   23.564166     15.818886   -0.0000323182
   23.564166     22.146441   -0.0000588714
   23.564166     28.473996   -0.0000874608
   23.564166     34.801550   -0.0001122452
   23.564166     41.129105   -0.0001259229
   23.564166     47.456659   -0.0001197319

   28.800647    -47.456659   -0.0002022354
   28.800647    -41.129105   -0.0001970912
   28.800647    -34.801550   -0.0001688454
   28.800647    -28.473996   -0.0001284995
   28.800647    -22.146441   -0.0000852214
   28.800647    -15.818886   -0.0000463453
   28.800647     -9.491332   -0.0000173719
   28.800647     -3.163777   -0.0000019684
   28.800647      3.163777   -0.0000019684
   28.800647      9.491332   -0.0000173719
   28.800647     15.818886   -0.0000463453
   28.800647     22.146441   -0.0000852214
   28.800647     28.473996   -0.0001284995
   28.800647     34.801550   -0.0001688454
   28.800647     41.129105   -0.0001970912
   28.800647     47.456659   -0.0002022354

   34.037128    -47.456659   -0.0003028196
   34.037128    -41.129105   -0.0002823149
   34.037128    -34.801550   -0.0002358003
   34.037128    -28.473996   -0.0001766324
   34.037128    -22.146441   -0.0001159416
   34.037128    -15.818886   -0.0000626321
   34.037128     -9.491332   -0.0000233823
   34.037128     -3.163777   -0.0000026444
   34.037128      3.163777   -0.0000026444
   34.037128      9.491332   -0.0000233823
   34.037128     15.818886   -0.0000626321
   34.037128     22.146441   -0.0001159416
   34.037128     28.473996   -0.0001766324
   34.037128     34.801550   -0.0002358003
   34.037128     41.129105   -0.0002823149
   34.037128     47.456659   -0.0003028196

