  -44.766107    -47.136383    0.0931312125
  -44.766107    -40.851532    0.0863434551
  -44.766107    -34.566681    0.0805802782
  -44.766107    -28.281830    0.0758215423
  -44.766107    -21.996979    0.0720503089
  -44.766107    -15.712128    0.0692544062
  -44.766107     -9.427277    0.0674278533
  -44.766107     -3.142426    0.0665718396
  -44.766107      3.142426    0.0666950571
  -44.766107      9.427277    0.0678132804
  -44.766107     15.712128    0.0699481832
  -44.766107     21.996979    0.0731254813
  -44.766107     28.281830    0.0773725850
  -44.766107     34.566681    0.0827160443
  -44.766107     40.851532    0.0891791652
  -44.766107     47.136383    0.0967802738

  -40.053885    -47.136383    0.0828881718
  -40.053885    -40.851532    0.0760309420
  -40.053885    -34.566681    0.0702066925
  -40.053885    -28.281830    0.0653918313
  -40.053885    -21.996979    0.0615688740
  -40.053885    -15.712128    0.0587273657
  -40.053885     -9.427277    0.0568636642
  -40.053885     -3.142426    0.0559804068
  -40.053885      3.142426    0.0560861405
  -40.053885      9.427277    0.0571952545
  -40.053885     15.712128    0.0593280108
  -40.053885     21.996979    0.0625101296
  -40.053885     28.281830    0.0667710428
  -40.053885     34.566681    0.0721395876
  -40.053885     40.851532    0.0786355707
  -40.053885     47.136383    0.0862552942

  -35.341663    -47.136383    0.0730684091
  -35.341663    -40.851532    0.0661515488
  -35.341663    -34.566681    0.0602663253
  -35.341663    -28.281830    0.0553948315
  -35.341663    -21.996979    0.0515223861
  -35.341663    -15.712128    0.0486392022
  -35.341663     -9.427277    0.0467414022
  -35.341663     -3.142426    0.0458315236
  -35.341663      3.142426    0.0459185980
  -35.341663      9.427277    0.0470178223
  -35.341663     15.712128    0.0491497843
  -35.341663     21.996979    0.0523391385
  -35.341663     28.281830    0.0566125722
  -35.341663     34.566681    0.0619958353
  -35.341663     40.851532    0.0685095515
  -35.341663     47.136383    0.0761634629

  -30.629441    -47.136383    0.0637870075
  -30.629441    -40.851532    0.0568144694
  -30.629441    -34.566681    0.0508734984
  -30.629441    -28.281830    0.0459500653
  -30.629441    -21.996979    0.0420316388
  -30.629441    -15.712128    0.0391092689
  -30.629441     -9.427277    0.0371792896
  -30.629441     -3.142426    0.0362444036
  -30.629441      3.142426    0.0363140096
  -30.629441      9.427277    0.0374037278
  -30.629441     15.712128    0.0395341779
  -30.629441     21.996979    0.0427291584
  -30.629441     28.281830    0.0470134762
  -30.629441     34.566681    0.0524107673
  -30.629441     40.851532    0.0589417511
  -30.629441     47.136383    0.0666234545

  -25.917220    -47.136383    0.0551803749
  -25.917220    -40.851532    0.0481568047
  -25.917220    -34.566681    0.0421665772
  -25.917220    -28.281830    0.0371970382
  -25.917220    -21.996979    0.0332369211
  -25.917220    -15.712128    0.0302783632
  -25.917220     -9.427277    0.0283185351
  -25.917220     -3.142426    0.0273606703
  -25.917220      3.142426    0.0274143699
  -25.917220      9.427277    0.0284951432
  -25.917220     15.712128    0.0306232354
  -25.917220     21.996979    0.0338218769
  -25.917220     28.281830    0.0381151807
  -25.917220     34.566681    0.0435259979
  -25.917220     40.851532    0.0500741317
  -25.917220     47.136383    0.0577753955

  -21.204998    -47.136383    0.0474087459
  -21.204998    -40.851532    0.0403412333
  -21.204998    -34.566681    0.0343087216
  -21.204998    -28.281830    0.0292992240
  -21.204998    -21.996979    0.0253024951
  -21.204998    -15.712128    0.0223118060
  -21.204998     -9.427277    0.0203252998
  -21.204998     -3.142426    0.0193468147
  -21.204998      3.142426    0.0193861090
  -21.204998      9.427277    0.0204584598
  -21.204998     15.712128    0.0225836560
  -21.204998     21.996979    0.0257844450
  -21.204998     28.281830    0.0300845385
  -21.204998     34.566681    0.0355063251
  -21.204998     40.851532    0.0420684799
  -21.204998     47.136383    0.0497837057

  -16.492776    -47.136383    0.0406597083
  -16.492776    -40.851532    0.0335576215
  -16.492776    -34.566681    0.0274907774
  -16.492776    -28.281830    0.0224482766
  -16.492776    -21.996979    0.0184210224
  -16.492776    -15.712128    0.0154033314
  -16.492776     -9.427277    0.0133941631
  -16.492776     -3.142426    0.0123978677
  -16.492776      3.142426    0.0124243885
  -16.492776      9.427277    0.0134888871
  -16.492776     15.712128    0.0156107977
  -16.492776     21.996979    0.0188123509
  -16.492776     28.281830    0.0231166420
  -16.492776     34.566681    0.0285453541
  -16.492776     40.851532    0.0351162819
  -16.492776     47.136383    0.0428408368

  -11.780554    -47.136383    0.0351526358
  -11.780554    -40.851532    0.0280272234
  -11.780554    -34.566681    0.0219357235
  -11.780554    -28.281830    0.0168687063
  -11.780554    -21.996979    0.0128183035
  -11.780554    -15.712128    0.0097797835
  -11.780554     -9.427277    0.0077527903
  -11.780554     -3.142426    0.0067421137
  -11.780554      3.142426    0.0067579040
  -11.780554      9.427277    0.0078152936
  -11.780554     15.712128    0.0099334368
  -11.780554     21.996979    0.0131340274
  -11.780554     28.281830    0.0174394018
  -11.780554     34.566681    0.0228703841
  -11.780554     40.851532    0.0294440775
  -11.780554     47.136383    0.0371718570

   -7.068333    -47.136383    0.0311440005
   -7.068333    -40.851532    0.0240085004
   -7.068333    -34.566681    0.0179042978
   -7.068333    -28.281830    0.0128232779
   -7.068333    -21.996979    0.0087586832
   -7.068333    -15.712128    0.0057066940
   -7.068333     -9.427277    0.0036676479
   -7.068333     -3.142426    0.0026467852
   -7.068333      3.142426    0.0026544472
   -7.068333      9.427277    0.0037056990
   -7.068333     15.712128    0.0058193919
   -7.068333     21.996979    0.0090167241
   -7.068333     28.281830    0.0133194003
   -7.068333     34.566681    0.0187475369
   -7.068333     40.851532    0.0253175008
   -7.068333     47.136383    0.0330399134

   -2.356111    -47.136383    0.0289336383
   -2.356111    -40.851532    0.0218039748
   -2.356111    -34.566681    0.0157016315
   -2.356111    -28.281830    0.0106194049
   -2.356111    -21.996979    0.0065514652
   -2.356111    -15.712128    0.0034948897
   -2.356111     -9.427277    0.0014507617
   -2.356111     -3.142426    0.0004248016
   -2.356111      3.142426    0.0004275079
   -2.356111      9.427277    0.0014738027
   -2.356111     15.712128    0.0035821864
   -2.356111     21.996979    0.0067734217
   -2.356111     28.281830    0.0110687803
   -2.356111     34.566681    0.0164878989
   -2.356111     40.851532    0.0230463050
   -2.356111     47.136383    0.0307526858

    2.356111    -47.136383    0.0288721360
    2.356111    -40.851532    0.0217679088
    2.356111    -34.566681    0.0156849317
    2.356111    -28.281830    0.0106168331
    2.356111    -21.996979    0.0065586681
    2.356111    -15.712128    0.0035083549
    2.356111     -9.427277    0.0014676583
    2.356111     -3.142426    0.0004427304
    2.356111      3.142426    0.0004442138
    2.356111      9.427277    0.0014869073
    2.356111     15.712128    0.0035889924
    2.356111     21.996979    0.0067708109
    2.356111     28.281830    0.0110531814
    2.356111     34.566681    0.0164552379
    2.356111     40.851532    0.0229917687
    2.356111     47.136383    0.0306700298

    7.068333    -47.136383    0.0313696047
    7.068333    -40.851532    0.0243149860
    7.068333    -34.566681    0.0182724577
    7.068333    -28.281830    0.0132369229
    7.068333    -21.996979    0.0092044450
    7.068333    -15.712128    0.0061736527
    7.068333     -9.427277    0.0041467791
    7.068333     -3.142426    0.0031302724
    7.068333      3.142426    0.0031349344
    7.068333      9.427277    0.0041755725
    7.068333     15.712128    0.0062701696
    7.068333     21.996979    0.0094386057
    7.068333     28.281830    0.0137009848
    7.068333     34.566681    0.0190756470
    7.068333     40.851532    0.0255769699
    7.068333     47.136383    0.0332130859

   11.780554    -47.136383    0.0369062029
   11.780554    -40.851532    0.0299305516
   11.780554    -34.566681    0.0239542466
   11.780554    -28.281830    0.0189738581
   11.780554    -21.996979    0.0149864752
   11.780554    -15.712128    0.0119912805
   11.780554     -9.427277    0.0099908020
   11.780554     -3.142426    0.0089916856
   11.780554      3.142426    0.0090048938
   11.780554      9.427277    0.0100453083
   11.780554     15.712128    0.0121307760
   11.780554     21.996979    0.0152807043
   11.780554     28.281830    0.0195143819
   11.780554     34.566681    0.0248492618
   11.780554     40.851532    0.0312995138
   11.780554     47.136383    0.0388752181

   16.492776    -47.136383    0.0460448655
   16.492776    -40.851532    0.0391833490
   16.492776    -34.566681    0.0333052493
   16.492776    -28.281830    0.0284081284
   16.492776    -21.996979    0.0244896307
   16.492776    -15.712128    0.0215494166
   16.492776     -9.427277    0.0195904528
   16.492776     -3.142426    0.0186196888
   16.492776      3.142426    0.0186481633
   16.492776      9.427277    0.0196905923
   16.492776     15.712128    0.0217644995
   16.492776     21.996979    0.0248889589
   16.492776     28.281830    0.0290830315
   16.492776     34.566681    0.0343639844
   16.492776     40.851532    0.0407453912
   16.492776     47.136383    0.0482352235

   21.204998    -47.136383    0.0594467963
   21.204998    -40.851532    0.0527420737
   21.204998    -34.566681    0.0470017489
   21.204998    -28.281830    0.0422226469
   21.204998    -21.996979    0.0384022043
   21.204998    -15.712128    0.0355405873
   21.204998     -9.427277    0.0336415358
   21.204998     -3.142426    0.0327124967
   21.204998      3.142426    0.0327644273
   21.204998      9.427277    0.0338114705
   21.204998     15.712128    0.0358705259
   21.204998     21.996979    0.0389605602
   21.204998     28.281830    0.0431013213
   21.204998     34.566681    0.0483109422
   21.204998     40.851532    0.0546017408
   21.204998     47.136383    0.0619733410

   25.917220    -47.136383    0.0778903739
   25.917220    -40.851532    0.0713974438
   25.917220    -34.566681    0.0658421385
   25.917220    -28.281830    0.0612218850
   25.917220    -21.996979    0.0575349805
   25.917220    -15.712128    0.0547818618
   25.917220     -9.427277    0.0529660606
   25.917220     -3.142426    0.0520947648
   25.917220      3.142426    0.0521789375
   25.917220      9.427277    0.0532329764
   25.917220     15.712128    0.0552739262
   25.917220     21.996979    0.0583202883
   25.917220     28.281830    0.0623905014
   25.917220     34.566681    0.0675011994
   25.917220     40.851532    0.0736653822
   25.917220     47.136383    0.0808906657

