  -44.766107    -91.194683   -0.0002139659
  -44.766107    -79.035392   -0.0001529488
  -44.766107    -66.876101   -0.0001047580
  -44.766107    -54.716810   -0.0000674984
  -44.766107    -42.557519   -0.0000395728
  -44.766107    -30.398228   -0.0000197131
  -44.766107    -18.238937   -0.0000069832
  -44.766107     -6.079646   -0.0000007696
  -44.766107      6.079646   -0.0000007696
  -44.766107     18.238937   -0.0000069832
  -44.766107     30.398228   -0.0000197131
  -44.766107     42.557519   -0.0000395728
  -44.766107     54.716810   -0.0000674984
  -44.766107     66.876101   -0.0001047580
  -44.766107     79.035392   -0.0001529488
  -44.766107     91.194683   -0.0002139659

  -40.053885    -91.194683   -0.0000257549
  -40.053885    -79.035392   -0.0000085214
  -40.053885    -66.876101   -0.0000028412
  -40.053885    -54.716810   -0.0000004085
  -40.053885    -42.557519    0.0000007664
  -40.053885    -30.398228    0.0000009653
  -40.053885    -18.238937    0.0000005301
  -40.053885     -6.079646    0.0000000708
  -40.053885      6.079646    0.0000000708
  -40.053885     18.238937    0.0000005301
  -40.053885     30.398228    0.0000009653
  -40.053885     42.557519    0.0000007664
  -40.053885     54.716810   -0.0000004085
  -40.053885     66.876101   -0.0000028412
  -40.053885     79.035392   -0.0000085214
  -40.053885     91.194683   -0.0000257549

  -35.341663    -91.194683    0.0001422095
  -35.341663    -79.035392    0.0001151744
  -35.341663    -66.876101    0.0000866934
  -35.341663    -54.716810    0.0000602998
  -35.341663    -42.557519    0.0000376450
  -35.341663    -30.398228    0.0000197003
  -35.341663    -18.238937    0.0000072220
  -35.341663     -6.079646    0.0000008101
  -35.341663      6.079646    0.0000008101
  -35.341663     18.238937    0.0000072220
  -35.341663     30.398228    0.0000197003
  -35.341663     42.557519    0.0000376450
  -35.341663     54.716810    0.0000602998
  -35.341663     66.876101    0.0000866934
  -35.341663     79.035392    0.0001151744
  -35.341663     91.194683    0.0001422095

  -30.629441    -91.194683    0.0002844115
  -30.629441    -79.035392    0.0002204664
  -30.629441    -66.876101    0.0001625128
  -30.629441    -54.716810    0.0001114269
  -30.629441    -42.557519    0.0000686359
  -30.629441    -30.398228    0.0000354605
  -30.629441    -18.238937    0.0000128651
  -30.629441     -6.079646    0.0000014347
  -30.629441      6.079646    0.0000014347
  -30.629441     18.238937    0.0000128651
  -30.629441     30.398228    0.0000354605
  -30.629441     42.557519    0.0000686359
  -30.629441     54.716810    0.0001114269
  -30.629441     66.876101    0.0001625128
  -30.629441     79.035392    0.0002204664
  -30.629441     91.194683    0.0002844115

  -25.917220    -91.194683    0.0003947253
  -25.917220    -79.035392    0.0003030074
  -25.917220    -66.876101    0.0002213535
  -25.917220    -54.716810    0.0001506716
  -25.917220    -42.557519    0.0000923154
  -25.917220    -30.398228    0.0000475233
  -25.917220    -18.238937    0.0000172044
  -25.917220     -6.079646    0.0000019167
  -25.917220      6.079646    0.0000019167
  -25.917220     18.238937    0.0000172044
  -25.917220     30.398228    0.0000475233
  -25.917220     42.557519    0.0000923154
  -25.917220     54.716810    0.0001506716
  -25.917220     66.876101    0.0002213535
  -25.917220     79.035392    0.0003030074
  -25.917220     91.194683    0.0003947253

  -21.204998    -91.194683    0.0004657799
  -21.204998    -79.035392    0.0003561731
  -21.204998    -66.876101    0.0002589288
  -21.204998    -54.716810    0.0001755210
  -21.204998    -42.557519    0.0001072349
  -21.204998    -30.398228    0.0000551134
  -21.204998    -18.238937    0.0000199367
  -21.204998     -6.079646    0.0000022205
  -21.204998      6.079646    0.0000022205
  -21.204998     18.238937    0.0000199367
  -21.204998     30.398228    0.0000551134
  -21.204998     42.557519    0.0001072349
  -21.204998     54.716810    0.0001755210
  -21.204998     66.876101    0.0002589288
  -21.204998     79.035392    0.0003561731
  -21.204998     91.194683    0.0004657799

  -16.492776    -91.194683    0.0004884831
  -16.492776    -79.035392    0.0003725306
  -16.492776    -66.876101    0.0002701380
  -16.492776    -54.716810    0.0001827403
  -16.492776    -42.557519    0.0001114732
  -16.492776    -30.398228    0.0000572315
  -16.492776    -18.238937    0.0000206898
  -16.492776     -6.079646    0.0000023037
  -16.492776      6.079646    0.0000023037
  -16.492776     18.238937    0.0000206898
  -16.492776     30.398228    0.0000572315
  -16.492776     42.557519    0.0001114732
  -16.492776     54.716810    0.0001827403
  -16.492776     66.876101    0.0002701380
  -16.492776     79.035392    0.0003725306
  -16.492776     91.194683    0.0004884831

  -11.780554    -91.194683    0.0004516017
  -11.780554    -79.035392    0.0003436743
  -11.780554    -66.876101    0.0002488758
  -11.780554    -54.716810    0.0001681849
  -11.780554    -42.557519    0.0001025056
  -11.780554    -30.398228    0.0000525891
  -11.780554    -18.238937    0.0000190012
  -11.780554     -6.079646    0.0000021151
  -11.780554      6.079646    0.0000021151
  -11.780554     18.238937    0.0000190012
  -11.780554     30.398228    0.0000525891
  -11.780554     42.557519    0.0001025056
  -11.780554     54.716810    0.0001681849
  -11.780554     66.876101    0.0002488758
  -11.780554     79.035392    0.0003436743
  -11.780554     91.194683    0.0004516017

   -7.068333    -91.194683    0.0003413076
   -7.068333    -79.035392    0.0002593942
   -7.068333    -66.876101    0.0001876574
   -7.068333    -54.716810    0.0001267185
   -7.068333    -42.557519    0.0000771875
   -7.068333    -30.398228    0.0000395829
   -7.068333    -18.238937    0.0000142977
   -7.068333     -6.079646    0.0000015913
   -7.068333      6.079646    0.0000015913
   -7.068333     18.238937    0.0000142977
   -7.068333     30.398228    0.0000395829
   -7.068333     42.557519    0.0000771875
   -7.068333     54.716810    0.0001267185
   -7.068333     66.876101    0.0001876574
   -7.068333     79.035392    0.0002593942
   -7.068333     91.194683    0.0003413076

   -2.356111    -91.194683    0.0001406084
   -2.356111    -79.035392    0.0001068117
   -2.356111    -66.876101    0.0000771956
   -2.356111    -54.716810    0.0000520826
   -2.356111    -42.557519    0.0000317086
   -2.356111    -30.398228    0.0000162576
   -2.356111    -18.238937    0.0000058724
   -2.356111     -6.079646    0.0000006536
   -2.356111      6.079646    0.0000006536
   -2.356111     18.238937    0.0000058724
   -2.356111     30.398228    0.0000162576
   -2.356111     42.557519    0.0000317086
   -2.356111     54.716810    0.0000520826
   -2.356111     66.876101    0.0000771956
   -2.356111     79.035392    0.0001068117
   -2.356111     91.194683    0.0001406084

    2.356111    -91.194683   -0.0001714100
    2.356111    -79.035392   -0.0001302168
    2.356111    -66.876101   -0.0000940200
    2.356111    -54.716810   -0.0000633758
    2.356111    -42.557519   -0.0000385655
    2.356111    -30.398228   -0.0000197718
    2.356111    -18.238937   -0.0000071428
    2.356111     -6.079646   -0.0000007951
    2.356111      6.079646   -0.0000007951
    2.356111     18.238937   -0.0000071428
    2.356111     30.398228   -0.0000197718
    2.356111     42.557519   -0.0000385655
    2.356111     54.716810   -0.0000633758
    2.356111     66.876101   -0.0000940200
    2.356111     79.035392   -0.0001302168
    2.356111     91.194683   -0.0001714100

    7.068333    -91.194683   -0.0006205909
    7.068333    -79.035392   -0.0004714565
    7.068333    -66.876101   -0.0003401730
    7.068333    -54.716810   -0.0002291472
    7.068333    -42.557519   -0.0001393868
    7.068333    -30.398228   -0.0000714530
    7.068333    -18.238937   -0.0000258143
    7.068333     -6.079646   -0.0000028737
    7.068333      6.079646   -0.0000028737
    7.068333     18.238937   -0.0000258143
    7.068333     30.398228   -0.0000714530
    7.068333     42.557519   -0.0001393868
    7.068333     54.716810   -0.0002291472
    7.068333     66.876101   -0.0003401730
    7.068333     79.035392   -0.0004714565
    7.068333     91.194683   -0.0006205909

   11.780554    -91.194683   -0.0012390181
   11.780554    -79.035392   -0.0009407723
   11.780554    -66.876101   -0.0006787108
   11.780554    -54.716810   -0.0004571437
   11.780554    -42.557519   -0.0002780179
   11.780554    -30.398228   -0.0001424800
   11.780554    -18.238937   -0.0000514615
   11.780554     -6.079646   -0.0000057280
   11.780554      6.079646   -0.0000057280
   11.780554     18.238937   -0.0000514615
   11.780554     30.398228   -0.0001424800
   11.780554     42.557519   -0.0002780179
   11.780554     54.716810   -0.0004571437
   11.780554     66.876101   -0.0006787108
   11.780554     79.035392   -0.0009407723
   11.780554     91.194683   -0.0012390181

   16.492776    -91.194683   -0.0020666744
   16.492776    -79.035392   -0.0015674207
   16.492776    -66.876101   -0.0011312736
   16.492776    -54.716810   -0.0007623295
   16.492776    -42.557519   -0.0004636264
   16.492776    -30.398228   -0.0002375038
   16.492776    -18.238937   -0.0000857356
   16.492776     -6.079646   -0.0000095394
   16.492776      6.079646   -0.0000095394
   16.492776     18.238937   -0.0000857356
   16.492776     30.398228   -0.0002375038
   16.492776     42.557519   -0.0004636264
   16.492776     54.716810   -0.0007623295
   16.492776     66.876101   -0.0011312736
   16.492776     79.035392   -0.0015674207
   16.492776     91.194683   -0.0020666744

   21.204998    -91.194683   -0.0031534807
   21.204998    -79.035392   -0.0023891810
   21.204998    -66.876101   -0.0017252390
   21.204998    -54.716810   -0.0011632433
   21.204998    -42.557519   -0.0007075262
   21.204998    -30.398228   -0.0003623300
   21.204998    -18.238937   -0.0001307335
   21.204998     -6.079646   -0.0000145412
   21.204998      6.079646   -0.0000145412
   21.204998     18.238937   -0.0001307335
   21.204998     30.398228   -0.0003623300
   21.204998     42.557519   -0.0007075262
   21.204998     54.716810   -0.0011632433
   21.204998     66.876101   -0.0017252390
   21.204998     79.035392   -0.0023891810
   21.204998     91.194683   -0.0031534807

   25.917220    -91.194683   -0.0045617412
   25.917220    -79.035392   -0.0034586792
   25.917220    -66.876101   -0.0024962424
   25.917220    -54.716810   -0.0016821951
   25.917220    -42.557519   -0.0010230465
   25.917220    -30.398228   -0.0005240451
   25.917220    -18.238937   -0.0001891574
   25.917220     -6.079646   -0.0000210454
   25.917220      6.079646   -0.0000210454
   25.917220     18.238937   -0.0001891574
   25.917220     30.398228   -0.0005240451
   25.917220     42.557519   -0.0010230465
   25.917220     54.716810   -0.0016821951
   25.917220     66.876101   -0.0024962424
   25.917220     79.035392   -0.0034586792
   25.917220     91.194683   -0.0045617412

