  -96.008735   -100.911229   -0.0004265734
  -96.008735    -87.456398   -0.0003368322
  -96.008735    -74.001568   -0.0002511748
  -96.008735    -60.546737   -0.0001738539
  -96.008735    -47.091907   -0.0001080389
  -96.008735    -33.637076   -0.0000562628
  -96.008735    -20.182246   -0.0000205375
  -96.008735     -6.727415   -0.0000022980
  -96.008735      6.727415   -0.0000022980
  -96.008735     20.182246   -0.0000205375
  -96.008735     33.637076   -0.0000562628
  -96.008735     47.091907   -0.0001080389
  -96.008735     60.546737   -0.0001738539
  -96.008735     74.001568   -0.0002511748
  -96.008735     87.456398   -0.0003368322
  -96.008735    100.911229   -0.0004265734

  -81.238160   -100.911229   -0.0003421313
  -81.238160    -87.456398   -0.0002735156
  -81.238160    -74.001568   -0.0002031598
  -81.238160    -60.546737   -0.0001399595
  -81.238160    -47.091907   -0.0000869292
  -81.238160    -33.637076   -0.0000454147
  -81.238160    -20.182246   -0.0000166504
  -81.238160     -6.727415   -0.0000018686
  -81.238160      6.727415   -0.0000018686
  -81.238160     20.182246   -0.0000166504
  -81.238160     33.637076   -0.0000454147
  -81.238160     47.091907   -0.0000869292
  -81.238160     60.546737   -0.0001399595
  -81.238160     74.001568   -0.0002031598
  -81.238160     87.456398   -0.0002735156
  -81.238160    100.911229   -0.0003421313

  -66.467585   -100.911229   -0.0002692027
  -66.467585    -87.456398   -0.0002145038
  -66.467585    -74.001568   -0.0001603560
  -66.467585    -60.546737   -0.0001111607
  -66.467585    -47.091907   -0.0000692374
  -66.467585    -33.637076   -0.0000361622
  -66.467585    -20.182246   -0.0000132362
  -66.467585     -6.727415   -0.0000014834
  -66.467585      6.727415   -0.0000014834
  -66.467585     20.182246   -0.0000132362
  -66.467585     33.637076   -0.0000361622
  -66.467585     47.091907   -0.0000692374
  -66.467585     60.546737   -0.0001111607
  -66.467585     74.001568   -0.0001603560
  -66.467585     87.456398   -0.0002145038
  -66.467585    100.911229   -0.0002692027

  -51.697011   -100.911229   -0.0002037885
  -51.697011    -87.456398   -0.0001622206
  -51.697011    -74.001568   -0.0001217942
  -51.697011    -60.546737   -0.0000847695
  -51.697011    -47.091907   -0.0000529055
  -51.697011    -33.637076   -0.0000276375
  -51.697011    -20.182246   -0.0000101090
  -51.697011     -6.727415   -0.0000011322
  -51.697011      6.727415   -0.0000011322
  -51.697011     20.182246   -0.0000101090
  -51.697011     33.637076   -0.0000276375
  -51.697011     47.091907   -0.0000529055
  -51.697011     60.546737   -0.0000847695
  -51.697011     74.001568   -0.0001217942
  -51.697011     87.456398   -0.0001622206
  -51.697011    100.911229   -0.0002037885

  -36.926436   -100.911229   -0.0001432063
  -36.926436    -87.456398   -0.0001144189
  -36.926436    -74.001568   -0.0000859491
  -36.926436    -60.546737   -0.0000598301
  -36.926436    -47.091907   -0.0000373658
  -36.926436    -33.637076   -0.0000195415
  -36.926436    -20.182246   -0.0000071558
  -36.926436     -6.727415   -0.0000008020
  -36.926436      6.727415   -0.0000008020
  -36.926436     20.182246   -0.0000071558
  -36.926436     33.637076   -0.0000195415
  -36.926436     47.091907   -0.0000373658
  -36.926436     60.546737   -0.0000598301
  -36.926436     74.001568   -0.0000859491
  -36.926436     87.456398   -0.0001144189
  -36.926436    100.911229   -0.0001432063

  -22.155862   -100.911229   -0.0000853687
  -22.155862    -87.456398   -0.0000685108
  -22.155862    -74.001568   -0.0000514355
  -22.155862    -60.546737   -0.0000357734
  -22.155862    -47.091907   -0.0000223468
  -22.155862    -33.637076   -0.0000117010
  -22.155862    -20.182246   -0.0000042909
  -22.155862     -6.727415   -0.0000004814
  -22.155862      6.727415   -0.0000004814
  -22.155862     20.182246   -0.0000042909
  -22.155862     33.637076   -0.0000117010
  -22.155862     47.091907   -0.0000223468
  -22.155862     60.546737   -0.0000357734
  -22.155862     74.001568   -0.0000514355
  -22.155862     87.456398   -0.0000685108
  -22.155862    100.911229   -0.0000853687

   -7.385287   -100.911229   -0.0000285213
   -7.385287    -87.456398   -0.0000229216
   -7.385287    -74.001568   -0.0000172248
   -7.385287    -60.546737   -0.0000119888
   -7.385287    -47.091907   -0.0000074939
   -7.385287    -33.637076   -0.0000039260
   -7.385287    -20.182246   -0.0000014403
   -7.385287     -6.727415   -0.0000001616
   -7.385287      6.727415   -0.0000001616
   -7.385287     20.182246   -0.0000014403
   -7.385287     33.637076   -0.0000039260
   -7.385287     47.091907   -0.0000074939
   -7.385287     60.546737   -0.0000119888
   -7.385287     74.001568   -0.0000172248
   -7.385287     87.456398   -0.0000229216
   -7.385287    100.911229   -0.0000285213

    7.385287   -100.911229    0.0000287984
    7.385287    -87.456398    0.0000230921
    7.385287    -74.001568    0.0000174026
    7.385287    -60.546737    0.0000121469
    7.385287    -47.091907    0.0000076020
    7.385287    -33.637076    0.0000039817
    7.385287    -20.182246    0.0000014594
    7.385287     -6.727415    0.0000001637
    7.385287      6.727415    0.0000001637
    7.385287     20.182246    0.0000014594
    7.385287     33.637076    0.0000039817
    7.385287     47.091907    0.0000076020
    7.385287     60.546737    0.0000121469
    7.385287     74.001568    0.0000174026
    7.385287     87.456398    0.0000230921
    7.385287    100.911229    0.0000287984

   22.155862   -100.911229    0.0000877474
   22.155862    -87.456398    0.0000700969
   22.155862    -74.001568    0.0000530019
   22.155862    -60.546737    0.0000371213
   22.155862    -47.091907    0.0000232635
   22.155862    -33.637076    0.0000121786
   22.155862    -20.182246    0.0000044582
   22.155862     -6.727415    0.0000004994
   22.155862      6.727415    0.0000004994
   22.155862     20.182246    0.0000044582
   22.155862     33.637076    0.0000121786
   22.155862     47.091907    0.0000232635
   22.155862     60.546737    0.0000371213
   22.155862     74.001568    0.0000530019
   22.155862     87.456398    0.0000700969
   22.155862    100.911229    0.0000877474

   36.926436   -100.911229    0.0001492088
   36.926436    -87.456398    0.0001189221
   36.926436    -74.001568    0.0000900893
   36.926436    -60.546737    0.0000632221
   36.926436    -47.091907    0.0000396542
   36.926436    -33.637076    0.0000207551
   36.926436    -20.182246    0.0000075928
   36.926436     -6.727415    0.0000008502
   36.926436      6.727415    0.0000008502
   36.926436     20.182246    0.0000075928
   36.926436     33.637076    0.0000207551
   36.926436     47.091907    0.0000396542
   36.926436     60.546737    0.0000632221
   36.926436     74.001568    0.0000900893
   36.926436     87.456398    0.0001189221
   36.926436    100.911229    0.0001492088

   51.697011   -100.911229    0.0002138968
   51.697011    -87.456398    0.0001705751
   51.697011    -74.001568    0.0001291826
   51.697011    -60.546737    0.0000906354
   51.697011    -47.091907    0.0000568511
   51.697011    -33.637076    0.0000297641
   51.697011    -20.182246    0.0000108920
   51.697011     -6.727415    0.0000012198
   51.697011      6.727415    0.0000012198
   51.697011     20.182246    0.0000108920
   51.697011     33.637076    0.0000297641
   51.697011     47.091907    0.0000568511
   51.697011     60.546737    0.0000906354
   51.697011     74.001568    0.0001291826
   51.697011     87.456398    0.0001705751
   51.697011    100.911229    0.0002138968

   66.467585   -100.911229    0.0002824958
   66.467585    -87.456398    0.0002256966
   66.467585    -74.001568    0.0001707434
   66.467585    -60.546737    0.0001196528
   66.467585    -47.091907    0.0000750206
   66.467585    -33.637076    0.0000392871
   66.467585    -20.182246    0.0000143848
   66.467585     -6.727415    0.0000016116
   66.467585      6.727415    0.0000016116
   66.467585     20.182246    0.0000143848
   66.467585     33.637076    0.0000392871
   66.467585     47.091907    0.0000750206
   66.467585     60.546737    0.0001196528
   66.467585     74.001568    0.0001707434
   66.467585     87.456398    0.0002256966
   66.467585    100.911229    0.0002824958

   81.238160   -100.911229    0.0003557225
   81.238160    -87.456398    0.0002839982
   81.238160    -74.001568    0.0002150556
   81.238160    -60.546737    0.0001508093
   81.238160    -47.091907    0.0000945493
   81.238160    -33.637076    0.0000494834
   81.238160    -20.182246    0.0000181045
   81.238160     -6.727415    0.0000020274
   81.238160      6.727415    0.0000020274
   81.238160     20.182246    0.0000181045
   81.238160     33.637076    0.0000494834
   81.238160     47.091907    0.0000945493
   81.238160     60.546737    0.0001508093
   81.238160     74.001568    0.0002150556
   81.238160     87.456398    0.0002839982
   81.238160    100.911229    0.0003557225

   96.008735   -100.911229    0.0004341331
   96.008735    -87.456398    0.0003445011
   96.008735    -74.001568    0.0002621265
   96.008735    -60.546737    0.0001846390
   96.008735    -47.091907    0.0001158702
   96.008735    -33.637076    0.0000605248
   96.008735    -20.182246    0.0000220796
   96.008735     -6.727415    0.0000024676
   96.008735      6.727415    0.0000024676
   96.008735     20.182246    0.0000220796
   96.008735     33.637076    0.0000605248
   96.008735     47.091907    0.0001158702
   96.008735     60.546737    0.0001846390
   96.008735     74.001568    0.0002621265
   96.008735     87.456398    0.0003445011
   96.008735    100.911229    0.0004341331

  110.779309   -100.911229    0.0005174258
  110.779309    -87.456398    0.0004077693
  110.779309    -74.001568    0.0003117490
  110.779309    -60.546737    0.0002206142
  110.779309    -47.091907    0.0001386115
  110.779309    -33.637076    0.0000722789
  110.779309    -20.182246    0.0000262941
  110.779309     -6.727415    0.0000029328
  110.779309      6.727415    0.0000029328
  110.779309     20.182246    0.0000262941
  110.779309     33.637076    0.0000722789
  110.779309     47.091907    0.0001386115
  110.779309     60.546737    0.0002206142
  110.779309     74.001568    0.0003117490
  110.779309     87.456398    0.0004077693
  110.779309    100.911229    0.0005174258

  125.549884   -100.911229    0.0006029214
  125.549884    -87.456398    0.0004817096
  125.549884    -74.001568    0.0003639105
  125.549884    -60.546737    0.0002546974
  125.549884    -47.091907    0.0001595852
  125.549884    -33.637076    0.0000835606
  125.549884    -20.182246    0.0000305993
  125.549884     -6.727415    0.0000034288
  125.549884      6.727415    0.0000034288
  125.549884     20.182246    0.0000305993
  125.549884     33.637076    0.0000835606
  125.549884     47.091907    0.0001595852
  125.549884     60.546737    0.0002546974
  125.549884     74.001568    0.0003639105
  125.549884     87.456398    0.0004817096
  125.549884    100.911229    0.0006029214

