  -42.952389   -119.276109   -0.0016875755
  -42.952389   -103.372628   -0.0013553743
  -42.952389    -87.469147   -0.0010538572
  -42.952389    -71.565666   -0.0007842978
  -42.952389    -55.662184   -0.0005479456
  -42.952389    -39.758703   -0.0003460362
  -42.952389    -23.855222   -0.0001797982
  -42.952389     -7.951741   -0.0000504552
  -42.952389      7.951741    0.0000407761
  -42.952389     23.855222    0.0000926923
  -42.952389     39.758703    0.0001041141
  -42.952389     55.662184    0.0000739012
  -42.952389     71.565666    0.0000009710
  -42.952389     87.469147   -0.0001156770
  -42.952389    103.372628   -0.0002769342
  -42.952389    119.276109   -0.0004835503

  -37.225404   -119.276109   -0.0012180367
  -37.225404   -103.372628   -0.0009748079
  -37.225404    -87.469147   -0.0007548860
  -37.225404    -71.565666   -0.0005591008
  -37.225404    -55.662184   -0.0003883078
  -37.225404    -39.758703   -0.0002433800
  -37.225404    -23.855222   -0.0001251984
  -37.225404     -7.951741   -0.0000346440
  -37.225404      7.951741    0.0000274113
  -37.225404     23.855222    0.0000601126
  -37.225404     39.758703    0.0000626307
  -37.225404     55.662184    0.0000341701
  -37.225404     71.565666   -0.0000260230
  -37.225404     87.469147   -0.0001186526
  -37.225404    103.372628   -0.0002443651
  -37.225404    119.276109   -0.0004037416

  -31.498419   -119.276109   -0.0008419555
  -31.498419   -103.372628   -0.0006717206
  -31.498419    -87.469147   -0.0005182155
  -31.498419    -71.565666   -0.0003820535
  -31.498419    -55.662184   -0.0002638377
  -31.498419    -39.758703   -0.0001641653
  -31.498419    -23.855222   -0.0000836299
  -31.498419     -7.951741   -0.0000228224
  -31.498419      7.951741    0.0000176710
  -31.498419     23.855222    0.0000372713
  -31.498419     39.758703    0.0000354126
  -31.498419     55.662184    0.0000115487
  -31.498419     71.565666   -0.0000348376
  -31.498419     87.469147   -0.0001042238
  -31.498419    103.372628   -0.0001970351
  -31.498419    119.276109   -0.0003136291

  -25.771434   -119.276109   -0.0005469380
  -25.771434   -103.372628   -0.0004351845
  -25.771434    -87.469147   -0.0003345991
  -25.771434    -71.565666   -0.0002456489
  -25.771434    -55.662184   -0.0001687515
  -25.771434    -39.758703   -0.0001042942
  -25.771434    -23.855222   -0.0000526483
  -25.771434     -7.951741   -0.0000141791
  -25.771434      7.951741    0.0000107477
  -25.771434     23.855222    0.0000217647
  -25.771434     39.758703    0.0000185052
  -25.771434     55.662184    0.0000006099
  -25.771434     71.565666   -0.0000322613
  -25.771434     87.469147   -0.0000804148
  -25.771434    103.372628   -0.0001441027
  -25.771434    119.276109   -0.0002234994

  -20.044448   -119.276109   -0.0003228376
  -20.044448   -103.372628   -0.0002563104
  -20.044448    -87.469147   -0.0001965022
  -20.044448    -71.565666   -0.0001437411
  -20.044448    -55.662184   -0.0000982943
  -20.044448    -39.758703   -0.0000603912
  -20.044448    -23.855222   -0.0000302415
  -20.044448     -7.951741   -0.0000080486
  -20.044448      7.951741    0.0000059817
  -20.044448     23.855222    0.0000116374
  -20.044448     39.758703    0.0000087011
  -20.044448     55.662184   -0.0000030438
  -20.044448     71.565666   -0.0000238031
  -20.044448     87.469147   -0.0000537559
  -20.044448    103.372628   -0.0000930348
  -20.044448    119.276109   -0.0001417006

  -14.317463   -119.276109   -0.0001616563
  -14.317463   -103.372628   -0.0001281287
  -14.317463    -87.469147   -0.0000980084
  -14.317463    -71.565666   -0.0000714859
  -14.317463    -55.662184   -0.0000487051
  -14.317463    -39.758703   -0.0000297817
  -14.317463    -23.855222   -0.0000148162
  -14.317463     -7.951741   -0.0000039048
  -14.317463      7.951741    0.0000028540
  -14.317463     23.855222    0.0000053562
  -14.317463     39.758703    0.0000034923
  -14.317463     55.662184   -0.0000028490
  -14.317463     71.565666   -0.0000137731
  -14.317463     87.469147   -0.0000293694
  -14.317463    103.372628   -0.0000496965
  -14.317463    119.276109   -0.0000747646

   -8.590478   -119.276109   -0.0000574651
   -8.590478   -103.372628   -0.0000454952
   -8.590478    -87.469147   -0.0000347459
   -8.590478    -71.565666   -0.0000252921
   -8.590478    -55.662184   -0.0000171879
   -8.590478    -39.758703   -0.0000104747
   -8.590478    -23.855222   -0.0000051870
   -8.590478     -7.951741   -0.0000013575
   -8.590478      7.951741    0.0000009801
   -8.590478     23.855222    0.0000017894
   -8.590478     39.758703    0.0000010311
   -8.590478     55.662184   -0.0000013350
   -8.590478     71.565666   -0.0000053472
   -8.590478     87.469147   -0.0000110372
   -8.590478    103.372628   -0.0000184236
   -8.590478    119.276109   -0.0000275046

   -2.863493   -119.276109   -0.0000063445
   -2.863493   -103.372628   -0.0000050201
   -2.863493    -87.469147   -0.0000038309
   -2.863493    -71.565666   -0.0000027857
   -2.863493    -55.662184   -0.0000018906
   -2.863493    -39.758703   -0.0000011502
   -2.863493    -23.855222   -0.0000005682
   -2.863493     -7.951741   -0.0000001482
   -2.863493      7.951741    0.0000001063
   -2.863493     23.855222    0.0000001911
   -2.863493     39.758703    0.0000001020
   -2.863493     55.662184   -0.0000001655
   -2.863493     71.565666   -0.0000006157
   -2.863493     87.469147   -0.0000012521
   -2.863493    103.372628   -0.0000020766
   -2.863493    119.276109   -0.0000030887

    2.863493   -119.276109   -0.0000063445
    2.863493   -103.372628   -0.0000050201
    2.863493    -87.469147   -0.0000038309
    2.863493    -71.565666   -0.0000027857
    2.863493    -55.662184   -0.0000018906
    2.863493    -39.758703   -0.0000011502
    2.863493    -23.855222   -0.0000005682
    2.863493     -7.951741   -0.0000001482
    2.863493      7.951741    0.0000001063
    2.863493     23.855222    0.0000001911
    2.863493     39.758703    0.0000001020
    2.863493     55.662184   -0.0000001655
    2.863493     71.565666   -0.0000006157
    2.863493     87.469147   -0.0000012521
    2.863493    103.372628   -0.0000020766
    2.863493    119.276109   -0.0000030887

    8.590478   -119.276109   -0.0000574651
    8.590478   -103.372628   -0.0000454952
    8.590478    -87.469147   -0.0000347459
    8.590478    -71.565666   -0.0000252921
    8.590478    -55.662184   -0.0000171879
    8.590478    -39.758703   -0.0000104747
    8.590478    -23.855222   -0.0000051870
    8.590478     -7.951741   -0.0000013575
    8.590478      7.951741    0.0000009801
    8.590478     23.855222    0.0000017894
    8.590478     39.758703    0.0000010311
    8.590478     55.662184   -0.0000013350
    8.590478     71.565666   -0.0000053472
    8.590478     87.469147   -0.0000110372
    8.590478    103.372628   -0.0000184236
    8.590478    119.276109   -0.0000275046

   14.317463   -119.276109   -0.0001616563
   14.317463   -103.372628   -0.0001281287
   14.317463    -87.469147   -0.0000980084
   14.317463    -71.565666   -0.0000714859
   14.317463    -55.662184   -0.0000487051
   14.317463    -39.758703   -0.0000297817
   14.317463    -23.855222   -0.0000148162
   14.317463     -7.951741   -0.0000039048
   14.317463      7.951741    0.0000028540
   14.317463     23.855222    0.0000053562
   14.317463     39.758703    0.0000034923
   14.317463     55.662184   -0.0000028490
   14.317463     71.565666   -0.0000137731
   14.317463     87.469147   -0.0000293694
   14.317463    103.372628   -0.0000496965
   14.317463    119.276109   -0.0000747646

   20.044448   -119.276109   -0.0003228376
   20.044448   -103.372628   -0.0002563104
   20.044448    -87.469147   -0.0001965022
   20.044448    -71.565666   -0.0001437411
   20.044448    -55.662184   -0.0000982943
   20.044448    -39.758703   -0.0000603912
   20.044448    -23.855222   -0.0000302415
   20.044448     -7.951741   -0.0000080486
   20.044448      7.951741    0.0000059817
   20.044448     23.855222    0.0000116374
   20.044448     39.758703    0.0000087011
   20.044448     55.662184   -0.0000030438
   20.044448     71.565666   -0.0000238031
   20.044448     87.469147   -0.0000537559
   20.044448    103.372628   -0.0000930348
   20.044448    119.276109   -0.0001417006

   25.771434   -119.276109   -0.0005469380
   25.771434   -103.372628   -0.0004351845
   25.771434    -87.469147   -0.0003345991
   25.771434    -71.565666   -0.0002456489
   25.771434    -55.662184   -0.0001687515
   25.771434    -39.758703   -0.0001042942
   25.771434    -23.855222   -0.0000526483
   25.771434     -7.951741   -0.0000141791
   25.771434      7.951741    0.0000107477
   25.771434     23.855222    0.0000217647
   25.771434     39.758703    0.0000185052
   25.771434     55.662184    0.0000006099
   25.771434     71.565666   -0.0000322613
   25.771434     87.469147   -0.0000804148
   25.771434    103.372628   -0.0001441027
   25.771434    119.276109   -0.0002234994

   31.498419   -119.276109   -0.0008419555
   31.498419   -103.372628   -0.0006717206
   31.498419    -87.469147   -0.0005182155
   31.498419    -71.565666   -0.0003820535
   31.498419    -55.662184   -0.0002638377
   31.498419    -39.758703   -0.0001641653
   31.498419    -23.855222   -0.0000836299
   31.498419     -7.951741   -0.0000228224
   31.498419      7.951741    0.0000176710
   31.498419     23.855222    0.0000372713
   31.498419     39.758703    0.0000354126
   31.498419     55.662184    0.0000115487
   31.498419     71.565666   -0.0000348376
   31.498419     87.469147   -0.0001042238
   31.498419    103.372628   -0.0001970351
   31.498419    119.276109   -0.0003136291

   37.225404   -119.276109   -0.0012180367
   37.225404   -103.372628   -0.0009748079
   37.225404    -87.469147   -0.0007548860
   37.225404    -71.565666   -0.0005591008
   37.225404    -55.662184   -0.0003883078
   37.225404    -39.758703   -0.0002433800
   37.225404    -23.855222   -0.0001251984
   37.225404     -7.951741   -0.0000346440
   37.225404      7.951741    0.0000274113
   37.225404     23.855222    0.0000601126
   37.225404     39.758703    0.0000626307
   37.225404     55.662184    0.0000341701
   37.225404     71.565666   -0.0000260230
   37.225404     87.469147   -0.0001186526
   37.225404    103.372628   -0.0002443651
   37.225404    119.276109   -0.0004037416

   42.952389   -119.276109   -0.0016875755
   42.952389   -103.372628   -0.0013553743
   42.952389    -87.469147   -0.0010538572
   42.952389    -71.565666   -0.0007842978
   42.952389    -55.662184   -0.0005479456
   42.952389    -39.758703   -0.0003460362
   42.952389    -23.855222   -0.0001797982
   42.952389     -7.951741   -0.0000504552
   42.952389      7.951741    0.0000407761
   42.952389     23.855222    0.0000926923
   42.952389     39.758703    0.0001041141
   42.952389     55.662184    0.0000739012
   42.952389     71.565666    0.0000009710
   42.952389     87.469147   -0.0001156770
   42.952389    103.372628   -0.0002769342
   42.952389    119.276109   -0.0004835503

