  -50.619018    -55.127356    0.0427488385
  -50.619018    -47.777042    0.0370069354
  -50.619018    -40.426728    0.0324009790
  -50.619018    -33.076414    0.0288258282
  -50.619018    -25.726100    0.0261669781
  -50.619018    -18.375785    0.0243095327
  -50.619018    -11.025471    0.0231502290
  -50.619018     -3.675157    0.0226092816
  -50.619018      3.675157    0.0226396258
  -50.619018     11.025471    0.0232319419
  -50.619018     18.375785    0.0244146558
  -50.619018     25.726100    0.0262489139
  -50.619018     33.076414    0.0288193400
  -50.619018     40.426728    0.0322221912
  -50.619018     47.777042    0.0365533335
  -50.619018     55.127356    0.0418992687

  -43.869816    -55.127356    0.0369921814
  -43.869816    -47.777042    0.0312742849
  -43.869816    -40.426728    0.0266844901
  -43.869816    -33.076414    0.0231184283
  -43.869816    -25.726100    0.0204624352
  -43.869816    -18.375785    0.0186025242
  -43.869816    -11.025471    0.0174364101
  -43.869816     -3.675157    0.0168853543
  -43.869816      3.675157    0.0169034069
  -43.869816     11.025471    0.0174824321
  -43.869816     18.375785    0.0186521080
  -43.869816     25.726100    0.0204749016
  -43.869816     33.076414    0.0230368264
  -43.869816     40.426728    0.0264355974
  -43.869816     47.777042    0.0307686071
  -43.869816     55.127356    0.0361239524

  -37.120613    -55.127356    0.0320801683
  -37.120613    -47.777042    0.0263901751
  -37.120613    -40.426728    0.0218203219
  -37.120613    -33.076414    0.0182670325
  -37.120613    -25.726100    0.0156175046
  -37.120613    -18.375785    0.0137586825
  -37.120613    -11.025471    0.0125892820
  -37.120613     -3.675157    0.0120316344
  -37.120613      3.675157    0.0120409293
  -37.120613     11.025471    0.0126102398
  -37.120613     18.375785    0.0137705225
  -37.120613     25.726100    0.0155855921
  -37.120613     33.076414    0.0181428793
  -37.120613     40.426728    0.0215415856
  -37.120613     47.777042    0.0258806596
  -37.120613     55.127356    0.0312498239

  -30.371411    -55.127356    0.0280010919
  -30.371411    -47.777042    0.0223418965
  -30.371411    -40.426728    0.0177947762
  -30.371411    -33.076414    0.0142569931
  -30.371411    -25.726100    0.0116166482
  -30.371411    -18.375785    0.0097616549
  -30.371411    -11.025471    0.0085917630
  -30.371411     -3.675157    0.0080304034
  -30.371411      3.675157    0.0080339308
  -30.371411     11.025471    0.0085966486
  -30.371411     18.375785    0.0097508088
  -30.371411     25.726100    0.0115615874
  -30.371411     33.076414    0.0141178413
  -30.371411     40.426728    0.0175202638
  -30.371411     47.777042    0.0218693606
  -30.371411     55.127356    0.0272564766

  -23.622208    -55.127356    0.0247403772
  -23.622208    -47.777042    0.0191139329
  -23.622208    -40.426728    0.0145914108
  -23.622208    -33.076414    0.0110709775
  -23.622208    -25.726100    0.0084416959
  -23.622208    -18.375785    0.0065924983
  -23.622208    -11.025471    0.0054242108
  -23.622208     -3.675157    0.0048613976
  -23.622208      3.675157    0.0048616040
  -23.622208     11.025471    0.0054203812
  -23.622208     18.375785    0.0065712862
  -23.622208     25.726100    0.0083808571
  -23.622208     33.076414    0.0109393702
  -23.622208     40.426728    0.0143489955
  -23.622208     47.777042    0.0187117723
  -23.622208     55.127356    0.0241206365

  -16.873006    -55.127356    0.0222836056
  -16.873006    -47.777042    0.0166909848
  -16.873006    -40.426728    0.0121940625
  -16.873006    -33.076414    0.0086919921
  -16.873006    -25.726100    0.0060748689
  -16.873006    -18.375785    0.0042327037
  -16.873006    -11.025471    0.0030674466
  -16.873006     -3.675157    0.0025048318
  -16.873006      3.675157    0.0025036201
  -16.873006     11.025471    0.0030606240
  -16.873006     18.375785    0.0042107078
  -16.873006     25.726100    0.0060217624
  -16.873006     33.076414    0.0085854629
  -16.873006     40.426728    0.0120054235
  -16.873006     47.777042    0.0163851740
  -16.873006     55.127356    0.0218191862

  -10.123804    -55.127356    0.0206189339
  -10.123804    -47.777042    0.0150603887
  -10.123804    -40.426728    0.0105892667
  -10.123804    -33.076414    0.0071058011
  -10.123804    -25.726100    0.0045011990
  -10.123804    -18.375785    0.0026666149
  -10.123804    -11.025471    0.0015051742
  -10.123804     -3.675157    0.0009438184
  -10.123804      3.675157    0.0009425477
  -10.123804     11.025471    0.0014994457
  -10.123804     18.375785    0.0026506795
  -10.123804     25.726100    0.0044654751
  -10.123804     33.076414    0.0070368740
  -10.123804     40.426728    0.0104698892
  -10.123804     47.777042    0.0148694809
  -10.123804     55.127356    0.0203315832

   -3.374601    -55.127356    0.0197389086
   -3.374601    -47.777042    0.0142139311
   -3.374601    -40.426728    0.0097680713
   -3.374601    -33.076414    0.0063027411
   -3.374601    -25.726100    0.0037103430
   -3.374601    -18.375785    0.0018832427
   -3.374601    -11.025471    0.0007257937
   -3.374601     -3.675157    0.0001661818
   -3.374601      3.675157    0.0001656676
   -3.374601     11.025471    0.0007236117
   -3.374601     18.375785    0.0018774746
   -3.374601     25.726100    0.0036977916
   -3.374601     33.076414    0.0062789305
   -3.374601     40.426728    0.0097272465
   -3.374601     47.777042    0.0141490583
   -3.374601     55.127356    0.0196416752

    3.374601    -55.127356    0.0196416752
    3.374601    -47.777042    0.0141490583
    3.374601    -40.426728    0.0097272465
    3.374601    -33.076414    0.0062789305
    3.374601    -25.726100    0.0036977916
    3.374601    -18.375785    0.0018774746
    3.374601    -11.025471    0.0007236117
    3.374601     -3.675157    0.0001656676
    3.374601      3.675157    0.0001661818
    3.374601     11.025471    0.0007257937
    3.374601     18.375785    0.0018832427
    3.374601     25.726100    0.0037103430
    3.374601     33.076414    0.0063027411
    3.374601     40.426728    0.0097680713
    3.374601     47.777042    0.0142139311
    3.374601     55.127356    0.0197389086

   10.123804    -55.127356    0.0203315832
   10.123804    -47.777042    0.0148694809
   10.123804    -40.426728    0.0104698892
   10.123804    -33.076414    0.0070368740
   10.123804    -25.726100    0.0044654751
   10.123804    -18.375785    0.0026506795
   10.123804    -11.025471    0.0014994457
   10.123804     -3.675157    0.0009425477
   10.123804      3.675157    0.0009438184
   10.123804     11.025471    0.0015051742
   10.123804     18.375785    0.0026666149
   10.123804     25.726100    0.0045011990
   10.123804     33.076414    0.0071058011
   10.123804     40.426728    0.0105892667
   10.123804     47.777042    0.0150603887
   10.123804     55.127356    0.0206189339

   16.873006    -55.127356    0.0218191862
   16.873006    -47.777042    0.0163851740
   16.873006    -40.426728    0.0120054235
   16.873006    -33.076414    0.0085854629
   16.873006    -25.726100    0.0060217624
   16.873006    -18.375785    0.0042107078
   16.873006    -11.025471    0.0030606240
   16.873006     -3.675157    0.0025036201
   16.873006      3.675157    0.0025048318
   16.873006     11.025471    0.0030674466
   16.873006     18.375785    0.0042327037
   16.873006     25.726100    0.0060748689
   16.873006     33.076414    0.0086919921
   16.873006     40.426728    0.0121940625
   16.873006     47.777042    0.0166909848
   16.873006     55.127356    0.0222836056

   23.622208    -55.127356    0.0241206365
   23.622208    -47.777042    0.0187117723
   23.622208    -40.426728    0.0143489954
   23.622208    -33.076414    0.0109393702
   23.622208    -25.726100    0.0083808571
   23.622208    -18.375785    0.0065712862
   23.622208    -11.025471    0.0054203812
   23.622208     -3.675157    0.0048616040
   23.622208      3.675157    0.0048613976
   23.622208     11.025471    0.0054242108
   23.622208     18.375785    0.0065924983
   23.622208     25.726100    0.0084416959
   23.622208     33.076414    0.0110709775
   23.622208     40.426728    0.0145914108
   23.622208     47.777042    0.0191139329
   23.622208     55.127356    0.0247403772

   30.371411    -55.127356    0.0272564766
   30.371411    -47.777042    0.0218693606
   30.371411    -40.426728    0.0175202638
   30.371411    -33.076414    0.0141178413
   30.371411    -25.726100    0.0115615874
   30.371411    -18.375785    0.0097508088
   30.371411    -11.025471    0.0085966486
   30.371411     -3.675157    0.0080339308
   30.371411      3.675157    0.0080304034
   30.371411     11.025471    0.0085917630
   30.371411     18.375785    0.0097616549
   30.371411     25.726100    0.0116166482
   30.371411     33.076414    0.0142569931
   30.371411     40.426728    0.0177947762
   30.371411     47.777042    0.0223418965
   30.371411     55.127356    0.0280010919

   37.120613    -55.127356    0.0312498239
   37.120613    -47.777042    0.0258806596
   37.120613    -40.426728    0.0215415856
   37.120613    -33.076414    0.0181428793
   37.120613    -25.726100    0.0155855921
   37.120613    -18.375785    0.0137705225
   37.120613    -11.025471    0.0126102398
   37.120613     -3.675157    0.0120409293
   37.120613      3.675157    0.0120316344
   37.120613     11.025471    0.0125892820
   37.120613     18.375785    0.0137586825
   37.120613     25.726100    0.0156175046
   37.120613     33.076414    0.0182670325
   37.120613     40.426728    0.0218203219
   37.120613     47.777042    0.0263901751
   37.120613     55.127356    0.0320801684

   43.869816    -55.127356    0.0361239524
   43.869816    -47.777042    0.0307686071
   43.869816    -40.426728    0.0264355974
   43.869816    -33.076414    0.0230368264
   43.869816    -25.726100    0.0204749016
   43.869816    -18.375785    0.0186521080
   43.869816    -11.025471    0.0174824321
   43.869816     -3.675157    0.0169034069
   43.869816      3.675157    0.0168853543
   43.869816     11.025471    0.0174364101
   43.869816     18.375785    0.0186025242
   43.869816     25.726100    0.0204624352
   43.869816     33.076414    0.0231184283
   43.869816     40.426728    0.0266844901
   43.869816     47.777042    0.0312742849
   43.869816     55.127356    0.0369921814

   50.619018    -55.127356    0.0418992687
   50.619018    -47.777042    0.0365533335
   50.619018    -40.426728    0.0322221912
   50.619018    -33.076414    0.0288193400
   50.619018    -25.726100    0.0262489139
   50.619018    -18.375785    0.0244146558
   50.619018    -11.025471    0.0232319419
   50.619018     -3.675157    0.0226396258
   50.619018      3.675157    0.0226092816
   50.619018     11.025471    0.0231502290
   50.619018     18.375785    0.0243095327
   50.619018     25.726100    0.0261669781
   50.619018     33.076414    0.0288258282
   50.619018     40.426728    0.0324009790
   50.619018     47.777042    0.0370069354
   50.619018     55.127356    0.0427488385

