  -54.177403    -62.630025    0.0410682965
  -54.177403    -54.279355    0.0358568922
  -54.177403    -45.928685    0.0314378820
  -54.177403    -37.578015    0.0277796912
  -54.177403    -29.227345    0.0248533567
  -54.177403    -20.876675    0.0226325523
  -54.177403    -12.526005    0.0210935875
  -54.177403     -4.175335    0.0202153765
  -54.177403      4.175335    0.0199793793
  -54.177403     12.526005    0.0203695144
  -54.177403     20.876675    0.0213720432
  -54.177403     29.227345    0.0229754254
  -54.177403     37.578015    0.0251701465
  -54.177403     45.928685    0.0279485168
  -54.177403     54.279355    0.0313044418
  -54.177403     62.630025    0.0352331642

  -46.953749    -62.630025    0.0348811813
  -46.953749    -54.279355    0.0297902061
  -46.953749    -45.928685    0.0254846376
  -46.953749    -37.578015    0.0219318290
  -46.953749    -29.227345    0.0191017967
  -46.953749    -20.876675    0.0169672933
  -46.953749    -12.526005    0.0155038444
  -46.953749     -4.175335    0.0146897473
  -46.953749      4.175335    0.0145060340
  -46.953749     12.526005    0.0149363962
  -46.953749     20.876675    0.0159670737
  -46.953749     29.227345    0.0175867057
  -46.953749     37.578015    0.0197861453
  -46.953749     45.928685    0.0225582368
  -46.953749     54.279355    0.0258975559
  -46.953749     62.630025    0.0298001133

  -39.730095    -62.630025    0.0297546026
  -39.730095    -54.279355    0.0247782534
  -39.730095    -45.928685    0.0205806551
  -39.730095    -37.578015    0.0171279452
  -39.730095    -29.227345    0.0143890715
  -39.730095    -20.876675    0.0123358735
  -39.730095    -12.526005    0.0109431258
  -39.730095     -4.175335    0.0101885436
  -39.730095      4.175335    0.0100527503
  -39.730095     12.526005    0.0105192082
  -39.730095     20.876675    0.0115741102
  -39.730095     29.227345    0.0132062349
  -39.730095     37.578015    0.0154067637
  -39.730095     45.928685    0.0181690596
  -39.730095     54.279355    0.0214884087
  -39.730095     62.630025    0.0253617245

  -32.506442    -62.630025    0.0256286246
  -32.506442    -54.279355    0.0207570171
  -32.506442    -45.928685    0.0166579563
  -32.506442    -37.578015    0.0132964317
  -32.506442    -29.227345    0.0106403878
  -32.506442    -20.876675    0.0086608095
  -32.506442    -12.526005    0.0073317686
  -32.506442     -4.175335    0.0066304335
  -32.506442      4.175335    0.0065370406
  -32.506442     12.526005    0.0070348289
  -32.506442     20.876675    0.0081099360
  -32.506442     29.227345    0.0097512575
  -32.506442     37.578015    0.0119502678
  -32.506442     45.928685    0.0147008039
  -32.506442     54.279355    0.0179988113
  -32.506442     62.630025    0.0218420524

  -25.282788    -62.630025    0.0224379647
  -25.282788    -54.279355    0.0176568299
  -25.282788    -45.928685    0.0136427451
  -25.282788    -37.578015    0.0103597342
  -25.282788    -29.227345    0.0077748785
  -25.282788    -20.876675    0.0058584139
  -25.282788    -12.526005    0.0045837879
  -25.282788     -4.175335    0.0039276783
  -25.282788      4.175335    0.0038699718
  -25.282788     12.526005    0.0043937039
  -25.282788     20.876675    0.0054849596
  -25.282788     29.227345    0.0071327339
  -25.282788     37.578015    0.0093287545
  -25.282788     45.928685    0.0120672643
  -25.282788     54.279355    0.0153447644
  -25.282788     62.630025    0.0191597189

  -18.059134    -62.630025    0.0201169676
  -18.059134    -54.279355    0.0154078841
  -18.059134    -45.928685    0.0114613692
  -18.059134    -37.578015    0.0082407142
  -18.059134    -29.227345    0.0057123234
  -18.059134    -20.876675    0.0038458312
  -18.059134    -12.526005    0.0026141754
  -18.059134     -4.175335    0.0019936287
  -18.059134      4.175335    0.0019637878
  -18.059134     12.526005    0.0025075194
  -18.059134     20.876675    0.0036108645
  -18.059134     29.227345    0.0052628995
  -18.059134     37.578015    0.0074555555
  -18.059134     45.928685    0.0101833947
  -18.059134     54.279355    0.0134433445
  -18.059134     62.630025    0.0172343888

  -10.835481    -62.630025    0.0186069748
  -10.835481    -54.279355    0.0139480312
  -10.835481    -45.928685    0.0100484809
  -10.835481    -37.578015    0.0068711290
  -10.835481    -29.227345    0.0043819171
  -10.835481    -20.876675    0.0025500588
  -10.835481    -12.526005    0.0013481303
  -10.835481     -4.175335    0.0007521148
  -10.835481      4.175335    0.0007414004
  -10.835481     12.526005    0.0012987330
  -10.835481     20.876675    0.0024101226
  -10.835481     29.227345    0.0040647040
  -10.835481     37.578015    0.0062545513
  -10.835481     45.928685    0.0089744467
  -10.835481     54.279355    0.0122216033
  -10.835481     62.630025    0.0159953423

   -3.611827    -62.630025    0.0178638311
   -3.611827    -54.279355    0.0132306107
   -3.611827    -45.928685    0.0093551361
   -3.611827    -37.578015    0.0061999716
   -3.611827    -29.227345    0.0037308241
   -3.611827    -20.876675    0.0019166911
   -3.611827    -12.526005    0.0007299610
   -3.611827     -4.175335    0.0001464656
   -3.611827      4.175335    0.0001454843
   -3.611827     12.526005    0.0007096998
   -3.611827     20.876675    0.0018251063
   -3.611827     29.227345    0.0034808691
   -3.611827     37.578015    0.0056691361
   -3.611827     45.928685    0.0083848017
   -3.611827     54.279355    0.0116252221
   -3.611827     62.630025    0.0153898823

    3.611827    -62.630025    0.0178638311
    3.611827    -54.279355    0.0132306107
    3.611827    -45.928685    0.0093551361
    3.611827    -37.578015    0.0061999716
    3.611827    -29.227345    0.0037308241
    3.611827    -20.876675    0.0019166911
    3.611827    -12.526005    0.0007299610
    3.611827     -4.175335    0.0001464656
    3.611827      4.175335    0.0001454843
    3.611827     12.526005    0.0007096998
    3.611827     20.876675    0.0018251063
    3.611827     29.227345    0.0034808691
    3.611827     37.578015    0.0056691361
    3.611827     45.928685    0.0083848017
    3.611827     54.279355    0.0116252221
    3.611827     62.630025    0.0153898823

   10.835481    -62.630025    0.0186069748
   10.835481    -54.279355    0.0139480312
   10.835481    -45.928685    0.0100484809
   10.835481    -37.578015    0.0068711290
   10.835481    -29.227345    0.0043819171
   10.835481    -20.876675    0.0025500588
   10.835481    -12.526005    0.0013481303
   10.835481     -4.175335    0.0007521148
   10.835481      4.175335    0.0007414004
   10.835481     12.526005    0.0012987330
   10.835481     20.876675    0.0024101226
   10.835481     29.227345    0.0040647040
   10.835481     37.578015    0.0062545513
   10.835481     45.928685    0.0089744467
   10.835481     54.279355    0.0122216033
   10.835481     62.630025    0.0159953423

   18.059134    -62.630025    0.0201169676
   18.059134    -54.279355    0.0154078841
   18.059134    -45.928685    0.0114613692
   18.059134    -37.578015    0.0082407142
   18.059134    -29.227345    0.0057123234
   18.059134    -20.876675    0.0038458312
   18.059134    -12.526005    0.0026141754
   18.059134     -4.175335    0.0019936287
   18.059134      4.175335    0.0019637878
   18.059134     12.526005    0.0025075194
   18.059134     20.876675    0.0036108645
   18.059134     29.227345    0.0052628995
   18.059134     37.578015    0.0074555555
   18.059134     45.928685    0.0101833947
   18.059134     54.279355    0.0134433445
   18.059134     62.630025    0.0172343888

   25.282788    -62.630025    0.0224379647
   25.282788    -54.279355    0.0176568299
   25.282788    -45.928685    0.0136427451
   25.282788    -37.578015    0.0103597342
   25.282788    -29.227345    0.0077748785
   25.282788    -20.876675    0.0058584139
   25.282788    -12.526005    0.0045837879
   25.282788     -4.175335    0.0039276783
   25.282788      4.175335    0.0038699718
   25.282788     12.526005    0.0043937039
   25.282788     20.876675    0.0054849596
   25.282788     29.227345    0.0071327339
   25.282788     37.578015    0.0093287545
   25.282788     45.928685    0.0120672643
   25.282788     54.279355    0.0153447644
   25.282788     62.630025    0.0191597189

   32.506442    -62.630025    0.0256286246
   32.506442    -54.279355    0.0207570171
   32.506442    -45.928685    0.0166579563
   32.506442    -37.578015    0.0132964317
   32.506442    -29.227345    0.0106403878
   32.506442    -20.876675    0.0086608095
   32.506442    -12.526005    0.0073317686
   32.506442     -4.175335    0.0066304335
   32.506442      4.175335    0.0065370406
   32.506442     12.526005    0.0070348289
   32.506442     20.876675    0.0081099360
   32.506442     29.227345    0.0097512575
   32.506442     37.578015    0.0119502678
   32.506442     45.928685    0.0147008039
   32.506442     54.279355    0.0179988113
   32.506442     62.630025    0.0218420524

   39.730095    -62.630025    0.0297546026
   39.730095    -54.279355    0.0247782534
   39.730095    -45.928685    0.0205806551
   39.730095    -37.578015    0.0171279452
   39.730095    -29.227345    0.0143890715
   39.730095    -20.876675    0.0123358735
   39.730095    -12.526005    0.0109431258
   39.730095     -4.175335    0.0101885436
   39.730095      4.175335    0.0100527503
   39.730095     12.526005    0.0105192082
   39.730095     20.876675    0.0115741102
   39.730095     29.227345    0.0132062349
   39.730095     37.578015    0.0154067637
   39.730095     45.928685    0.0181690596
   39.730095     54.279355    0.0214884087
   39.730095     62.630025    0.0253617245

   46.953749    -62.630025    0.0348811813
   46.953749    -54.279355    0.0297902061
   46.953749    -45.928685    0.0254846376
   46.953749    -37.578015    0.0219318290
   46.953749    -29.227345    0.0191017967
   46.953749    -20.876675    0.0169672933
   46.953749    -12.526005    0.0155038444
   46.953749     -4.175335    0.0146897473
   46.953749      4.175335    0.0145060340
   46.953749     12.526005    0.0149363962
   46.953749     20.876675    0.0159670737
   46.953749     29.227345    0.0175867057
   46.953749     37.578015    0.0197861453
   46.953749     45.928685    0.0225582368
   46.953749     54.279355    0.0258975559
   46.953749     62.630025    0.0298001133

   54.177403    -62.630025    0.0410682965
   54.177403    -54.279355    0.0358568922
   54.177403    -45.928685    0.0314378820
   54.177403    -37.578015    0.0277796912
   54.177403    -29.227345    0.0248533567
   54.177403    -20.876675    0.0226325523
   54.177403    -12.526005    0.0210935875
   54.177403     -4.175335    0.0202153765
   54.177403      4.175335    0.0199793793
   54.177403     12.526005    0.0203695144
   54.177403     20.876675    0.0213720432
   54.177403     29.227345    0.0229754254
   54.177403     37.578015    0.0251701465
   54.177403     45.928685    0.0279485168
   54.177403     54.279355    0.0313044418
   54.177403     62.630025    0.0352331642

