  -91.194683    -96.008735    0.0107452309
  -91.194683    -81.238160    0.0083076042
  -91.194683    -66.467585    0.0062252733
  -91.194683    -51.697011    0.0044441157
  -91.194683    -36.926436    0.0029192655
  -91.194683    -22.155862    0.0016135708
  -91.194683     -7.385287    0.0004962272
  -91.194683      7.385287   -0.0004584115
  -91.194683     22.155862   -0.0012718459
  -91.194683     36.926436   -0.0019622661
  -91.194683     51.697011   -0.0025452110
  -91.194683     66.467585   -0.0030340498
  -91.194683     81.238160   -0.0034402869
  -91.194683     96.008735   -0.0037736901
  -91.194683    110.779309   -0.0040422417
  -91.194683    125.549884   -0.0042519127

  -79.035392    -96.008735    0.0078877305
  -79.035392    -81.238160    0.0061029312
  -79.035392    -66.467585    0.0045760241
  -79.035392    -51.697011    0.0032683375
  -79.035392    -36.926436    0.0021477101
  -79.035392    -22.155862    0.0011874195
  -79.035392     -7.385287    0.0003652319
  -79.035392      7.385287   -0.0003374252
  -79.035392     22.155862   -0.0009361701
  -79.035392     36.926436   -0.0014442506
  -79.035392     51.697011   -0.0018730069
  -79.035392     66.467585   -0.0022322126
  -79.035392     81.238160   -0.0025302931
  -79.035392     96.008735   -0.0027744234
  -79.035392    110.779309   -0.0029705029
  -79.035392    125.549884   -0.0031230093

  -66.876101    -96.008735    0.0055382565
  -66.876101    -81.238160    0.0042877167
  -66.876101    -66.467585    0.0032165948
  -66.876101    -51.697011    0.0022983169
  -66.876101    -36.926436    0.0015107407
  -66.876101    -22.155862    0.0008354271
  -66.876101     -7.385287    0.0002569953
  -66.876101      7.385287   -0.0002374387
  -66.876101     22.155862   -0.0006587409
  -66.876101     36.926436   -0.0010161540
  -66.876101     51.697011   -0.0013176097
  -66.876101     66.467585   -0.0015699567
  -66.876101     81.238160   -0.0017791064
  -66.876101     96.008735   -0.0019500949
  -66.876101    110.779309   -0.0020870616
  -66.876101    125.549884   -0.0021931448

  -54.716810    -96.008735    0.0036480439
  -54.716810    -81.238160    0.0028256939
  -54.716810    -66.467585    0.0021206668
  -54.716810    -51.697011    0.0015157473
  -54.716810    -36.926436    0.0009965781
  -54.716810    -22.155862    0.0005511874
  -54.716810     -7.385287    0.0001695713
  -54.716810      7.385287   -0.0001566695
  -54.716810     22.155862   -0.0004346368
  -54.716810     36.926436   -0.0006703885
  -54.716810     51.697011   -0.0008691367
  -54.716810     66.467585   -0.0010353907
  -54.716810     81.238160   -0.0011730454
  -54.716810     96.008735   -0.0012854150
  -54.716810    110.779309   -0.0013752113
  -54.716810    125.549884   -0.0014444676

  -42.557519    -96.008735    0.0021787034
  -42.557519    -81.238160    0.0016882070
  -42.557519    -66.467585    0.0012673891
  -42.557519    -51.697011    0.0009060944
  -42.557519    -36.926436    0.0005958518
  -42.557519    -22.155862    0.0003295928
  -42.557519     -7.385287    0.0001014039
  -42.557519      7.385287   -0.0000936884
  -42.557519     22.155862   -0.0002598990
  -42.557519     36.926436   -0.0004008322
  -42.557519     51.697011   -0.0005195966
  -42.557519     66.467585   -0.0006188865
  -42.557519     81.238160   -0.0007010303
  -42.557519     96.008735   -0.0007680046
  -42.557519    110.779309   -0.0008214167
  -42.557519    125.549884   -0.0008624520

  -30.398228    -96.008735    0.0011009951
  -30.398228    -81.238160    0.0008533564
  -30.398228    -66.467585    0.0006407883
  -30.398228    -51.697011    0.0004582028
  -30.398228    -36.926436    0.0003013566
  -30.398228    -22.155862    0.0001667079
  -30.398228     -7.385287    0.0000512918
  -30.398228      7.385287   -0.0000473887
  -30.398228     22.155862   -0.0001314536
  -30.398228     36.926436   -0.0002027194
  -30.398228     51.697011   -0.0002627559
  -30.398228     66.467585   -0.0003129259
  -30.398228     81.238160   -0.0003544071
  -30.398228     96.008735   -0.0003881974
  -30.398228    110.779309   -0.0004151026
  -30.398228    125.549884   -0.0004357068

  -18.238937    -96.008735    0.0003938477
  -18.238937    -81.238160    0.0003053160
  -18.238937    -66.467585    0.0002292972
  -18.238937    -51.697011    0.0001639812
  -18.238937    -36.926436    0.0001078586
  -18.238937    -22.155862    0.0000596696
  -18.238937     -7.385287    0.0000183592
  -18.238937      7.385287   -0.0000169620
  -18.238937     22.155862   -0.0000470497
  -18.238937     36.926436   -0.0000725529
  -18.238937     51.697011   -0.0000940328
  -18.238937     66.467585   -0.0001119773
  -18.238937     81.238160   -0.0001268082
  -18.238937     96.008735   -0.0001388820
  -18.238937    110.779309   -0.0001484852
  -18.238937    125.549884   -0.0001558225

   -6.079646    -96.008735    0.0000436224
   -6.079646    -81.238160    0.0000338196
   -6.079646    -66.467585    0.0000254009
   -6.079646    -51.697011    0.0000181665
   -6.079646    -36.926436    0.0000119495
   -6.079646    -22.155862    0.0000066109
   -6.079646     -7.385287    0.0000020341
   -6.079646      7.385287   -0.0000018792
   -6.079646     22.155862   -0.0000052126
   -6.079646     36.926436   -0.0000080378
   -6.079646     51.697011   -0.0000104171
   -6.079646     66.467585   -0.0000124045
   -6.079646     81.238160   -0.0000140467
   -6.079646     96.008735   -0.0000153832
   -6.079646    110.779309   -0.0000164457
   -6.079646    125.549884   -0.0000172564

    6.079646    -96.008735    0.0000436224
    6.079646    -81.238160    0.0000338196
    6.079646    -66.467585    0.0000254009
    6.079646    -51.697011    0.0000181665
    6.079646    -36.926436    0.0000119495
    6.079646    -22.155862    0.0000066109
    6.079646     -7.385287    0.0000020341
    6.079646      7.385287   -0.0000018792
    6.079646     22.155862   -0.0000052126
    6.079646     36.926436   -0.0000080378
    6.079646     51.697011   -0.0000104171
    6.079646     66.467585   -0.0000124045
    6.079646     81.238160   -0.0000140467
    6.079646     96.008735   -0.0000153832
    6.079646    110.779309   -0.0000164457
    6.079646    125.549884   -0.0000172564

   18.238937    -96.008735    0.0003938477
   18.238937    -81.238160    0.0003053160
   18.238937    -66.467585    0.0002292972
   18.238937    -51.697011    0.0001639812
   18.238937    -36.926436    0.0001078586
   18.238937    -22.155862    0.0000596696
   18.238937     -7.385287    0.0000183592
   18.238937      7.385287   -0.0000169620
   18.238937     22.155862   -0.0000470497
   18.238937     36.926436   -0.0000725529
   18.238937     51.697011   -0.0000940328
   18.238937     66.467585   -0.0001119773
   18.238937     81.238160   -0.0001268082
   18.238937     96.008735   -0.0001388820
   18.238937    110.779309   -0.0001484852
   18.238937    125.549884   -0.0001558225

   30.398228    -96.008735    0.0011009951
   30.398228    -81.238160    0.0008533564
   30.398228    -66.467585    0.0006407883
   30.398228    -51.697011    0.0004582028
   30.398228    -36.926436    0.0003013566
   30.398228    -22.155862    0.0001667079
   30.398228     -7.385287    0.0000512918
   30.398228      7.385287   -0.0000473887
   30.398228     22.155862   -0.0001314536
   30.398228     36.926436   -0.0002027194
   30.398228     51.697011   -0.0002627559
   30.398228     66.467585   -0.0003129259
   30.398228     81.238160   -0.0003544071
   30.398228     96.008735   -0.0003881974
   30.398228    110.779309   -0.0004151026
   30.398228    125.549884   -0.0004357068

   42.557519    -96.008735    0.0021787034
   42.557519    -81.238160    0.0016882070
   42.557519    -66.467585    0.0012673891
   42.557519    -51.697011    0.0009060944
   42.557519    -36.926436    0.0005958518
   42.557519    -22.155862    0.0003295928
   42.557519     -7.385287    0.0001014039
   42.557519      7.385287   -0.0000936884
   42.557519     22.155862   -0.0002598990
   42.557519     36.926436   -0.0004008322
   42.557519     51.697011   -0.0005195966
   42.557519     66.467585   -0.0006188865
   42.557519     81.238160   -0.0007010303
   42.557519     96.008735   -0.0007680046
   42.557519    110.779309   -0.0008214167
   42.557519    125.549884   -0.0008624520

   54.716810    -96.008735    0.0036480439
   54.716810    -81.238160    0.0028256939
   54.716810    -66.467585    0.0021206668
   54.716810    -51.697011    0.0015157473
   54.716810    -36.926436    0.0009965781
   54.716810    -22.155862    0.0005511874
   54.716810     -7.385287    0.0001695713
   54.716810      7.385287   -0.0001566695
   54.716810     22.155862   -0.0004346368
   54.716810     36.926436   -0.0006703885
   54.716810     51.697011   -0.0008691367
   54.716810     66.467585   -0.0010353907
   54.716810     81.238160   -0.0011730454
   54.716810     96.008735   -0.0012854150
   54.716810    110.779309   -0.0013752113
   54.716810    125.549884   -0.0014444676

   66.876101    -96.008735    0.0055382565
   66.876101    -81.238160    0.0042877167
   66.876101    -66.467585    0.0032165948
   66.876101    -51.697011    0.0022983169
   66.876101    -36.926436    0.0015107407
   66.876101    -22.155862    0.0008354271
   66.876101     -7.385287    0.0002569953
   66.876101      7.385287   -0.0002374387
   66.876101     22.155862   -0.0006587409
   66.876101     36.926436   -0.0010161540
   66.876101     51.697011   -0.0013176097
   66.876101     66.467585   -0.0015699567
   66.876101     81.238160   -0.0017791064
   66.876101     96.008735   -0.0019500949
   66.876101    110.779309   -0.0020870616
   66.876101    125.549884   -0.0021931448

   79.035392    -96.008735    0.0078877305
   79.035392    -81.238160    0.0061029312
   79.035392    -66.467585    0.0045760241
   79.035392    -51.697011    0.0032683375
   79.035392    -36.926436    0.0021477101
   79.035392    -22.155862    0.0011874195
   79.035392     -7.385287    0.0003652319
   79.035392      7.385287   -0.0003374252
   79.035392     22.155862   -0.0009361701
   79.035392     36.926436   -0.0014442506
   79.035392     51.697011   -0.0018730069
   79.035392     66.467585   -0.0022322126
   79.035392     81.238160   -0.0025302931
   79.035392     96.008735   -0.0027744234
   79.035392    110.779309   -0.0029705029
   79.035392    125.549884   -0.0031230093

   91.194683    -96.008735    0.0107452309
   91.194683    -81.238160    0.0083076042
   91.194683    -66.467585    0.0062252733
   91.194683    -51.697011    0.0044441157
   91.194683    -36.926436    0.0029192655
   91.194683    -22.155862    0.0016135708
   91.194683     -7.385287    0.0004962272
   91.194683      7.385287   -0.0004584115
   91.194683     22.155862   -0.0012718459
   91.194683     36.926436   -0.0019622661
   91.194683     51.697011   -0.0025452110
   91.194683     66.467585   -0.0030340498
   91.194683     81.238160   -0.0034402869
   91.194683     96.008735   -0.0037736901
   91.194683    110.779309   -0.0040422417
   91.194683    125.549884   -0.0042519127

