  -25.746645    -54.177403    0.0342919962
  -25.746645    -46.953749    0.0377803042
  -25.746645    -39.730095    0.0421836440
  -25.746645    -32.506442    0.0469951276
  -25.746645    -25.282788    0.0516869870
  -25.746645    -18.059134    0.0557478931
  -25.746645    -10.835481    0.0587329626
  -25.746645     -3.611827    0.0603130165
  -25.746645      3.611827    0.0603130165
  -25.746645     10.835481    0.0587329626
  -25.746645     18.059134    0.0557478931
  -25.746645     25.282788    0.0516869870
  -25.746645     32.506442    0.0469951276
  -25.746645     39.730095    0.0421836440
  -25.746645     46.953749    0.0377803042
  -25.746645     54.177403    0.0342919962

  -21.065436    -54.177403    0.0247440638
  -21.065436    -46.953749    0.0255631511
  -21.065436    -39.730095    0.0273191485
  -21.065436    -32.506442    0.0296330736
  -21.065436    -25.282788    0.0321105105
  -21.065436    -18.059134    0.0343705589
  -21.065436    -10.835481    0.0360829152
  -21.065436     -3.611827    0.0370038047
  -21.065436      3.611827    0.0370038047
  -21.065436     10.835481    0.0360829152
  -21.065436     18.059134    0.0343705589
  -21.065436     25.282788    0.0321105105
  -21.065436     32.506442    0.0296330736
  -21.065436     39.730095    0.0273191485
  -21.065436     46.953749    0.0255631511
  -21.065436     54.177403    0.0247440638

  -16.384228    -54.177403    0.0189951026
  -16.384228    -46.953749    0.0177232813
  -16.384228    -39.730095    0.0174133134
  -16.384228    -32.506442    0.0177837627
  -16.384228    -25.282788    0.0185425846
  -16.384228    -18.059134    0.0194082919
  -16.384228    -10.835481    0.0201370933
  -16.384228     -3.611827    0.0205492003
  -16.384228      3.611827    0.0205492003
  -16.384228     10.835481    0.0201370933
  -16.384228     18.059134    0.0194082919
  -16.384228     25.282788    0.0185425846
  -16.384228     32.506442    0.0177837627
  -16.384228     39.730095    0.0174133134
  -16.384228     46.953749    0.0177232813
  -16.384228     54.177403    0.0189951026

  -11.703020    -54.177403    0.0163836152
  -11.703020    -46.953749    0.0134855371
  -11.703020    -39.730095    0.0115716689
  -11.703020    -32.506442    0.0104368432
  -11.703020    -25.282788    0.0098675388
  -11.703020    -18.059134    0.0096577249
  -11.703020    -10.835481    0.0096289004
  -11.703020     -3.611827    0.0096494192
  -11.703020      3.611827    0.0096494192
  -11.703020     10.835481    0.0096289004
  -11.703020     18.059134    0.0096577249
  -11.703020     25.282788    0.0098675388
  -11.703020     32.506442    0.0104368432
  -11.703020     39.730095    0.0115716689
  -11.703020     46.953749    0.0134855371
  -11.703020     54.177403    0.0163836152

   -7.021812    -54.177403    0.0163379839
   -7.021812    -46.953749    0.0121853249
   -7.021812    -39.730095    0.0090352591
   -7.021812    -32.506442    0.0067419133
   -7.021812    -25.282788    0.0051519635
   -7.021812    -18.059134    0.0041167155
   -7.021812    -10.835481    0.0035070146
   -7.021812     -3.611827    0.0032274859
   -7.021812      3.611827    0.0032274859
   -7.021812     10.835481    0.0035070146
   -7.021812     18.059134    0.0041167155
   -7.021812     25.282788    0.0051519635
   -7.021812     32.506442    0.0067419133
   -7.021812     39.730095    0.0090352591
   -7.021812     46.953749    0.0121853249
   -7.021812     54.177403    0.0163379839

   -2.340604    -54.177403    0.0183640965
   -2.340604    -46.953749    0.0132533580
   -2.340604    -39.730095    0.0091593770
   -2.340604    -32.506442    0.0059817163
   -2.340604    -25.282788    0.0036131577
   -2.340604    -18.059134    0.0019486717
   -2.340604    -10.835481    0.0008964530
   -2.340604     -3.611827    0.0003884486
   -2.340604      3.611827    0.0003884486
   -2.340604     10.835481    0.0008964530
   -2.340604     18.059134    0.0019486717
   -2.340604     25.282788    0.0036131577
   -2.340604     32.506442    0.0059817163
   -2.340604     39.730095    0.0091593770
   -2.340604     46.953749    0.0132533580
   -2.340604     54.177403    0.0183640965

    2.340604    -54.177403    0.0220345924
    2.340604    -46.953749    0.0162017628
    2.340604    -39.730095    0.0113954996
    2.340604    -32.506442    0.0075499404
    2.340604    -25.282788    0.0045931153
    2.340604    -18.059134    0.0024532389
    2.340604    -10.835481    0.0010667710
    2.340604     -3.611827    0.0003862272
    2.340604      3.611827    0.0003862272
    2.340604     10.835481    0.0010667710
    2.340604     18.059134    0.0024532389
    2.340604     25.282788    0.0045931153
    2.340604     32.506442    0.0075499404
    2.340604     39.730095    0.0113954996
    2.340604     46.953749    0.0162017628
    2.340604     54.177403    0.0220345924

    7.021812    -54.177403    0.0269795629
    7.021812    -46.953749    0.0206118132
    7.021812    -39.730095    0.0152760641
    7.021812    -32.506442    0.0109328876
    7.021812    -25.282788    0.0075371775
    7.021812    -18.059134    0.0050423606
    7.021812    -10.835481    0.0034062369
    7.021812     -3.611827    0.0025967991
    7.021812      3.611827    0.0025967991
    7.021812     10.835481    0.0034062369
    7.021812     18.059134    0.0050423606
    7.021812     25.282788    0.0075371775
    7.021812     32.506442    0.0109328876
    7.021812     39.730095    0.0152760641
    7.021812     46.953749    0.0206118132
    7.021812     54.177403    0.0269795629

   11.703020    -54.177403    0.0328785552
   11.703020    -46.953749    0.0261234319
   11.703020    -39.730095    0.0204017454
   11.703020    -32.506442    0.0156943723
   11.703020    -25.282788    0.0119765859
   11.703020    -18.059134    0.0092208295
   11.703020    -10.835481    0.0074009566
   11.703020     -3.611827    0.0064965900
   11.703020      3.611827    0.0064965900
   11.703020     10.835481    0.0074009566
   11.703020     18.059134    0.0092208295
   11.703020     25.282788    0.0119765859
   11.703020     32.506442    0.0156943723
   11.703020     39.730095    0.0204017454
   11.703020     46.953749    0.0261234319
   11.703020     54.177403    0.0328785552

   16.384228    -54.177403    0.0394537458
   16.384228    -46.953749    0.0324264658
   16.384228    -39.730095    0.0264309153
   16.384228    -32.506442    0.0214633018
   16.384228    -25.282788    0.0175142672
   16.384228    -18.059134    0.0145705544
   16.384228    -10.835481    0.0126180546
   16.384228     -3.611827    0.0116450924
   16.384228      3.611827    0.0116450924
   16.384228     10.835481    0.0126180546
   16.384228     18.059134    0.0145705544
   16.384228     25.282788    0.0175142672
   16.384228     32.506442    0.0214633018
   16.384228     39.730095    0.0264309153
   16.384228     46.953749    0.0324264658
   16.384228     54.177403    0.0394537458

   21.065436    -54.177403    0.0464641649
   21.065436    -46.953749    0.0392536178
   21.065436    -39.730095    0.0330709796
   21.065436    -32.506442    0.0279234871
   21.065436    -25.282788    0.0238132836
   21.065436    -18.059134    0.0207378732
   21.065436    -10.835481    0.0186921506
   21.065436     -3.611827    0.0176708949
   21.065436      3.611827    0.0176708949
   21.065436     10.835481    0.0186921506
   21.065436     18.059134    0.0207378732
   21.065436     25.282788    0.0238132836
   21.065436     32.506442    0.0279234871
   21.065436     39.730095    0.0330709796
   21.065436     46.953749    0.0392536178
   21.065436     54.177403    0.0464641649

   25.746645    -54.177403    0.0537008707
   25.746645    -46.953749    0.0463747867
   25.746645    -39.730095    0.0400713132
   25.746645    -32.506442    0.0348053252
   25.746645    -25.282788    0.0305874842
   25.746645    -18.059134    0.0274233501
   25.746645    -10.835481    0.0253145045
   25.746645     -3.611827    0.0242604639
   25.746645      3.611827    0.0242604639
   25.746645     10.835481    0.0253145045
   25.746645     18.059134    0.0274233501
   25.746645     25.282788    0.0305874842
   25.746645     32.506442    0.0348053252
   25.746645     39.730095    0.0400713132
   25.746645     46.953749    0.0463747867
   25.746645     54.177403    0.0537008707

   30.427853    -54.177403    0.0609829874
   30.427853    -46.953749    0.0535924413
   30.427853    -39.730095    0.0472175281
   30.427853    -32.506442    0.0418790893
   30.427853    -25.282788    0.0375939941
   30.427853    -18.059134    0.0343736000
   30.427853    -10.835481    0.0322243327
   30.427853     -3.611827    0.0311491776
   30.427853      3.611827    0.0311491776
   30.427853     10.835481    0.0322243327
   30.427853     18.059134    0.0343736000
   30.427853     25.282788    0.0375939941
   30.427853     32.506442    0.0418790893
   30.427853     39.730095    0.0472175281
   30.427853     46.953749    0.0535924413
   30.427853     54.177403    0.0609829874

   35.109061    -54.177403    0.0681545377
   35.109061    -46.953749    0.0607375229
   35.109061    -39.730095    0.0543268290
   35.109061    -32.506442    0.0489496560
   35.109061    -25.282788    0.0446272774
   35.109061    -18.059134    0.0413747922
   35.109061    -10.835481    0.0392019350
   35.109061     -3.611827    0.0381142706
   35.109061      3.611827    0.0381142706
   35.109061     10.835481    0.0392019350
   35.109061     18.059134    0.0413747922
   35.109061     25.282788    0.0446272774
   35.109061     32.506442    0.0489496560
   35.109061     39.730095    0.0543268290
   35.109061     46.953749    0.0607375229
   35.109061     54.177403    0.0681545377

   39.790269    -54.177403    0.0750820166
   39.790269    -46.953749    0.0676652474
   39.790269    -39.730095    0.0612442324
   39.790269    -32.506442    0.0558525947
   39.790269    -25.282788    0.0515146141
   39.790269    -18.059134    0.0482475883
   39.790269    -10.835481    0.0460634005
   39.790269     -3.611827    0.0449695071
   39.790269      3.611827    0.0449695071
   39.790269     10.835481    0.0460634005
   39.790269     18.059134    0.0482475883
   39.790269     25.282788    0.0515146141
   39.790269     32.506442    0.0558525947
   39.790269     39.730095    0.0612442324
   39.790269     46.953749    0.0676652474
   39.790269     54.177403    0.0750820166

   44.471477    -54.177403    0.0816526701
   44.471477    -46.953749    0.0742500437
   44.471477    -39.730095    0.0678394421
   44.471477    -32.506442    0.0624516358
   44.471477    -25.282788    0.0581129291
   44.471477    -18.059134    0.0548433802
   44.471477    -10.835481    0.0526567964
   44.471477     -3.611827    0.0515615570
   44.471477      3.611827    0.0515615570
   44.471477     10.835481    0.0526567964
   44.471477     18.059134    0.0548433802
   44.471477     25.282788    0.0581129291
   44.471477     32.506442    0.0624516358
   44.471477     39.730095    0.0678394421
   44.471477     46.953749    0.0742500437
   44.471477     54.177403    0.0816526701

