  -34.795266    -35.358766   -0.0011360079
  -34.795266    -30.644264   -0.0023760810
  -34.795266    -25.929762   -0.0030185082
  -34.795266    -21.215260   -0.0031708084
  -34.795266    -16.500757   -0.0029242732
  -34.795266    -11.786255   -0.0023584784
  -34.795266     -7.071753   -0.0015445653
  -34.795266     -2.357251   -0.0005477386
  -34.795266      2.357251    0.0005706612
  -34.795266      7.071753    0.0017512441
  -34.795266     11.786255    0.0029346380
  -34.795266     16.500757    0.0040594493
  -34.795266     21.215260    0.0050601211
  -34.795266     25.929762    0.0058647797
  -34.795266     30.644264    0.0063932540
  -34.795266     35.358766    0.0065555391

  -30.155897    -35.358766    0.0006050324
  -30.155897    -30.644264   -0.0007373848
  -30.155897    -25.929762   -0.0014031655
  -30.155897    -21.215260   -0.0016918698
  -30.155897    -16.500757   -0.0016902695
  -30.155897    -11.786255   -0.0014333531
  -30.155897     -7.071753   -0.0009653964
  -30.155897     -2.357251   -0.0003464514
  -30.155897      2.357251    0.0003617116
  -30.155897      7.071753    0.0011074953
  -30.155897     11.786255    0.0018478039
  -30.155897     16.500757    0.0025327324
  -30.155897     21.215260    0.0030878607
  -30.155897     25.929762    0.0034167140
  -30.155897     30.644264    0.0034572720
  -30.155897     35.358766    0.0033377274

  -25.516528    -35.358766    0.0015737782
  -25.516528    -30.644264    0.0003894099
  -25.516528    -25.929762   -0.0003339754
  -25.516528    -21.215260   -0.0007299955
  -25.516528    -16.500757   -0.0008668675
  -25.516528    -11.786255   -0.0007931893
  -25.516528     -7.071753   -0.0005560726
  -25.516528     -2.357251   -0.0002041208
  -25.516528      2.357251    0.0002153580
  -25.516528      7.071753    0.0006586239
  -25.516528     11.786255    0.0010840926
  -25.516528     16.500757    0.0014471716
  -25.516528     21.215260    0.0016943904
  -25.516528     25.929762    0.0017629764
  -25.516528     30.644264    0.0015951350
  -25.516528     35.358766    0.0011794040

  -20.877160    -35.358766    0.0019468049
  -20.877160    -30.644264    0.0009522433
  -20.877160    -25.929762    0.0002651797
  -20.877160    -21.215260   -0.0001508728
  -20.877160    -16.500757   -0.0003484676
  -20.877160    -11.786255   -0.0003788057
  -20.877160     -7.071753   -0.0002862219
  -20.877160     -2.357251   -0.0001090984
  -20.877160      2.357251    0.0001168887
  -20.877160      7.071753    0.0003559029
  -20.877160     11.786255    0.0005707919
  -20.877160     16.500757    0.0007235900
  -20.877160     21.215260    0.0007762456
  -20.877160     25.929762    0.0006887562
  -20.877160     30.644264    0.0004105135
  -20.877160     35.358766   -0.0001407238

  -16.237791    -35.358766    0.0018785185
  -16.237791    -30.644264    0.0010773400
  -16.237791    -25.929762    0.0005073811
  -16.237791    -21.215260    0.0001420231
  -16.237791    -16.500757   -0.0000592427
  -16.237791    -11.786255   -0.0001362267
  -16.237791     -7.071753   -0.0001233619
  -16.237791     -2.357251   -0.0000503813
  -16.237791      2.357251    0.0000550565
  -16.237791      7.071753    0.0001650509
  -16.237791     11.786255    0.0002505595
  -16.237791     16.500757    0.0002818778
  -16.237791     21.215260    0.0002293070
  -16.237791     25.929762    0.0000616745
  -16.237791     30.644264   -0.0002607801
  -16.237791     35.358766   -0.0008037878

  -11.598422    -35.358766    0.0015042539
  -11.598422    -30.644264    0.0009162146
  -11.598422    -25.929762    0.0005026204
  -11.598422    -21.215260    0.0002280160
  -11.598422    -16.500757    0.0000630346
  -11.598422    -11.786255   -0.0000178739
  -11.598422     -7.071753   -0.0000378009
  -11.598422     -2.357251   -0.0000182082
  -11.598422      2.357251    0.0000204808
  -11.598422      7.071753    0.0000583231
  -11.598422     11.786255    0.0000752131
  -11.598422     16.500757    0.0000501290
  -11.598422     21.215260   -0.0000396735
  -11.598422     25.929762   -0.0002193703
  -11.598422     30.644264   -0.0005169447
  -11.598422     35.358766   -0.0009629045

   -6.959053    -35.358766    0.0009447546
   -6.959053    -30.644264    0.0005916027
   -6.959053    -25.929762    0.0003453627
   -6.959053    -21.215260    0.0001789377
   -6.959053    -16.500757    0.0000746143
   -6.959053    -11.786255    0.0000181426
   -6.959053     -7.071753   -0.0000037635
   -6.959053     -2.357251   -0.0000040448
   -6.959053      2.357251    0.0000048128
   -6.959053      7.071753    0.0000108378
   -6.959053     11.786255    0.0000021885
   -6.959053     16.500757   -0.0000336956
   -6.959053     21.215260   -0.0001110404
   -6.959053     25.929762   -0.0002460406
   -6.959053     30.644264   -0.0004553985
   -6.959053     35.358766   -0.0007515936

   -2.319684    -35.358766    0.0003111932
   -2.319684    -30.644264    0.0001971950
   -2.319684    -25.929762    0.0001170175
   -2.319684    -21.215260    0.0000627615
   -2.319684    -16.500757    0.0000286147
   -2.319684    -11.786255    0.0000096901
   -2.319684     -7.071753    0.0000014942
   -2.319684     -2.357251   -0.0000002536
   -2.319684      2.357251    0.0000003352
   -2.319684      7.071753   -0.0000007309
   -2.319684     11.786255   -0.0000074512
   -2.319684     16.500757   -0.0000240472
   -2.319684     21.215260   -0.0000551980
   -2.319684     25.929762   -0.0001061662
   -2.319684     30.644264   -0.0001826123
   -2.319684     35.358766   -0.0002898288

    2.319684    -35.358766   -0.0002898288
    2.319684    -30.644264   -0.0001826123
    2.319684    -25.929762   -0.0001061662
    2.319684    -21.215260   -0.0000551980
    2.319684    -16.500757   -0.0000240472
    2.319684    -11.786255   -0.0000074512
    2.319684     -7.071753   -0.0000007309
    2.319684     -2.357251    0.0000003352
    2.319684      2.357251   -0.0000002536
    2.319684      7.071753    0.0000014942
    2.319684     11.786255    0.0000096901
    2.319684     16.500757    0.0000286147
    2.319684     21.215260    0.0000627615
    2.319684     25.929762    0.0001170175
    2.319684     30.644264    0.0001971950
    2.319684     35.358766    0.0003111932

    6.959053    -35.358766   -0.0007515936
    6.959053    -30.644264   -0.0004553985
    6.959053    -25.929762   -0.0002460406
    6.959053    -21.215260   -0.0001110404
    6.959053    -16.500757   -0.0000336956
    6.959053    -11.786255    0.0000021885
    6.959053     -7.071753    0.0000108378
    6.959053     -2.357251    0.0000048128
    6.959053      2.357251   -0.0000040448
    6.959053      7.071753   -0.0000037635
    6.959053     11.786255    0.0000181426
    6.959053     16.500757    0.0000746143
    6.959053     21.215260    0.0001789377
    6.959053     25.929762    0.0003453627
    6.959053     30.644264    0.0005916027
    6.959053     35.358766    0.0009447546

   11.598422    -35.358766   -0.0009629045
   11.598422    -30.644264   -0.0005169447
   11.598422    -25.929762   -0.0002193703
   11.598422    -21.215260   -0.0000396735
   11.598422    -16.500757    0.0000501290
   11.598422    -11.786255    0.0000752131
   11.598422     -7.071753    0.0000583231
   11.598422     -2.357251    0.0000204808
   11.598422      2.357251   -0.0000182082
   11.598422      7.071753   -0.0000378009
   11.598422     11.786255   -0.0000178739
   11.598422     16.500757    0.0000630346
   11.598422     21.215260    0.0002280160
   11.598422     25.929762    0.0005026204
   11.598422     30.644264    0.0009162146
   11.598422     35.358766    0.0015042539

   16.237791    -35.358766   -0.0008037878
   16.237791    -30.644264   -0.0002607801
   16.237791    -25.929762    0.0000616745
   16.237791    -21.215260    0.0002293070
   16.237791    -16.500757    0.0002818778
   16.237791    -11.786255    0.0002505595
   16.237791     -7.071753    0.0001650509
   16.237791     -2.357251    0.0000550565
   16.237791      2.357251   -0.0000503813
   16.237791      7.071753   -0.0001233619
   16.237791     11.786255   -0.0001362267
   16.237791     16.500757   -0.0000592427
   16.237791     21.215260    0.0001420231
   16.237791     25.929762    0.0005073811
   16.237791     30.644264    0.0010773400
   16.237791     35.358766    0.0018785185

   20.877160    -35.358766   -0.0001407238
   20.877160    -30.644264    0.0004105135
   20.877160    -25.929762    0.0006887562
   20.877160    -21.215260    0.0007762456
   20.877160    -16.500757    0.0007235900
   20.877160    -11.786255    0.0005707919
   20.877160     -7.071753    0.0003559029
   20.877160     -2.357251    0.0001168887
   20.877160      2.357251   -0.0001090984
   20.877160      7.071753   -0.0002862219
   20.877160     11.786255   -0.0003788057
   20.877160     16.500757   -0.0003484676
   20.877160     21.215260   -0.0001508728
   20.877160     25.929762    0.0002651797
   20.877160     30.644264    0.0009522433
   20.877160     35.358766    0.0019468049

   25.516528    -35.358766    0.0011794040
   25.516528    -30.644264    0.0015951350
   25.516528    -25.929762    0.0017629764
   25.516528    -21.215260    0.0016943904
   25.516528    -16.500757    0.0014471716
   25.516528    -11.786255    0.0010840926
   25.516528     -7.071753    0.0006586239
   25.516528     -2.357251    0.0002153580
   25.516528      2.357251   -0.0002041208
   25.516528      7.071753   -0.0005560726
   25.516528     11.786255   -0.0007931893
   25.516528     16.500757   -0.0008668675
   25.516528     21.215260   -0.0007299955
   25.516528     25.929762   -0.0003339754
   25.516528     30.644264    0.0003894099
   25.516528     35.358766    0.0015737782

   30.155897    -35.358766    0.0033377274
   30.155897    -30.644264    0.0034572720
   30.155897    -25.929762    0.0034167140
   30.155897    -21.215260    0.0030878607
   30.155897    -16.500757    0.0025327324
   30.155897    -11.786255    0.0018478039
   30.155897     -7.071753    0.0011074953
   30.155897     -2.357251    0.0003617116
   30.155897      2.357251   -0.0003464514
   30.155897      7.071753   -0.0009653964
   30.155897     11.786255   -0.0014333531
   30.155897     16.500757   -0.0016902695
   30.155897     21.215260   -0.0016918698
   30.155897     25.929762   -0.0014031655
   30.155897     30.644264   -0.0007373848
   30.155897     35.358766    0.0006050324

   34.795266    -35.358766    0.0065555391
   34.795266    -30.644264    0.0063932540
   34.795266    -25.929762    0.0058647797
   34.795266    -21.215260    0.0050601211
   34.795266    -16.500757    0.0040594493
   34.795266    -11.786255    0.0029346380
   34.795266     -7.071753    0.0017512441
   34.795266     -2.357251    0.0005706612
   34.795266      2.357251   -0.0005477386
   34.795266      7.071753   -0.0015445653
   34.795266     11.786255   -0.0023584784
   34.795266     16.500757   -0.0029242732
   34.795266     21.215260   -0.0031708084
   34.795266     25.929762   -0.0030185082
   34.795266     30.644264   -0.0023760810
   34.795266     35.358766   -0.0011360079

