  -35.358766    -50.619018    0.0818287165
  -35.358766    -43.869816    0.0801493818
  -35.358766    -37.120613    0.0790559538
  -35.358766    -30.371411    0.0784142791
  -35.358766    -23.622208    0.0780925377
  -35.358766    -16.873006    0.0779705655
  -35.358766    -10.123804    0.0779489126
  -35.358766     -3.374601    0.0779565710
  -35.358766      3.374601    0.0779565710
  -35.358766     10.123804    0.0779489126
  -35.358766     16.873006    0.0779705655
  -35.358766     23.622208    0.0780925377
  -35.358766     30.371411    0.0784142791
  -35.358766     37.120613    0.0790559538
  -35.358766     43.869816    0.0801493818
  -35.358766     50.619018    0.0818287165

  -30.644264    -50.619018    0.0659163184
  -30.644264    -43.869816    0.0630765930
  -30.644264    -37.120613    0.0609266606
  -30.644264    -30.371411    0.0593331157
  -30.644264    -23.622208    0.0581962670
  -30.644264    -16.873006    0.0574316769
  -30.644264    -10.123804    0.0569675913
  -30.644264     -3.374601    0.0567501289
  -30.644264      3.374601    0.0567501289
  -30.644264     10.123804    0.0569675913
  -30.644264     16.873006    0.0574316769
  -30.644264     23.622208    0.0581962670
  -30.644264     30.371411    0.0593331157
  -30.644264     37.120613    0.0609266606
  -30.644264     43.869816    0.0630765930
  -30.644264     50.619018    0.0659163184

  -25.929762    -50.619018    0.0529013088
  -25.929762    -43.869816    0.0491666846
  -25.929762    -37.120613    0.0461656013
  -25.929762    -30.371411    0.0438137531
  -25.929762    -23.622208    0.0420375427
  -25.929762    -16.873006    0.0407716603
  -25.929762    -10.123804    0.0399613910
  -25.929762     -3.374601    0.0395668210
  -25.929762      3.374601    0.0395668210
  -25.929762     10.123804    0.0399613910
  -25.929762     16.873006    0.0407716603
  -25.929762     23.622208    0.0420375427
  -25.929762     30.371411    0.0438137531
  -25.929762     37.120613    0.0461656013
  -25.929762     43.869816    0.0491666846
  -25.929762     50.619018    0.0529013088

  -21.215260    -50.619018    0.0424850871
  -21.215260    -43.869816    0.0380514104
  -21.215260    -37.120613    0.0343919794
  -21.215260    -30.371411    0.0314542041
  -21.215260    -23.622208    0.0291839550
  -21.215260    -16.873006    0.0275311216
  -21.215260    -10.123804    0.0264541218
  -21.215260     -3.374601    0.0259233192
  -21.215260      3.374601    0.0259233192
  -21.215260     10.123804    0.0264541218
  -21.215260     16.873006    0.0275311216
  -21.215260     23.622208    0.0291839550
  -21.215260     30.371411    0.0314542041
  -21.215260     37.120613    0.0343919794
  -21.215260     43.869816    0.0380514104
  -21.215260     50.619018    0.0424850871

  -16.500757    -50.619018    0.0344276369
  -16.500757    -43.869816    0.0294610888
  -16.500757    -37.120613    0.0253088826
  -16.500757    -30.371411    0.0219321021
  -16.500757    -23.622208    0.0192906179
  -16.500757    -16.873006    0.0173470427
  -16.500757    -10.123804    0.0160701402
  -16.500757     -3.374601    0.0154375240
  -16.500757      3.374601    0.0154375240
  -16.500757     10.123804    0.0160701402
  -16.500757     16.873006    0.0173470427
  -16.500757     23.622208    0.0192906179
  -16.500757     30.371411    0.0219321021
  -16.500757     37.120613    0.0253088826
  -16.500757     43.869816    0.0294610888
  -16.500757     50.619018    0.0344276369

  -11.786255    -50.619018    0.0285426448
  -11.786255    -43.869816    0.0231931864
  -11.786255    -37.120613    0.0186890308
  -11.786255    -30.371411    0.0149989092
  -11.786255    -23.622208    0.0120924645
  -11.786255    -16.873006    0.0099415361
  -11.786255    -10.123804    0.0085222491
  -11.786255     -3.374601    0.0078171978
  -11.786255      3.374601    0.0078171978
  -11.786255     10.123804    0.0085222491
  -11.786255     16.873006    0.0099415361
  -11.786255     23.622208    0.0120924645
  -11.786255     30.371411    0.0149989092
  -11.786255     37.120613    0.0186890308
  -11.786255     43.869816    0.0231931864
  -11.786255     50.619018    0.0285426448

   -7.071753    -50.619018    0.0246936676
   -7.071753    -43.869816    0.0190983160
   -7.071753    -37.120613    0.0143664898
   -7.071753    -30.371411    0.0104741889
   -7.071753    -23.622208    0.0073973567
   -7.071753    -16.873006    0.0051132890
   -7.071753    -10.123804    0.0036025643
   -7.071753     -3.374601    0.0028509617
   -7.071753      3.374601    0.0028509617
   -7.071753     10.123804    0.0036025643
   -7.071753     16.873006    0.0051132890
   -7.071753     23.622208    0.0073973567
   -7.071753     30.371411    0.0104741889
   -7.071753     37.120613    0.0143664898
   -7.071753     43.869816    0.0190983160
   -7.071753     50.619018    0.0246936676

   -2.357251    -50.619018    0.0227912986
   -2.357251    -43.869816    0.0170762276
   -2.357251    -37.120613    0.0122322725
   -2.357251    -30.371411    0.0082406738
   -2.357251    -23.622208    0.0050804964
   -2.357251    -16.873006    0.0027314014
   -2.357251    -10.123804    0.0011759836
   -2.357251     -3.374601    0.0004015953
   -2.357251      3.374601    0.0004015953
   -2.357251     10.123804    0.0011759836
   -2.357251     16.873006    0.0027314014
   -2.357251     23.622208    0.0050804964
   -2.357251     30.371411    0.0082406738
   -2.357251     37.120613    0.0122322725
   -2.357251     43.869816    0.0170762276
   -2.357251     50.619018    0.0227912986

    2.357251    -50.619018    0.0227912986
    2.357251    -43.869816    0.0170762276
    2.357251    -37.120613    0.0122322725
    2.357251    -30.371411    0.0082406738
    2.357251    -23.622208    0.0050804964
    2.357251    -16.873006    0.0027314014
    2.357251    -10.123804    0.0011759836
    2.357251     -3.374601    0.0004015953
    2.357251      3.374601    0.0004015953
    2.357251     10.123804    0.0011759836
    2.357251     16.873006    0.0027314014
    2.357251     23.622208    0.0050804964
    2.357251     30.371411    0.0082406738
    2.357251     37.120613    0.0122322725
    2.357251     43.869816    0.0170762276
    2.357251     50.619018    0.0227912986

    7.071753    -50.619018    0.0246936676
    7.071753    -43.869816    0.0190983160
    7.071753    -37.120613    0.0143664898
    7.071753    -30.371411    0.0104741889
    7.071753    -23.622208    0.0073973567
    7.071753    -16.873006    0.0051132890
    7.071753    -10.123804    0.0036025643
    7.071753     -3.374601    0.0028509617
    7.071753      3.374601    0.0028509617
    7.071753     10.123804    0.0036025643
    7.071753     16.873006    0.0051132890
    7.071753     23.622208    0.0073973567
    7.071753     30.371411    0.0104741889
    7.071753     37.120613    0.0143664898
    7.071753     43.869816    0.0190983160
    7.071753     50.619018    0.0246936676

   11.786255    -50.619018    0.0285426448
   11.786255    -43.869816    0.0231931864
   11.786255    -37.120613    0.0186890308
   11.786255    -30.371411    0.0149989092
   11.786255    -23.622208    0.0120924645
   11.786255    -16.873006    0.0099415361
   11.786255    -10.123804    0.0085222491
   11.786255     -3.374601    0.0078171978
   11.786255      3.374601    0.0078171978
   11.786255     10.123804    0.0085222491
   11.786255     16.873006    0.0099415361
   11.786255     23.622208    0.0120924645
   11.786255     30.371411    0.0149989092
   11.786255     37.120613    0.0186890308
   11.786255     43.869816    0.0231931864
   11.786255     50.619018    0.0285426448

   16.500757    -50.619018    0.0344276369
   16.500757    -43.869816    0.0294610888
   16.500757    -37.120613    0.0253088826
   16.500757    -30.371411    0.0219321021
   16.500757    -23.622208    0.0192906179
   16.500757    -16.873006    0.0173470427
   16.500757    -10.123804    0.0160701402
   16.500757     -3.374601    0.0154375240
   16.500757      3.374601    0.0154375240
   16.500757     10.123804    0.0160701402
   16.500757     16.873006    0.0173470427
   16.500757     23.622208    0.0192906179
   16.500757     30.371411    0.0219321021
   16.500757     37.120613    0.0253088826
   16.500757     43.869816    0.0294610888
   16.500757     50.619018    0.0344276369

   21.215260    -50.619018    0.0424850871
   21.215260    -43.869816    0.0380514104
   21.215260    -37.120613    0.0343919794
   21.215260    -30.371411    0.0314542041
   21.215260    -23.622208    0.0291839550
   21.215260    -16.873006    0.0275311216
   21.215260    -10.123804    0.0264541218
   21.215260     -3.374601    0.0259233192
   21.215260      3.374601    0.0259233192
   21.215260     10.123804    0.0264541218
   21.215260     16.873006    0.0275311216
   21.215260     23.622208    0.0291839550
   21.215260     30.371411    0.0314542041
   21.215260     37.120613    0.0343919794
   21.215260     43.869816    0.0380514104
   21.215260     50.619018    0.0424850871

   25.929762    -50.619018    0.0529013088
   25.929762    -43.869816    0.0491666846
   25.929762    -37.120613    0.0461656013
   25.929762    -30.371411    0.0438137531
   25.929762    -23.622208    0.0420375427
   25.929762    -16.873006    0.0407716603
   25.929762    -10.123804    0.0399613910
   25.929762     -3.374601    0.0395668210
   25.929762      3.374601    0.0395668210
   25.929762     10.123804    0.0399613910
   25.929762     16.873006    0.0407716603
   25.929762     23.622208    0.0420375427
   25.929762     30.371411    0.0438137531
   25.929762     37.120613    0.0461656013
   25.929762     43.869816    0.0491666846
   25.929762     50.619018    0.0529013088

   30.644264    -50.619018    0.0659163184
   30.644264    -43.869816    0.0630765930
   30.644264    -37.120613    0.0609266606
   30.644264    -30.371411    0.0593331157
   30.644264    -23.622208    0.0581962670
   30.644264    -16.873006    0.0574316769
   30.644264    -10.123804    0.0569675913
   30.644264     -3.374601    0.0567501289
   30.644264      3.374601    0.0567501289
   30.644264     10.123804    0.0569675913
   30.644264     16.873006    0.0574316769
   30.644264     23.622208    0.0581962670
   30.644264     30.371411    0.0593331157
   30.644264     37.120613    0.0609266606
   30.644264     43.869816    0.0630765930
   30.644264     50.619018    0.0659163184

   35.358766    -50.619018    0.0818287165
   35.358766    -43.869816    0.0801493818
   35.358766    -37.120613    0.0790559538
   35.358766    -30.371411    0.0784142791
   35.358766    -23.622208    0.0780925377
   35.358766    -16.873006    0.0779705655
   35.358766    -10.123804    0.0779489126
   35.358766     -3.374601    0.0779565710
   35.358766      3.374601    0.0779565710
   35.358766     10.123804    0.0779489126
   35.358766     16.873006    0.0779705655
   35.358766     23.622208    0.0780925377
   35.358766     30.371411    0.0784142791
   35.358766     37.120613    0.0790559538
   35.358766     43.869816    0.0801493818
   35.358766     50.619018    0.0818287165

