  -38.681015    -91.194683   -0.0040048906
  -38.681015    -79.035392   -0.0030941720
  -38.681015    -66.876101   -0.0023014531
  -38.681015    -54.716810   -0.0016262583
  -38.681015    -42.557519   -0.0010675544
  -38.681015    -30.398228   -0.0006237061
  -38.681015    -18.238937   -0.0002924384
  -38.681015     -6.079646   -0.0000708085
  -38.681015      6.079646    0.0000448157
  -38.681015     18.238937    0.0000587677
  -38.681015     30.398228   -0.0000239121
  -38.681015     42.557519   -0.0001974804
  -38.681015     54.716810   -0.0004555019
  -38.681015     66.876101   -0.0007908688
  -38.681015     79.035392   -0.0011958281
  -38.681015     91.194683   -0.0016620170

  -33.523546    -91.194683   -0.0029415479
  -33.523546    -79.035392   -0.0022586032
  -33.523546    -66.876101   -0.0016680525
  -33.523546    -54.716810   -0.0011687736
  -33.523546    -42.557519   -0.0007592439
  -33.523546    -30.398228   -0.0004375007
  -33.523546    -18.238937   -0.0002011088
  -33.523546     -6.079646   -0.0000471359
  -33.523546      6.079646    0.0000278642
  -33.523546     18.238937    0.0000278611
  -33.523546     30.398228   -0.0000426513
  -33.523546     42.557519   -0.0001786600
  -33.523546     54.716810   -0.0003746478
  -33.523546     66.876101   -0.0006246139
  -33.523546     79.035392   -0.0009221038
  -33.523546     91.194683   -0.0012602458

  -28.366078    -91.194683   -0.0020753082
  -28.366078    -79.035392   -0.0015822284
  -28.366078    -66.876101   -0.0011590370
  -28.366078    -54.716810   -0.0008042893
  -28.366078    -42.557519   -0.0005162310
  -28.366078    -30.398228   -0.0002927789
  -28.366078    -18.238937   -0.0001315063
  -28.366078     -6.079646   -0.0000296315
  -28.366078      6.079646    0.0000159896
  -28.366078     18.238937    0.0000088666
  -28.366078     30.398228   -0.0000471255
  -28.366078     42.557519   -0.0001477513
  -28.366078     54.716810   -0.0002884228
  -28.366078     66.876101   -0.0004642118
  -28.366078     79.035392   -0.0006698661
  -28.366078     91.194683   -0.0008998295

  -23.208609    -91.194683   -0.0013849871
  -23.208609    -79.035392   -0.0010471338
  -23.208609    -66.876101   -0.0007597373
  -23.208609    -54.716810   -0.0005212533
  -23.208609    -42.557519   -0.0003299002
  -23.208609    -30.398228   -0.0001836577
  -23.208609    -18.238937   -0.0000802670
  -23.208609     -6.079646   -0.0000172308
  -23.208609      6.079646    0.0000081864
  -23.208609     18.238937   -0.0000010432
  -23.208609     30.398228   -0.0000417124
  -23.208609     42.557519   -0.0001103807
  -23.208609     54.716810   -0.0002033769
  -23.208609     66.876101   -0.0003168028
  -23.208609     79.035392   -0.0004465360
  -23.208609     91.194683   -0.0005882343

  -18.051140    -91.194683   -0.0008518249
  -18.051140    -79.035392   -0.0006374179
  -18.051140    -66.876101   -0.0004570646
  -18.051140    -54.716810   -0.0003092941
  -18.051140    -42.557519   -0.0001924692
  -18.051140    -30.398228   -0.0001047941
  -18.051140    -18.238937   -0.0000443216
  -18.051140     -6.079646   -0.0000089585
  -18.051140      6.079646    0.0000035301
  -18.051140     18.238937   -0.0000044828
  -18.051140     30.398228   -0.0000304877
  -18.051140     42.557519   -0.0000718394
  -18.051140     54.716810   -0.0001257568
  -18.051140     66.876101   -0.0001893210
  -18.051140     79.035392   -0.0002594722
  -18.051140     91.194683   -0.0003330060

  -12.893672    -91.194683   -0.0004592135
  -12.893672    -79.035392   -0.0003389485
  -12.893672    -66.876101   -0.0002393163
  -12.893672    -54.716810   -0.0001590743
  -12.893672    -42.557519   -0.0000968827
  -12.893672    -30.398228   -0.0000513122
  -12.893672    -18.238937   -0.0000208516
  -12.893672     -6.079646   -0.0000039137
  -12.893672      6.079646    0.0000011606
  -12.893672     18.238937   -0.0000039013
  -12.893672     30.398228   -0.0000173051
  -12.893672     42.557519   -0.0000371903
  -12.893672     54.716810   -0.0000616290
  -12.893672     66.876101   -0.0000886242
  -12.893672     79.035392   -0.0001161054
  -12.893672     91.194683   -0.0001419243

   -7.736203    -91.194683   -0.0001924364
   -7.736203    -79.035392   -0.0001391295
   -7.736203    -66.876101   -0.0000959865
   -7.736203    -54.716810   -0.0000621460
   -7.736203    -42.557519   -0.0000367062
   -7.736203    -30.398228   -0.0000187292
   -7.736203    -18.238937   -0.0000072448
   -7.736203     -6.079646   -0.0000012544
   -7.736203      6.079646    0.0000002672
   -7.736203     18.238937   -0.0000016308
   -7.736203     30.398228   -0.0000058759
   -7.736203     42.557519   -0.0000113732
   -7.736203     54.716810   -0.0000170050
   -7.736203     66.876101   -0.0000216301
   -7.736203     79.035392   -0.0000240823
   -7.736203     91.194683   -0.0000231680

   -2.578734    -91.194683   -0.0000384190
   -2.578734    -79.035392   -0.0000266796
   -2.578734    -66.876101   -0.0000175846
   -2.578734    -54.716810   -0.0000108086
   -2.578734    -42.557519   -0.0000060198
   -2.578734    -30.398228   -0.0000028810
   -2.578734    -18.238937   -0.0000010504
   -2.578734     -6.079646   -0.0000001822
   -2.578734      6.079646    0.0000000727
   -2.578734     18.238937    0.0000000662
   -2.578734     30.398228    0.0000001525
   -2.578734     42.557519    0.0000006880
   -2.578734     54.716810    0.0000020308
   -2.578734     66.876101    0.0000045406
   -2.578734     79.035392    0.0000085786
   -2.578734     91.194683    0.0000145076

    2.578734    -91.194683    0.0000145076
    2.578734    -79.035392    0.0000085786
    2.578734    -66.876101    0.0000045406
    2.578734    -54.716810    0.0000020308
    2.578734    -42.557519    0.0000006880
    2.578734    -30.398228    0.0000001525
    2.578734    -18.238937    0.0000000662
    2.578734     -6.079646    0.0000000727
    2.578734      6.079646   -0.0000001822
    2.578734     18.238937   -0.0000010504
    2.578734     30.398228   -0.0000028810
    2.578734     42.557519   -0.0000060198
    2.578734     54.716810   -0.0000108086
    2.578734     66.876101   -0.0000175846
    2.578734     79.035392   -0.0000266796
    2.578734     91.194683   -0.0000384190

    7.736203    -91.194683   -0.0000231680
    7.736203    -79.035392   -0.0000240823
    7.736203    -66.876101   -0.0000216301
    7.736203    -54.716810   -0.0000170050
    7.736203    -42.557519   -0.0000113732
    7.736203    -30.398228   -0.0000058759
    7.736203    -18.238937   -0.0000016308
    7.736203     -6.079646    0.0000002672
    7.736203      6.079646   -0.0000012544
    7.736203     18.238937   -0.0000072448
    7.736203     30.398228   -0.0000187292
    7.736203     42.557519   -0.0000367062
    7.736203     54.716810   -0.0000621460
    7.736203     66.876101   -0.0000959865
    7.736203     79.035392   -0.0001391295
    7.736203     91.194683   -0.0001924364

   12.893672    -91.194683   -0.0001419243
   12.893672    -79.035392   -0.0001161054
   12.893672    -66.876101   -0.0000886242
   12.893672    -54.716810   -0.0000616290
   12.893672    -42.557519   -0.0000371903
   12.893672    -30.398228   -0.0000173051
   12.893672    -18.238937   -0.0000039013
   12.893672     -6.079646    0.0000011606
   12.893672      6.079646   -0.0000039137
   12.893672     18.238937   -0.0000208516
   12.893672     30.398228   -0.0000513122
   12.893672     42.557519   -0.0000968827
   12.893672     54.716810   -0.0001590743
   12.893672     66.876101   -0.0002393163
   12.893672     79.035392   -0.0003389485
   12.893672     91.194683   -0.0004592135

   18.051140    -91.194683   -0.0003330060
   18.051140    -79.035392   -0.0002594722
   18.051140    -66.876101   -0.0001893210
   18.051140    -54.716810   -0.0001257568
   18.051140    -42.557519   -0.0000718394
   18.051140    -30.398228   -0.0000304877
   18.051140    -18.238937   -0.0000044828
   18.051140     -6.079646    0.0000035301
   18.051140      6.079646   -0.0000089585
   18.051140     18.238937   -0.0000443216
   18.051140     30.398228   -0.0001047941
   18.051140     42.557519   -0.0001924692
   18.051140     54.716810   -0.0003092941
   18.051140     66.876101   -0.0004570646
   18.051140     79.035392   -0.0006374179
   18.051140     91.194683   -0.0008518249

   23.208609    -91.194683   -0.0005882343
   23.208609    -79.035392   -0.0004465360
   23.208609    -66.876101   -0.0003168028
   23.208609    -54.716810   -0.0002033769
   23.208609    -42.557519   -0.0001103807
   23.208609    -30.398228   -0.0000417124
   23.208609    -18.238937   -0.0000010432
   23.208609     -6.079646    0.0000081864
   23.208609      6.079646   -0.0000172308
   23.208609     18.238937   -0.0000802670
   23.208609     30.398228   -0.0001836577
   23.208609     42.557519   -0.0003299002
   23.208609     54.716810   -0.0005212533
   23.208609     66.876101   -0.0007597373
   23.208609     79.035392   -0.0010471338
   23.208609     91.194683   -0.0013849871

   28.366078    -91.194683   -0.0008998295
   28.366078    -79.035392   -0.0006698661
   28.366078    -66.876101   -0.0004642118
   28.366078    -54.716810   -0.0002884228
   28.366078    -42.557519   -0.0001477513
   28.366078    -30.398228   -0.0000471255
   28.366078    -18.238937    0.0000088666
   28.366078     -6.079646    0.0000159896
   28.366078      6.079646   -0.0000296315
   28.366078     18.238937   -0.0001315063
   28.366078     30.398228   -0.0002927789
   28.366078     42.557519   -0.0005162310
   28.366078     54.716810   -0.0008042893
   28.366078     66.876101   -0.0011590370
   28.366078     79.035392   -0.0015822284
   28.366078     91.194683   -0.0020753082

   33.523546    -91.194683   -0.0012602458
   33.523546    -79.035392   -0.0009221038
   33.523546    -66.876101   -0.0006246139
   33.523546    -54.716810   -0.0003746478
   33.523546    -42.557519   -0.0001786600
   33.523546    -30.398228   -0.0000426513
   33.523546    -18.238937    0.0000278611
   33.523546     -6.079646    0.0000278642
   33.523546      6.079646   -0.0000471359
   33.523546     18.238937   -0.0002011088
   33.523546     30.398228   -0.0004375007
   33.523546     42.557519   -0.0007592439
   33.523546     54.716810   -0.0011687736
   33.523546     66.876101   -0.0016680525
   33.523546     79.035392   -0.0022586032
   33.523546     91.194683   -0.0029415479

   38.681015    -91.194683   -0.0016620170
   38.681015    -79.035392   -0.0011958281
   38.681015    -66.876101   -0.0007908688
   38.681015    -54.716810   -0.0004555019
   38.681015    -42.557519   -0.0001974804
   38.681015    -30.398228   -0.0000239121
   38.681015    -18.238937    0.0000587677
   38.681015     -6.079646    0.0000448157
   38.681015      6.079646   -0.0000708085
   38.681015     18.238937   -0.0002924384
   38.681015     30.398228   -0.0006237061
   38.681015     42.557519   -0.0010675544
   38.681015     54.716810   -0.0016262583
   38.681015     66.876101   -0.0023014531
   38.681015     79.035392   -0.0030941720
   38.681015     91.194683   -0.0040048906

