  -48.902142   -119.276109    0.0294739970
  -48.902142   -103.372628    0.0284073109
  -48.902142    -87.469147    0.0275206948
  -48.902142    -71.565666    0.0268018252
  -48.902142    -55.662184    0.0262411233
  -48.902142    -39.758703    0.0258319570
  -48.902142    -23.855222    0.0255708174
  -48.902142     -7.951741    0.0254574688
  -48.902142      7.951741    0.0254950731
  -48.902142     23.855222    0.0256902880
  -48.902142     39.758703    0.0260533389
  -48.902142     55.662184    0.0265980655
  -48.902142     71.565666    0.0273419417
  -48.902142     87.469147    0.0283060699
  -48.902142    103.372628    0.0295151490
  -48.902142    119.276109    0.0309974170

  -42.381856   -119.276109    0.0230831558
  -42.381856   -103.372628    0.0220222263
  -42.381856    -87.469147    0.0211398407
  -42.381856    -71.565666    0.0204234925
  -42.381856    -55.662184    0.0198634649
  -42.381856    -39.758703    0.0194530328
  -42.381856    -23.855222    0.0191886392
  -42.381856     -7.951741    0.0190700452
  -42.381856      7.951741    0.0191004548
  -42.381856     23.855222    0.0192866124
  -42.381856     39.758703    0.0196388754
  -42.381856     55.662184    0.0201712603
  -42.381856     71.565666    0.0209014628
  -42.381856     87.469147    0.0218508522
  -42.381856    103.372628    0.0230444392
  -42.381856    119.276109    0.0245108185

  -35.861571   -119.276109    0.0176219472
  -35.861571   -103.372628    0.0165688798
  -35.861571    -87.469147    0.0156925741
  -35.861571    -71.565666    0.0149803165
  -35.861571    -55.662184    0.0144222307
  -35.861571    -39.758703    0.0140114798
  -35.861571    -23.855222    0.0137444427
  -35.861571     -7.951741    0.0136208639
  -35.861571      7.951741    0.0136439782
  -35.861571     23.855222    0.0138206087
  -35.861571     39.758703    0.0141612390
  -35.861571     55.662184    0.0146800594
  -35.861571     71.565666    0.0153949871
  -35.861571     87.469147    0.0163276604
  -35.861571    103.372628    0.0175034066
  -35.861571    119.276109    0.0189511846

  -29.341285   -119.276109    0.0130857359
  -29.341285   -103.372628    0.0120412849
  -29.341285    -87.469147    0.0111717759
  -29.341285    -71.565666    0.0104642875
  -29.341285    -55.662184    0.0099087816
  -29.341285    -39.758703    0.0094983054
  -29.341285    -23.855222    0.0092291681
  -29.341285     -7.951741    0.0091010904
  -29.341285      7.951741    0.0091173297
  -29.341285     23.855222    0.0092847773
  -29.341285     39.758703    0.0096140314
  -29.341285     55.662184    0.0101194427
  -29.341285     71.565666    0.0108191351
  -29.341285     87.469147    0.0117349992
  -29.341285    103.372628    0.0128926613
  -29.341285    119.276109    0.0143214249

  -22.821000   -119.276109    0.0094681161
  -22.821000   -103.372628    0.0084319095
  -22.821000    -87.469147    0.0075689704
  -22.821000    -71.565666    0.0068661879
  -22.821000    -55.662184    0.0063133753
  -22.821000    -39.758703    0.0059034725
  -22.821000    -23.855222    0.0056327222
  -22.821000     -7.951741    0.0055008199
  -22.821000      7.951741    0.0055110384
  -22.821000     23.855222    0.0056703257
  -22.821000     39.758703    0.0059893776
  -22.821000     55.662184    0.0064826836
  -22.821000     71.565666    0.0071685470
  -22.821000     87.469147    0.0080690795
  -22.821000    103.372628    0.0092101688
  -22.821000    119.276109    0.0106214213

  -16.300714   -119.276109    0.0067622984
  -16.300714   -103.372628    0.0057330635
  -16.300714    -87.469147    0.0048757124
  -16.300714    -71.565666    0.0041769787
  -16.300714    -55.662184    0.0036265533
  -16.300714    -39.758703    0.0032172869
  -16.300714    -23.855222    0.0029453661
  -16.300714     -7.951741    0.0028104636
  -16.300714      7.951741    0.0028158627
  -16.300714     23.855222    0.0029685549
  -16.300714     39.758703    0.0032793128
  -16.300714     55.662184    0.0037627359
  -16.300714     71.565666    0.0044372708
  -16.300714     87.469147    0.0053252053
  -16.300714    103.372628    0.0064526368
  -16.300714    119.276109    0.0078494144

   -9.780428   -119.276109    0.0049622198
   -9.780428   -103.372628    0.0039380081
   -9.780428    -87.469147    0.0030846969
   -9.780428    -71.565666    0.0023889098
   -9.780428    -55.662184    0.0018402507
   -9.780428    -39.758703    0.0014315068
   -9.780428    -23.855222    0.0011588243
   -9.780428     -7.951741    0.0010218591
   -9.780428      7.951741    0.0010239005
   -9.780428     23.855222    0.0011719699
   -9.780428     39.758703    0.0014768926
   -9.780428     55.662184    0.0019533443
   -9.780428     71.565666    0.0026198710
   -9.780428     87.469147    0.0034988834
   -9.780428    103.372628    0.0046166249
   -9.780428    119.276109    0.0060031139

   -3.260143   -119.276109    0.0040633759
   -3.260143   -103.372628    0.0030417884
   -3.260143    -87.469147    0.0021905917
   -3.260143    -71.565666    0.0014963520
   -3.260143    -55.662184    0.0009486285
   -3.260143    -39.758703    0.0005401753
   -3.260143    -23.855222    0.0002671176
   -3.260143     -7.951741    0.0001291022
   -3.260143      7.951741    0.0001294214
   -3.260143     23.855222    0.0002751116
   -3.260143     39.758703    0.0005770249
   -3.260143     55.662184    0.0010498761
   -3.260143     71.565666    0.0017122620
   -3.260143     87.469147    0.0025866563
   -3.260143    103.372628    0.0036993774
   -3.260143    119.276109    0.0050805304

    3.260143   -119.276109    0.0040633759
    3.260143   -103.372628    0.0030417884
    3.260143    -87.469147    0.0021905917
    3.260143    -71.565666    0.0014963520
    3.260143    -55.662184    0.0009486285
    3.260143    -39.758703    0.0005401753
    3.260143    -23.855222    0.0002671176
    3.260143     -7.951741    0.0001291022
    3.260143      7.951741    0.0001294214
    3.260143     23.855222    0.0002751116
    3.260143     39.758703    0.0005770249
    3.260143     55.662184    0.0010498761
    3.260143     71.565666    0.0017122620
    3.260143     87.469147    0.0025866563
    3.260143    103.372628    0.0036993774
    3.260143    119.276109    0.0050805304

    9.780428   -119.276109    0.0049622198
    9.780428   -103.372628    0.0039380081
    9.780428    -87.469147    0.0030846969
    9.780428    -71.565666    0.0023889098
    9.780428    -55.662184    0.0018402507
    9.780428    -39.758703    0.0014315068
    9.780428    -23.855222    0.0011588243
    9.780428     -7.951741    0.0010218591
    9.780428      7.951741    0.0010239005
    9.780428     23.855222    0.0011719699
    9.780428     39.758703    0.0014768926
    9.780428     55.662184    0.0019533443
    9.780428     71.565666    0.0026198710
    9.780428     87.469147    0.0034988834
    9.780428    103.372628    0.0046166249
    9.780428    119.276109    0.0060031139

   16.300714   -119.276109    0.0067622984
   16.300714   -103.372628    0.0057330635
   16.300714    -87.469147    0.0048757124
   16.300714    -71.565666    0.0041769787
   16.300714    -55.662184    0.0036265533
   16.300714    -39.758703    0.0032172869
   16.300714    -23.855222    0.0029453661
   16.300714     -7.951741    0.0028104636
   16.300714      7.951741    0.0028158627
   16.300714     23.855222    0.0029685549
   16.300714     39.758703    0.0032793128
   16.300714     55.662184    0.0037627359
   16.300714     71.565666    0.0044372708
   16.300714     87.469147    0.0053252053
   16.300714    103.372628    0.0064526368
   16.300714    119.276109    0.0078494144

   22.821000   -119.276109    0.0094681161
   22.821000   -103.372628    0.0084319095
   22.821000    -87.469147    0.0075689704
   22.821000    -71.565666    0.0068661879
   22.821000    -55.662184    0.0063133753
   22.821000    -39.758703    0.0059034725
   22.821000    -23.855222    0.0056327222
   22.821000     -7.951741    0.0055008199
   22.821000      7.951741    0.0055110384
   22.821000     23.855222    0.0056703257
   22.821000     39.758703    0.0059893776
   22.821000     55.662184    0.0064826836
   22.821000     71.565666    0.0071685470
   22.821000     87.469147    0.0080690795
   22.821000    103.372628    0.0092101688
   22.821000    119.276109    0.0106214213

   29.341285   -119.276109    0.0130857359
   29.341285   -103.372628    0.0120412849
   29.341285    -87.469147    0.0111717759
   29.341285    -71.565666    0.0104642875
   29.341285    -55.662184    0.0099087816
   29.341285    -39.758703    0.0094983054
   29.341285    -23.855222    0.0092291681
   29.341285     -7.951741    0.0091010904
   29.341285      7.951741    0.0091173297
   29.341285     23.855222    0.0092847773
   29.341285     39.758703    0.0096140314
   29.341285     55.662184    0.0101194427
   29.341285     71.565666    0.0108191351
   29.341285     87.469147    0.0117349992
   29.341285    103.372628    0.0128926613
   29.341285    119.276109    0.0143214249

   35.861571   -119.276109    0.0176219472
   35.861571   -103.372628    0.0165688798
   35.861571    -87.469147    0.0156925741
   35.861571    -71.565666    0.0149803165
   35.861571    -55.662184    0.0144222307
   35.861571    -39.758703    0.0140114798
   35.861571    -23.855222    0.0137444427
   35.861571     -7.951741    0.0136208639
   35.861571      7.951741    0.0136439782
   35.861571     23.855222    0.0138206087
   35.861571     39.758703    0.0141612390
   35.861571     55.662184    0.0146800594
   35.861571     71.565666    0.0153949871
   35.861571     87.469147    0.0163276604
   35.861571    103.372628    0.0175034066
   35.861571    119.276109    0.0189511846

   42.381856   -119.276109    0.0230831558
   42.381856   -103.372628    0.0220222263
   42.381856    -87.469147    0.0211398407
   42.381856    -71.565666    0.0204234925
   42.381856    -55.662184    0.0198634649
   42.381856    -39.758703    0.0194530328
   42.381856    -23.855222    0.0191886392
   42.381856     -7.951741    0.0190700452
   42.381856      7.951741    0.0191004548
   42.381856     23.855222    0.0192866124
   42.381856     39.758703    0.0196388754
   42.381856     55.662184    0.0201712603
   42.381856     71.565666    0.0209014628
   42.381856     87.469147    0.0218508522
   42.381856    103.372628    0.0230444392
   42.381856    119.276109    0.0245108185

   48.902142   -119.276109    0.0294739970
   48.902142   -103.372628    0.0284073109
   48.902142    -87.469147    0.0275206948
   48.902142    -71.565666    0.0268018252
   48.902142    -55.662184    0.0262411233
   48.902142    -39.758703    0.0258319570
   48.902142    -23.855222    0.0255708174
   48.902142     -7.951741    0.0254574688
   48.902142      7.951741    0.0254950731
   48.902142     23.855222    0.0256902880
   48.902142     39.758703    0.0260533389
   48.902142     55.662184    0.0265980655
   48.902142     71.565666    0.0273419417
   48.902142     87.469147    0.0283060699
   48.902142    103.372628    0.0295151490
   48.902142    119.276109    0.0309974170

