  -47.136383    -96.008735    0.0021855732
  -47.136383    -81.238160    0.0018369469
  -47.136383    -66.467585    0.0014829077
  -47.136383    -51.697011    0.0011320031
  -47.136383    -36.926436    0.0007903352
  -47.136383    -22.155862    0.0004620391
  -47.136383     -7.385287    0.0001497041
  -47.136383      7.385287   -0.0001452593
  -47.136383     22.155862   -0.0004223104
  -47.136383     36.926436   -0.0006815241
  -47.136383     51.697011   -0.0009233943
  -47.136383     66.467585   -0.0011486918
  -47.136383     81.238160   -0.0013583799
  -47.136383     96.008735   -0.0015535849
  -47.136383    110.779309   -0.0017356239
  -47.136383    125.549884   -0.0019060882

  -40.851532    -96.008735    0.0017427064
  -40.851532    -81.238160    0.0014523624
  -40.851532    -66.467585    0.0011624366
  -40.851532    -51.697011    0.0008796457
  -40.851532    -36.926436    0.0006086774
  -40.851532    -22.155862    0.0003525911
  -40.851532     -7.385287    0.0001131725
  -40.851532      7.385287   -0.0001087588
  -40.851532     22.155862   -0.0003130886
  -40.851532     36.926436   -0.0005001927
  -40.851532     51.697011   -0.0006707699
  -40.851532     66.467585   -0.0008257197
  -40.851532     81.238160   -0.0009660682
  -40.851532     96.008735   -0.0010929392
  -40.851532    110.779309   -0.0012075730
  -40.851532    125.549884   -0.0013113911

  -34.566681    -96.008735    0.0013420499
  -34.566681    -81.238160    0.0011067259
  -34.566681    -66.467585    0.0008762470
  -34.566681    -51.697011    0.0006556780
  -34.566681    -36.926436    0.0004484360
  -34.566681    -22.155862    0.0002566245
  -34.566681     -7.385287    0.0000813293
  -34.566681      7.385287   -0.0000771261
  -34.566681     22.155862   -0.0002189638
  -34.566681     36.926436   -0.0003447746
  -34.566681     51.697011   -0.0004553800
  -34.566681     66.467585   -0.0005517345
  -34.566681     81.238160   -0.0006348663
  -34.566681     96.008735   -0.0007058581
  -34.566681    110.779309   -0.0007658668
  -34.566681    125.549884   -0.0008161834

  -28.281830    -96.008735    0.0009877211
  -28.281830    -81.238160    0.0008037335
  -28.281830    -66.467585    0.0006275153
  -28.281830    -51.697011    0.0004626642
  -28.281830    -36.926436    0.0003114894
  -28.281830    -22.155862    0.0001752826
  -28.281830     -7.385287    0.0000545576
  -28.281830      7.385287   -0.0000507437
  -28.281830     22.155862   -0.0001410780
  -28.281830     36.926436   -0.0002171602
  -28.281830     51.697011   -0.0002798554
  -28.281830     66.467585   -0.0003301047
  -28.281830     81.238160   -0.0003688827
  -28.281830     96.008735   -0.0003971888
  -28.281830    110.779309   -0.0004160710
  -28.281830    125.549884   -0.0004266820

  -21.996979    -96.008735    0.0006822938
  -21.996979    -81.238160    0.0005457420
  -21.996979    -66.467585    0.0004182828
  -21.996979    -51.697011    0.0003022531
  -21.996979    -36.926436    0.0001990404
  -21.996979    -22.155862    0.0001092921
  -21.996979     -7.385287    0.0000330986
  -21.996979      7.385287   -0.0000298498
  -21.996979     22.155862   -0.0000801317
  -21.996979     36.926436   -0.0001184897
  -21.996979     51.697011   -0.0001457516
  -21.996979     66.467585   -0.0001627772
  -21.996979     81.238160   -0.0001704317
  -21.996979     96.008735   -0.0001695848
  -21.996979    110.779309   -0.0001611361
  -21.996979    125.549884   -0.0001460661

  -15.712128    -96.008735    0.0004267936
  -15.712128    -81.238160    0.0003337553
  -15.712128    -66.467585    0.0002494424
  -15.712128    -51.697011    0.0001751673
  -15.712128    -36.926436    0.0001116088
  -15.712128    -22.155862    0.0000589589
  -15.712128     -7.385287    0.0000170500
  -15.712128      7.385287   -0.0000145360
  -15.712128     22.155862   -0.0000363778
  -15.712128     36.926436   -0.0000491436
  -15.712128     51.697011   -0.0000535385
  -15.712128     66.467585   -0.0000502710
  -15.712128     81.238160   -0.0000400380
  -15.712128     96.008735   -0.0000235288
  -15.712128    110.779309   -0.0000014478
  -15.712128    125.549884    0.0000254440

   -9.427277    -96.008735    0.0002207491
   -9.427277    -81.238160    0.0001674595
   -9.427277    -66.467585    0.0001207661
   -9.427277    -51.697011    0.0000812263
   -9.427277    -36.926436    0.0000490488
   -9.427277    -22.155862    0.0000241783
   -9.427277     -7.385287    0.0000063694
   -9.427277      7.385287   -0.0000047509
   -9.427277     22.155862   -0.0000096322
   -9.427277     36.926436   -0.0000087601
   -9.427277     51.697011   -0.0000026278
   -9.427277     66.467585    0.0000082816
   -9.427277     81.238160    0.0000235016
   -9.427277     96.008735    0.0000425770
   -9.427277    110.779309    0.0000650486
   -9.427277    125.549884    0.0000904251

   -3.142426    -96.008735    0.0000622994
   -3.142426    -81.238160    0.0000453088
   -3.142426    -66.467585    0.0000309746
   -3.142426    -51.697011    0.0000194014
   -3.142426    -36.926436    0.0000105890
   -3.142426    -22.155862    0.0000044601
   -3.142426     -7.385287    0.0000008828
   -3.142426      7.385287   -0.0000003090
   -3.142426     22.155862    0.0000007002
   -3.142426     36.926436    0.0000037196
   -3.142426     51.697011    0.0000085609
   -3.142426     66.467585    0.0000150437
   -3.142426     81.238160    0.0000229959
   -3.142426     96.008735    0.0000322524
   -3.142426    110.779309    0.0000426480
   -3.142426    125.549884    0.0000540086

    3.142426    -96.008735   -0.0000516431
    3.142426    -81.238160   -0.0000353399
    3.142426    -66.467585   -0.0000221513
    3.142426    -51.697011   -0.0000120964
    3.142426    -36.926436   -0.0000051030
    3.142426    -22.155862   -0.0000010326
    3.142426     -7.385287    0.0000002977
    3.142426      7.385287   -0.0000009033
    3.142426     22.155862   -0.0000044158
    3.142426     36.926436   -0.0000100199
    3.142426     51.697011   -0.0000175035
    3.142426     66.467585   -0.0000266662
    3.142426     81.238160   -0.0000373201
    3.142426     96.008735   -0.0000492865
    3.142426    110.779309   -0.0000623892
    3.142426    125.549884   -0.0000764447

    9.427277    -96.008735   -0.0001251731
    9.427277    -81.238160   -0.0000780421
    9.427277    -66.467585   -0.0000416182
    9.427277    -51.697011   -0.0000156951
    9.427277    -36.926436    0.0000001671
    9.427277    -22.155862    0.0000065712
    9.427277     -7.385287    0.0000042219
    9.427277      7.385287   -0.0000061253
    9.427277     22.155862   -0.0000237039
    9.427277     36.926436   -0.0000477668
    9.427277     51.697011   -0.0000776063
    9.427277     66.467585   -0.0001125630
    9.427277     81.238160   -0.0001520256
    9.427277     96.008735   -0.0001954199
    9.427277    110.779309   -0.0002421868
    9.427277    125.549884   -0.0002917517

   15.712128    -96.008735   -0.0001631182
   15.712128    -81.238160   -0.0000870312
   15.712128    -66.467585   -0.0000310259
   15.712128    -51.697011    0.0000056912
   15.712128    -36.926436    0.0000242324
   15.712128    -22.155862    0.0000259184
   15.712128     -7.385287    0.0000121863
   15.712128      7.385287   -0.0000154878
   15.712128     22.155862   -0.0000556491
   15.712128     36.926436   -0.0001069078
   15.712128     51.697011   -0.0001679667
   15.712128     66.467585   -0.0002376327
   15.712128     81.238160   -0.0003148114
   15.712128     96.008735   -0.0003984857
   15.712128    110.779309   -0.0004876778
   15.712128    125.549884   -0.0005813950

   21.996979    -96.008735   -0.0001707077
   21.996979    -81.238160   -0.0000669347
   21.996979    -66.467585    0.0000056683
   21.996979    -51.697011    0.0000488494
   21.996979    -36.926436    0.0000647001
   21.996979    -22.155862    0.0000555150
   21.996979     -7.385287    0.0000236738
   21.996979      7.385287   -0.0000284548
   21.996979     22.155862   -0.0000985878
   21.996979     36.926436   -0.0001845803
   21.996979     51.697011   -0.0002844569
   21.996979     66.467585   -0.0003964199
   21.996979     81.238160   -0.0005188373
   21.996979     96.008735   -0.0006502075
   21.996979    110.779309   -0.0007891034
   21.996979    125.549884   -0.0009340940

   28.281830    -96.008735   -0.0001531860
   28.281830    -81.238160   -0.0000224401
   28.281830    -66.467585    0.0000644275
   28.281830    -51.697011    0.0001104859
   28.281830    -36.926436    0.0001191111
   28.281830    -22.155862    0.0000938234
   28.281830     -7.385287    0.0000381519
   28.281830      7.385287   -0.0000444749
   28.281830     22.155862   -0.0001508118
   28.281830     36.926436   -0.0002778522
   28.281830     51.697011   -0.0004228583
   28.281830     66.467585   -0.0005833633
   28.281830     81.238160   -0.0007571480
   28.281830     96.008735   -0.0009421904
   28.281830    110.779309   -0.0011365886
   28.281830    125.549884   -0.0013384573

   34.566681    -96.008735   -0.0001153705
   34.566681    -81.238160    0.0000420883
   34.566681    -66.467585    0.0001414536
   34.566681    -51.697011    0.0001874786
   34.566681    -36.926436    0.0001851225
   34.566681    -22.155862    0.0001393751
   34.566681     -7.385287    0.0000551117
   34.566681      7.385287   -0.0000630212
   34.566681     22.155862   -0.0002106901
   34.566681     36.926436   -0.0003839278
   34.566681     51.697011   -0.0005791564
   34.566681     66.467585   -0.0007931804
   34.566681     81.238160   -0.0010231483
   34.566681     96.008735   -0.0012664845
   34.566681    110.779309   -0.0015207908
   34.566681    125.549884   -0.0017837166

   40.851532    -96.008735   -0.0000611529
   40.851532    -81.238160    0.0001230428
   40.851532    -66.467585    0.0002335483
   40.851532    -51.697011    0.0002771620
   40.851532    -36.926436    0.0002607151
   40.851532    -22.155862    0.0001908968
   40.851532     -7.385287    0.0000741107
   40.851532      7.385287   -0.0000836351
   40.851532     22.155862   -0.0002768052
   40.851532     36.926436   -0.0005003815
   40.851532     51.697011   -0.0007498744
   40.851532     66.467585   -0.0010213022
   40.851532     81.238160   -0.0013111366
   40.851532     96.008735   -0.0016162158
   40.851532    110.779309   -0.0019336249
   40.851532    125.549884   -0.0022605433

   47.136383    -96.008735    0.0000070549
   47.136383    -81.238160    0.0002180547
   47.136383    -66.467585    0.0003385151
   47.136383    -51.697011    0.0003776441
   47.136383    -36.926436    0.0003444234
   47.136383    -22.155862    0.0002474517
   47.136383     -7.385287    0.0000948209
   47.136383      7.385287   -0.0001059764
   47.136383     22.155862   -0.0003481056
   47.136383     36.926436   -0.0006254177
   47.136383     51.697011   -0.0009324433
   47.136383     66.467585   -0.0012643552
   47.136383     81.238160   -0.0016168978
   47.136383     96.008735   -0.0019862845
   47.136383    110.779309   -0.0023690627
   47.136383    125.549884   -0.0027619464

