  -55.127356    -92.332122    0.0238247648
  -55.127356    -80.021172    0.0217475561
  -55.127356    -67.710222    0.0203267069
  -55.127356    -55.399273    0.0194510885
  -55.127356    -43.088323    0.0190119872
  -55.127356    -30.777374    0.0189087936
  -55.127356    -18.466424    0.0190542101
  -55.127356     -6.155475    0.0193787716
  -55.127356      6.155475    0.0198344985
  -55.127356     18.466424    0.0203975221
  -55.127356     30.777374    0.0210695469
  -55.127356     43.088323    0.0218780353
  -55.127356     55.399273    0.0228750238
  -55.127356     67.710222    0.0241345018
  -55.127356     80.021172    0.0257483064
  -55.127356     92.332122    0.0278205111

  -47.777042    -92.332122    0.0193710808
  -47.777042    -80.021172    0.0171849765
  -47.777042    -67.710222    0.0156240266
  -47.777042    -55.399273    0.0146026153
  -47.777042    -43.088323    0.0140162270
  -47.777042    -30.777374    0.0137640652
  -47.777042    -18.466424    0.0137604804
  -47.777042     -6.155475    0.0139398962
  -47.777042      6.155475    0.0142587071
  -47.777042     18.466424    0.0146964071
  -47.777042     30.777374    0.0152569909
  -47.777042     43.088323    0.0159704563
  -47.777042     55.399273    0.0168930198
  -47.777042     67.710222    0.0181034425
  -47.777042     80.021172    0.0196916473
  -47.777042     92.332122    0.0217345947

  -40.426728    -92.332122    0.0157617608
  -40.426728    -80.021172    0.0134815431
  -40.426728    -67.710222    0.0118288538
  -40.426728    -55.399273    0.0107029440
  -40.426728    -43.088323    0.0100008964
  -40.426728    -30.777374    0.0096276163
  -40.426728    -18.466424    0.0095024207
  -40.426728     -6.155475    0.0095633430
  -40.426728      6.155475    0.0097699675
  -40.426728     18.466424    0.0101052974
  -40.426728     30.777374    0.0105768603
  -40.426728     43.088323    0.0112169433
  -40.426728     55.399273    0.0120815495
  -40.426728     67.710222    0.0132473586
  -40.426728     80.021172    0.0148056698
  -40.426728     92.332122    0.0168519992

  -33.076414    -92.332122    0.0128924330
  -33.076414    -80.021172    0.0105565502
  -33.076414    -67.710222    0.0088432010
  -33.076414    -55.399273    0.0076445077
  -33.076414    -43.088323    0.0068593307
  -33.076414    -30.777374    0.0063967130
  -33.076414    -18.466424    0.0061799365
  -33.076414     -6.155475    0.0061504493
  -33.076414      6.155475    0.0062710985
  -33.076414     18.466424    0.0065282734
  -33.076414     30.777374    0.0069327369
  -33.076414     43.088323    0.0075190950
  -33.076414     55.399273    0.0083440259
  -33.076414     67.710222    0.0094835645
  -33.076414     80.021172    0.0110299066
  -33.076414     92.332122    0.0130883740

  -25.726100    -92.332122    0.0106644772
  -25.726100    -80.021172    0.0083099878
  -25.726100    -67.710222    0.0065649705
  -25.726100    -55.399273    0.0053235666
  -25.726100    -43.088323    0.0044866303
  -25.726100    -30.777374    0.0039656007
  -25.726100    -18.466424    0.0036866316
  -25.726100     -6.155475    0.0035943854
  -25.726100      6.155475    0.0036550380
  -25.726100     18.466424    0.0038581827
  -25.726100     30.777374    0.0042174592
  -25.726100     43.088323    0.0047698759
  -25.726100     55.399273    0.0055739319
  -25.726100     67.710222    0.0067067879
  -25.726100     80.021172    0.0082608707
  -25.726100     92.332122    0.0103404422

  -18.375785    -92.332122    0.0089966528
  -18.375785    -80.021172    0.0066525019
  -18.375785    -67.710222    0.0049037692
  -18.375785    -55.399273    0.0036476659
  -18.375785    -43.088323    0.0027868066
  -18.375785    -30.777374    0.0022345392
  -18.375785    -18.466424    0.0019195224
  -18.375785     -6.155475    0.0017894159
  -18.375785      6.155475    0.0018135713
  -18.375785     18.466424    0.0019846384
  -18.375785     30.777374    0.0023190300
  -18.375785     43.088323    0.0028562083
  -18.375785     55.399273    0.0036567894
  -18.375785     67.710222    0.0047994814
  -18.375785     80.021172    0.0063769023
  -18.375785     92.332122    0.0084903471

  -11.025471    -92.332122    0.0078357824
  -11.025471    -80.021172    0.0055230574
  -11.025471    -67.710222    0.0037938823
  -11.025471    -55.399273    0.0025459847
  -11.025471    -43.088323    0.0016833463
  -11.025471    -30.777374    0.0011213189
  -11.025471    -18.466424    0.0007910331
  -11.025471     -6.155475    0.0006429381
  -11.025471      6.155475    0.0006493428
  -11.025471     18.466424    0.0008058649
  -11.025471     30.777374    0.0011317238
  -11.025471     43.088323    0.0016688499
  -11.025471     55.399273    0.0024798135
  -11.025471     67.710222    0.0036446101
  -11.025471     80.021172    0.0052563730
  -11.025471     92.332122    0.0074161162

   -3.675157    -92.332122    0.0071644877
   -3.675157    -80.021172    0.0048975913
   -3.675157    -67.710222    0.0032033755
   -3.675157    -55.399273    0.0019789546
   -3.675157    -43.088323    0.0011294068
   -3.675157    -30.777374    0.0005720039
   -3.675157    -18.466424    0.0002402220
   -3.675157     -6.155475    0.0000871337
   -3.675157      6.155475    0.0000878768
   -3.675157     18.466424    0.0002409944
   -3.675157     30.777374    0.0005685360
   -3.675157     43.088323    0.0011149091
   -3.675157     55.399273    0.0019445652
   -3.675157     67.710222    0.0031387048
   -3.675157     80.021172    0.0047912793
   -3.675157     92.332122    0.0070046686

    3.675157    -92.332122    0.0070046686
    3.675157    -80.021172    0.0047912793
    3.675157    -67.710222    0.0031387048
    3.675157    -55.399273    0.0019445652
    3.675157    -43.088323    0.0011149091
    3.675157    -30.777374    0.0005685360
    3.675157    -18.466424    0.0002409944
    3.675157     -6.155475    0.0000878768
    3.675157      6.155475    0.0000871337
    3.675157     18.466424    0.0002402220
    3.675157     30.777374    0.0005720039
    3.675157     43.088323    0.0011294068
    3.675157     55.399273    0.0019789546
    3.675157     67.710222    0.0032033755
    3.675157     80.021172    0.0048975913
    3.675157     92.332122    0.0071644877

   11.025471    -92.332122    0.0074161162
   11.025471    -80.021172    0.0052563730
   11.025471    -67.710222    0.0036446101
   11.025471    -55.399273    0.0024798135
   11.025471    -43.088323    0.0016688499
   11.025471    -30.777374    0.0011317238
   11.025471    -18.466424    0.0008058649
   11.025471     -6.155475    0.0006493428
   11.025471      6.155475    0.0006429381
   11.025471     18.466424    0.0007910331
   11.025471     30.777374    0.0011213189
   11.025471     43.088323    0.0016833463
   11.025471     55.399273    0.0025459847
   11.025471     67.710222    0.0037938823
   11.025471     80.021172    0.0055230574
   11.025471     92.332122    0.0078357824

   18.375785    -92.332122    0.0084903471
   18.375785    -80.021172    0.0063769023
   18.375785    -67.710222    0.0047994814
   18.375785    -55.399273    0.0036567894
   18.375785    -43.088323    0.0028562083
   18.375785    -30.777374    0.0023190300
   18.375785    -18.466424    0.0019846384
   18.375785     -6.155475    0.0018135713
   18.375785      6.155475    0.0017894159
   18.375785     18.466424    0.0019195224
   18.375785     30.777374    0.0022345392
   18.375785     43.088323    0.0027868066
   18.375785     55.399273    0.0036476659
   18.375785     67.710222    0.0049037692
   18.375785     80.021172    0.0066525019
   18.375785     92.332122    0.0089966528

   25.726100    -92.332122    0.0103404422
   25.726100    -80.021172    0.0082608707
   25.726100    -67.710222    0.0067067879
   25.726100    -55.399273    0.0055739319
   25.726100    -43.088323    0.0047698759
   25.726100    -30.777374    0.0042174592
   25.726100    -18.466424    0.0038581827
   25.726100     -6.155475    0.0036550380
   25.726100      6.155475    0.0035943854
   25.726100     18.466424    0.0036866316
   25.726100     30.777374    0.0039656007
   25.726100     43.088323    0.0044866303
   25.726100     55.399273    0.0053235666
   25.726100     67.710222    0.0065649704
   25.726100     80.021172    0.0083099878
   25.726100     92.332122    0.0106644772

   33.076414    -92.332122    0.0130883740
   33.076414    -80.021172    0.0110299066
   33.076414    -67.710222    0.0094835645
   33.076414    -55.399273    0.0083440259
   33.076414    -43.088323    0.0075190950
   33.076414    -30.777374    0.0069327369
   33.076414    -18.466424    0.0065282734
   33.076414     -6.155475    0.0062710985
   33.076414      6.155475    0.0061504493
   33.076414     18.466424    0.0061799365
   33.076414     30.777374    0.0063967130
   33.076414     43.088323    0.0068593307
   33.076414     55.399273    0.0076445077
   33.076414     67.710222    0.0088432010
   33.076414     80.021172    0.0105565502
   33.076414     92.332122    0.0128924330

   40.426728    -92.332122    0.0168519992
   40.426728    -80.021172    0.0148056698
   40.426728    -67.710222    0.0132473586
   40.426728    -55.399273    0.0120815495
   40.426728    -43.088323    0.0112169433
   40.426728    -30.777374    0.0105768603
   40.426728    -18.466424    0.0101052974
   40.426728     -6.155475    0.0097699675
   40.426728      6.155475    0.0095633430
   40.426728     18.466424    0.0095024207
   40.426728     30.777374    0.0096276163
   40.426728     43.088323    0.0100008964
   40.426728     55.399273    0.0107029440
   40.426728     67.710222    0.0118288538
   40.426728     80.021172    0.0134815431
   40.426728     92.332122    0.0157617608

   47.777042    -92.332122    0.0217345947
   47.777042    -80.021172    0.0196916474
   47.777042    -67.710222    0.0181034425
   47.777042    -55.399273    0.0168930198
   47.777042    -43.088323    0.0159704563
   47.777042    -30.777374    0.0152569909
   47.777042    -18.466424    0.0146964071
   47.777042     -6.155475    0.0142587071
   47.777042      6.155475    0.0139398962
   47.777042     18.466424    0.0137604804
   47.777042     30.777374    0.0137640652
   47.777042     43.088323    0.0140162270
   47.777042     55.399273    0.0146026153
   47.777042     67.710222    0.0156240266
   47.777042     80.021172    0.0171849765
   47.777042     92.332122    0.0193710808

   55.127356    -92.332122    0.0278205111
   55.127356    -80.021172    0.0257483064
   55.127356    -67.710222    0.0241345018
   55.127356    -55.399273    0.0228750238
   55.127356    -43.088323    0.0218780353
   55.127356    -30.777374    0.0210695469
   55.127356    -18.466424    0.0203975221
   55.127356     -6.155475    0.0198344985
   55.127356      6.155475    0.0193787716
   55.127356     18.466424    0.0190542101
   55.127356     30.777374    0.0189087936
   55.127356     43.088323    0.0190119872
   55.127356     55.399273    0.0194510885
   55.127356     67.710222    0.0203267069
   55.127356     80.021172    0.0217475562
   55.127356     92.332122    0.0238247648

