  -54.177403   -100.911229    0.0240990648
  -54.177403    -87.456398    0.0216520653
  -54.177403    -74.001568    0.0200115435
  -54.177403    -60.546737    0.0190475613
  -54.177403    -47.091907    0.0186347506
  -54.177403    -33.637076    0.0186574666
  -54.177403    -20.182246    0.0190157627
  -54.177403     -6.727415    0.0196312714
  -54.177403      6.727415    0.0204522646
  -54.177403     20.182246    0.0214573462
  -54.177403     33.637076    0.0226574179
  -54.177403     47.091907    0.0240957406
  -54.177403     60.546737    0.0258460987
  -54.177403     74.001568    0.0280092594
  -54.177403     87.456398    0.0307081013
  -54.177403    100.911229    0.0340819727

  -46.953749   -100.911229    0.0197637860
  -46.953749    -87.456398    0.0172783132
  -46.953749    -74.001568    0.0155364115
  -46.953749    -60.546737    0.0144452563
  -46.953749    -47.091907    0.0138817425
  -46.953749    -33.637076    0.0137255549
  -46.953749    -20.182246    0.0138757605
  -46.953749     -6.727415    0.0142577524
  -46.953749      6.727415    0.0148256350
  -46.953749     20.182246    0.0155634080
  -46.953749     33.637076    0.0164865616
  -46.953749     47.091907    0.0176439660
  -46.953749     60.546737    0.0191181944
  -46.953749     74.001568    0.0210206851
  -46.953749     87.456398    0.0234764089
  -46.953749    100.911229    0.0265909723

  -39.730095   -100.911229    0.0160900300
  -39.730095    -87.456398    0.0135775029
  -39.730095    -74.001568    0.0118045471
  -39.730095    -60.546737    0.0106486298
  -39.730095    -47.091907    0.0099840742
  -39.730095    -33.637076    0.0096952186
  -39.730095    -20.182246    0.0096853442
  -39.730095     -6.727415    0.0098826577
  -39.730095      6.727415    0.0102442594
  -39.730095     20.182246    0.0107586810
  -39.730095     33.637076    0.0114472243
  -39.730095     47.091907    0.0123639843
  -39.730095     60.546737    0.0135940865
  -39.730095     74.001568    0.0152493229
  -39.730095     87.456398    0.0174600154
  -39.730095    100.911229    0.0203615891

  -32.506442   -100.911229    0.0130200129
  -32.506442    -87.456398    0.0105216385
  -32.506442    -74.001568    0.0087534140
  -32.506442    -60.546737    0.0075735656
  -32.506442    -47.091907    0.0068538847
  -32.506442    -33.637076    0.0064809780
  -32.506442    -20.182246    0.0063605938
  -32.506442     -6.727415    0.0064229897
  -32.506442      6.727415    0.0066277864
  -32.506442     20.182246    0.0069672356
  -32.506442     33.637076    0.0074673084
  -32.506442     47.091907    0.0081864943
  -32.506442     60.546737    0.0092126784
  -32.506442     74.001568    0.0106589497
  -32.506442     87.456398    0.0126596698
  -32.506442    100.911229    0.0153686163

  -25.282788   -100.911229    0.0105155434
  -25.282788    -87.456398    0.0080637295
  -25.282788    -74.001568    0.0063239356
  -25.282788    -60.546737    0.0051510508
  -25.282788    -47.091907    0.0044148428
  -25.282788    -33.637076    0.0040011057
  -25.282788    -20.182246    0.0038159046
  -25.282788     -6.727415    0.0037908413
  -25.282788      6.727415    0.0038877586
  -25.282788     20.182246    0.0041018000
  -25.282788     33.637076    0.0044622370
  -25.282788     47.091907    0.0050309744
  -25.282788     60.546737    0.0058991391
  -25.282788     74.001568    0.0071826571
  -25.282788     87.456398    0.0090182176
  -25.282788    100.911229    0.0115615231

  -18.059134   -100.911229    0.0085665117
  -18.059134    -87.456398    0.0061741771
  -18.059134    -74.001568    0.0044775001
  -18.059134    -60.546737    0.0033326936
  -18.059134    -47.091907    0.0026075198
  -18.059134    -33.637076    0.0021858251
  -18.059134    -20.182246    0.0019730441
  -18.059134     -6.727415    0.0019015173
  -18.059134      6.727415    0.0019347433
  -18.059134     20.182246    0.0020699566
  -18.059134     33.637076    0.0023386970
  -18.059134     47.091907    0.0028053078
  -18.059134     60.546737    0.0035635769
  -18.059134     74.001568    0.0047320018
  -18.059134     87.456398    0.0064484397
  -18.059134    100.911229    0.0088651708

  -10.835481   -100.911229    0.0071944089
  -10.835481    -87.456398    0.0048561493
  -10.835481    -74.001568    0.0032049671
  -10.835481    -60.546737    0.0020963282
  -10.835481    -47.091907    0.0013958577
  -10.835481    -33.637076    0.0009856651
  -10.835481    -20.182246    0.0007704912
  -10.835481     -6.727415    0.0006830077
  -10.835481      6.727415    0.0006877586
  -10.835481     20.182246    0.0007833905
  -10.835481     33.637076    0.0010029817
  -10.835481     47.091907    0.0014124337
  -10.835481     60.546737    0.0021070513
  -10.835481     74.001568    0.0032065961
  -10.835481     87.456398    0.0048492545
  -10.835481    100.911229    0.0071851240

   -3.611827   -100.911229    0.0064514508
   -3.611827    -87.456398    0.0041475880
   -3.611827    -74.001568    0.0025293906
   -3.611827    -60.546737    0.0014497559
   -3.611827    -47.091907    0.0007723518
   -3.611827    -33.637076    0.0003780821
   -3.611827    -20.182246    0.0001712359
   -3.611827     -6.727415    0.0000846852
   -3.611827      6.727415    0.0000836566
   -3.611827     20.182246    0.0001677526
   -3.611827     33.637076    0.0003710588
   -3.611827     47.091907    0.0007603246
   -3.611827     60.546737    0.0014313641
   -3.611827     74.001568    0.0025039757
   -3.611827     87.456398    0.0041158399
   -3.611827    100.911229    0.0064160027

    3.611827   -100.911229    0.0064160027
    3.611827    -87.456398    0.0041158399
    3.611827    -74.001568    0.0025039757
    3.611827    -60.546737    0.0014313641
    3.611827    -47.091907    0.0007603246
    3.611827    -33.637076    0.0003710588
    3.611827    -20.182246    0.0001677526
    3.611827     -6.727415    0.0000836566
    3.611827      6.727415    0.0000846852
    3.611827     20.182246    0.0001712359
    3.611827     33.637076    0.0003780821
    3.611827     47.091907    0.0007723518
    3.611827     60.546737    0.0014497559
    3.611827     74.001568    0.0025293906
    3.611827     87.456398    0.0041475880
    3.611827    100.911229    0.0064514508

   10.835481   -100.911229    0.0071851240
   10.835481    -87.456398    0.0048492545
   10.835481    -74.001568    0.0032065961
   10.835481    -60.546737    0.0021070513
   10.835481    -47.091907    0.0014124337
   10.835481    -33.637076    0.0010029817
   10.835481    -20.182246    0.0007833905
   10.835481     -6.727415    0.0006877586
   10.835481      6.727415    0.0006830077
   10.835481     20.182246    0.0007704912
   10.835481     33.637076    0.0009856651
   10.835481     47.091907    0.0013958577
   10.835481     60.546737    0.0020963282
   10.835481     74.001568    0.0032049671
   10.835481     87.456398    0.0048561493
   10.835481    100.911229    0.0071944089

   18.059134   -100.911229    0.0088651708
   18.059134    -87.456398    0.0064484397
   18.059134    -74.001568    0.0047320018
   18.059134    -60.546737    0.0035635769
   18.059134    -47.091907    0.0028053078
   18.059134    -33.637076    0.0023386970
   18.059134    -20.182246    0.0020699566
   18.059134     -6.727415    0.0019347433
   18.059134      6.727415    0.0019015173
   18.059134     20.182246    0.0019730441
   18.059134     33.637076    0.0021858251
   18.059134     47.091907    0.0026075198
   18.059134     60.546737    0.0033326936
   18.059134     74.001568    0.0044775001
   18.059134     87.456398    0.0061741771
   18.059134    100.911229    0.0085665117

   25.282788   -100.911229    0.0115615231
   25.282788    -87.456398    0.0090182176
   25.282788    -74.001568    0.0071826571
   25.282788    -60.546737    0.0058991391
   25.282788    -47.091907    0.0050309744
   25.282788    -33.637076    0.0044622370
   25.282788    -20.182246    0.0041018000
   25.282788     -6.727415    0.0038877586
   25.282788      6.727415    0.0037908413
   25.282788     20.182246    0.0038159046
   25.282788     33.637076    0.0040011057
   25.282788     47.091907    0.0044148428
   25.282788     60.546737    0.0051510508
   25.282788     74.001568    0.0063239356
   25.282788     87.456398    0.0080637295
   25.282788    100.911229    0.0105155434

   32.506442   -100.911229    0.0153686163
   32.506442    -87.456398    0.0126596698
   32.506442    -74.001568    0.0106589497
   32.506442    -60.546737    0.0092126784
   32.506442    -47.091907    0.0081864943
   32.506442    -33.637076    0.0074673084
   32.506442    -20.182246    0.0069672356
   32.506442     -6.727415    0.0066277864
   32.506442      6.727415    0.0064229897
   32.506442     20.182246    0.0063605938
   32.506442     33.637076    0.0064809780
   32.506442     47.091907    0.0068538847
   32.506442     60.546737    0.0075735656
   32.506442     74.001568    0.0087534140
   32.506442     87.456398    0.0105216385
   32.506442    100.911229    0.0130200129

   39.730095   -100.911229    0.0203615891
   39.730095    -87.456398    0.0174600154
   39.730095    -74.001568    0.0152493229
   39.730095    -60.546737    0.0135940865
   39.730095    -47.091907    0.0123639843
   39.730095    -33.637076    0.0114472243
   39.730095    -20.182246    0.0107586810
   39.730095     -6.727415    0.0102442594
   39.730095      6.727415    0.0098826577
   39.730095     20.182246    0.0096853442
   39.730095     33.637076    0.0096952186
   39.730095     47.091907    0.0099840742
   39.730095     60.546737    0.0106486298
   39.730095     74.001568    0.0118045471
   39.730095     87.456398    0.0135775029
   39.730095    100.911229    0.0160900300

   46.953749   -100.911229    0.0265909723
   46.953749    -87.456398    0.0234764089
   46.953749    -74.001568    0.0210206851
   46.953749    -60.546737    0.0191181944
   46.953749    -47.091907    0.0176439660
   46.953749    -33.637076    0.0164865616
   46.953749    -20.182246    0.0155634080
   46.953749     -6.727415    0.0148256350
   46.953749      6.727415    0.0142577524
   46.953749     20.182246    0.0138757605
   46.953749     33.637076    0.0137255549
   46.953749     47.091907    0.0138817425
   46.953749     60.546737    0.0144452563
   46.953749     74.001568    0.0155364115
   46.953749     87.456398    0.0172783132
   46.953749    100.911229    0.0197637860

   54.177403   -100.911229    0.0340819727
   54.177403    -87.456398    0.0307081013
   54.177403    -74.001568    0.0280092594
   54.177403    -60.546737    0.0258460987
   54.177403    -47.091907    0.0240957406
   54.177403    -33.637076    0.0226574179
   54.177403    -20.182246    0.0214573462
   54.177403     -6.727415    0.0204522646
   54.177403      6.727415    0.0196312714
   54.177403     20.182246    0.0190157627
   54.177403     33.637076    0.0186574666
   54.177403     47.091907    0.0186347506
   54.177403     60.546737    0.0190475613
   54.177403     74.001568    0.0200115435
   54.177403     87.456398    0.0216520653
   54.177403    100.911229    0.0240990648

