  -48.902142    -55.127356    0.0459752142
  -48.902142    -47.777042    0.0403104244
  -48.902142    -40.426728    0.0357088903
  -48.902142    -33.076414    0.0320840227
  -48.902142    -25.726100    0.0293419505
  -48.902142    -18.375785    0.0273885013
  -48.902142    -11.025471    0.0261396481
  -48.902142     -3.675157    0.0255321832
  -48.902142      3.675157    0.0255321832
  -48.902142     11.025471    0.0261396481
  -48.902142     18.375785    0.0273885013
  -48.902142     25.726100    0.0293419505
  -48.902142     33.076414    0.0320840227
  -48.902142     40.426728    0.0357088903
  -48.902142     47.777042    0.0403104244
  -48.902142     55.127356    0.0459752142

  -42.381856    -55.127356    0.0393703285
  -42.381856    -47.777042    0.0337338940
  -42.381856    -40.426728    0.0291762623
  -42.381856    -33.076414    0.0255931633
  -42.381856    -25.726100    0.0228870119
  -42.381856    -18.375785    0.0209630109
  -42.381856    -11.025471    0.0197357632
  -42.381856     -3.675157    0.0191399066
  -42.381856      3.675157    0.0191399066
  -42.381856     11.025471    0.0197357632
  -42.381856     18.375785    0.0209630109
  -42.381856     25.726100    0.0228870119
  -42.381856     33.076414    0.0255931633
  -42.381856     40.426728    0.0291762623
  -42.381856     47.777042    0.0337338940
  -42.381856     55.127356    0.0393703286

  -35.861571    -55.127356    0.0337260588
  -35.861571    -47.777042    0.0281268228
  -35.861571    -40.426728    0.0236002397
  -35.861571    -33.076414    0.0200500289
  -35.861571    -25.726100    0.0173762651
  -35.861571    -18.375785    0.0154797766
  -35.861571    -11.025471    0.0142720071
  -35.861571     -3.675157    0.0136861108
  -35.861571      3.675157    0.0136861108
  -35.861571     11.025471    0.0142720071
  -35.861571     18.375785    0.0154797766
  -35.861571     25.726100    0.0173762651
  -35.861571     33.076414    0.0200500289
  -35.861571     40.426728    0.0236002397
  -35.861571     47.777042    0.0281268228
  -35.861571     55.127356    0.0337260589

  -29.341285    -55.127356    0.0290371643
  -29.341285    -47.777042    0.0234689519
  -29.341285    -40.426728    0.0189703182
  -29.341285    -33.076414    0.0154490949
  -29.341285    -25.726100    0.0128032637
  -29.341285    -18.375785    0.0109303649
  -29.341285    -11.025471    0.0097393675
  -29.341285     -3.675157    0.0091621048
  -29.341285      3.675157    0.0091621048
  -29.341285     11.025471    0.0097393675
  -29.341285     18.375785    0.0109303649
  -29.341285     25.726100    0.0128032637
  -29.341285     33.076414    0.0154490949
  -29.341285     40.426728    0.0189703182
  -29.341285     47.777042    0.0234689519
  -29.341285     55.127356    0.0290371643

  -22.821000    -55.127356    0.0252971787
  -22.821000    -47.777042    0.0197522955
  -22.821000    -40.426728    0.0152785191
  -22.821000    -33.076414    0.0117821450
  -22.821000    -25.726100    0.0091592589
  -22.821000    -18.375785    0.0073055149
  -22.821000    -11.025471    0.0061282674
  -22.821000     -3.675157    0.0055581839
  -22.821000      3.675157    0.0055581839
  -22.821000     11.025471    0.0061282674
  -22.821000     18.375785    0.0073055149
  -22.821000     25.726100    0.0091592589
  -22.821000     33.076414    0.0117821450
  -22.821000     40.426728    0.0152785191
  -22.821000     47.777042    0.0197522955
  -22.821000     55.127356    0.0252971787

  -16.300714    -55.127356    0.0224994334
  -16.300714    -47.777042    0.0169717888
  -16.300714    -40.426728    0.0125176797
  -16.300714    -33.076414    0.0090406836
  -16.300714    -25.726100    0.0064353789
  -16.300714    -18.375785    0.0045962337
  -16.300714    -11.025471    0.0034295025
  -16.300714     -3.675157    0.0028649401
  -16.300714      3.675157    0.0028649401
  -16.300714     11.025471    0.0034295025
  -16.300714     18.375785    0.0045962337
  -16.300714     25.726100    0.0064353789
  -16.300714     33.076414    0.0090406836
  -16.300714     40.426728    0.0125176797
  -16.300714     47.777042    0.0169717888
  -16.300714     55.127356    0.0224994334

   -9.780428    -55.127356    0.0206379979
   -9.780428    -47.777042    0.0151223055
   -9.780428    -40.426728    0.0106813735
   -9.780428    -33.076414    0.0072174241
   -9.780428    -25.726100    0.0046240346
   -9.780428    -18.375785    0.0027947951
   -9.780428    -11.025471    0.0016351811
   -9.780428     -3.675157    0.0010743436
   -9.780428      3.675157    0.0010743436
   -9.780428     11.025471    0.0016351811
   -9.780428     18.375785    0.0027947951
   -9.780428     25.726100    0.0046240346
   -9.780428     33.076414    0.0072174241
   -9.780428     40.426728    0.0106813735
   -9.780428     47.777042    0.0151223055
   -9.780428     55.127356    0.0206379979

   -3.260143    -55.127356    0.0197084556
   -3.260143    -47.777042    0.0141990461
   -3.260143    -40.426728    0.0097645996
   -3.260143    -33.076414    0.0063071463
   -3.260143    -25.726100    0.0037197773
   -3.260143    -18.375785    0.0018955606
   -3.260143    -11.025471    0.0007395397
   -3.260143     -3.675157    0.0001805719
   -3.260143      3.675157    0.0001805719
   -3.260143     11.025471    0.0007395397
   -3.260143     18.375785    0.0018955606
   -3.260143     25.726100    0.0037197773
   -3.260143     33.076414    0.0063071463
   -3.260143     40.426728    0.0097645996
   -3.260143     47.777042    0.0141990461
   -3.260143     55.127356    0.0197084556

    3.260143    -55.127356    0.0197084556
    3.260143    -47.777042    0.0141990461
    3.260143    -40.426728    0.0097645996
    3.260143    -33.076414    0.0063071463
    3.260143    -25.726100    0.0037197773
    3.260143    -18.375785    0.0018955606
    3.260143    -11.025471    0.0007395397
    3.260143     -3.675157    0.0001805719
    3.260143      3.675157    0.0001805719
    3.260143     11.025471    0.0007395397
    3.260143     18.375785    0.0018955606
    3.260143     25.726100    0.0037197773
    3.260143     33.076414    0.0063071463
    3.260143     40.426728    0.0097645996
    3.260143     47.777042    0.0141990461
    3.260143     55.127356    0.0197084556

    9.780428    -55.127356    0.0206379979
    9.780428    -47.777042    0.0151223055
    9.780428    -40.426728    0.0106813735
    9.780428    -33.076414    0.0072174241
    9.780428    -25.726100    0.0046240346
    9.780428    -18.375785    0.0027947951
    9.780428    -11.025471    0.0016351811
    9.780428     -3.675157    0.0010743436
    9.780428      3.675157    0.0010743436
    9.780428     11.025471    0.0016351811
    9.780428     18.375785    0.0027947951
    9.780428     25.726100    0.0046240346
    9.780428     33.076414    0.0072174241
    9.780428     40.426728    0.0106813735
    9.780428     47.777042    0.0151223055
    9.780428     55.127356    0.0206379979

   16.300714    -55.127356    0.0224994334
   16.300714    -47.777042    0.0169717888
   16.300714    -40.426728    0.0125176797
   16.300714    -33.076414    0.0090406836
   16.300714    -25.726100    0.0064353789
   16.300714    -18.375785    0.0045962337
   16.300714    -11.025471    0.0034295025
   16.300714     -3.675157    0.0028649401
   16.300714      3.675157    0.0028649401
   16.300714     11.025471    0.0034295025
   16.300714     18.375785    0.0045962337
   16.300714     25.726100    0.0064353789
   16.300714     33.076414    0.0090406836
   16.300714     40.426728    0.0125176797
   16.300714     47.777042    0.0169717888
   16.300714     55.127356    0.0224994334

   22.821000    -55.127356    0.0252971787
   22.821000    -47.777042    0.0197522955
   22.821000    -40.426728    0.0152785191
   22.821000    -33.076414    0.0117821450
   22.821000    -25.726100    0.0091592589
   22.821000    -18.375785    0.0073055149
   22.821000    -11.025471    0.0061282674
   22.821000     -3.675157    0.0055581839
   22.821000      3.675157    0.0055581839
   22.821000     11.025471    0.0061282674
   22.821000     18.375785    0.0073055149
   22.821000     25.726100    0.0091592589
   22.821000     33.076414    0.0117821450
   22.821000     40.426728    0.0152785191
   22.821000     47.777042    0.0197522955
   22.821000     55.127356    0.0252971787

   29.341285    -55.127356    0.0290371643
   29.341285    -47.777042    0.0234689519
   29.341285    -40.426728    0.0189703182
   29.341285    -33.076414    0.0154490949
   29.341285    -25.726100    0.0128032637
   29.341285    -18.375785    0.0109303649
   29.341285    -11.025471    0.0097393675
   29.341285     -3.675157    0.0091621048
   29.341285      3.675157    0.0091621048
   29.341285     11.025471    0.0097393675
   29.341285     18.375785    0.0109303649
   29.341285     25.726100    0.0128032637
   29.341285     33.076414    0.0154490949
   29.341285     40.426728    0.0189703182
   29.341285     47.777042    0.0234689519
   29.341285     55.127356    0.0290371643

   35.861571    -55.127356    0.0337260588
   35.861571    -47.777042    0.0281268228
   35.861571    -40.426728    0.0236002397
   35.861571    -33.076414    0.0200500289
   35.861571    -25.726100    0.0173762651
   35.861571    -18.375785    0.0154797766
   35.861571    -11.025471    0.0142720071
   35.861571     -3.675157    0.0136861108
   35.861571      3.675157    0.0136861108
   35.861571     11.025471    0.0142720071
   35.861571     18.375785    0.0154797766
   35.861571     25.726100    0.0173762651
   35.861571     33.076414    0.0200500289
   35.861571     40.426728    0.0236002397
   35.861571     47.777042    0.0281268228
   35.861571     55.127356    0.0337260589

   42.381856    -55.127356    0.0393703285
   42.381856    -47.777042    0.0337338940
   42.381856    -40.426728    0.0291762623
   42.381856    -33.076414    0.0255931633
   42.381856    -25.726100    0.0228870119
   42.381856    -18.375785    0.0209630109
   42.381856    -11.025471    0.0197357632
   42.381856     -3.675157    0.0191399066
   42.381856      3.675157    0.0191399066
   42.381856     11.025471    0.0197357632
   42.381856     18.375785    0.0209630109
   42.381856     25.726100    0.0228870119
   42.381856     33.076414    0.0255931633
   42.381856     40.426728    0.0291762623
   42.381856     47.777042    0.0337338940
   42.381856     55.127356    0.0393703286

   48.902142    -55.127356    0.0459752142
   48.902142    -47.777042    0.0403104244
   48.902142    -40.426728    0.0357088903
   48.902142    -33.076414    0.0320840227
   48.902142    -25.726100    0.0293419505
   48.902142    -18.375785    0.0273885013
   48.902142    -11.025471    0.0261396481
   48.902142     -3.675157    0.0255321832
   48.902142      3.675157    0.0255321832
   48.902142     11.025471    0.0261396481
   48.902142     18.375785    0.0273885013
   48.902142     25.726100    0.0293419505
   48.902142     33.076414    0.0320840227
   48.902142     40.426728    0.0357088903
   48.902142     47.777042    0.0403104244
   48.902142     55.127356    0.0459752142

