  -45.038700    -47.136383    0.0107042730
  -45.038700    -40.851532    0.0086595355
  -45.038700    -34.566681    0.0068084899
  -45.038700    -28.281830    0.0051497743
  -45.038700    -21.996979    0.0036817772
  -45.038700    -15.712128    0.0024021370
  -45.038700     -9.427277    0.0013073126
  -45.038700     -3.142426    0.0003922242
  -45.038700      3.142426   -0.0003500364
  -45.038700      9.427277   -0.0009284241
  -45.038700     15.712128   -0.0013540895
  -45.038700     21.996979   -0.0016404569
  -45.038700     28.281830   -0.0018032331
  -45.038700     34.566681   -0.0018603444
  -45.038700     40.851532   -0.0018318050
  -45.038700     47.136383   -0.0017395136

  -39.033540    -47.136383    0.0083538771
  -39.033540    -40.851532    0.0067141889
  -39.033540    -34.566681    0.0052392089
  -39.033540    -28.281830    0.0039278856
  -39.033540    -21.996979    0.0027789794
  -39.033540    -15.712128    0.0017906241
  -39.033540     -9.427277    0.0009599497
  -39.033540     -3.142426    0.0002827665
  -39.033540      3.142426   -0.0002466898
  -39.033540      9.427277   -0.0006359516
  -39.033540     15.712128   -0.0008944518
  -39.033540     21.996979   -0.0010335947
  -39.033540     28.281830   -0.0010667661
  -39.033540     34.566681   -0.0010092816
  -39.033540     40.851532   -0.0008782745
  -39.033540     47.136383   -0.0006925214

  -33.028380    -47.136383    0.0063513028
  -33.028380    -40.851532    0.0050668647
  -33.028380    -34.566681    0.0039192995
  -33.028380    -28.281830    0.0029078217
  -33.028380    -21.996979    0.0020315113
  -33.028380    -15.712128    0.0012889391
  -33.028380     -9.427277    0.0006778433
  -33.028380     -3.142426    0.0001948589
  -33.028380      3.142426   -0.0001647023
  -33.028380      9.427277   -0.0004070183
  -33.028380     15.712128   -0.0005398734
  -33.028380     21.996979   -0.0005727211
  -33.028380     28.281830   -0.0005166965
  -33.028380     34.566681   -0.0003845759
  -33.028380     40.851532   -0.0001906850
  -33.028380     47.136383    0.0000492446

  -27.023220    -47.136383    0.0046580801
  -27.023220    -40.851532    0.0036845709
  -27.023220    -34.566681    0.0028211384
  -27.023220    -28.281830    0.0020672185
  -27.023220    -21.996979    0.0014221603
  -27.023220    -15.712128    0.0008849155
  -27.023220     -9.427277    0.0004537702
  -27.023220     -3.142426    0.0001261190
  -27.023220      3.142426   -0.0001017176
  -27.023220      9.427277   -0.0002346339
  -27.023220     15.712128   -0.0002788368
  -27.023220     21.996979   -0.0002419005
  -27.023220     28.281830   -0.0001327791
  -27.023220     34.566681    0.0000382231
  -27.023220     40.851532    0.0002595249
  -27.023220     47.136383    0.0005183834

  -21.018060    -47.136383    0.0032392055
  -21.018060    -40.851532    0.0025372755
  -21.018060    -34.566681    0.0019195666
  -21.018060    -28.281830    0.0013856953
  -21.018060    -21.996979    0.0009352322
  -21.018060    -15.712128    0.0005674556
  -21.018060     -9.427277    0.0002811392
  -21.018060     -3.142426    0.0000743726
  -21.018060      3.142426   -0.0000555840
  -21.018060      9.427277   -0.0001124121
  -21.018060     15.712128   -0.0001008131
  -21.018060     21.996979   -0.0000265537
  -21.018060     28.281830    0.0001035230
  -21.018060     34.566681    0.0002815194
  -21.018060     40.851532    0.0004985390
  -21.018060     47.136383    0.0007447754

  -15.012900    -47.136383    0.0020628616
  -15.012900    -40.851532    0.0015976664
  -15.012900    -34.566681    0.0011916908
  -15.012900    -28.281830    0.0008446971
  -15.012900    -21.996979    0.0005564318
  -15.012900    -15.712128    0.0003264463
  -15.012900     -9.427277    0.0001539415
  -15.012900     -3.142426    0.0000376364
  -15.012900      3.142426   -0.0000243383
  -15.012900      9.427277   -0.0000345226
  -15.012900     15.712128    0.0000038152
  -15.012900     21.996979    0.0000866448
  -15.012900     28.281830    0.0002091649
  -15.012900     34.566681    0.0003658184
  -15.012900     40.851532    0.0005503325
  -15.012900     47.136383    0.0007557822

   -9.007740    -47.136383    0.0011001552
   -9.007740    -40.851532    0.0008409278
   -9.007740    -34.566681    0.0006166991
   -9.007740    -28.281830    0.0004273466
   -9.007740    -21.996979    0.0002727499
   -9.007740    -15.712128    0.0001526800
   -9.007740     -9.427277    0.0000667038
   -9.007740     -3.142426    0.0000141032
   -9.007740      3.142426   -0.0000061904
   -9.007740      9.427277    0.0000043529
   -9.007740     15.712128    0.0000438260
   -9.007740     21.996979    0.0001098641
   -9.007740     28.281830    0.0001996385
   -9.007740     34.566681    0.0003098660
   -9.007740     40.851532    0.0004368332
   -9.007740     47.136383    0.0005764352

   -3.002580    -47.136383    0.0003248726
   -3.002580    -40.851532    0.0002445317
   -3.002580    -34.566681    0.0001756879
   -3.002580    -28.281830    0.0001183068
   -3.002580    -21.996979    0.0000723588
   -3.002580    -15.712128    0.0000377811
   -3.002580     -9.427277    0.0000144447
   -3.002580     -3.142426    0.0000021273
   -3.002580      3.142426    0.0000004904
   -3.002580      9.427277    0.0000090620
   -3.002580     15.712128    0.0000272245
   -3.002580     21.996979    0.0000542075
   -3.002580     28.281830    0.0000890855
   -3.002580     34.566681    0.0001307813
   -3.002580     40.851532    0.0001780741
   -3.002580     47.136383    0.0002296127

    3.002580    -47.136383   -0.0002867469
    3.002580    -40.851532   -0.0002119547
    3.002580    -34.566681   -0.0001484972
    3.002580    -28.281830   -0.0000963472
    3.002580    -21.996979   -0.0000554855
    3.002580    -15.712128   -0.0000258627
    3.002580     -9.427277   -0.0000073655
    3.002580     -3.142426    0.0000002114
    3.002580      3.142426   -0.0000028112
    3.002580      9.427277   -0.0000159796
    3.002580     15.712128   -0.0000386944
    3.002580     21.996979   -0.0000702030
    3.002580     28.281830   -0.0001095978
    3.002580     34.566681   -0.0001558189
    3.002580     40.851532   -0.0002076623
    3.002580     47.136383   -0.0002637939

    9.007740    -47.136383   -0.0007562198
    9.007740    -40.851532   -0.0005470464
    9.007740    -34.566681   -0.0003714085
    9.007740    -28.281830   -0.0002292456
    9.007740    -21.996979   -0.0001205329
    9.007740    -15.712128   -0.0000451628
    9.007740     -9.427277   -0.0000028422
    9.007740     -3.142426    0.0000069944
    9.007740      3.142426   -0.0000147448
    9.007740      9.427277   -0.0000667536
    9.007740     15.712128   -0.0001472891
    9.007740     21.996979   -0.0002541485
    9.007740     28.281830   -0.0003846622
    9.007740     34.566681   -0.0005357025
    9.007740     40.851532   -0.0007037080
    9.007740     47.136383   -0.0008847247

   15.012900    -47.136383   -0.0011030091
   15.012900    -40.851532   -0.0007775022
   15.012900    -34.566681   -0.0005071300
   15.012900    -28.281830   -0.0002918319
   15.012900    -21.996979   -0.0001316219
   15.012900    -15.712128   -0.0000263884
   15.012900     -9.427277    0.0000242799
   15.012900     -3.142426    0.0000212402
   15.012900      3.142426   -0.0000340834
   15.012900      9.427277   -0.0001396068
   15.012900     15.712128   -0.0002925188
   15.012900     21.996979   -0.0004892410
   15.012900     28.281830   -0.0007254144
   15.012900     34.566681   -0.0009959128
   15.012900     40.851532   -0.0012948821
   15.012900     47.136383   -0.0016158078

   21.018060    -47.136383   -0.0013446974
   21.018060    -40.851532   -0.0009184701
   21.018060    -34.566681   -0.0005683990
   21.018060    -28.281830   -0.0002944607
   21.018060    -21.996979   -0.0000967542
   21.018060    -15.712128    0.0000247820
   21.018060     -9.427277    0.0000706154
   21.018060     -3.142426    0.0000418278
   21.018060      3.142426   -0.0000597136
   21.018060      9.427277   -0.0002312222
   21.018060     15.712128   -0.0004688959
   21.018060     21.996979   -0.0007678575
   21.018060     28.281830   -0.0011221328
   21.018060     34.566681   -0.0015246659
   21.018060     40.851532   -0.0019673718
   21.018060     47.136383   -0.0024412260

   27.023220    -47.136383   -0.0014971423
   27.023220    -40.851532   -0.0009836183
   27.023220    -34.566681   -0.0005667144
   27.023220    -28.281830   -0.0002464852
   27.023220    -21.996979   -0.0000231618
   27.023220    -15.712128    0.0001032127
   27.023220     -9.427277    0.0001331011
   27.023220     -3.142426    0.0000677421
   27.023220      3.142426   -0.0000906266
   27.023220      9.427277   -0.0003385934
   27.023220     15.712128   -0.0006714439
   27.023220     21.996979   -0.0010830808
   27.023220     28.281830   -0.0015659903
   27.023220     34.566681   -0.0021112562
   27.023220     40.851532   -0.0027086211
   27.023220     47.136383   -0.0033465955

   33.028380    -47.136383   -0.0015746130
   33.028380    -40.851532   -0.0009852491
   33.028380    -34.566681   -0.0005124324
   33.028380    -28.281830   -0.0001563352
   33.028380    -21.996979    0.0000826325
   33.028380    -15.712128    0.0002042690
   33.028380     -9.427277    0.0002089712
   33.028380     -3.142426    0.0000980665
   33.028380      3.142426   -0.0001259108
   33.028380      9.427277   -0.0004590014
   33.028380     15.712128   -0.0008956588
   33.028380     21.996979   -0.0014286455
   33.028380     28.281830   -0.0020489844
   33.028380     34.566681   -0.0027459689
   33.028380     40.851532   -0.0035072290
   33.028380     47.136383   -0.0043188546

   39.033540    -47.136383   -0.0015899104
   39.033540    -40.851532   -0.0009343988
   39.033540    -34.566681   -0.0004148499
   39.033540    -28.281830   -0.0000315849
   39.033540    -21.996979    0.0002147635
   39.033540    -15.712128    0.0003237810
   39.033540     -9.427277    0.0002957359
   39.033540     -3.142426    0.0001319751
   39.033540      3.142426   -0.0001647450
   39.033540      9.427277   -0.0005899955
   39.033540     15.712128   -0.0011374773
   39.033540     21.996979   -0.0017988912
   39.033540     28.281830   -0.0025638737
   39.033540     34.566681   -0.0034200004
   39.033540     40.851532   -0.0043528550
   39.033540     47.136383   -0.0053461651

   45.038700    -47.136383   -0.0015544685
   45.038700    -40.851532   -0.0008409208
   45.038700    -34.566681   -0.0002822741
   45.038700    -28.281830    0.0001209895
   45.038700    -21.996979    0.0003679783
   45.038700    -15.712128    0.0004580119
   45.038700     -9.427277    0.0003911638
   45.038700     -3.142426    0.0001687281
   45.038700      3.142426   -0.0002063928
   45.038700      9.427277   -0.0007293768
   45.038700     15.712128   -0.0013932482
   45.038700     21.996979   -0.0021887214
   45.038700     28.281830   -0.0031041223
   45.038700     34.566681   -0.0041253861
   45.038700     40.851532   -0.0052361334
   45.038700     47.136383   -0.0064178231

