  -34.795266    -42.952389   -0.0018984407
  -34.795266    -37.225404   -0.0016485508
  -34.795266    -31.498419   -0.0013968826
  -34.795266    -25.771434   -0.0011436233
  -34.795266    -20.044448   -0.0008892310
  -34.795266    -14.317463   -0.0006343359
  -34.795266     -8.590478   -0.0003796842
  -34.795266     -2.863493   -0.0001261073
  -34.795266      2.863493    0.0001254983
  -34.795266      8.590478    0.0003741888
  -34.795266     14.317463    0.0006189920
  -34.795266     20.044448    0.0008589290
  -34.795266     25.771434    0.0010930317
  -34.795266     31.498419    0.0013203484
  -34.795266     37.225404    0.0015399224
  -34.795266     42.952389    0.0017507249

  -30.155897    -42.952389   -0.0012015477
  -30.155897    -37.225404   -0.0011338710
  -30.155897    -31.498419   -0.0009102140
  -30.155897    -25.771434   -0.0007152475
  -30.155897    -20.044448   -0.0005564803
  -30.155897    -14.317463   -0.0004043842
  -30.155897     -8.590478   -0.0002443391
  -30.155897     -2.863493   -0.0000804572
  -30.155897      2.863493    0.0000786449
  -30.155897      8.590478    0.0002320644
  -30.155897     14.317463    0.0003867499
  -30.155897     20.044448    0.0005454922
  -30.155897     25.771434    0.0006926946
  -30.155897     31.498419    0.0007978537
  -30.155897     37.225404    0.0008666741
  -30.155897     42.952389    0.0010797433

  -25.516528    -42.952389   -0.0007082339
  -25.516528    -37.225404   -0.0006411370
  -25.516528    -31.498419   -0.0005307817
  -25.516528    -25.771434   -0.0004271656
  -25.516528    -20.044448   -0.0003325587
  -25.516528    -14.317463   -0.0002392935
  -25.516528     -8.590478   -0.0001437732
  -25.516528     -2.863493   -0.0000474990
  -25.516528      2.863493    0.0000467777
  -25.516528      8.590478    0.0001383653
  -25.516528     14.317463    0.0002286868
  -25.516528     20.044448    0.0003180567
  -25.516528     25.771434    0.0004018506
  -25.516528     31.498419    0.0004714335
  -25.516528     37.225404    0.0005279062
  -25.516528     42.952389    0.0006194255

  -20.877160    -42.952389   -0.0003777357
  -20.877160    -37.225404   -0.0003186336
  -20.877160    -31.498419   -0.0002786073
  -20.877160    -25.771434   -0.0002332719
  -20.877160    -20.044448   -0.0001819388
  -20.877160    -14.317463   -0.0001289647
  -20.877160     -8.590478   -0.0000768147
  -20.877160     -2.863493   -0.0000255223
  -20.877160      2.863493    0.0000254450
  -20.877160      8.590478    0.0000755801
  -20.877160     14.317463    0.0001233283
  -20.877160     20.044448    0.0001676878
  -20.877160     25.771434    0.0002101033
  -20.877160     31.498419    0.0002540110
  -20.877160     37.225404    0.0002980650
  -20.877160     42.952389    0.0003177500

  -16.237791    -42.952389   -0.0001723496
  -16.237791    -37.225404   -0.0001421433
  -16.237791    -31.498419   -0.0001282236
  -16.237791    -25.771434   -0.0001097167
  -16.237791    -20.044448   -0.0000859999
  -16.237791    -14.317463   -0.0000607695
  -16.237791     -8.590478   -0.0000361081
  -16.237791     -2.863493   -0.0000120148
  -16.237791      2.863493    0.0000120062
  -16.237791      8.590478    0.0000355734
  -16.237791     14.317463    0.0000574150
  -16.237791     20.044448    0.0000767278
  -16.237791     25.771434    0.0000947900
  -16.237791     31.498419    0.0001145774
  -16.237791     37.225404    0.0001350036
  -16.237791     42.952389    0.0001352733

  -11.598422    -42.952389   -0.0000591223
  -11.598422    -37.225404   -0.0000537110
  -11.598422    -31.498419   -0.0000473325
  -11.598422    -25.771434   -0.0000399703
  -11.598422    -20.044448   -0.0000317765
  -11.598422    -14.317463   -0.0000229749
  -11.598422     -8.590478   -0.0000138175
  -11.598422     -2.863493   -0.0000045707
  -11.598422      2.863493    0.0000044882
  -11.598422      8.590478    0.0000130740
  -11.598422     14.317463    0.0000209027
  -11.598422     20.044448    0.0000277051
  -11.598422     25.771434    0.0000332355
  -11.598422     31.498419    0.0000372622
  -11.598422     37.225404    0.0000395186
  -11.598422     42.952389    0.0000395869

   -6.959053    -42.952389   -0.0000095888
   -6.959053    -37.225404   -0.0000128602
   -6.959053    -31.498419   -0.0000106436
   -6.959053    -25.771434   -0.0000086679
   -6.959053    -20.044448   -0.0000072789
   -6.959053    -14.317463   -0.0000056900
   -6.959053     -8.590478   -0.0000035699
   -6.959053     -2.863493   -0.0000011706
   -6.959053      2.863493    0.0000011005
   -6.959053      8.590478    0.0000030597
   -6.959053     14.317463    0.0000047679
   -6.959053     20.044448    0.0000061847
   -6.959053     25.771434    0.0000067432
   -6.959053     31.498419    0.0000054315
   -6.959053     37.225404    0.0000022652
   -6.959053     42.952389    0.0000023326

   -2.319684    -42.952389    0.0000014900
   -2.319684    -37.225404    0.0000000268
   -2.319684    -31.498419   -0.0000001815
   -2.319684    -25.771434   -0.0000003108
   -2.319684    -20.044448   -0.0000004610
   -2.319684    -14.317463   -0.0000004953
   -2.319684     -8.590478   -0.0000003611
   -2.319684     -2.863493   -0.0000001240
   -2.319684      2.863493    0.0000001131
   -2.319684      8.590478    0.0000002859
   -2.319684     14.317463    0.0000003795
   -2.319684     20.044448    0.0000003685
   -2.319684     25.771434    0.0000001361
   -2.319684     31.498419   -0.0000005188
   -2.319684     37.225404   -0.0000016249
   -2.319684     42.952389   -0.0000023117

    2.319684    -42.952389   -0.0000023117
    2.319684    -37.225404   -0.0000016249
    2.319684    -31.498419   -0.0000005188
    2.319684    -25.771434    0.0000001361
    2.319684    -20.044448    0.0000003685
    2.319684    -14.317463    0.0000003795
    2.319684     -8.590478    0.0000002859
    2.319684     -2.863493    0.0000001131
    2.319684      2.863493   -0.0000001240
    2.319684      8.590478   -0.0000003611
    2.319684     14.317463   -0.0000004953
    2.319684     20.044448   -0.0000004610
    2.319684     25.771434   -0.0000003108
    2.319684     31.498419   -0.0000001815
    2.319684     37.225404    0.0000000268
    2.319684     42.952389    0.0000014900

    6.959053    -42.952389    0.0000023326
    6.959053    -37.225404    0.0000022652
    6.959053    -31.498419    0.0000054315
    6.959053    -25.771434    0.0000067432
    6.959053    -20.044448    0.0000061847
    6.959053    -14.317463    0.0000047679
    6.959053     -8.590478    0.0000030597
    6.959053     -2.863493    0.0000011005
    6.959053      2.863493   -0.0000011706
    6.959053      8.590478   -0.0000035699
    6.959053     14.317463   -0.0000056900
    6.959053     20.044448   -0.0000072789
    6.959053     25.771434   -0.0000086679
    6.959053     31.498419   -0.0000106436
    6.959053     37.225404   -0.0000128602
    6.959053     42.952389   -0.0000095888

   11.598422    -42.952389    0.0000395869
   11.598422    -37.225404    0.0000395186
   11.598422    -31.498419    0.0000372622
   11.598422    -25.771434    0.0000332355
   11.598422    -20.044448    0.0000277051
   11.598422    -14.317463    0.0000209027
   11.598422     -8.590478    0.0000130740
   11.598422     -2.863493    0.0000044882
   11.598422      2.863493   -0.0000045707
   11.598422      8.590478   -0.0000138175
   11.598422     14.317463   -0.0000229749
   11.598422     20.044448   -0.0000317765
   11.598422     25.771434   -0.0000399703
   11.598422     31.498419   -0.0000473325
   11.598422     37.225404   -0.0000537110
   11.598422     42.952389   -0.0000591223

   16.237791    -42.952389    0.0001352733
   16.237791    -37.225404    0.0001350036
   16.237791    -31.498419    0.0001145774
   16.237791    -25.771434    0.0000947900
   16.237791    -20.044448    0.0000767278
   16.237791    -14.317463    0.0000574150
   16.237791     -8.590478    0.0000355734
   16.237791     -2.863493    0.0000120062
   16.237791      2.863493   -0.0000120148
   16.237791      8.590478   -0.0000361081
   16.237791     14.317463   -0.0000607695
   16.237791     20.044448   -0.0000859999
   16.237791     25.771434   -0.0001097167
   16.237791     31.498419   -0.0001282236
   16.237791     37.225404   -0.0001421433
   16.237791     42.952389   -0.0001723496

   20.877160    -42.952389    0.0003177500
   20.877160    -37.225404    0.0002980650
   20.877160    -31.498419    0.0002540110
   20.877160    -25.771434    0.0002101033
   20.877160    -20.044448    0.0001676878
   20.877160    -14.317463    0.0001233283
   20.877160     -8.590478    0.0000755801
   20.877160     -2.863493    0.0000254450
   20.877160      2.863493   -0.0000255223
   20.877160      8.590478   -0.0000768147
   20.877160     14.317463   -0.0001289647
   20.877160     20.044448   -0.0001819388
   20.877160     25.771434   -0.0002332719
   20.877160     31.498419   -0.0002786073
   20.877160     37.225404   -0.0003186336
   20.877160     42.952389   -0.0003777357

   25.516528    -42.952389    0.0006194255
   25.516528    -37.225404    0.0005279062
   25.516528    -31.498419    0.0004714335
   25.516528    -25.771434    0.0004018506
   25.516528    -20.044448    0.0003180567
   25.516528    -14.317463    0.0002286868
   25.516528     -8.590478    0.0001383653
   25.516528     -2.863493    0.0000467777
   25.516528      2.863493   -0.0000474990
   25.516528      8.590478   -0.0001437732
   25.516528     14.317463   -0.0002392935
   25.516528     20.044448   -0.0003325587
   25.516528     25.771434   -0.0004271656
   25.516528     31.498419   -0.0005307817
   25.516528     37.225404   -0.0006411370
   25.516528     42.952389   -0.0007082339

   30.155897    -42.952389    0.0010797433
   30.155897    -37.225404    0.0008666741
   30.155897    -31.498419    0.0007978537
   30.155897    -25.771434    0.0006926946
   30.155897    -20.044448    0.0005454922
   30.155897    -14.317463    0.0003867499
   30.155897     -8.590478    0.0002320644
   30.155897     -2.863493    0.0000786449
   30.155897      2.863493   -0.0000804572
   30.155897      8.590478   -0.0002443391
   30.155897     14.317463   -0.0004043842
   30.155897     20.044448   -0.0005564803
   30.155897     25.771434   -0.0007152475
   30.155897     31.498419   -0.0009102140
   30.155897     37.225404   -0.0011338710
   30.155897     42.952389   -0.0012015477

   34.795266    -42.952389    0.0017507249
   34.795266    -37.225404    0.0015399224
   34.795266    -31.498419    0.0013203484
   34.795266    -25.771434    0.0010930317
   34.795266    -20.044448    0.0008589290
   34.795266    -14.317463    0.0006189920
   34.795266     -8.590478    0.0003741888
   34.795266     -2.863493    0.0001254983
   34.795266      2.863493   -0.0001261073
   34.795266      8.590478   -0.0003796842
   34.795266     14.317463   -0.0006343359
   34.795266     20.044448   -0.0008892310
   34.795266     25.771434   -0.0011436233
   34.795266     31.498419   -0.0013968826
   34.795266     37.225404   -0.0016485508
   34.795266     42.952389   -0.0018984407

