  -47.456659   -136.038482   -0.0003415000
  -47.456659   -117.900018   -0.0002557808
  -47.456659    -99.761554   -0.0001826889
  -47.456659    -81.623089   -0.0001220482
  -47.456659    -63.484625   -0.0000737117
  -47.456659    -45.346161   -0.0000375621
  -47.456659    -27.207696   -0.0000135114
  -47.456659     -9.069232   -0.0000015007
  -47.456659      9.069232   -0.0000015007
  -47.456659     27.207696   -0.0000135114
  -47.456659     45.346161   -0.0000375621
  -47.456659     63.484625   -0.0000737117
  -47.456659     81.623089   -0.0001220482
  -47.456659     99.761554   -0.0001826889
  -47.456659    117.900018   -0.0002557808
  -47.456659    136.038482   -0.0003415000

  -41.129105   -136.038482   -0.0002406018
  -41.129105   -117.900018   -0.0001799988
  -41.129105    -99.761554   -0.0001284331
  -41.129105    -81.623089   -0.0000857294
  -41.129105    -63.484625   -0.0000517418
  -41.129105    -45.346161   -0.0000263532
  -41.129105    -27.207696   -0.0000094762
  -41.129105     -9.069232   -0.0000010523
  -41.129105      9.069232   -0.0000010523
  -41.129105     27.207696   -0.0000094762
  -41.129105     45.346161   -0.0000263532
  -41.129105     63.484625   -0.0000517418
  -41.129105     81.623089   -0.0000857294
  -41.129105     99.761554   -0.0001284331
  -41.129105    117.900018   -0.0001799988
  -41.129105    136.038482   -0.0002406018

  -34.801550   -136.038482   -0.0001625058
  -34.801550   -117.900018   -0.0001214363
  -34.801550    -99.761554   -0.0000865628
  -34.801550    -81.623089   -0.0000577335
  -34.801550    -63.484625   -0.0000348219
  -34.801550    -45.346161   -0.0000177267
  -34.801550    -27.207696   -0.0000063721
  -34.801550     -9.069232   -0.0000007075
  -34.801550      9.069232   -0.0000007075
  -34.801550     27.207696   -0.0000063721
  -34.801550     45.346161   -0.0000177267
  -34.801550     63.484625   -0.0000348219
  -34.801550     81.623089   -0.0000577335
  -34.801550     99.761554   -0.0000865628
  -34.801550    117.900018   -0.0001214363
  -34.801550    136.038482   -0.0001625058

  -28.473996   -136.038482   -0.0001033406
  -28.473996   -117.900018   -0.0000771424
  -28.473996    -99.761554   -0.0000549389
  -28.473996    -81.623089   -0.0000366137
  -28.473996    -63.484625   -0.0000220699
  -28.473996    -45.346161   -0.0000112298
  -28.473996    -27.207696   -0.0000040355
  -28.473996     -9.069232   -0.0000004480
  -28.473996      9.069232   -0.0000004480
  -28.473996     27.207696   -0.0000040355
  -28.473996     45.346161   -0.0000112298
  -28.473996     63.484625   -0.0000220699
  -28.473996     81.623089   -0.0000366137
  -28.473996     99.761554   -0.0000549389
  -28.473996    117.900018   -0.0000771424
  -28.473996    136.038482   -0.0001033406

  -22.146441   -136.038482   -0.0000598799
  -22.146441   -117.900018   -0.0000446582
  -22.146441    -99.761554   -0.0000317789
  -22.146441    -81.623089   -0.0000211645
  -22.146441    -63.484625   -0.0000127505
  -22.146441    -45.346161   -0.0000064852
  -22.146441    -27.207696   -0.0000023298
  -22.146441     -9.069232   -0.0000002586
  -22.146441      9.069232   -0.0000002586
  -22.146441     27.207696   -0.0000023298
  -22.146441     45.346161   -0.0000064852
  -22.146441     63.484625   -0.0000127505
  -22.146441     81.623089   -0.0000211645
  -22.146441     99.761554   -0.0000317789
  -22.146441    117.900018   -0.0000446582
  -22.146441    136.038482   -0.0000598799

  -15.818886   -136.038482   -0.0000295428
  -15.818886   -117.900018   -0.0000220163
  -15.818886    -99.761554   -0.0000156567
  -15.818886    -81.623089   -0.0000104215
  -15.818886    -63.484625   -0.0000062756
  -15.818886    -45.346161   -0.0000031908
  -15.818886    -27.207696   -0.0000011461
  -15.818886     -9.069232   -0.0000001272
  -15.818886      9.069232   -0.0000001272
  -15.818886     27.207696   -0.0000011461
  -15.818886     45.346161   -0.0000031908
  -15.818886     63.484625   -0.0000062756
  -15.818886     81.623089   -0.0000104215
  -15.818886     99.761554   -0.0000156567
  -15.818886    117.900018   -0.0000220163
  -15.818886    136.038482   -0.0000295428

   -9.491332   -136.038482   -0.0000103934
   -9.491332   -117.900018   -0.0000077415
   -9.491332    -99.761554   -0.0000055027
   -9.491332    -81.623089   -0.0000036613
   -9.491332    -63.484625   -0.0000022041
   -9.491332    -45.346161   -0.0000011204
   -9.491332    -27.207696   -0.0000004024
   -9.491332     -9.069232   -0.0000000447
   -9.491332      9.069232   -0.0000000447
   -9.491332     27.207696   -0.0000004024
   -9.491332     45.346161   -0.0000011204
   -9.491332     63.484625   -0.0000022041
   -9.491332     81.623089   -0.0000036613
   -9.491332     99.761554   -0.0000055027
   -9.491332    117.900018   -0.0000077415
   -9.491332    136.038482   -0.0000103934

   -3.163777   -136.038482   -0.0000011414
   -3.163777   -117.900018   -0.0000008499
   -3.163777    -99.761554   -0.0000006040
   -3.163777    -81.623089   -0.0000004018
   -3.163777    -63.484625   -0.0000002418
   -3.163777    -45.346161   -0.0000001229
   -3.163777    -27.207696   -0.0000000441
   -3.163777     -9.069232   -0.0000000049
   -3.163777      9.069232   -0.0000000049
   -3.163777     27.207696   -0.0000000441
   -3.163777     45.346161   -0.0000001229
   -3.163777     63.484625   -0.0000002418
   -3.163777     81.623089   -0.0000004018
   -3.163777     99.761554   -0.0000006040
   -3.163777    117.900018   -0.0000008499
   -3.163777    136.038482   -0.0000011414

    3.163777   -136.038482   -0.0000011414
    3.163777   -117.900018   -0.0000008499
    3.163777    -99.761554   -0.0000006040
    3.163777    -81.623089   -0.0000004018
    3.163777    -63.484625   -0.0000002418
    3.163777    -45.346161   -0.0000001229
    3.163777    -27.207696   -0.0000000441
    3.163777     -9.069232   -0.0000000049
    3.163777      9.069232   -0.0000000049
    3.163777     27.207696   -0.0000000441
    3.163777     45.346161   -0.0000001229
    3.163777     63.484625   -0.0000002418
    3.163777     81.623089   -0.0000004018
    3.163777     99.761554   -0.0000006040
    3.163777    117.900018   -0.0000008499
    3.163777    136.038482   -0.0000011414

    9.491332   -136.038482   -0.0000103934
    9.491332   -117.900018   -0.0000077415
    9.491332    -99.761554   -0.0000055027
    9.491332    -81.623089   -0.0000036613
    9.491332    -63.484625   -0.0000022041
    9.491332    -45.346161   -0.0000011204
    9.491332    -27.207696   -0.0000004024
    9.491332     -9.069232   -0.0000000447
    9.491332      9.069232   -0.0000000447
    9.491332     27.207696   -0.0000004024
    9.491332     45.346161   -0.0000011204
    9.491332     63.484625   -0.0000022041
    9.491332     81.623089   -0.0000036613
    9.491332     99.761554   -0.0000055027
    9.491332    117.900018   -0.0000077415
    9.491332    136.038482   -0.0000103934

   15.818886   -136.038482   -0.0000295428
   15.818886   -117.900018   -0.0000220163
   15.818886    -99.761554   -0.0000156567
   15.818886    -81.623089   -0.0000104215
   15.818886    -63.484625   -0.0000062756
   15.818886    -45.346161   -0.0000031908
   15.818886    -27.207696   -0.0000011461
   15.818886     -9.069232   -0.0000001272
   15.818886      9.069232   -0.0000001272
   15.818886     27.207696   -0.0000011461
   15.818886     45.346161   -0.0000031908
   15.818886     63.484625   -0.0000062756
   15.818886     81.623089   -0.0000104215
   15.818886     99.761554   -0.0000156567
   15.818886    117.900018   -0.0000220163
   15.818886    136.038482   -0.0000295428

   22.146441   -136.038482   -0.0000598799
   22.146441   -117.900018   -0.0000446582
   22.146441    -99.761554   -0.0000317789
   22.146441    -81.623089   -0.0000211645
   22.146441    -63.484625   -0.0000127505
   22.146441    -45.346161   -0.0000064852
   22.146441    -27.207696   -0.0000023298
   22.146441     -9.069232   -0.0000002586
   22.146441      9.069232   -0.0000002586
   22.146441     27.207696   -0.0000023298
   22.146441     45.346161   -0.0000064852
   22.146441     63.484625   -0.0000127505
   22.146441     81.623089   -0.0000211645
   22.146441     99.761554   -0.0000317789
   22.146441    117.900018   -0.0000446582
   22.146441    136.038482   -0.0000598799

   28.473996   -136.038482   -0.0001033406
   28.473996   -117.900018   -0.0000771424
   28.473996    -99.761554   -0.0000549389
   28.473996    -81.623089   -0.0000366137
   28.473996    -63.484625   -0.0000220699
   28.473996    -45.346161   -0.0000112298
   28.473996    -27.207696   -0.0000040355
   28.473996     -9.069232   -0.0000004480
   28.473996      9.069232   -0.0000004480
   28.473996     27.207696   -0.0000040355
   28.473996     45.346161   -0.0000112298
   28.473996     63.484625   -0.0000220699
   28.473996     81.623089   -0.0000366137
   28.473996     99.761554   -0.0000549389
   28.473996    117.900018   -0.0000771424
   28.473996    136.038482   -0.0001033406

   34.801550   -136.038482   -0.0001625058
   34.801550   -117.900018   -0.0001214363
   34.801550    -99.761554   -0.0000865628
   34.801550    -81.623089   -0.0000577335
   34.801550    -63.484625   -0.0000348219
   34.801550    -45.346161   -0.0000177267
   34.801550    -27.207696   -0.0000063721
   34.801550     -9.069232   -0.0000007075
   34.801550      9.069232   -0.0000007075
   34.801550     27.207696   -0.0000063721
   34.801550     45.346161   -0.0000177267
   34.801550     63.484625   -0.0000348219
   34.801550     81.623089   -0.0000577335
   34.801550     99.761554   -0.0000865628
   34.801550    117.900018   -0.0001214363
   34.801550    136.038482   -0.0001625058

   41.129105   -136.038482   -0.0002406018
   41.129105   -117.900018   -0.0001799988
   41.129105    -99.761554   -0.0001284331
   41.129105    -81.623089   -0.0000857294
   41.129105    -63.484625   -0.0000517418
   41.129105    -45.346161   -0.0000263532
   41.129105    -27.207696   -0.0000094762
   41.129105     -9.069232   -0.0000010523
   41.129105      9.069232   -0.0000010523
   41.129105     27.207696   -0.0000094762
   41.129105     45.346161   -0.0000263532
   41.129105     63.484625   -0.0000517418
   41.129105     81.623089   -0.0000857294
   41.129105     99.761554   -0.0001284331
   41.129105    117.900018   -0.0001799988
   41.129105    136.038482   -0.0002406018

   47.456659   -136.038482   -0.0003415000
   47.456659   -117.900018   -0.0002557808
   47.456659    -99.761554   -0.0001826889
   47.456659    -81.623089   -0.0001220482
   47.456659    -63.484625   -0.0000737117
   47.456659    -45.346161   -0.0000375621
   47.456659    -27.207696   -0.0000135114
   47.456659     -9.069232   -0.0000015007
   47.456659      9.069232   -0.0000015007
   47.456659     27.207696   -0.0000135114
   47.456659     45.346161   -0.0000375621
   47.456659     63.484625   -0.0000737117
   47.456659     81.623089   -0.0001220482
   47.456659     99.761554   -0.0001826889
   47.456659    117.900018   -0.0002557808
   47.456659    136.038482   -0.0003415000

