  -25.746645    -50.614883    0.0824643035
  -25.746645    -43.866232    0.0768586861
  -25.746645    -37.117581    0.0721214314
  -25.746645    -30.368930    0.0682277892
  -25.746645    -23.620279    0.0651517748
  -25.746645    -16.871628    0.0628690923
  -25.746645    -10.122977    0.0613594736
  -25.746645     -3.374326    0.0606084320
  -25.746645      3.374326    0.0606084320
  -25.746645     10.122977    0.0613594736
  -25.746645     16.871628    0.0628690923
  -25.746645     23.620279    0.0651517748
  -25.746645     30.368930    0.0682277892
  -25.746645     37.117581    0.0721214314
  -25.746645     43.866232    0.0768586861
  -25.746645     50.614883    0.0824643035

  -21.065436    -50.614883    0.0592105075
  -21.065436    -43.866232    0.0535756424
  -21.065436    -37.117581    0.0488105092
  -21.065436    -30.368930    0.0448916542
  -21.065436    -23.620279    0.0417941731
  -21.065436    -16.871628    0.0394946343
  -21.065436    -10.122977    0.0379734179
  -21.065436     -3.374326    0.0372164695
  -21.065436      3.374326    0.0372164695
  -21.065436     10.122977    0.0379734179
  -21.065436     16.871628    0.0394946343
  -21.065436     23.620279    0.0417941731
  -21.065436     30.368930    0.0448916542
  -21.065436     37.117581    0.0488105092
  -21.065436     43.866232    0.0535756424
  -21.065436     50.614883    0.0592105075

  -16.384228    -50.614883    0.0428192202
  -16.384228    -43.866232    0.0371578377
  -16.384228    -37.117581    0.0323671936
  -16.384228    -30.368930    0.0284251179
  -16.384228    -23.620279    0.0253077763
  -16.384228    -16.871628    0.0229925933
  -16.384228    -10.122977    0.0214605907
  -16.384228     -3.374326    0.0206981423
  -16.384228      3.374326    0.0206981423
  -16.384228     10.122977    0.0214605907
  -16.384228     16.871628    0.0229925933
  -16.384228     23.620279    0.0253077763
  -16.384228     30.368930    0.0284251179
  -16.384228     37.117581    0.0323671936
  -16.384228     43.866232    0.0371578377
  -16.384228     50.614883    0.0428192202

  -11.703020    -50.614883    0.0319871261
  -11.703020    -43.866232    0.0263017543
  -11.703020    -37.117581    0.0214878088
  -11.703020    -30.368930    0.0175243841
  -11.703020    -23.620279    0.0143886990
  -11.703020    -16.871628    0.0120590210
  -11.703020    -10.122977    0.0105170040
  -11.703020     -3.374326    0.0097494429
  -11.703020      3.374326    0.0097494429
  -11.703020     10.122977    0.0105170040
  -11.703020     16.871628    0.0120590210
  -11.703020     23.620279    0.0143886990
  -11.703020     30.368930    0.0175243841
  -11.703020     37.117581    0.0214878088
  -11.703020     43.866232    0.0263017543
  -11.703020     50.614883    0.0319871261

   -7.021812    -50.614883    0.0256345363
   -7.021812    -43.866232    0.0199275432
   -7.021812    -37.117581    0.0150923820
   -7.021812    -30.368930    0.0111093852
   -7.021812    -23.620279    0.0079568041
   -7.021812    -16.871628    0.0056137315
   -7.021812    -10.122977    0.0040624407
   -7.021812     -3.374326    0.0032901396
   -7.021812      3.374326    0.0032901396
   -7.021812     10.122977    0.0040624407
   -7.021812     16.871628    0.0056137315
   -7.021812     23.620279    0.0079568041
   -7.021812     30.368930    0.0111093852
   -7.021812     37.117581    0.0150923820
   -7.021812     43.866232    0.0199275432
   -7.021812     50.614883    0.0256345363

   -2.340604    -50.614883    0.0228643612
   -2.340604    -43.866232    0.0171379975
   -2.340604    -37.117581    0.0122836151
   -2.340604    -30.368930    0.0082827550
   -2.340604    -23.620279    0.0051146750
   -2.340604    -16.871628    0.0027592736
   -2.340604    -10.122977    0.0011994280
   -2.340604     -3.374326    0.0004227488
   -2.340604      3.374326    0.0004227488
   -2.340604     10.122977    0.0011994280
   -2.340604     16.871628    0.0027592736
   -2.340604     23.620279    0.0051146750
   -2.340604     30.368930    0.0082827550
   -2.340604     37.117581    0.0122836151
   -2.340604     43.866232    0.0171379975
   -2.340604     50.614883    0.0228643612

    2.340604    -50.614883    0.0229287839
    2.340604    -43.866232    0.0171852244
    2.340604    -37.117581    0.0123135585
    2.340604    -30.368930    0.0082965013
    2.340604    -23.620279    0.0051142894
    2.340604    -16.871628    0.0027476039
    2.340604    -10.122977    0.0011799095
    2.340604     -3.374326    0.0003992080
    2.340604      3.374326    0.0003992080
    2.340604     10.122977    0.0011799095
    2.340604     16.871628    0.0027476039
    2.340604     23.620279    0.0051142894
    2.340604     30.368930    0.0082965013
    2.340604     37.117581    0.0123135585
    2.340604     43.866232    0.0171852244
    2.340604     50.614883    0.0229287839

    7.021812    -50.614883    0.0252023200
    7.021812    -43.866232    0.0194437066
    7.021812    -37.117581    0.0145566711
    7.021812    -30.368930    0.0105250669
    7.021812    -23.620279    0.0073300790
    7.021812    -16.871628    0.0049531476
    7.021812    -10.122977    0.0033783063
    7.021812     -3.374326    0.0025939365
    7.021812      3.374326    0.0025939365
    7.021812     10.122977    0.0033783063
    7.021812     16.871628    0.0049531476
    7.021812     23.620279    0.0073300790
    7.021812     30.368930    0.0105250669
    7.021812     37.117581    0.0145566711
    7.021812     43.866232    0.0194437066
    7.021812     50.614883    0.0252023200

   11.703020    -50.614883    0.0291601162
   11.703020    -43.866232    0.0233886000
   11.703020    -37.117581    0.0184881187
   11.703020    -30.368930    0.0144436271
   11.703020    -23.620279    0.0112372282
   11.703020    -16.871628    0.0088510960
   11.703020    -10.122977    0.0072698150
   11.703020     -3.374326    0.0064821335
   11.703020      3.374326    0.0064821335
   11.703020     10.122977    0.0072698150
   11.703020     16.871628    0.0088510960
   11.703020     23.620279    0.0112372282
   11.703020     30.368930    0.0144436271
   11.703020     37.117581    0.0184881187
   11.703020     43.866232    0.0233886000
   11.703020     50.614883    0.0291601162

   16.384228    -50.614883    0.0343604975
   16.384228    -43.866232    0.0285782806
   16.384228    -37.117581    0.0236663209
   16.384228    -30.368930    0.0196106376
   16.384228    -23.620279    0.0163942207
   16.384228    -16.871628    0.0139999542
   16.384228    -10.122977    0.0124129545
   16.384228     -3.374326    0.0116223251
   16.384228      3.374326    0.0116223251
   16.384228     10.122977    0.0124129545
   16.384228     16.871628    0.0139999542
   16.384228     23.620279    0.0163942207
   16.384228     30.368930    0.0196106376
   16.384228     37.117581    0.0236663209
   16.384228     43.866232    0.0285782806
   16.384228     50.614883    0.0343604975

   21.065436    -50.614883    0.0404309391
   21.065436    -43.866232    0.0346403174
   21.065436    -37.117581    0.0297189235
   21.065436    -30.368930    0.0256538059
   21.065436    -23.620279    0.0224288124
   21.065436    -16.871628    0.0200275129
   21.065436    -10.122977    0.0184355388
   21.065436     -3.374326    0.0176423363
   21.065436      3.374326    0.0176423363
   21.065436     10.122977    0.0184355388
   21.065436     16.871628    0.0200275129
   21.065436     23.620279    0.0224288124
   21.065436     30.368930    0.0256538059
   21.065436     37.117581    0.0297189235
   21.065436     43.866232    0.0346403174
   21.065436     50.614883    0.0404309391

   25.746645    -50.614883    0.0470568007
   25.746645    -43.866232    0.0412602058
   25.746645    -37.117581    0.0363315325
   25.746645    -30.368930    0.0322588261
   25.746645    -23.620279    0.0290267647
   25.746645    -16.871628    0.0266195830
   25.746645    -10.122977    0.0250234105
   25.746645     -3.374326    0.0242280257
   25.746645      3.374326    0.0242280257
   25.746645     10.122977    0.0250234105
   25.746645     16.871628    0.0266195830
   25.746645     23.620279    0.0290267647
   25.746645     30.368930    0.0322588261
   25.746645     37.117581    0.0363315325
   25.746645     43.866232    0.0412602058
   25.746645     50.614883    0.0470568007

   30.427853    -50.614883    0.0539723234
   30.427853    -43.866232    0.0481723651
   30.427853    -37.117581    0.0432387113
   30.427853    -30.368930    0.0391603754
   30.427853    -23.620279    0.0359228423
   30.427853    -16.871628    0.0335109921
   30.427853    -10.122977    0.0319114383
   30.427853     -3.374326    0.0311142823
   30.427853      3.374326    0.0311142823
   30.427853     10.122977    0.0319114383
   30.427853     16.871628    0.0335109921
   30.427853     23.620279    0.0359228423
   30.427853     30.368930    0.0391603754
   30.427853     37.117581    0.0432387113
   30.427853     43.866232    0.0481723651
   30.427853     50.614883    0.0539723234

   35.109061    -50.614883    0.0609535523
   35.109061    -43.866232    0.0551530607
   35.109061    -37.117581    0.0502169029
   35.109061    -30.368930    0.0461350370
   35.109061    -23.620279    0.0428937351
   35.109061    -16.871628    0.0404785072
   35.109061    -10.122977    0.0388764392
   35.109061     -3.374326    0.0380779474
   35.109061      3.374326    0.0380779474
   35.109061     10.122977    0.0388764392
   35.109061     16.871628    0.0404785072
   35.109061     23.620279    0.0428937351
   35.109061     30.368930    0.0461350370
   35.109061     37.117581    0.0502169029
   35.109061     43.866232    0.0551530607
   35.109061     50.614883    0.0609535523

   39.790269    -50.614883    0.0678130104
   39.790269    -43.866232    0.0620150782
   39.790269    -37.117581    0.0570791039
   39.790269    -30.368930    0.0529959735
   39.790269    -23.620279    0.0497527323
   39.790269    -16.871628    0.0473355087
   39.790269    -10.122977    0.0457318525
   39.790269     -3.374326    0.0449324892
   39.790269      3.374326    0.0449324892
   39.790269     10.122977    0.0457318525
   39.790269     16.871628    0.0473355087
   39.790269     23.620279    0.0497527323
   39.790269     30.368930    0.0529959735
   39.790269     37.117581    0.0570791039
   39.790269     43.866232    0.0620150782
   39.790269     50.614883    0.0678130104

   44.471477    -50.614883    0.0743961119
   44.471477    -43.866232    0.0686041365
   44.471477    -37.117581    0.0636712780
   44.471477    -30.368930    0.0595893409
   44.471477    -23.620279    0.0563461359
   44.471477    -16.871628    0.0539284036
   44.471477    -10.122977    0.0523241532
   44.471477     -3.374326    0.0515244163
   44.471477      3.374326    0.0515244163
   44.471477     10.122977    0.0523241532
   44.471477     16.871628    0.0539284036
   44.471477     23.620279    0.0563461359
   44.471477     30.368930    0.0595893409
   44.471477     37.117581    0.0636712780
   44.471477     43.866232    0.0686041365
   44.471477     50.614883    0.0743961119

