  -62.630025   -119.276109    0.0223696399
  -62.630025   -103.372628    0.0210266252
  -62.630025    -87.469147    0.0199282887
  -62.630025    -71.565666    0.0190607059
  -62.630025    -55.662184    0.0184124834
  -62.630025    -39.758703    0.0179749152
  -62.630025    -23.855222    0.0177421355
  -62.630025     -7.951741    0.0177112695
  -62.630025      7.951741    0.0178825818
  -62.630025     23.855222    0.0182596224
  -62.630025     39.758703    0.0188493698
  -62.630025     55.662184    0.0196623719
  -62.630025     71.565666    0.0207128850
  -62.630025     87.469147    0.0220190089
  -62.630025    103.372628    0.0236028214
  -62.630025    119.276109    0.0254905086

  -54.279355   -119.276109    0.0177631256
  -54.279355   -103.372628    0.0164570450
  -54.279355    -87.469147    0.0153838422
  -54.279355    -71.565666    0.0145292260
  -54.279355    -55.662184    0.0138814842
  -54.279355    -39.758703    0.0134316754
  -54.279355    -23.855222    0.0131738111
  -54.279355     -7.951741    0.0131050260
  -54.279355      7.951741    0.0132257384
  -54.279355     23.855222    0.0135397994
  -54.279355     39.758703    0.0140546319
  -54.279355     55.662184    0.0147813580
  -54.279355     71.565666    0.0157349169
  -54.279355     87.469147    0.0169341708
  -54.279355    103.372628    0.0184020015
  -54.279355    119.276109    0.0201653948

  -45.928685   -119.276109    0.0138694585
  -45.928685   -103.372628    0.0126035588
  -45.928685    -87.469147    0.0115593541
  -45.928685    -71.565666    0.0107222602
  -45.928685    -55.662184    0.0100803788
  -45.928685    -39.758703    0.0096246957
  -45.928685    -23.855222    0.0093492652
  -45.928685     -7.951741    0.0092513817
  -45.928685      7.951741    0.0093317369
  -45.928685     23.855222    0.0095945648
  -45.928685     39.758703    0.0100477721
  -45.928685     55.662184    0.0107030562
  -45.928685     71.565666    0.0115760095
  -45.928685     87.469147    0.0126862095
  -45.928685    103.372628    0.0140572972
  -45.928685    119.276109    0.0157170401

  -37.578015   -119.276109    0.0106585508
  -37.578015   -103.372628    0.0094351710
  -37.578015    -87.469147    0.0084228397
  -37.578015    -71.565666    0.0076068365
  -37.578015    -55.662184    0.0069752326
  -37.578015    -39.758703    0.0065190875
  -37.578015    -23.855222    0.0062326304
  -37.578015     -7.951741    0.0061134266
  -37.578015      7.951741    0.0061625298
  -37.578015     23.855222    0.0063846178
  -37.578015     39.758703    0.0067881149
  -37.578015     55.662184    0.0073852978
  -37.578015     71.565666    0.0081923881
  -37.578015     87.469147    0.0092296280
  -37.578015    103.372628    0.0105213428
  -37.578015    119.276109    0.0120959869

  -29.227345   -119.276109    0.0081020416
  -29.227345   -103.372628    0.0069227401
  -29.227345    -87.469147    0.0059443697
  -29.227345    -71.565666    0.0051522527
  -29.227345    -55.662184    0.0045345829
  -29.227345    -39.758703    0.0040826227
  -29.227345    -23.855222    0.0037908839
  -29.227345     -7.951741    0.0036572897
  -29.227345      7.951741    0.0036833213
  -29.227345     23.855222    0.0038741456
  -29.227345     39.758703    0.0042387271
  -29.227345     55.662184    0.0047899214
  -29.227345     71.565666    0.0055445528
  -29.227345     87.469147    0.0065234731
  -29.227345    103.372628    0.0077516047
  -29.227345    119.276109    0.0092579657

  -20.876675   -119.276109    0.0061736805
  -20.876675   -103.372628    0.0050393561
  -20.876675    -87.469147    0.0040964115
  -20.876675    -71.565666    0.0033303750
  -20.876675    -55.662184    0.0027296992
  -20.876675    -39.758703    0.0022859620
  -20.876675    -23.855222    0.0019940474
  -20.876675     -7.951741    0.0018523067
  -20.876675      7.951741    0.0018626984
  -20.876675     23.855222    0.0020309093
  -20.876675     39.758703    0.0023664548
  -20.876675     55.662184    0.0028827589
  -20.876675     71.565666    0.0035972145
  -20.876675     87.469147    0.0045312233
  -20.876675    103.372628    0.0057102157
  -20.876675    119.276109    0.0071636508

  -12.526005   -119.276109    0.0048496346
  -12.526005   -103.372628    0.0037606423
  -12.526005    -87.469147    0.0028540984
  -12.526005    -71.565666    0.0021158703
  -12.526005    -55.662184    0.0015347836
  -12.526005    -39.758703    0.0011028268
  -12.526005    -23.855222    0.0008153328
  -12.526005     -7.951741    0.0006711376
  -12.526005      7.951741    0.0006727151
  -12.526005     23.855222    0.0008262897
  -12.526005     39.758703    0.0011419255
  -12.526005     55.662184    0.0016335921
  -12.526005     71.565666    0.0023192077
  -12.526005     87.469147    0.0032206590
  -12.526005    103.372628    0.0043637979
  -12.526005    119.276109    0.0057784153

   -4.175335   -119.276109    0.0041087189
   -4.175335   -103.372628    0.0030649778
   -4.175335    -87.469147    0.0021954268
   -4.175335    -71.565666    0.0014863739
   -4.175335    -55.662184    0.0009271103
   -4.175335    -39.758703    0.0005101152
   -4.175335    -23.855222    0.0002312343
   -4.175335     -7.951741    0.0000898344
   -4.175335      7.951741    0.0000889309
   -4.175335     23.855222    0.0002352919
   -4.175335     39.758703    0.0005395151
   -4.175335     55.662184    0.0010160812
   -4.175335     71.565666    0.0016833802
   -4.175335     87.469147    0.0025637140
   -4.175335    103.372628    0.0036832724
   -4.175335    119.276109    0.0050720846

    4.175335   -119.276109    0.0039325496
    4.175335   -103.372628    0.0029336438
    4.175335    -87.469147    0.0021013815
    4.175335    -71.565666    0.0014225913
    4.175335    -55.662184    0.0008871060
    4.175335    -39.758703    0.0004879613
    4.175335    -23.855222    0.0002215680
    4.175335     -7.951741    0.0000878577
    4.175335      7.951741    0.0000904025
    4.175335     23.855222    0.0002365078
    4.175335     39.758703    0.0005372793
    4.175335     55.662184    0.0010076628
    4.175335     71.565666    0.0016664586
    4.175335     87.469147    0.0025363086
    4.175335    103.372628    0.0036436577
    4.175335    119.276109    0.0050186884

   12.526005   -119.276109    0.0043056219
   12.526005   -103.372628    0.0033508915
   12.526005    -87.469147    0.0025559891
   12.526005    -71.565666    0.0019083353
   12.526005    -55.662184    0.0013983698
   12.526005    -39.758703    0.0010197388
   12.526005    -23.855222    0.0007694574
   12.526005     -7.951741    0.0006480438
   12.526005      7.951741    0.0006596290
   12.526005     23.855222    0.0008120389
   12.526005     39.758703    0.0011168502
   12.526005     55.662184    0.0015894204
   12.526005     71.565666    0.0022488909
   12.526005     87.469147    0.0031181643
   12.526005    103.372628    0.0042238547
   12.526005    119.276109    0.0055962118

   20.876675   -119.276109    0.0052153098
   20.876675   -103.372628    0.0043039331
   20.876675    -87.469147    0.0035462993
   20.876675    -71.565666    0.0029304970
   20.876675    -55.662184    0.0024476329
   20.876675    -39.758703    0.0020920076
   20.876675    -23.855222    0.0018612661
   20.876675     -7.951741    0.0017565211
   20.876675      7.951741    0.0017824520
   20.876675     23.855222    0.0019473765
   20.876675     39.758703    0.0022632977
   20.876675     55.662184    0.0027459244
   20.876675     71.565666    0.0034146659
   20.876675     87.469147    0.0042926008
   20.876675    103.372628    0.0054064204
   20.876675    119.276109    0.0067863453

   29.227345   -119.276109    0.0066517906
   29.227345   -103.372628    0.0057828549
   29.227345    -87.469147    0.0050622946
   29.227345    -71.565666    0.0044789518
   29.227345    -55.662184    0.0040246588
   29.227345    -39.758703    0.0036944047
   29.227345    -23.855222    0.0034864770
   29.227345     -7.951741    0.0034025766
   29.227345      7.951741    0.0034479077
   29.227345     23.855222    0.0036312417
   29.227345     39.758703    0.0039649556
   29.227345     55.662184    0.0044650445
   29.227345     71.565666    0.0051511085
   29.227345     87.469147    0.0060463138
   29.227345    103.372628    0.0071773286
   29.227345    119.276109    0.0085742323

   37.578015   -119.276109    0.0086078917
   37.578015   -103.372628    0.0077804531
   37.578015    -87.469147    0.0070967273
   37.578015    -71.565666    0.0065464000
   37.578015    -55.662184    0.0061220829
   37.578015    -39.758703    0.0058194786
   37.578015    -23.855222    0.0056375179
   37.578015     -7.951741    0.0055784715
   37.578015      7.951741    0.0056480342
   37.578015     23.855222    0.0058553838
   37.578015     39.758703    0.0062132123
   37.578015     55.662184    0.0067377315
   37.578015     71.565666    0.0074486520
   37.578015     87.469147    0.0083691351
   37.578015    103.372628    0.0095257188
   37.578015    119.276109    0.0109482173

   45.928685   -119.276109    0.0110788617
   45.928685   -103.372628    0.0102919917
   45.928685    -87.469147    0.0096448853
   45.928685    -71.565666    0.0091281418
   45.928685    -55.662184    0.0087351926
   45.928685    -39.758703    0.0084624677
   45.928685    -23.855222    0.0083095344
   45.928685     -7.951741    0.0082792074
   45.928685      7.951741    0.0083776318
   45.928685     23.855222    0.0086143376
   45.928685     39.758703    0.0090022665
   45.928685     55.662184    0.0095577715
   45.928685     71.565666    0.0103005872
   45.928685     87.469147    0.0112537738
   45.928685    103.372628    0.0124436321
   45.928685    119.276109    0.0138995910

   54.279355   -119.276109    0.0140620643
   54.279355   -103.372628    0.0133148835
   54.279355    -87.469147    0.0127042856
   54.279355    -71.565666    0.0122217875
   54.279355    -55.662184    0.0118616466
   54.279355    -39.758703    0.0116210220
   54.279355    -23.855222    0.0115001085
   54.279355     -7.951741    0.0115022417
   54.279355      7.951741    0.0116339769
   54.279355     23.855222    0.0119051396
   54.279355     39.758703    0.0123288483
   54.279355     55.662184    0.0129215099
   54.279355     71.565666    0.0137027874
   54.279355     87.469147    0.0146955400
   54.279355    103.372628    0.0159257355
   54.279355    119.276109    0.0174223352

   62.630025   -119.276109    0.0175565957
   62.630025   -103.372628    0.0168482933
   62.630025    -87.469147    0.0162742959
   62.630025    -71.565666    0.0158269016
   62.630025    -55.662184    0.0155011351
   62.630025    -39.758703    0.0152948691
   62.630025    -23.855222    0.0152089249
   62.630025     -7.951741    0.0152471524
   62.630025      7.951741    0.0154164900
   62.630025     23.855222    0.0157270033
   62.630025     39.758703    0.0161919038
   62.630025     55.662184    0.0168275472
   62.630025     71.565666    0.0176534104
   62.630025     87.469147    0.0186920491
   62.630025    103.372628    0.0199690338
   62.630025    119.276109    0.0215128662

