  -25.746645    -47.136383    0.0629570375
  -25.746645    -40.851532    0.0618714296
  -25.746645    -34.566681    0.0612840972
  -25.746645    -28.281830    0.0610241958
  -25.746645    -21.996979    0.0609374524
  -25.746645    -15.712128    0.0608968337
  -25.746645     -9.427277    0.0608121272
  -25.746645     -3.142426    0.0606372369
  -25.746645      3.142426    0.0603743588
  -25.746645      9.427277    0.0600745590
  -25.746645     15.712128    0.0598346411
  -25.746645     21.996979    0.0597905450
  -25.746645     28.281830    0.0601078852
  -25.746645     34.566681    0.0609705926
  -25.746645     40.851532    0.0625689873
  -25.746645     47.136383    0.0650889680

  -21.065436    -47.136383    0.0475311320
  -21.065436    -40.851532    0.0446045179
  -21.065436    -34.566681    0.0423327627
  -21.065436    -28.281830    0.0405978472
  -21.065436    -21.996979    0.0392930559
  -21.065436    -15.712128    0.0383319915
  -21.065436     -9.427277    0.0376553118
  -21.065436     -3.142426    0.0372352493
  -21.065436      3.142426    0.0370779478
  -21.065436      9.427277    0.0372236288
  -21.065436     15.712128    0.0377445698
  -21.065436     21.996979    0.0387408573
  -21.065436     28.281830    0.0403338468
  -21.065436     34.566681    0.0426572398
  -21.065436     40.851532    0.0458456625
  -21.065436     47.136383    0.0500206034

  -16.384228    -47.136383    0.0371539494
  -16.384228    -40.851532    0.0328072944
  -16.384228    -34.566681    0.0292389241
  -16.384228    -28.281830    0.0263696205
  -16.384228    -21.996979    0.0241290065
  -16.384228    -15.712128    0.0224607879
  -16.384228     -9.427277    0.0213274015
  -16.384228     -3.142426    0.0207134544
  -16.384228      3.142426    0.0206275338
  -16.384228      9.427277    0.0211021567
  -16.384228     15.712128    0.0221918207
  -16.384228     21.996979    0.0239693088
  -16.384228     28.281830    0.0265205926
  -16.384228     34.566681    0.0299388693
  -16.384228     40.851532    0.0343184597
  -16.384228     47.136383    0.0397494865

  -11.703020    -47.136383    0.0309125825
  -11.703020    -40.851532    0.0254783154
  -11.703020    -34.566681    0.0209187068
  -11.703020    -28.281830    0.0171832216
  -11.703020    -21.996979    0.0142278898
  -11.703020    -15.712128    0.0120183972
  -11.703020     -9.427277    0.0105331649
  -11.703020     -3.142426    0.0097657417
  -11.703020      3.142426    0.0097260424
  -11.703020      9.427277    0.0104401742
  -11.703020     15.712128    0.0119488033
  -11.703020     21.996979    0.0143042224
  -11.703020     28.281830    0.0175664898
  -11.703020     34.566681    0.0217992196
  -11.703020     40.851532    0.0270658126
  -11.703020     47.136383    0.0334271259

   -7.021812    -47.136383    0.0280334124
   -7.021812    -40.851532    0.0217746089
   -7.021812    -34.566681    0.0164641428
   -7.021812    -28.281830    0.0120728755
   -7.021812    -21.996979    0.0085759171
   -7.021812    -15.712128    0.0059548700
   -7.021812     -9.427277    0.0041998107
   -7.021812     -3.142426    0.0033107079
   -7.021812      3.142426    0.0032980646
   -7.021812      9.427277    0.0041826607
   -7.021812     15.712128    0.0059943660
   -7.021812     21.996979    0.0087700816
   -7.021812     28.281830    0.0125509607
   -7.021812     34.566681    0.0173791464
   -7.021812     40.851532    0.0232943600
   -7.021812     47.136383    0.0303307587

   -2.340604    -47.136383    0.0278599727
   -2.340604    -40.851532    0.0209846675
   -2.340604    -34.566681    0.0151125128
   -2.340604    -28.281830    0.0102303452
   -2.340604    -21.996979    0.0063272398
   -2.340604    -15.712128    0.0033962610
   -2.340604     -9.427277    0.0014357384
   -2.340604     -3.142426    0.0004500336
   -2.340604      3.142426    0.0004497728
   -2.340604      9.427277    0.0014515280
   -2.340604     15.712128    0.0034769389
   -2.340604     21.996979    0.0065512727
   -2.340604     28.281830    0.0107014329
   -2.340604     34.566681    0.0159534295
   -2.340604     40.851532    0.0223293379
   -2.340604     47.136383    0.0298437766

    2.340604    -47.136383    0.0298343850
    2.340604    -40.851532    0.0225065895
    2.340604    -34.566681    0.0162214635
    2.340604    -28.281830    0.0109776074
    2.340604    -21.996979    0.0067743470
    2.340604    -15.712128    0.0036129385
    2.340604     -9.427277    0.0014973988
    2.340604     -3.142426    0.0004349437
    2.340604      3.142426    0.0004360281
    2.340604      9.427277    0.0015139872
    2.340604     15.712128    0.0036842839
    2.340604     21.996979    0.0069633763
    2.340604     28.281830    0.0113672270
    2.340604     34.566681    0.0169094799
    2.340604     40.851532    0.0235993410
    2.340604     47.136383    0.0314392035

    7.021812    -47.136383    0.0334818424
    7.021812    -40.851532    0.0258302828
    7.021812    -34.566681    0.0192487860
    7.021812    -28.281830    0.0137443790
    7.021812    -21.996979    0.0093237341
    7.021812    -15.712128    0.0059938786
    7.021812     -9.427277    0.0037627110
    7.021812     -3.142426    0.0026392537
    7.021812      3.142426    0.0026335975
    7.021812      9.427277    0.0037565246
    7.021812     15.712128    0.0060188218
    7.021812     21.996979    0.0094303278
    7.021812     28.281830    0.0139987813
    7.021812     34.566681    0.0197285715
    7.021812     40.851532    0.0266195140
    7.021812     47.136383    0.0346658090

   11.703020    -47.136383    0.0383976745
   11.703020    -40.851532    0.0305228494
   11.703020    -34.566681    0.0237359167
   11.703020    -28.281830    0.0180497580
   11.703020    -21.996979    0.0134760849
   11.703020    -15.712128    0.0100258899
   11.703020     -9.427277    0.0077097158
   11.703020     -3.142426    0.0065377167
   11.703020      3.142426    0.0065194983
   11.703020      9.427277    0.0076637402
   11.703020     15.712128    0.0099776197
   11.703020     21.996979    0.0134660684
   11.703020     28.281830    0.0181309114
   11.703020     34.566681    0.0239699513
   11.703020     40.851532    0.0309760760
   11.703020     47.136383    0.0391364828

   16.384228    -47.136383    0.0442365955
   16.384228    -40.851532    0.0362164583
   16.384228    -34.566681    0.0292944047
   16.384228    -28.281830    0.0234873183
   16.384228    -21.996979    0.0188102636
   16.384228    -15.712128    0.0152768595
   16.384228     -9.427277    0.0128993713
   16.384228     -3.142426    0.0116885951
   16.384228      3.142426    0.0116535954
   16.384228      9.427277    0.0128013363
   16.384228     15.712128    0.0151362294
   16.384228     21.996979    0.0186596059
   16.384228     28.281830    0.0233691003
   16.384228     34.566681    0.0292579157
   16.384228     40.851532    0.0363139262
   16.384228     47.136383    0.0445185493

   21.065436    -47.136383    0.0507037993
   21.065436    -40.851532    0.0425982150
   21.065436    -34.566681    0.0355947605
   21.065436    -28.281830    0.0297130647
   21.065436    -21.996979    0.0249704720
   21.065436    -15.712128    0.0213822551
   21.065436     -9.427277    0.0189616272
   21.065436     -3.142426    0.0177195931
   21.065436      3.142426    0.0176646787
   21.065436      9.427277    0.0188025687
   21.065436     15.712128    0.0211356822
   21.065436     21.996979    0.0246627076
   21.065436     28.281830    0.0293781168
   21.065436     34.566681    0.0352716705
   21.065436     40.851532    0.0423279252
   21.065436     47.136383    0.0505257457

   25.746645    -47.136383    0.0575476271
   25.746645    -40.851532    0.0494017317
   25.746645    -34.566681    0.0423572857
   25.746645    -28.281830    0.0364357313
   25.746645    -21.996979    0.0316559789
   25.746645    -15.712128    0.0280342612
   25.746645     -9.427277    0.0255841427
   25.746645     -3.142426    0.0243164992
   25.746645      3.142426    0.0242393517
   25.746645      9.427277    0.0253575099
   25.746645     15.712128    0.0276720527
   25.746645     21.996979    0.0311797446
   25.746645     28.281830    0.0358725554
   25.746645     34.566681    0.0417375259
   25.746645     40.851532    0.0487572897
   25.746645     47.136383    0.0569116353

   30.427853    -47.136383    0.0645535997
   30.427853    -40.851532    0.0564002969
   30.427853    -34.566681    0.0493446561
   30.427853    -28.281830    0.0434089770
   30.427853    -21.996979    0.0386128871
   30.427853    -15.712128    0.0349730729
   30.427853     -9.427277    0.0325032418
   30.427853     -3.142426    0.0312140940
   30.427853      3.142426    0.0311131673
   30.427853      9.427277    0.0322044970
   30.427853     15.712128    0.0344881176
   30.427853     21.996979    0.0379595109
   30.427853     28.281830    0.0426091932
   30.427853     34.566681    0.0484227086
   30.427853     40.851532    0.0553813836
   30.427853     47.136383    0.0634642763

   35.109061    -47.136383    0.0715396669
   35.109061    -40.851532    0.0634017414
   35.109061    -34.566681    0.0563562100
   35.109061    -28.281830    0.0504251028
   35.109061    -21.996979    0.0456274563
   35.109061    -15.712128    0.0419800148
   35.109061     -9.427277    0.0394969301
   35.109061     -3.142426    0.0381890958
   35.109061      3.142426    0.0380635490
   35.109061      9.427277    0.0391231738
   35.109061     15.712128    0.0413667440
   35.109061     21.996979    0.0447891367
   35.109061     28.281830    0.0493813567
   35.109061     34.566681    0.0551298058
   35.109061     40.851532    0.0620140346
   35.109061     47.136383    0.0700020144

   39.790269    -47.136383    0.0783525919
   39.790269    -40.851532    0.0702452940
   39.790269    -34.566681    0.0632240725
   39.790269    -28.281830    0.0573099890
   39.790269    -21.996979    0.0525205584
   39.790269    -15.712128    0.0488722945
   39.790269     -9.427277    0.0463800238
   39.790269     -3.142426    0.0450551231
   39.790269      3.142426    0.0449041414
   39.790269      9.427277    0.0459285605
   39.790269     15.712128    0.0481257564
   39.790269     21.996979    0.0514905191
   39.790269     28.281830    0.0560157911
   39.790269     34.566681    0.0616905858
   39.790269     40.851532    0.0684923473
   39.790269     47.136383    0.0763703126

   44.471477    -47.136383    0.0848654514
   44.471477    -40.851532    0.0768009150
   44.471477    -34.566681    0.0698114220
   44.471477    -28.281830    0.0639190232
   44.471477    -21.996979    0.0591428940
   44.471477    -15.712128    0.0554993484
   44.471477     -9.427277    0.0530016734
   44.471477     -3.142426    0.0516598661
   44.471477      3.142426    0.0514803360
   44.471477      9.427277    0.0524656201
   44.471477     15.712128    0.0546141368
   44.471477     21.996979    0.0579199913
   44.471477     28.281830    0.0623728235
   44.471477     34.566681    0.0679576755
   44.471477     40.851532    0.0746548331
   44.471477     47.136383    0.0824395845

