  -25.746645   -100.911229   -0.0115961905
  -25.746645    -87.456398   -0.0088662053
  -25.746645    -74.001568   -0.0064463764
  -25.746645    -60.546737   -0.0043716625
  -25.746645    -47.091907   -0.0026724892
  -25.746645    -33.637076   -0.0013744036
  -25.746645    -20.182246   -0.0004974372
  -25.746645     -6.727415   -0.0000554195
  -25.746645      6.727415   -0.0000554195
  -25.746645     20.182246   -0.0004974372
  -25.746645     33.637076   -0.0013744036
  -25.746645     47.091907   -0.0026724892
  -25.746645     60.546737   -0.0043716625
  -25.746645     74.001568   -0.0064463764
  -25.746645     87.456398   -0.0088662053
  -25.746645    100.911229   -0.0115961905

  -21.065436   -100.911229   -0.0082065229
  -21.065436    -87.456398   -0.0062749764
  -21.065436    -74.001568   -0.0045643462
  -21.065436    -60.546737   -0.0030966525
  -21.065436    -47.091907   -0.0018935608
  -21.065436    -33.637076   -0.0009739316
  -21.065436    -20.182246   -0.0003525021
  -21.065436     -6.727415   -0.0000392719
  -21.065436      6.727415   -0.0000392719
  -21.065436     20.182246   -0.0003525021
  -21.065436     33.637076   -0.0009739316
  -21.065436     47.091907   -0.0018935608
  -21.065436     60.546737   -0.0030966525
  -21.065436     74.001568   -0.0045643462
  -21.065436     87.456398   -0.0062749764
  -21.065436    100.911229   -0.0082065229

  -16.384228   -100.911229   -0.0055471231
  -16.384228    -87.456398   -0.0042447042
  -16.384228    -74.001568   -0.0030880714
  -16.384228    -60.546737   -0.0020952678
  -16.384228    -47.091907   -0.0012814605
  -16.384228    -33.637076   -0.0006592799
  -16.384228    -20.182246   -0.0002386802
  -16.384228     -6.727415   -0.0000265954
  -16.384228      6.727415   -0.0000265954
  -16.384228     20.182246   -0.0002386802
  -16.384228     33.637076   -0.0006592799
  -16.384228     47.091907   -0.0012814605
  -16.384228     60.546737   -0.0020952678
  -16.384228     74.001568   -0.0030880714
  -16.384228     87.456398   -0.0042447042
  -16.384228    100.911229   -0.0055471231

  -11.703020   -100.911229   -0.0034598427
  -11.703020    -87.456398   -0.0026494077
  -11.703020    -74.001568   -0.0019281323
  -11.703020    -60.546737   -0.0013085823
  -11.703020    -47.091907   -0.0008005463
  -11.703020    -33.637076   -0.0004119790
  -11.703020    -20.182246   -0.0001491854
  -11.703020     -6.727415   -0.0000166255
  -11.703020      6.727415   -0.0000166255
  -11.703020     20.182246   -0.0001491854
  -11.703020     33.637076   -0.0004119790
  -11.703020     47.091907   -0.0008005463
  -11.703020     60.546737   -0.0013085823
  -11.703020     74.001568   -0.0019281323
  -11.703020     87.456398   -0.0026494077
  -11.703020    100.911229   -0.0034598427

   -7.021812   -100.911229   -0.0018213439
   -7.021812    -87.456398   -0.0013953887
   -7.021812    -74.001568   -0.0010161458
   -7.021812    -60.546737   -0.0006900239
   -7.021812    -47.091907   -0.0004223091
   -7.021812    -33.637076   -0.0002173879
   -7.021812    -20.182246   -0.0000787319
   -7.021812     -6.727415   -0.0000087746
   -7.021812      6.727415   -0.0000087746
   -7.021812     20.182246   -0.0000787319
   -7.021812     33.637076   -0.0002173879
   -7.021812     47.091907   -0.0004223091
   -7.021812     60.546737   -0.0006900239
   -7.021812     74.001568   -0.0010161458
   -7.021812     87.456398   -0.0013953887
   -7.021812    100.911229   -0.0018213439

   -2.340604   -100.911229   -0.0005352203
   -2.340604    -87.456398   -0.0004102040
   -2.340604    -74.001568   -0.0002989632
   -2.340604    -60.546737   -0.0002031684
   -2.340604    -47.091907   -0.0001244075
   -2.340604    -33.637076   -0.0000640574
   -2.340604    -20.182246   -0.0000232023
   -2.340604     -6.727415   -0.0000025859
   -2.340604      6.727415   -0.0000025859
   -2.340604     20.182246   -0.0000232023
   -2.340604     33.637076   -0.0000640574
   -2.340604     47.091907   -0.0001244075
   -2.340604     60.546737   -0.0002031684
   -2.340604     74.001568   -0.0002989632
   -2.340604     87.456398   -0.0004102040
   -2.340604    100.911229   -0.0005352203

    2.340604   -100.911229    0.0004741220
    2.340604    -87.456398    0.0003635619
    2.340604    -74.001568    0.0002651952
    2.340604    -60.546737    0.0001803599
    2.340604    -47.091907    0.0001105013
    2.340604    -33.637076    0.0000569150
    2.340604    -20.182246    0.0000206183
    2.340604     -6.727415    0.0000022981
    2.340604      6.727415    0.0000022981
    2.340604     20.182246    0.0000206183
    2.340604     33.637076    0.0000569150
    2.340604     47.091907    0.0001105013
    2.340604     60.546737    0.0001803599
    2.340604     74.001568    0.0002651952
    2.340604     87.456398    0.0003635619
    2.340604    100.911229    0.0004741220

    7.021812   -100.911229    0.0012661634
    7.021812    -87.456398    0.0009716790
    7.021812    -74.001568    0.0007093209
    7.021812    -60.546737    0.0004827298
    7.021812    -47.091907    0.0002959099
    7.021812    -33.637076    0.0001524703
    7.021812    -20.182246    0.0000552482
    7.021812     -6.727415    0.0000061586
    7.021812      6.727415    0.0000061586
    7.021812     20.182246    0.0000552482
    7.021812     33.637076    0.0001524703
    7.021812     47.091907    0.0002959099
    7.021812     60.546737    0.0004827298
    7.021812     74.001568    0.0007093209
    7.021812     87.456398    0.0009716790
    7.021812    100.911229    0.0012661634

   11.703020   -100.911229    0.0018878470
   11.703020    -87.456398    0.0014502772
   11.703020    -74.001568    0.0010594225
   11.703020    -60.546737    0.0007213949
   11.703020    -47.091907    0.0004424327
   11.703020    -33.637076    0.0002280680
   11.703020    -20.182246    0.0000826688
   11.703020     -6.727415    0.0000092169
   11.703020      6.727415    0.0000092169
   11.703020     20.182246    0.0000826688
   11.703020     33.637076    0.0002280680
   11.703020     47.091907    0.0004424327
   11.703020     60.546737    0.0007213949
   11.703020     74.001568    0.0010594225
   11.703020     87.456398    0.0014502772
   11.703020    100.911229    0.0018878470

   16.384228   -100.911229    0.0023762852
   16.384228    -87.456398    0.0018274671
   16.384228    -74.001568    0.0013359164
   16.384228    -60.546737    0.0009102003
   16.384228    -47.091907    0.0005585204
   16.384228    -33.637076    0.0002880409
   16.384228    -20.182246    0.0001044434
   16.384228     -6.727415    0.0000116467
   16.384228      6.727415    0.0000116467
   16.384228     20.182246    0.0001044434
   16.384228     33.637076    0.0002880409
   16.384228     47.091907    0.0005585204
   16.384228     60.546737    0.0009102003
   16.384228     74.001568    0.0013359164
   16.384228     87.456398    0.0018274671
   16.384228    100.911229    0.0023762852

   21.065436   -100.911229    0.0027608091
   21.065436    -87.456398    0.0021250818
   21.065436    -74.001568    0.0015548171
   21.065436    -60.546737    0.0010601299
   21.065436    -47.091907    0.0006509033
   21.065436    -33.637076    0.0003358286
   21.065436    -20.182246    0.0001218048
   21.065436     -6.727415    0.0000135845
   21.065436      6.727415    0.0000135845
   21.065436     20.182246    0.0001218048
   21.065436     33.637076    0.0003358286
   21.065436     47.091907    0.0006509033
   21.065436     60.546737    0.0010601299
   21.065436     74.001568    0.0015548171
   21.065436     87.456398    0.0021250818
   21.065436    100.911229    0.0027608091

   25.746645   -100.911229    0.0030645281
   25.746645    -87.456398    0.0023605699
   25.746645    -74.001568    0.0017287951
   25.746645    -60.546737    0.0011797779
   25.746645    -47.091907    0.0007248247
   25.746645    -33.637076    0.0003741167
   25.746645    -20.182246    0.0001357210
   25.746645     -6.727415    0.0000151379
   25.746645      6.727415    0.0000151379
   25.746645     20.182246    0.0001357210
   25.746645     33.637076    0.0003741167
   25.746645     47.091907    0.0007248247
   25.746645     60.546737    0.0011797779
   25.746645     74.001568    0.0017287951
   25.746645     87.456398    0.0023605699
   25.746645    100.911229    0.0030645281

   30.427853   -100.911229    0.0033055250
   30.427853    -87.456398    0.0025485811
   30.427853    -74.001568    0.0018680255
   30.427853    -60.546737    0.0012756861
   30.427853    -47.091907    0.0007841941
   30.427853    -33.637076    0.0004049347
   30.427853    -20.182246    0.0001469436
   30.427853     -6.727415    0.0000163920
   30.427853      6.727415    0.0000163920
   30.427853     20.182246    0.0001469436
   30.427853     33.637076    0.0004049347
   30.427853     47.091907    0.0007841941
   30.427853     60.546737    0.0012756861
   30.427853     74.001568    0.0018680255
   30.427853     87.456398    0.0025485811
   30.427853    100.911229    0.0033055250

   35.109061   -100.911229    0.0034977702
   35.109061    -87.456398    0.0027013115
   35.109061    -74.001568    0.0019805991
   35.109061    -60.546737    0.0013527488
   35.109061    -47.091907    0.0008318631
   35.109061    -33.637076    0.0004297878
   35.109061    -20.182246    0.0001560488
   35.109061     -6.727415    0.0000174137
   35.109061      6.727415    0.0000174137
   35.109061     20.182246    0.0001560488
   35.109061     33.637076    0.0004297878
   35.109061     47.091907    0.0008318631
   35.109061     60.546737    0.0013527488
   35.109061     74.001568    0.0019805991
   35.109061     87.456398    0.0027013115
   35.109061    100.911229    0.0034977702

   39.790269   -100.911229    0.0036517924
   39.790269    -87.456398    0.0028261893
   39.790269    -74.001568    0.0020721284
   39.790269    -60.546737    0.0014149454
   39.790269    -47.091907    0.0008702970
   39.790269    -33.637076    0.0004499242
   39.790269    -20.182246    0.0001634760
   39.790269     -6.727415    0.0000182509
   39.790269      6.727415    0.0000182509
   39.790269     20.182246    0.0001634760
   39.790269     33.637076    0.0004499242
   39.790269     47.091907    0.0008702970
   39.790269     60.546737    0.0014149454
   39.790269     74.001568    0.0020721284
   39.790269     87.456398    0.0028261893
   39.790269    100.911229    0.0036517924

   44.471477   -100.911229    0.0037751042
   44.471477    -87.456398    0.0029190016
   44.471477    -74.001568    0.0021440275
   44.471477    -60.546737    0.0014667186
   44.471477    -47.091907    0.0009029871
   44.471477    -33.637076    0.0004668603
   44.471477    -20.182246    0.0001695697
   44.471477     -6.727415    0.0000189252
   44.471477      6.727415    0.0000189252
   44.471477     20.182246    0.0001695697
   44.471477     33.637076    0.0004668603
   44.471477     47.091907    0.0009029871
   44.471477     60.546737    0.0014667186
   44.471477     74.001568    0.0021440275
   44.471477     87.456398    0.0029190016
   44.471477    100.911229    0.0037751042

